App,SHA,Tag,TestFilePath,isRefactored,prediction
zanata/zanata-platform,7d55399eec583aa0697b0bfff4e305bebe3a8dc4,"api-3.4.1, api-3.6.0",zanata-common-api.src.test.java.org.zanata.rest.dto.stats.contribution.ContributionStatisticsTest.java,False,False
zanata/zanata-platform,ae4368d4d59eb8de66c3059d182d94812658ea4e,"client-1.6.0, client-1.7.0",zanata-client-commands.src.test.java.org.zanata.client.commands.glossary.push.GlossaryPoReaderTest.java,False,False
zanata/zanata-platform,ae4368d4d59eb8de66c3059d182d94812658ea4e,"client-1.6.0, client-1.7.0",zanata-client-commands.src.test.java.org.zanata.client.commands.glossary.push.GlossaryCSVReaderTest.java,False,False
zanata/zanata-platform,d6712ba75d450564fed0b3a3d12ddf80bd80ac5b,"client-1.7.0, client-1.7.1",zanata-client-commands.src.test.java.org.zanata.client.commands.push.PushCommandTest.java,True,False
zanata/zanata-platform,f257b460a2cbe452efc63354a3600fca83f273e7,"client-1.7.4, client-1.7.5",zanata-client-commands.src.test.java.org.zanata.client.commands.push.PushCommandTest.java,False,False
zanata/zanata-platform,3cbd403819f9ec317702697af011a01b4e23bc67,"client-2.0.1, client-2.2.0",zanata-rest-client.src.test.java.org.zanata.rest.client.ApiKeyHeaderDecoratorTest.java,True,False
zanata/zanata-platform,3cbd403819f9ec317702697af011a01b4e23bc67,"client-2.0.1, client-2.2.0",zanata-client-commands.src.test.java.org.zanata.client.config.ZanataConfigTest.java,True,False
zanata/zanata-platform,3cbd403819f9ec317702697af011a01b4e23bc67,"client-2.0.1, client-2.2.0",zanata-client-commands.src.test.java.org.zanata.client.config.ConfigUtilTest.java,True,False
zanata/zanata-platform,3cbd403819f9ec317702697af011a01b4e23bc67,"client-2.0.1, client-2.2.0",zanata-client-commands.src.test.java.org.zanata.client.commands.push.PushCommandTest.java,True,False
zanata/zanata-platform,3cbd403819f9ec317702697af011a01b4e23bc67,"client-2.0.1, client-2.2.0",zanata-client-commands.src.test.java.org.zanata.client.commands.push.PublicanPushCommandTest.java,True,False
zanata/zanata-platform,3cbd403819f9ec317702697af011a01b4e23bc67,"client-2.0.1, client-2.2.0",zanata-client-commands.src.test.java.org.zanata.client.commands.pull.PublicanPullCommandTest.java,True,False
zanata/zanata-platform,3cbd403819f9ec317702697af011a01b4e23bc67,"client-2.0.1, client-2.2.0",zanata-cli.src.test.java.org.zanata.client.ZanataClientTest.java,False,False
zanata/zanata-platform,e1449cce337408562c53151eb25e3741902796c4,"client-3.0.1, client-3.1.0",zanata-cli.src.test.java.org.zanata.client.ZanataClientTest.java,True,True
zanata/zanata-platform,306e9c5fc806f824607c455d77fb487874999161,"client-3.1.2, client-3.2.0",zanata-client-commands.src.test.java.org.zanata.client.commands.push.PushCommandTest.java,False,True
zanata/zanata-platform,306e9c5fc806f824607c455d77fb487874999161,"client-3.1.2, client-3.2.0",zanata-cli.src.test.java.org.zanata.client.ZanataClientTest.java,False,True
zanata/zanata-platform,0056a34e5a1f44bdc67407d5bf80faccfca22ca2,"client-3.3.0, client-3.3.1",zanata-client-commands.src.test.java.org.zanata.client.commands.push.PublicanPushCommandTest.java,False,True
zanata/zanata-platform,a6eb5e9ead9f4603f3dabfc245ab1b0058ffaf23,"client-3.3.2, client-3.4.0",zanata-client-commands.src.test.java.org.zanata.client.commands.TransFileResolverTest.java,False,False
zanata/zanata-platform,a6eb5e9ead9f4603f3dabfc245ab1b0058ffaf23,"client-3.3.2, client-3.4.0",zanata-cli.src.test.java.org.zanata.client.ZanataClientTest.java,True,False
zanata/zanata-platform,fafe0608271613cb105ee70de9767ded59c19b60,"client-3.8.1, client-3.8.2",zanata-client-commands.src.test.java.org.zanata.client.commands.init.SourceConfigPromptTest.java,False,True
zanata/zanata-platform,9ebe7cd415e621f4390aae589d4cb9305f82494a,"client-3.8.3, client-3.8.4",zanata-rest-client.src.test.java.org.zanata.rest.client.InvalidContentTypeFilterTest.java,True,True
zanata/zanata-platform,8caee01e0f6488b3512a5714841434aee414b13e,"common-1.8.1, common-1.8.2",zanata-adapter-xliff.src.test.java.org.zanata.adapter.xliff.XliffReaderTest.java,False,True
zanata/zanata-platform,225f564a8cf459dce34191cc0a1c30d264aad6d3,"common-1.8.3, common-1.8.4",zanata-adapter-xliff.src.test.java.org.zanata.adapter.xliff.XliffReaderTest.java,True,False
zanata/zanata-platform,59ef5d815cd9f251f6afd62d971d48bea2d6ac96,"common-1.8.4, common-1.8.5",zanata-adapter-xliff.src.test.java.org.zanata.adapter.xliff.XliffWriterTest.java,False,True
zanata/zanata-platform,cce9ff6c9bca66c52668ef96445622b8c9536385,"common-2.1.1, common-2.2.0",zanata-adapter-properties.src.test.java.org.zanata.adapter.properties.PropReaderTest.java,True,True
zanata/zanata-platform,047225a5308cfe363868b6258f6d0a36b51324f1,"common-3.0.2, common-3.1.0",zanata-common-util.src.test.java.org.zanata.util.HashUtilTest.java,False,True
zanata/zanata-platform,047225a5308cfe363868b6258f6d0a36b51324f1,"common-3.0.2, common-3.1.0",zanata-adapter-xliff.src.test.java.org.zanata.adapter.xliff.XliffReaderTest.java,True,True
zanata/zanata-platform,047225a5308cfe363868b6258f6d0a36b51324f1,"common-3.0.2, common-3.1.0",zanata-adapter-glossary.src.test.java.org.zanata.adapter.glossary.GlossaryPoReaderTest.java,False,True
zanata/zanata-platform,a5091f38c10135ebb0b8dbed504436deae60ac04,"common-3.1.0, common-3.3.0",zanata-adapter-xliff.src.test.java.org.zanata.adapter.xliff.XliffReaderTest.java,True,True
zanata/zanata-platform,a5091f38c10135ebb0b8dbed504436deae60ac04,"common-3.1.0, common-3.3.0",zanata-adapter-po.src.test.java.org.zanata.adapter.po.PoReader2Test.java,True,True
zanata/zanata-platform,a5091f38c10135ebb0b8dbed504436deae60ac04,"common-3.1.0, common-3.3.0",zanata-common-util.src.test.java.org.zanata.util.PathUtilTest.java,True,True
zanata/zanata-platform,a5091f38c10135ebb0b8dbed504436deae60ac04,"common-3.1.0, common-3.3.0",zanata-common-util.src.test.java.org.zanata.common.util.ElementBuilderTest.java,True,False
zanata/zanata-platform,a5091f38c10135ebb0b8dbed504436deae60ac04,"common-3.1.0, common-3.3.0",zanata-common-util.src.test.java.org.zanata.common.util.ContentStateUtilTest.java,True,True
zanata/zanata-platform,a5091f38c10135ebb0b8dbed504436deae60ac04,"common-3.1.0, common-3.3.0",zanata-adapter-xliff.src.test.java.org.zanata.adapter.xliff.XliffWriterTest.java,True,True
zanata/zanata-platform,a5091f38c10135ebb0b8dbed504436deae60ac04,"common-3.1.0, common-3.3.0",zanata-adapter-properties.src.test.java.org.zanata.adapter.properties.PropReaderTest.java,True,True
zanata/zanata-platform,a5091f38c10135ebb0b8dbed504436deae60ac04,"common-3.1.0, common-3.3.0",zanata-adapter-glossary.src.test.java.org.zanata.adapter.glossary.GlossaryPoReaderTest.java,True,True
zanata/zanata-platform,a5091f38c10135ebb0b8dbed504436deae60ac04,"common-3.1.0, common-3.3.0",zanata-adapter-glossary.src.test.java.org.zanata.adapter.glossary.GlossaryCSVReaderTest.java,True,False
zanata/zanata-platform,70be376b53ad13226d35ce6297f5ef4f417274c1,"common-3.6.0, common-3.7.0",zanata-adapter-properties.src.test.java.org.zanata.adapter.properties.PropReaderTest.java,False,True
zanata/zanata-platform,06494f61671907ffb6171df550fbdb3e36603f74,"flies-1.0-alpha-1, flies-1.0",flies-clients.flies-client-commands.src.test.java.net.openl10n.flies.client.commands.PublicanPullCommandTest.java,True,True
zanata/zanata-platform,06494f61671907ffb6171df550fbdb3e36603f74,"flies-1.0-alpha-1, flies-1.0",flies-clients.flies-client-commands.src.test.java.net.openl10n.flies.client.commands.PublicanPushCommandTest.java,True,True
zanata/zanata-platform,06494f61671907ffb6171df550fbdb3e36603f74,"flies-1.0-alpha-1, flies-1.0",flies-war.src.test.java.net.openl10n.flies.service.impl.LocaleServiceImplTest.java,False,True
zanata/zanata-platform,06494f61671907ffb6171df550fbdb3e36603f74,"flies-1.0-alpha-1, flies-1.0",flies-war.src.test.java.net.openl10n.flies.rest.service.ResourceUtilsTest.java,True,True
zanata/zanata-platform,06494f61671907ffb6171df550fbdb3e36603f74,"flies-1.0-alpha-1, flies-1.0",flies-war.src.test.java.net.openl10n.flies.model.HTextFlowTargetHistoryTest.java,True,True
zanata/zanata-platform,06494f61671907ffb6171df550fbdb3e36603f74,"flies-1.0-alpha-1, flies-1.0",flies-war.src.test.java.net.openl10n.flies.model.HTextFlowHistoryTest.java,True,True
zanata/zanata-platform,06494f61671907ffb6171df550fbdb3e36603f74,"flies-1.0-alpha-1, flies-1.0",flies-war.src.test.java.net.openl10n.flies.model.HDocumentHistoryTest.java,True,True
zanata/zanata-platform,06494f61671907ffb6171df550fbdb3e36603f74,"flies-1.0-alpha-1, flies-1.0",flies-war.src.test.java.net.openl10n.flies.model.po.PoUtilityTest.java,True,True
zanata/zanata-platform,8def7d3aabba1c237cd7331e6f43c5225a6bf0dc,"flies-1.1-alpha-1, flies-1.1",flies-war.src.test.java.net.openl10n.flies.service.impl.LocaleServiceImplTest.java,False,False
zanata/zanata-platform,764536acfb5d9a1eb0debaea12446b8ec203cb7d,"platform-4.0.0, platform-4.1.0-rc-1",server.zanata-war.src.test.java.org.zanata.webtrans.server.rpc.SaveOptionsHandlerTest.java,True,False
zanata/zanata-platform,764536acfb5d9a1eb0debaea12446b8ec203cb7d,"platform-4.0.0, platform-4.1.0-rc-1",server.zanata-war.src.test.java.org.zanata.webtrans.server.rpc.GetTransUnitListHandlerTest.java,True,False
zanata/zanata-platform,764536acfb5d9a1eb0debaea12446b8ec203cb7d,"platform-4.0.0, platform-4.1.0-rc-1",server.zanata-war.src.test.java.org.zanata.webtrans.server.rpc.GetTargetForLocaleHandlerTest.java,True,False
zanata/zanata-platform,764536acfb5d9a1eb0debaea12446b8ec203cb7d,"platform-4.0.0, platform-4.1.0-rc-1",server.zanata-war.src.test.java.org.zanata.webtrans.server.rpc.GetProjectTransUnitListsHandlerTest.java,True,False
zanata/zanata-platform,764536acfb5d9a1eb0debaea12446b8ec203cb7d,"platform-4.0.0, platform-4.1.0-rc-1",server.zanata-war.src.test.java.org.zanata.webtrans.server.rpc.GetLocaleListHandlerTest.java,True,False
zanata/zanata-platform,764536acfb5d9a1eb0debaea12446b8ec203cb7d,"platform-4.0.0, platform-4.1.0-rc-1",server.zanata-war.src.test.java.org.zanata.service.impl.TranslationMemoryServiceImplTest.java,True,False
zanata/zanata-platform,764536acfb5d9a1eb0debaea12446b8ec203cb7d,"platform-4.0.0, platform-4.1.0-rc-1",server.zanata-war.src.test.java.org.zanata.service.impl.TranslationFinderTest.java,True,False
zanata/zanata-platform,764536acfb5d9a1eb0debaea12446b8ec203cb7d,"platform-4.0.0, platform-4.1.0-rc-1",server.zanata-war.src.test.java.org.zanata.service.impl.CopyTransServiceImplTest.java,True,False
zanata/zanata-platform,764536acfb5d9a1eb0debaea12446b8ec203cb7d,"platform-4.0.0, platform-4.1.0-rc-1",server.zanata-war.src.test.java.org.zanata.search.FilterConstraintToQueryTest.java,True,False
zanata/zanata-platform,764536acfb5d9a1eb0debaea12446b8ec203cb7d,"platform-4.0.0, platform-4.1.0-rc-1",server.zanata-war.src.test.java.org.zanata.rest.service.VirusScannerTest.java,True,False
zanata/zanata-platform,764536acfb5d9a1eb0debaea12446b8ec203cb7d,"platform-4.0.0, platform-4.1.0-rc-1",server.zanata-war.src.test.java.org.zanata.limits.RestCallLimiterTest.java,True,False
zanata/zanata-platform,764536acfb5d9a1eb0debaea12446b8ec203cb7d,"platform-4.0.0, platform-4.1.0-rc-1",server.zanata-war.src.test.java.org.zanata.limits.LeakyBucketTest.java,True,False
zanata/zanata-platform,764536acfb5d9a1eb0debaea12446b8ec203cb7d,"platform-4.0.0, platform-4.1.0-rc-1",server.zanata-war.src.test.java.org.zanata.dao.TransMemoryStreamingDAOTest.java,False,False
zanata/zanata-platform,764536acfb5d9a1eb0debaea12446b8ec203cb7d,"platform-4.0.0, platform-4.1.0-rc-1",server.zanata-war.src.test.java.org.zanata.dao.TextFlowTargetHistoryDAOTest.java,True,False
zanata/zanata-platform,764536acfb5d9a1eb0debaea12446b8ec203cb7d,"platform-4.0.0, platform-4.1.0-rc-1",server.zanata-war.src.test.java.org.zanata.dao.TextFlowStreamingDAOTest.java,False,False
zanata/zanata-platform,764536acfb5d9a1eb0debaea12446b8ec203cb7d,"platform-4.0.0, platform-4.1.0-rc-1",server.zanata-war.src.test.java.org.zanata.dao.TextFlowDAOTest.java,True,False
zanata/zanata-platform,764536acfb5d9a1eb0debaea12446b8ec203cb7d,"platform-4.0.0, platform-4.1.0-rc-1",server.zanata-war.src.test.java.org.zanata.dao.GlossaryDAOTest.java,True,False
zanata/zanata-platform,764536acfb5d9a1eb0debaea12446b8ec203cb7d,"platform-4.0.0, platform-4.1.0-rc-1",server.zanata-model.src.test.java.org.zanata.util.JPACopierTest.java,True,False
zanata/zanata-platform,764536acfb5d9a1eb0debaea12446b8ec203cb7d,"platform-4.0.0, platform-4.1.0-rc-1",server.zanata-model.src.test.java.org.zanata.model.SlugEntityBaseTest.java,True,False
zanata/zanata-platform,764536acfb5d9a1eb0debaea12446b8ec203cb7d,"platform-4.0.0, platform-4.1.0-rc-1",server.zanata-war.src.test.java.org.zanata.rest.editor.service.UserServiceTest.java,True,False
zanata/zanata-platform,764536acfb5d9a1eb0debaea12446b8ec203cb7d,"platform-4.0.0, platform-4.1.0-rc-1",server.zanata-war.src.test.java.org.zanata.security.AnonymousAccessControlPhaseListenerTest.java,False,False
zanata/zanata-platform,764536acfb5d9a1eb0debaea12446b8ec203cb7d,"platform-4.0.0, platform-4.1.0-rc-1",api.zanata-common-api.src.test.java.org.zanata.rest.dto.UserTest.java,False,False
zanata/zanata-platform,f689f44d52f90cb7c523b29a745243a144c2dfbd,"platform-4.1.0, platform-4.1.1",server.zanata-model.src.test.java.org.zanata.util.OkapiUtilTest.java,True,True
zanata/zanata-platform,d35ba7785e53932cb6470ec77293e67e266024bf,"platform-4.1.1, platform-4.2.0-rc-2",server.zanata-model.src.test.java.org.zanata.model.SlugEntityBaseTest.java,False,True
zanata/zanata-platform,d35ba7785e53932cb6470ec77293e67e266024bf,"platform-4.1.1, platform-4.2.0-rc-2",server.zanata-model.src.test.java.org.zanata.model.HApplicationConfigurationTest.java,True,True
zanata/zanata-platform,d35ba7785e53932cb6470ec77293e67e266024bf,"platform-4.1.1, platform-4.2.0-rc-2",server.zanata-war.src.test.java.org.zanata.webtrans.server.rpc.GetGlossaryDetailsHandlerTest.java,True,True
zanata/zanata-platform,d35ba7785e53932cb6470ec77293e67e266024bf,"platform-4.1.1, platform-4.2.0-rc-2",server.zanata-war.src.test.java.org.zanata.file.DocumentUploadUtilTest.java,False,True
zanata/zanata-platform,d35ba7785e53932cb6470ec77293e67e266024bf,"platform-4.1.1, platform-4.2.0-rc-2",server.zanata-war.src.test.java.org.zanata.ui.faces.FacesMessagesTest.java,True,True
zanata/zanata-platform,d35ba7785e53932cb6470ec77293e67e266024bf,"platform-4.1.1, platform-4.2.0-rc-2",server.zanata-war.src.test.java.org.zanata.service.impl.TransMemoryMergeServiceImplTest.java,True,True
zanata/zanata-platform,42fc5bf22490797852b9dd569a877b65e7241f67,"platform-4.2.1, platform-4.2.3",client.zanata-client-commands.src.test.java.org.zanata.client.commands.FileMappingRuleHandlerTest.java,False,True
zanata/zanata-platform,42fc5bf22490797852b9dd569a877b65e7241f67,"platform-4.2.1, platform-4.2.3",client.zanata-client-commands.src.test.java.org.zanata.client.commands.UpdateCheckerTest.java,False,True
zanata/zanata-platform,42fc5bf22490797852b9dd569a877b65e7241f67,"platform-4.2.1, platform-4.2.3",client.zanata-rest-client.src.test.java.org.zanata.rest.client.FileResourceClientTest.java,True,True
zanata/zanata-platform,907c7b86b5a8d99cbc55710e093d03fc1bdccc23,"platform-4.2.4, platform-4.3.0-alpha-1",server.services.src.test.java.org.zanata.security.permission.PermissionEvaluatorTest.java,True,True
zanata/zanata-platform,907c7b86b5a8d99cbc55710e093d03fc1bdccc23,"platform-4.2.4, platform-4.3.0-alpha-1",server.services.src.test.java.org.zanata.service.impl.CopyTransServiceImplTest.java,False,True
zanata/zanata-platform,907c7b86b5a8d99cbc55710e093d03fc1bdccc23,"platform-4.2.4, platform-4.3.0-alpha-1",server.services.src.test.java.org.zanata.webtrans.server.rpc.GetProjectTransUnitListsHandlerTest.java,True,True
zanata/zanata-platform,0f4f0f80d23b441fb846a3f131dd0192bc891f1c,"platform-4.3.0, platform-4.3.1",server.gwt-shared.src.test.java.org.zanata.webtrans.shared.validation.PrintfXSIExtensionValidationTest.java,False,False
zanata/zanata-platform,64b51d5c00cef9cf012d75f0dfc8ad22c554ed59,"platform-4.4.5, platform-4.5.0-rc-2",server.services.src.test.java.org.zanata.email.VelocityEmailStrategyTest.java,False,False
zanata/zanata-platform,64b51d5c00cef9cf012d75f0dfc8ad22c554ed59,"platform-4.4.5, platform-4.5.0-rc-2",server.services.src.test.java.org.zanata.service.impl.TranslationFinderTest.java,True,True
zanata/zanata-platform,64b51d5c00cef9cf012d75f0dfc8ad22c554ed59,"platform-4.4.5, platform-4.5.0-rc-2",server.services.src.test.java.org.zanata.webtrans.server.rpc.GetTransUnitListHandlerTest.java,True,False
zanata/zanata-platform,64b51d5c00cef9cf012d75f0dfc8ad22c554ed59,"platform-4.4.5, platform-4.5.0-rc-2",server.services.src.test.java.org.zanata.service.impl.CopyVersionServiceImplTest.java,True,False
zanata/zanata-platform,64b51d5c00cef9cf012d75f0dfc8ad22c554ed59,"platform-4.4.5, platform-4.5.0-rc-2",server.services.src.test.java.org.zanata.service.impl.GlossarySearchServiceImplTest.java,False,False
zanata/zanata-platform,64b51d5c00cef9cf012d75f0dfc8ad22c554ed59,"platform-4.4.5, platform-4.5.0-rc-2",server.services.src.test.java.org.zanata.service.impl.MergeTranslationsServiceImplTest.java,True,True
zanata/zanata-platform,266e7e6e8ddc0b0d3b5bc0682d1571d304c76e92,"platform-4.5.0, platform-4.6.0-rc-1",server.services.src.test.java.org.zanata.service.impl.TranslationServiceImplTest.java,True,False
zanata/zanata-platform,266e7e6e8ddc0b0d3b5bc0682d1571d304c76e92,"platform-4.5.0, platform-4.6.0-rc-1",server.services.src.test.java.org.zanata.service.impl.MachineTranslationServiceImplTest.java,True,False
zanata/zanata-platform,266e7e6e8ddc0b0d3b5bc0682d1571d304c76e92,"platform-4.5.0, platform-4.6.0-rc-1",server.services.src.test.java.org.zanata.rest.editor.service.TransMemoryMergeManagerTest.java,True,False
zanata/zanata-platform,266e7e6e8ddc0b0d3b5bc0682d1571d304c76e92,"platform-4.5.0, platform-4.6.0-rc-1",server.services.src.test.java.org.zanata.util.EssentialDataCreatorTest.java,False,False
zanata/zanata-platform,266e7e6e8ddc0b0d3b5bc0682d1571d304c76e92,"platform-4.5.0, platform-4.6.0-rc-1",server.services.src.test.java.org.zanata.rest.service.MachineTranslationResourceTest.java,False,False
zanata/zanata-platform,266e7e6e8ddc0b0d3b5bc0682d1571d304c76e92,"platform-4.5.0, platform-4.6.0-rc-1",server.services.src.test.java.org.zanata.webtrans.server.rpc.GetTransUnitListHandlerTest.java,False,False
zanata/zanata-platform,266e7e6e8ddc0b0d3b5bc0682d1571d304c76e92,"platform-4.5.0, platform-4.6.0-rc-1",server.services.src.test.java.org.zanata.webtrans.server.rpc.GetProjectTransUnitListsHandlerTest.java,False,False
zanata/zanata-platform,266e7e6e8ddc0b0d3b5bc0682d1571d304c76e92,"platform-4.5.0, platform-4.6.0-rc-1",server.services.src.test.java.org.zanata.limits.LeakyBucketTest.java,True,False
zanata/zanata-platform,266e7e6e8ddc0b0d3b5bc0682d1571d304c76e92,"platform-4.5.0, platform-4.6.0-rc-1",server.services.src.test.java.org.zanata.dao.TextFlowTargetHistoryDAOTest.java,False,False
zanata/zanata-platform,266e7e6e8ddc0b0d3b5bc0682d1571d304c76e92,"platform-4.5.0, platform-4.6.0-rc-1",server.services.src.test.java.org.zanata.dao.DocumentDAOTest.java,True,True
zanata/zanata-platform,bc99327f739f4f86b2aa0106ad373a01d745602a,"server-1.6.0-alpha-1, server-1.6.0-alpha-2",zanata-war.src.test.java.org.zanata.webtrans.client.presenter.AppPresenterTest.java,False,True
zanata/zanata-platform,af4a2443d29fe0678742d58e5b1029b9fa5f4e93,"server-1.6.0-alpha-2, server-1.6.0-beta-1",zanata-war.src.test.java.org.zanata.webtrans.client.presenter.WorkspaceUsersPresenterTest.java,False,True
zanata/zanata-platform,af4a2443d29fe0678742d58e5b1029b9fa5f4e93,"server-1.6.0-alpha-2, server-1.6.0-beta-1",zanata-war.src.test.java.org.zanata.webtrans.client.presenter.TranslationPresenterTest.java,False,True
zanata/zanata-platform,ec180c86ca76c9d624cb332c023ac0e44138d654,"server-1.6.0-beta-1, server-1.6.0",zanata-war.src.test.java.org.zanata.webtrans.server.TranslationWorkspaceImplTest.java,False,True
zanata/zanata-platform,ec180c86ca76c9d624cb332c023ac0e44138d654,"server-1.6.0-beta-1, server-1.6.0",zanata-war.src.test.java.org.zanata.webtrans.client.presenter.WorkspaceUsersPresenterTest.java,True,True
zanata/zanata-platform,ec180c86ca76c9d624cb332c023ac0e44138d654,"server-1.6.0-beta-1, server-1.6.0",zanata-war.src.test.java.org.zanata.webtrans.client.presenter.TranslationPresenterTest.java,False,True
zanata/zanata-platform,ec180c86ca76c9d624cb332c023ac0e44138d654,"server-1.6.0-beta-1, server-1.6.0",zanata-war.src.test.java.org.zanata.webtrans.client.presenter.AppPresenterTest.java,False,True
zanata/zanata-platform,ec180c86ca76c9d624cb332c023ac0e44138d654,"server-1.6.0-beta-1, server-1.6.0",zanata-war.src.test.java.org.zanata.webtrans.client.editor.table.TargetContentsPresenterTest.java,False,True
zanata/zanata-platform,5db9cd72719bf0b0fd515b75449e09da0615c606,"server-1.6.0, server-1.6.1-alpha-1",zanata-war.src.test.java.org.zanata.webtrans.client.presenter.SearchResultsPresenterTest.java,True,True
zanata/zanata-platform,a87c817d6fddcdbedcb80e1b4a7379113392d14d,"server-1.6.1, server-1.7.0-alpha-1",zanata-war.src.test.java.org.zanata.webtrans.client.presenter.TranslationPresenterTest.java,True,True
zanata/zanata-platform,a87c817d6fddcdbedcb80e1b4a7379113392d14d,"server-1.6.1, server-1.7.0-alpha-1",zanata-war.src.test.java.org.zanata.webtrans.client.presenter.NotificationPresenterTest.java,True,True
zanata/zanata-platform,a87c817d6fddcdbedcb80e1b4a7379113392d14d,"server-1.6.1, server-1.7.0-alpha-1",zanata-war.src.test.java.org.zanata.webtrans.client.presenter.AppPresenterTest.java,True,True
zanata/zanata-platform,a87c817d6fddcdbedcb80e1b4a7379113392d14d,"server-1.6.1, server-1.7.0-alpha-1",zanata-war.src.test.java.org.zanata.webtrans.client.presenter.TransMemoryPresenterTest.java,False,True
zanata/zanata-platform,a87c817d6fddcdbedcb80e1b4a7379113392d14d,"server-1.6.1, server-1.7.0-alpha-1",zanata-war.src.test.java.org.zanata.webtrans.client.presenter.SearchResultsPresenterTest.java,True,True
zanata/zanata-platform,a87c817d6fddcdbedcb80e1b4a7379113392d14d,"server-1.6.1, server-1.7.0-alpha-1",zanata-war.src.test.java.org.zanata.webtrans.shared.validation.action.PrintfXSIExtensionValidationTest.java,True,True
zanata/zanata-platform,a87c817d6fddcdbedcb80e1b4a7379113392d14d,"server-1.6.1, server-1.7.0-alpha-1",zanata-war.src.test.java.org.zanata.webtrans.shared.validation.PrintfVariablesValidationTest.java,True,True
zanata/zanata-platform,a87c817d6fddcdbedcb80e1b4a7379113392d14d,"server-1.6.1, server-1.7.0-alpha-1",zanata-war.src.test.java.org.zanata.rest.service.ResourceUtilsTest.java,False,True
zanata/zanata-platform,a87c817d6fddcdbedcb80e1b4a7379113392d14d,"server-1.6.1, server-1.7.0-alpha-1",zanata-war.src.test.java.org.zanata.webtrans.server.rpc.TransMemoryMergeHandlerTest.java,True,True
zanata/zanata-platform,a87c817d6fddcdbedcb80e1b4a7379113392d14d,"server-1.6.1, server-1.7.0-alpha-1",zanata-war.src.test.java.org.zanata.webtrans.client.presenter.TransMemoryMergePresenterTest.java,False,True
zanata/zanata-platform,dd45235364d7a653360cfbf0bf31d84e0f7099db,"server-1.7.2, server-1.7.3",zanata-war.src.test.java.org.zanata.webtrans.server.rpc.TransMemoryMergeHandlerTest.java,False,True
zanata/zanata-platform,dd45235364d7a653360cfbf0bf31d84e0f7099db,"server-1.7.2, server-1.7.3",zanata-war.src.test.java.org.zanata.webtrans.client.presenter.TransMemoryMergePresenterTest.java,False,True
zanata/zanata-platform,8e7f99ca76333e32ff631a5b48af10f26bde7409,"server-1.7.3, server-2.0.0",zanata-war.src.test.java.org.zanata.webtrans.server.rpc.GetTransUnitListHandlerTest.java,True,True
zanata/zanata-platform,8e7f99ca76333e32ff631a5b48af10f26bde7409,"server-1.7.3, server-2.0.0",zanata-war.src.test.java.org.zanata.webtrans.client.presenter.AppPresenterTest.java,True,True
zanata/zanata-platform,8e7f99ca76333e32ff631a5b48af10f26bde7409,"server-1.7.3, server-2.0.0",zanata-war.src.test.java.org.zanata.webtrans.client.presenter.EditorOptionsPresenterTest.java,True,True
zanata/zanata-platform,8e7f99ca76333e32ff631a5b48af10f26bde7409,"server-1.7.3, server-2.0.0",zanata-war.src.test.java.org.zanata.webtrans.client.presenter.TranslationPresenterTest.java,False,True
zanata/zanata-platform,8e7f99ca76333e32ff631a5b48af10f26bde7409,"server-1.7.3, server-2.0.0",zanata-war.src.test.java.org.zanata.webtrans.client.presenter.TranslationEditorPresenterTest.java,False,True
zanata/zanata-platform,8e7f99ca76333e32ff631a5b48af10f26bde7409,"server-1.7.3, server-2.0.0",zanata-war.src.test.java.org.zanata.webtrans.client.presenter.SourceContentsPresenterTest.java,False,True
zanata/zanata-platform,8e7f99ca76333e32ff631a5b48af10f26bde7409,"server-1.7.3, server-2.0.0",zanata-war.src.test.java.org.zanata.webtrans.client.presenter.TranslationHistoryPresenterTest.java,False,True
zanata/zanata-platform,8e7f99ca76333e32ff631a5b48af10f26bde7409,"server-1.7.3, server-2.0.0",zanata-war.src.test.java.org.zanata.webtrans.client.presenter.TransUnitsTablePresenterTest.java,False,True
zanata/zanata-platform,8e7f99ca76333e32ff631a5b48af10f26bde7409,"server-1.7.3, server-2.0.0",zanata-war.src.test.java.org.zanata.webtrans.client.presenter.TargetContentsPresenterTest.java,True,True
zanata/zanata-platform,8e7f99ca76333e32ff631a5b48af10f26bde7409,"server-1.7.3, server-2.0.0",zanata-war.src.test.java.org.zanata.webtrans.client.presenter.GlossaryPresenterTest.java,False,True
zanata/zanata-platform,8e7f99ca76333e32ff631a5b48af10f26bde7409,"server-1.7.3, server-2.0.0",zanata-war.src.test.java.org.zanata.webtrans.client.presenter.WorkspaceUsersPresenterTest.java,True,True
zanata/zanata-platform,8e7f99ca76333e32ff631a5b48af10f26bde7409,"server-1.7.3, server-2.0.0",zanata-war.src.test.java.org.zanata.webtrans.client.presenter.GlossaryDetailsPresenterTest.java,True,True
zanata/zanata-platform,8e7f99ca76333e32ff631a5b48af10f26bde7409,"server-1.7.3, server-2.0.0",zanata-war.src.test.java.org.zanata.service.impl.CopyTransServiceImplTest.java,True,True
zanata/zanata-platform,8e7f99ca76333e32ff631a5b48af10f26bde7409,"server-1.7.3, server-2.0.0",zanata-war.src.test.java.org.zanata.webtrans.client.presenter.TransMemoryPresenterTest.java,True,True
zanata/zanata-platform,8e7f99ca76333e32ff631a5b48af10f26bde7409,"server-1.7.3, server-2.0.0",zanata-war.src.test.java.org.zanata.webtrans.client.presenter.TransUnitReplaceInfoTest.java,False,True
zanata/zanata-platform,8e7f99ca76333e32ff631a5b48af10f26bde7409,"server-1.7.3, server-2.0.0",zanata-war.src.test.java.org.zanata.webtrans.client.presenter.SideMenuPresenterTest.java,True,True
zanata/zanata-platform,8e7f99ca76333e32ff631a5b48af10f26bde7409,"server-1.7.3, server-2.0.0",zanata-war.src.test.java.org.zanata.webtrans.client.presenter.NotificationPresenterTest.java,False,True
zanata/zanata-platform,8e7f99ca76333e32ff631a5b48af10f26bde7409,"server-1.7.3, server-2.0.0",zanata-war.src.test.java.org.zanata.webtrans.client.service.ValidationServiceTest.java,True,True
zanata/zanata-platform,8e7f99ca76333e32ff631a5b48af10f26bde7409,"server-1.7.3, server-2.0.0",zanata-war.src.test.java.org.zanata.webtrans.client.presenter.DocumentListPresenterTest.java,True,True
zanata/zanata-platform,8e7f99ca76333e32ff631a5b48af10f26bde7409,"server-1.7.3, server-2.0.0",zanata-war.src.test.java.org.zanata.webtrans.client.service.HistoryEventHandlerServiceTest.java,True,True
zanata/zanata-platform,8e7f99ca76333e32ff631a5b48af10f26bde7409,"server-1.7.3, server-2.0.0",zanata-war.src.test.java.org.zanata.webtrans.client.presenter.TransMemoryMergePresenterTest.java,False,True
zanata/zanata-platform,4ccc743505feb13763bee12aa5e4eed5e46ec011,"server-2.0.2, server-2.0.3",zanata-war.src.test.java.org.zanata.search.FilterConstraintToQueryTest.java,False,True
zanata/zanata-platform,4ccc743505feb13763bee12aa5e4eed5e46ec011,"server-2.0.2, server-2.0.3",zanata-war.src.test.java.org.zanata.webtrans.client.presenter.TransUnitsTablePresenterTest.java,True,True
zanata/zanata-platform,4ccc743505feb13763bee12aa5e4eed5e46ec011,"server-2.0.2, server-2.0.3",zanata-war.src.test.java.org.zanata.webtrans.client.presenter.TargetContentsPresenterTest.java,False,True
zanata/zanata-platform,4ccc743505feb13763bee12aa5e4eed5e46ec011,"server-2.0.2, server-2.0.3",zanata-war.src.test.java.org.zanata.webtrans.server.rpc.GetTransMemoryHandlerTest.java,True,True
zanata/zanata-platform,e01720c70a43cbcd251f672453f12d078d250777,"server-2.1.4, server-2.2.0",zanata-war.src.test.java.org.zanata.webtrans.client.presenter.EditorOptionsPresenterTest.java,False,True
zanata/zanata-platform,e01720c70a43cbcd251f672453f12d078d250777,"server-2.1.4, server-2.2.0",zanata-war.src.test.java.org.zanata.webtrans.client.presenter.DocumentListOptionsPresenterTest.java,False,True
zanata/zanata-platform,e01720c70a43cbcd251f672453f12d078d250777,"server-2.1.4, server-2.2.0",zanata-war.src.test.java.org.zanata.webtrans.client.presenter.AppPresenterTest.java,False,True
zanata/zanata-platform,e01720c70a43cbcd251f672453f12d078d250777,"server-2.1.4, server-2.2.0",zanata-war.src.test.java.org.zanata.webtrans.server.rpc.ActivateWorkspaceHandlerTest.java,False,True
zanata/zanata-platform,05f1b701775a09890cec6aa2ec6787bb1efc9aca,"server-2.3.1, server-2.3.2",zanata-war.src.test.java.org.zanata.webtrans.client.presenter.KeyShortcutPresenterTest.java,True,True
zanata/zanata-platform,c575f3413f9e100328c4b5157f129fcdac225a9d,"server-2.3.2, server-3.0.0-alpha-1",zanata-war.src.test.java.org.zanata.dao.TextFlowStreamDAOTest.java,True,False
zanata/zanata-platform,c575f3413f9e100328c4b5157f129fcdac225a9d,"server-2.3.2, server-3.0.0-alpha-1",zanata-war.src.test.java.org.zanata.rest.service.FileServiceTest.java,True,True
zanata/zanata-platform,c575f3413f9e100328c4b5157f129fcdac225a9d,"server-2.3.2, server-3.0.0-alpha-1",zanata-war.src.test.java.org.zanata.rest.service.TMXStreamingOutputTest.java,False,False
zanata/zanata-platform,c575f3413f9e100328c4b5157f129fcdac225a9d,"server-2.3.2, server-3.0.0-alpha-1",zanata-war.src.test.java.org.zanata.service.impl.StatisticsServiceImplTest.java,True,False
zanata/zanata-platform,c575f3413f9e100328c4b5157f129fcdac225a9d,"server-2.3.2, server-3.0.0-alpha-1",zanata-war.src.test.java.org.zanata.webtrans.client.presenter.DocumentListPresenterTest.java,False,False
zanata/zanata-platform,c575f3413f9e100328c4b5157f129fcdac225a9d,"server-2.3.2, server-3.0.0-alpha-1",zanata-war.src.test.java.org.zanata.webtrans.client.presenter.AppPresenterTest.java,True,False
zanata/zanata-platform,c575f3413f9e100328c4b5157f129fcdac225a9d,"server-2.3.2, server-3.0.0-alpha-1",zanata-war.src.test.java.org.zanata.service.impl.TranslationServiceImplTest.java,True,False
zanata/zanata-platform,c575f3413f9e100328c4b5157f129fcdac225a9d,"server-2.3.2, server-3.0.0-alpha-1",zanata-war.src.test.java.org.zanata.service.impl.CopyTransServiceImplTest.java,False,False
zanata/zanata-platform,c575f3413f9e100328c4b5157f129fcdac225a9d,"server-2.3.2, server-3.0.0-alpha-1",zanata-war.src.test.java.org.zanata.webtrans.client.presenter.TransMemoryMergePresenterTest.java,False,False
zanata/zanata-platform,c575f3413f9e100328c4b5157f129fcdac225a9d,"server-2.3.2, server-3.0.0-alpha-1",zanata-war.src.test.java.org.zanata.webtrans.client.presenter.GlossaryDetailsPresenterTest.java,False,False
zanata/zanata-platform,c575f3413f9e100328c4b5157f129fcdac225a9d,"server-2.3.2, server-3.0.0-alpha-1",zanata-war.src.test.java.org.zanata.webtrans.server.rpc.GetTransUnitsNavigationServiceTest.java,False,False
zanata/zanata-platform,c575f3413f9e100328c4b5157f129fcdac225a9d,"server-2.3.2, server-3.0.0-alpha-1",zanata-war.src.test.java.org.zanata.webtrans.server.rpc.GetTransUnitListHandlerTest.java,False,False
zanata/zanata-platform,c575f3413f9e100328c4b5157f129fcdac225a9d,"server-2.3.2, server-3.0.0-alpha-1",zanata-war.src.test.java.org.zanata.webtrans.client.service.GetTransUnitActionContextTest.java,False,False
zanata/zanata-platform,cdba9638ae8e608c78be5e72a72686ec50d825e4,"server-3.0.0-alpha-1, server-3.0.0",zanata-war.src.test.java.org.zanata.tmx.TMXParserTest.java,True,True
zanata/zanata-platform,cdba9638ae8e608c78be5e72a72686ec50d825e4,"server-3.0.0-alpha-1, server-3.0.0",zanata-war.src.test.java.org.zanata.rest.service.TMXStreamingOutputTest.java,True,True
zanata/zanata-platform,cdba9638ae8e608c78be5e72a72686ec50d825e4,"server-3.0.0-alpha-1, server-3.0.0",zanata-war.src.test.java.org.zanata.file.SourceDocumentUploadTest.java,True,True
zanata/zanata-platform,cdba9638ae8e608c78be5e72a72686ec50d825e4,"server-3.0.0-alpha-1, server-3.0.0",zanata-war.src.test.java.org.zanata.webtrans.server.rpc.TransMemoryMergeStatusResolverTest.java,False,True
zanata/zanata-platform,cdba9638ae8e608c78be5e72a72686ec50d825e4,"server-3.0.0-alpha-1, server-3.0.0",zanata-war.src.test.java.org.zanata.webtrans.server.rpc.TransMemoryMergeHandlerTest.java,True,True
zanata/zanata-platform,cdba9638ae8e608c78be5e72a72686ec50d825e4,"server-3.0.0-alpha-1, server-3.0.0",zanata-war.src.test.java.org.zanata.xml.StreamSerializerTest.java,True,True
zanata/zanata-platform,cdba9638ae8e608c78be5e72a72686ec50d825e4,"server-3.0.0-alpha-1, server-3.0.0",zanata-war.src.test.java.org.zanata.rest.service.FileServiceTest.java,True,True
zanata/zanata-platform,cdba9638ae8e608c78be5e72a72686ec50d825e4,"server-3.0.0-alpha-1, server-3.0.0",zanata-war.src.test.java.org.zanata.dao.TransMemoryStreamingDAOTest.java,False,True
zanata/zanata-platform,cdba9638ae8e608c78be5e72a72686ec50d825e4,"server-3.0.0-alpha-1, server-3.0.0",zanata-war.src.test.java.org.zanata.file.GlobalDocumentIdTest.java,True,True
zanata/zanata-platform,cdba9638ae8e608c78be5e72a72686ec50d825e4,"server-3.0.0-alpha-1, server-3.0.0",zanata-war.src.test.java.org.zanata.webtrans.client.presenter.TranslationHistoryPresenterTest.java,True,True
zanata/zanata-platform,cdba9638ae8e608c78be5e72a72686ec50d825e4,"server-3.0.0-alpha-1, server-3.0.0",zanata-war.src.test.java.org.zanata.webtrans.server.rpc.AddReviewCommentHandlerTest.java,True,True
zanata/zanata-platform,cdba9638ae8e608c78be5e72a72686ec50d825e4,"server-3.0.0-alpha-1, server-3.0.0",zanata-war.src.test.java.org.zanata.dao.TextFlowTargetDAOTest.java,True,True
zanata/zanata-platform,cdba9638ae8e608c78be5e72a72686ec50d825e4,"server-3.0.0-alpha-1, server-3.0.0",zanata-war.src.test.java.org.zanata.dao.TextFlowDAOTest.java,True,True
zanata/zanata-platform,cdba9638ae8e608c78be5e72a72686ec50d825e4,"server-3.0.0-alpha-1, server-3.0.0",zanata-war.src.test.java.org.zanata.webtrans.client.presenter.SearchResultsPresenterTest.java,False,True
zanata/zanata-platform,cdba9638ae8e608c78be5e72a72686ec50d825e4,"server-3.0.0-alpha-1, server-3.0.0",zanata-war.src.test.java.org.zanata.service.impl.TextFlowSearchServiceImplTest.java,True,True
zanata/zanata-platform,cdba9638ae8e608c78be5e72a72686ec50d825e4,"server-3.0.0-alpha-1, server-3.0.0",zanata-war.src.test.java.org.zanata.rest.service.VirusScannerTest.java,True,True
zanata/zanata-platform,3527db7f9e124e4b6a86f8a8c708d5f51db9d7f2,"server-3.0.2, server-3.0.3",zanata-war.src.test.java.org.zanata.service.impl.CopyTransServiceImplTest.java,True,True
zanata/zanata-platform,2f2fd9189b46e54ef2826df2c04b8a032bdb5e60,"server-3.0.3, server-3.1.0",zanata-war.src.test.java.org.zanata.webtrans.client.presenter.NotificationPresenterTest.java,False,True
zanata/zanata-platform,2f2fd9189b46e54ef2826df2c04b8a032bdb5e60,"server-3.0.3, server-3.1.0",zanata-war.src.test.java.org.zanata.webtrans.server.rpc.GetTranslationHistoryHandlerTest.java,False,True
zanata/zanata-platform,2f2fd9189b46e54ef2826df2c04b8a032bdb5e60,"server-3.0.3, server-3.1.0",zanata-war.src.test.java.org.zanata.rest.service.RestUtilsTest.java,False,True
zanata/zanata-platform,2f2fd9189b46e54ef2826df2c04b8a032bdb5e60,"server-3.0.3, server-3.1.0",zanata-war.src.test.java.org.zanata.webtrans.server.rpc.ActivateWorkspaceHandlerTest.java,False,True
zanata/zanata-platform,2f2fd9189b46e54ef2826df2c04b8a032bdb5e60,"server-3.0.3, server-3.1.0",zanata-war.src.test.java.org.zanata.webtrans.client.service.ValidationServiceTest.java,False,True
zanata/zanata-platform,2f2fd9189b46e54ef2826df2c04b8a032bdb5e60,"server-3.0.3, server-3.1.0",zanata-war.src.test.java.org.zanata.webtrans.client.service.TransUnitSaveServiceTest.java,True,True
zanata/zanata-platform,364b8e7522dddc3d0549dd710548b48ef09f24de,"server-3.1.0, server-3.1.1",zanata-war.src.test.java.org.zanata.webtrans.client.presenter.AppPresenterTest.java,True,True
zanata/zanata-platform,364b8e7522dddc3d0549dd710548b48ef09f24de,"server-3.1.0, server-3.1.1",zanata-war.src.test.java.org.zanata.webtrans.client.presenter.DocumentListPresenterTest.java,True,True
zanata/zanata-platform,d91a4f1680bf8d28e8d0f4f918e151cec689d830,"server-3.1.2, server-3.2.0",zanata-war.src.test.java.org.zanata.webtrans.client.presenter.EditorOptionsPresenterTest.java,False,False
zanata/zanata-platform,d91a4f1680bf8d28e8d0f4f918e151cec689d830,"server-3.1.2, server-3.2.0",zanata-war.src.test.java.org.zanata.dao.LocaleDAOTest.java,False,True
zanata/zanata-platform,3e3a3eb48734888d6e9a08c7eaa84cbed1f6a077,"server-3.3.1, server-3.3.2",zanata-war.src.test.java.org.zanata.dao.DocumentDAOTest.java,True,False
zanata/zanata-platform,bc9433db9aea6177b5097f87af0b65ee6bf127e3,"server-3.4.2, server-3.5.0",zanata-war.src.test.java.org.zanata.webtrans.server.rpc.GetTransUnitListHandlerTest.java,True,True
zanata/zanata-platform,bc9433db9aea6177b5097f87af0b65ee6bf127e3,"server-3.4.2, server-3.5.0",zanata-war.src.test.java.org.zanata.service.impl.TranslationStateCacheImplTest.java,False,False
zanata/zanata-platform,bc9433db9aea6177b5097f87af0b65ee6bf127e3,"server-3.4.2, server-3.5.0",zanata-war.src.test.java.org.zanata.webtrans.client.presenter.SourceContentsPresenterTest.java,False,True
zanata/zanata-platform,bc9433db9aea6177b5097f87af0b65ee6bf127e3,"server-3.4.2, server-3.5.0",zanata-war.src.test.java.org.zanata.webtrans.client.presenter.SearchResultsPresenterTest.java,False,False
zanata/zanata-platform,bc9433db9aea6177b5097f87af0b65ee6bf127e3,"server-3.4.2, server-3.5.0",zanata-war.src.test.java.org.zanata.webtrans.server.rpc.GetTransMemoryHandlerTest.java,False,False
zanata/zanata-platform,be415878365e057b4354f572537251aa20f7129a,"server-3.5.1, server-3.6.0",zanata-war.src.test.java.org.zanata.service.impl.StatisticsServiceImplTest.java,False,False
zanata/zanata-platform,36020e323ba74c26a98d714394e9e469e9a734e6,"server-3.6.2, server-3.7.0-alpha-2",zanata-war.src.test.java.org.zanata.service.impl.TranslationMemoryServiceImplTest.java,True,False
zanata/zanata-platform,36020e323ba74c26a98d714394e9e469e9a734e6,"server-3.6.2, server-3.7.0-alpha-2",zanata-war.src.test.java.org.zanata.service.impl.TranslationFinderTest.java,True,True
zanata/zanata-platform,36020e323ba74c26a98d714394e9e469e9a734e6,"server-3.6.2, server-3.7.0-alpha-2",zanata-war.src.test.java.org.zanata.service.impl.CopyTransServiceImplTest.java,True,True
zanata/zanata-platform,36020e323ba74c26a98d714394e9e469e9a734e6,"server-3.6.2, server-3.7.0-alpha-2",zanata-war.src.test.java.org.zanata.rest.service.RestUtilsTest.java,True,True
zanata/zanata-platform,36020e323ba74c26a98d714394e9e469e9a734e6,"server-3.6.2, server-3.7.0-alpha-2",zanata-war.src.test.java.org.zanata.rest.service.ResourceUtilsTest.java,True,True
zanata/zanata-platform,36020e323ba74c26a98d714394e9e469e9a734e6,"server-3.6.2, server-3.7.0-alpha-2",zanata-war.src.test.java.org.zanata.webtrans.shared.validation.TabValidationTest.java,True,False
zanata/zanata-platform,36020e323ba74c26a98d714394e9e469e9a734e6,"server-3.6.2, server-3.7.0-alpha-2",zanata-war.src.test.java.org.zanata.webtrans.shared.validation.PrintfXSIExtensionValidationTest.java,True,False
zanata/zanata-platform,36020e323ba74c26a98d714394e9e469e9a734e6,"server-3.6.2, server-3.7.0-alpha-2",zanata-war.src.test.java.org.zanata.webtrans.shared.validation.PrintfVariablesValidationTest.java,True,False
zanata/zanata-platform,36020e323ba74c26a98d714394e9e469e9a734e6,"server-3.6.2, server-3.7.0-alpha-2",zanata-war.src.test.java.org.zanata.webtrans.shared.validation.JavaVariablesValidationTest.java,True,False
zanata/zanata-platform,36020e323ba74c26a98d714394e9e469e9a734e6,"server-3.6.2, server-3.7.0-alpha-2",zanata-war.src.test.java.org.zanata.webtrans.shared.rpc.QueryParserTest.java,True,False
zanata/zanata-platform,36020e323ba74c26a98d714394e9e469e9a734e6,"server-3.6.2, server-3.7.0-alpha-2",zanata-war.src.test.java.org.zanata.webtrans.server.rpc.UpdateGlossaryTermHandlerTest.java,True,False
zanata/zanata-platform,36020e323ba74c26a98d714394e9e469e9a734e6,"server-3.6.2, server-3.7.0-alpha-2",zanata-war.src.test.java.org.zanata.webtrans.server.rpc.TransUnitEditHandlerTest.java,True,False
zanata/zanata-platform,36020e323ba74c26a98d714394e9e469e9a734e6,"server-3.6.2, server-3.7.0-alpha-2",zanata-war.src.test.java.org.zanata.webtrans.server.rpc.TransMemoryMergeStatusResolverTest.java,True,False
zanata/zanata-platform,36020e323ba74c26a98d714394e9e469e9a734e6,"server-3.6.2, server-3.7.0-alpha-2",zanata-war.src.test.java.org.zanata.webtrans.server.rpc.SaveOptionsHandlerTest.java,True,False
zanata/zanata-platform,36020e323ba74c26a98d714394e9e469e9a734e6,"server-3.6.2, server-3.7.0-alpha-2",zanata-war.src.test.java.org.zanata.webtrans.server.rpc.RevertTransUnitUpdatesHandlerTest.java,True,False
zanata/zanata-platform,36020e323ba74c26a98d714394e9e469e9a734e6,"server-3.6.2, server-3.7.0-alpha-2",zanata-war.src.test.java.org.zanata.webtrans.server.rpc.ReplaceTextHandlerTest.java,True,False
zanata/zanata-platform,36020e323ba74c26a98d714394e9e469e9a734e6,"server-3.6.2, server-3.7.0-alpha-2",zanata-war.src.test.java.org.zanata.webtrans.server.rpc.RemoteLoggingHandlerTest.java,True,False
zanata/zanata-platform,36020e323ba74c26a98d714394e9e469e9a734e6,"server-3.6.2, server-3.7.0-alpha-2",zanata-war.src.test.java.org.zanata.webtrans.server.rpc.PublishWorkspaceChatHandlerTest.java,True,False
zanata/zanata-platform,36020e323ba74c26a98d714394e9e469e9a734e6,"server-3.6.2, server-3.7.0-alpha-2",zanata-war.src.test.java.org.zanata.webtrans.server.rpc.PreviewReplaceTextHandlerTest.java,True,False
zanata/zanata-platform,36020e323ba74c26a98d714394e9e469e9a734e6,"server-3.6.2, server-3.7.0-alpha-2",zanata-war.src.test.java.org.zanata.webtrans.server.rpc.LoadOptionsHandlerTest.java,True,False
zanata/zanata-platform,36020e323ba74c26a98d714394e9e469e9a734e6,"server-3.6.2, server-3.7.0-alpha-2",zanata-war.src.test.java.org.zanata.webtrans.server.rpc.GetTranslatorListHandlerTest.java,True,False
zanata/zanata-platform,36020e323ba74c26a98d714394e9e469e9a734e6,"server-3.6.2, server-3.7.0-alpha-2",zanata-war.src.test.java.org.zanata.webtrans.server.rpc.GetTranslationHistoryHandlerTest.java,True,False
zanata/zanata-platform,36020e323ba74c26a98d714394e9e469e9a734e6,"server-3.6.2, server-3.7.0-alpha-2",zanata-war.src.test.java.org.zanata.webtrans.server.rpc.GetTransUnitListHandlerTest.java,True,False
zanata/zanata-platform,36020e323ba74c26a98d714394e9e469e9a734e6,"server-3.6.2, server-3.7.0-alpha-2",zanata-war.src.test.java.org.zanata.webtrans.server.rpc.GetTransMemoryHandlerTest.java,True,False
zanata/zanata-platform,36020e323ba74c26a98d714394e9e469e9a734e6,"server-3.6.2, server-3.7.0-alpha-2",zanata-war.src.test.java.org.zanata.webtrans.server.rpc.GetTransMemoryDetailsHandlerTest.java,True,False
zanata/zanata-platform,36020e323ba74c26a98d714394e9e469e9a734e6,"server-3.6.2, server-3.7.0-alpha-2",zanata-war.src.test.java.org.zanata.webtrans.server.rpc.GetTargetForLocaleHandlerTest.java,True,False
zanata/zanata-platform,36020e323ba74c26a98d714394e9e469e9a734e6,"server-3.6.2, server-3.7.0-alpha-2",zanata-war.src.test.java.org.zanata.webtrans.server.rpc.GetProjectTransUnitListsHandlerTest.java,True,False
zanata/zanata-platform,36020e323ba74c26a98d714394e9e469e9a734e6,"server-3.6.2, server-3.7.0-alpha-2",zanata-war.src.test.java.org.zanata.webtrans.server.rpc.GetLocaleListHandlerTest.java,True,False
zanata/zanata-platform,36020e323ba74c26a98d714394e9e469e9a734e6,"server-3.6.2, server-3.7.0-alpha-2",zanata-war.src.test.java.org.zanata.webtrans.server.rpc.GetGlossaryDetailsHandlerTest.java,True,False
zanata/zanata-platform,36020e323ba74c26a98d714394e9e469e9a734e6,"server-3.6.2, server-3.7.0-alpha-2",zanata-war.src.test.java.org.zanata.webtrans.server.rpc.GetDocumentListHandlerTest.java,True,False
zanata/zanata-platform,36020e323ba74c26a98d714394e9e469e9a734e6,"server-3.6.2, server-3.7.0-alpha-2",zanata-war.src.test.java.org.zanata.webtrans.server.rpc.ExitWorkspaceHandlerTest.java,True,False
zanata/zanata-platform,36020e323ba74c26a98d714394e9e469e9a734e6,"server-3.6.2, server-3.7.0-alpha-2",zanata-war.src.test.java.org.zanata.webtrans.server.rpc.EventServiceConnectedHandlerTest.java,True,False
zanata/zanata-platform,36020e323ba74c26a98d714394e9e469e9a734e6,"server-3.6.2, server-3.7.0-alpha-2",zanata-war.src.test.java.org.zanata.webtrans.server.rpc.AddReviewCommentHandlerTest.java,True,False
zanata/zanata-platform,36020e323ba74c26a98d714394e9e469e9a734e6,"server-3.6.2, server-3.7.0-alpha-2",zanata-war.src.test.java.org.zanata.webtrans.server.rpc.ActivateWorkspaceHandlerTest.java,True,False
zanata/zanata-platform,36020e323ba74c26a98d714394e9e469e9a734e6,"server-3.6.2, server-3.7.0-alpha-2",zanata-war.src.test.java.org.zanata.webtrans.server.TranslationWorkspaceManagerImplTest.java,True,True
zanata/zanata-platform,36020e323ba74c26a98d714394e9e469e9a734e6,"server-3.6.2, server-3.7.0-alpha-2",zanata-war.src.test.java.org.zanata.webtrans.server.TranslationWorkspaceImplTest.java,True,False
zanata/zanata-platform,36020e323ba74c26a98d714394e9e469e9a734e6,"server-3.6.2, server-3.7.0-alpha-2",zanata-war.src.test.java.org.zanata.webtrans.client.util.DateUtilTest.java,True,False
zanata/zanata-platform,36020e323ba74c26a98d714394e9e469e9a734e6,"server-3.6.2, server-3.7.0-alpha-2",zanata-war.src.test.java.org.zanata.webtrans.client.service.ValidationServiceTest.java,True,False
zanata/zanata-platform,36020e323ba74c26a98d714394e9e469e9a734e6,"server-3.6.2, server-3.7.0-alpha-2",zanata-war.src.test.java.org.zanata.webtrans.client.service.UserSessionServiceTest.java,True,False
zanata/zanata-platform,36020e323ba74c26a98d714394e9e469e9a734e6,"server-3.6.2, server-3.7.0-alpha-2",zanata-war.src.test.java.org.zanata.webtrans.client.service.UserOptionsServiceTest.java,True,False
zanata/zanata-platform,36020e323ba74c26a98d714394e9e469e9a734e6,"server-3.6.2, server-3.7.0-alpha-2",zanata-war.src.test.java.org.zanata.webtrans.client.service.TranslatorInteractionServiceTest.java,True,False
zanata/zanata-platform,36020e323ba74c26a98d714394e9e469e9a734e6,"server-3.6.2, server-3.7.0-alpha-2",zanata-war.src.test.java.org.zanata.webtrans.client.service.TransUnitSaveServiceTest.java,True,False
zanata/zanata-platform,36020e323ba74c26a98d714394e9e469e9a734e6,"server-3.6.2, server-3.7.0-alpha-2",zanata-war.src.test.java.org.zanata.webtrans.client.service.SinglePageDataModelImplTest.java,True,False
zanata/zanata-platform,36020e323ba74c26a98d714394e9e469e9a734e6,"server-3.6.2, server-3.7.0-alpha-2",zanata-war.src.test.java.org.zanata.webtrans.client.service.SaveEventQueueTest.java,True,False
zanata/zanata-platform,36020e323ba74c26a98d714394e9e469e9a734e6,"server-3.6.2, server-3.7.0-alpha-2",zanata-war.src.test.java.org.zanata.webtrans.client.service.ModalNavigationStateHolderTest.java,True,False
zanata/zanata-platform,36020e323ba74c26a98d714394e9e469e9a734e6,"server-3.6.2, server-3.7.0-alpha-2",zanata-war.src.test.java.org.zanata.webtrans.client.service.HistoryEventHandlerServiceTest.java,True,False
zanata/zanata-platform,36020e323ba74c26a98d714394e9e469e9a734e6,"server-3.6.2, server-3.7.0-alpha-2",zanata-war.src.test.java.org.zanata.webtrans.client.service.GetTransUnitActionContextTest.java,True,False
zanata/zanata-platform,36020e323ba74c26a98d714394e9e469e9a734e6,"server-3.6.2, server-3.7.0-alpha-2",zanata-war.src.test.java.org.zanata.webtrans.client.service.DistinctColorListImplTest.java,True,False
zanata/zanata-platform,36020e323ba74c26a98d714394e9e469e9a734e6,"server-3.6.2, server-3.7.0-alpha-2",zanata-war.src.test.java.org.zanata.webtrans.client.presenter.WorkspaceUsersPresenterTest.java,True,False
zanata/zanata-platform,36020e323ba74c26a98d714394e9e469e9a734e6,"server-3.6.2, server-3.7.0-alpha-2",zanata-war.src.test.java.org.zanata.webtrans.client.presenter.ValidationOptionsPresenterTest.java,True,False
zanata/zanata-platform,36020e323ba74c26a98d714394e9e469e9a734e6,"server-3.6.2, server-3.7.0-alpha-2",zanata-war.src.test.java.org.zanata.webtrans.client.presenter.UserConfigHolderTest.java,True,False
zanata/zanata-platform,36020e323ba74c26a98d714394e9e469e9a734e6,"server-3.6.2, server-3.7.0-alpha-2",zanata-war.src.test.java.org.zanata.webtrans.client.presenter.TranslationPresenterTest.java,True,False
zanata/zanata-platform,36020e323ba74c26a98d714394e9e469e9a734e6,"server-3.6.2, server-3.7.0-alpha-2",zanata-war.src.test.java.org.zanata.webtrans.client.presenter.TranslationHistoryPresenterTest.java,True,False
zanata/zanata-platform,36020e323ba74c26a98d714394e9e469e9a734e6,"server-3.6.2, server-3.7.0-alpha-2",zanata-war.src.test.java.org.zanata.webtrans.client.presenter.TranslationEditorPresenterTest.java,True,False
zanata/zanata-platform,36020e323ba74c26a98d714394e9e469e9a734e6,"server-3.6.2, server-3.7.0-alpha-2",zanata-war.src.test.java.org.zanata.webtrans.client.presenter.TransUnitsTablePresenterTest.java,True,False
zanata/zanata-platform,36020e323ba74c26a98d714394e9e469e9a734e6,"server-3.6.2, server-3.7.0-alpha-2",zanata-war.src.test.java.org.zanata.webtrans.client.presenter.TransUnitReplaceInfoTest.java,True,False
zanata/zanata-platform,36020e323ba74c26a98d714394e9e469e9a734e6,"server-3.6.2, server-3.7.0-alpha-2",zanata-war.src.test.java.org.zanata.webtrans.client.presenter.TransUnitNavigationPresenterTest.java,True,False
zanata/zanata-platform,36020e323ba74c26a98d714394e9e469e9a734e6,"server-3.6.2, server-3.7.0-alpha-2",zanata-war.src.test.java.org.zanata.webtrans.client.presenter.TransMemoryPresenterTest.java,True,False
zanata/zanata-platform,36020e323ba74c26a98d714394e9e469e9a734e6,"server-3.6.2, server-3.7.0-alpha-2",zanata-war.src.test.java.org.zanata.webtrans.client.presenter.TransMemoryMergePresenterTest.java,True,False
zanata/zanata-platform,36020e323ba74c26a98d714394e9e469e9a734e6,"server-3.6.2, server-3.7.0-alpha-2",zanata-war.src.test.java.org.zanata.webtrans.client.presenter.TransMemoryDetailsPresenterTest.java,True,False
zanata/zanata-platform,36020e323ba74c26a98d714394e9e469e9a734e6,"server-3.6.2, server-3.7.0-alpha-2",zanata-war.src.test.java.org.zanata.webtrans.client.presenter.TransFilterPresenterTest.java,True,False
zanata/zanata-platform,36020e323ba74c26a98d714394e9e469e9a734e6,"server-3.6.2, server-3.7.0-alpha-2",zanata-war.src.test.java.org.zanata.webtrans.client.presenter.TargetContentsPresenterTest.java,True,True
zanata/zanata-platform,36020e323ba74c26a98d714394e9e469e9a734e6,"server-3.6.2, server-3.7.0-alpha-2",zanata-war.src.test.java.org.zanata.webtrans.client.presenter.SourceContentsPresenterTest.java,True,False
zanata/zanata-platform,36020e323ba74c26a98d714394e9e469e9a734e6,"server-3.6.2, server-3.7.0-alpha-2",zanata-war.src.test.java.org.zanata.webtrans.client.presenter.SideMenuPresenterTest.java,True,False
zanata/zanata-platform,36020e323ba74c26a98d714394e9e469e9a734e6,"server-3.6.2, server-3.7.0-alpha-2",zanata-war.src.test.java.org.zanata.webtrans.client.presenter.SearchResultsPresenterTest.java,True,True
zanata/zanata-platform,36020e323ba74c26a98d714394e9e469e9a734e6,"server-3.6.2, server-3.7.0-alpha-2",zanata-war.src.test.java.org.zanata.webtrans.client.presenter.PathDocumentFilterTest.java,True,False
zanata/zanata-platform,36020e323ba74c26a98d714394e9e469e9a734e6,"server-3.6.2, server-3.7.0-alpha-2",zanata-war.src.test.java.org.zanata.webtrans.client.presenter.OptionsPresenterTest.java,True,False
zanata/zanata-platform,36020e323ba74c26a98d714394e9e469e9a734e6,"server-3.6.2, server-3.7.0-alpha-2",zanata-war.src.test.java.org.zanata.webtrans.client.presenter.NotificationPresenterTest.java,True,True
zanata/zanata-platform,36020e323ba74c26a98d714394e9e469e9a734e6,"server-3.6.2, server-3.7.0-alpha-2",zanata-war.src.test.java.org.zanata.webtrans.client.presenter.KeyShortcutPresenterTest.java,True,False
zanata/zanata-platform,36020e323ba74c26a98d714394e9e469e9a734e6,"server-3.6.2, server-3.7.0-alpha-2",zanata-war.src.test.java.org.zanata.webtrans.client.presenter.GlossaryPresenterTest.java,True,False
zanata/zanata-platform,36020e323ba74c26a98d714394e9e469e9a734e6,"server-3.6.2, server-3.7.0-alpha-2",zanata-war.src.test.java.org.zanata.webtrans.client.presenter.GlossaryDetailsPresenterTest.java,True,False
zanata/zanata-platform,36020e323ba74c26a98d714394e9e469e9a734e6,"server-3.6.2, server-3.7.0-alpha-2",zanata-war.src.test.java.org.zanata.webtrans.client.presenter.ForceReviewCommentPresenterTest.java,True,False
zanata/zanata-platform,36020e323ba74c26a98d714394e9e469e9a734e6,"server-3.6.2, server-3.7.0-alpha-2",zanata-war.src.test.java.org.zanata.webtrans.client.presenter.EditorTranslatorsTest.java,True,False
zanata/zanata-platform,36020e323ba74c26a98d714394e9e469e9a734e6,"server-3.6.2, server-3.7.0-alpha-2",zanata-war.src.test.java.org.zanata.webtrans.client.presenter.EditorOptionsPresenterTest.java,True,True
zanata/zanata-platform,36020e323ba74c26a98d714394e9e469e9a734e6,"server-3.6.2, server-3.7.0-alpha-2",zanata-war.src.test.java.org.zanata.webtrans.client.presenter.EditorKeyShortcutsTest.java,True,False
zanata/zanata-platform,36020e323ba74c26a98d714394e9e469e9a734e6,"server-3.6.2, server-3.7.0-alpha-2",zanata-war.src.test.java.org.zanata.webtrans.client.presenter.DocumentListPresenterTest.java,True,True
zanata/zanata-platform,36020e323ba74c26a98d714394e9e469e9a734e6,"server-3.6.2, server-3.7.0-alpha-2",zanata-war.src.test.java.org.zanata.webtrans.client.presenter.DocumentListOptionsPresenterTest.java,True,False
zanata/zanata-platform,36020e323ba74c26a98d714394e9e469e9a734e6,"server-3.6.2, server-3.7.0-alpha-2",zanata-war.src.test.java.org.zanata.webtrans.client.presenter.ComparingPairTest.java,True,False
zanata/zanata-platform,36020e323ba74c26a98d714394e9e469e9a734e6,"server-3.6.2, server-3.7.0-alpha-2",zanata-war.src.test.java.org.zanata.webtrans.client.presenter.ChangeReferenceLangPresenterTest.java,True,False
zanata/zanata-platform,36020e323ba74c26a98d714394e9e469e9a734e6,"server-3.6.2, server-3.7.0-alpha-2",zanata-war.src.test.java.org.zanata.webtrans.client.presenter.AppPresenterTest.java,True,False
zanata/zanata-platform,36020e323ba74c26a98d714394e9e469e9a734e6,"server-3.6.2, server-3.7.0-alpha-2",zanata-war.src.test.java.org.zanata.webtrans.client.EventProcessorTest.java,True,False
zanata/zanata-platform,36020e323ba74c26a98d714394e9e469e9a734e6,"server-3.6.2, server-3.7.0-alpha-2",zanata-war.src.test.java.org.zanata.util.QueryBuilderTest.java,True,False
zanata/zanata-platform,36020e323ba74c26a98d714394e9e469e9a734e6,"server-3.6.2, server-3.7.0-alpha-2",zanata-war.src.test.java.org.zanata.util.HttpUtilTest.java,True,False
zanata/zanata-platform,36020e323ba74c26a98d714394e9e469e9a734e6,"server-3.6.2, server-3.7.0-alpha-2",zanata-war.src.test.java.org.zanata.util.FileUtilTest.java,True,False
zanata/zanata-platform,36020e323ba74c26a98d714394e9e469e9a734e6,"server-3.6.2, server-3.7.0-alpha-2",zanata-war.src.test.java.org.zanata.util.EssentialDataCreatorTest.java,True,True
zanata/zanata-platform,36020e323ba74c26a98d714394e9e469e9a734e6,"server-3.6.2, server-3.7.0-alpha-2",zanata-war.src.test.java.org.zanata.util.ComparatorUtilTest.java,True,False
zanata/zanata-platform,36020e323ba74c26a98d714394e9e469e9a734e6,"server-3.6.2, server-3.7.0-alpha-2",zanata-war.src.test.java.org.zanata.util.Base64UrlSafeTest.java,True,False
zanata/zanata-platform,36020e323ba74c26a98d714394e9e469e9a734e6,"server-3.6.2, server-3.7.0-alpha-2",zanata-war.src.test.java.org.zanata.ui.InMemoryListFilterTest.java,True,False
zanata/zanata-platform,36020e323ba74c26a98d714394e9e469e9a734e6,"server-3.6.2, server-3.7.0-alpha-2",zanata-war.src.test.java.org.zanata.ui.FilterUtilTest.java,True,False
zanata/zanata-platform,36020e323ba74c26a98d714394e9e469e9a734e6,"server-3.6.2, server-3.7.0-alpha-2",zanata-war.src.test.java.org.zanata.ui.ActivityEntryTest.java,True,True
zanata/zanata-platform,36020e323ba74c26a98d714394e9e469e9a734e6,"server-3.6.2, server-3.7.0-alpha-2",zanata-war.src.test.java.org.zanata.tmx.TMXParserTest.java,True,True
zanata/zanata-platform,36020e323ba74c26a98d714394e9e469e9a734e6,"server-3.6.2, server-3.7.0-alpha-2",zanata-war.src.test.java.org.zanata.service.impl.VersionStateCacheImplTest.java,True,False
zanata/zanata-platform,36020e323ba74c26a98d714394e9e469e9a734e6,"server-3.6.2, server-3.7.0-alpha-2",zanata-war.src.test.java.org.zanata.service.impl.VersionGroupServiceImplTest.java,True,False
zanata/zanata-platform,36020e323ba74c26a98d714394e9e469e9a734e6,"server-3.6.2, server-3.7.0-alpha-2",zanata-war.src.test.java.org.zanata.service.impl.UserAccountServiceImplTest.java,True,False
zanata/zanata-platform,36020e323ba74c26a98d714394e9e469e9a734e6,"server-3.6.2, server-3.7.0-alpha-2",zanata-war.src.test.java.org.zanata.service.impl.TranslationUpdatedManagerTest.java,True,False
zanata/zanata-platform,36020e323ba74c26a98d714394e9e469e9a734e6,"server-3.6.2, server-3.7.0-alpha-2",zanata-war.src.test.java.org.zanata.service.impl.TranslationStateCacheImplTest.java,True,False
zanata/zanata-platform,36020e323ba74c26a98d714394e9e469e9a734e6,"server-3.6.2, server-3.7.0-alpha-2",zanata-war.src.test.java.org.zanata.service.impl.TranslationServiceImplTest.java,True,False
zanata/zanata-platform,36020e323ba74c26a98d714394e9e469e9a734e6,"server-3.6.2, server-3.7.0-alpha-2",zanata-war.src.test.java.org.zanata.service.impl.TranslationMergeServiceFactoryTest.java,True,False
zanata/zanata-platform,36020e323ba74c26a98d714394e9e469e9a734e6,"server-3.6.2, server-3.7.0-alpha-2",zanata-war.src.test.java.org.zanata.service.impl.TranslationFileServiceImplTest.java,True,True
zanata/zanata-platform,36020e323ba74c26a98d714394e9e469e9a734e6,"server-3.6.2, server-3.7.0-alpha-2",zanata-war.src.test.java.org.zanata.service.impl.TransMemoryMergeServiceImplTest.java,True,False
zanata/zanata-platform,36020e323ba74c26a98d714394e9e469e9a734e6,"server-3.6.2, server-3.7.0-alpha-2",zanata-war.src.test.java.org.zanata.service.impl.TextFlowSearchServiceImplTest.java,True,False
zanata/zanata-platform,36020e323ba74c26a98d714394e9e469e9a734e6,"server-3.6.2, server-3.7.0-alpha-2",zanata-war.src.test.java.org.zanata.service.impl.MergeTranslationsServiceImplTest.java,True,True
zanata/zanata-platform,36020e323ba74c26a98d714394e9e469e9a734e6,"server-3.6.2, server-3.7.0-alpha-2",zanata-war.src.test.java.org.zanata.service.impl.LockManagerServiceImplTest.java,True,False
zanata/zanata-platform,36020e323ba74c26a98d714394e9e469e9a734e6,"server-3.6.2, server-3.7.0-alpha-2",zanata-war.src.test.java.org.zanata.service.impl.LocaleServiceImplTest.java,True,False
zanata/zanata-platform,36020e323ba74c26a98d714394e9e469e9a734e6,"server-3.6.2, server-3.7.0-alpha-2",zanata-war.src.test.java.org.zanata.service.impl.DocumentServiceImplTest.java,True,False
zanata/zanata-platform,36020e323ba74c26a98d714394e9e469e9a734e6,"server-3.6.2, server-3.7.0-alpha-2",zanata-war.src.test.java.org.zanata.service.impl.CopyVersionServiceImplTest.java,True,True
zanata/zanata-platform,36020e323ba74c26a98d714394e9e469e9a734e6,"server-3.6.2, server-3.7.0-alpha-2",zanata-war.src.test.java.org.zanata.service.impl.ActivityServiceImplTest.java,True,False
zanata/zanata-platform,36020e323ba74c26a98d714394e9e469e9a734e6,"server-3.6.2, server-3.7.0-alpha-2",zanata-war.src.test.java.org.zanata.security.permission.PermissionEvaluatorTest.java,True,True
zanata/zanata-platform,36020e323ba74c26a98d714394e9e469e9a734e6,"server-3.6.2, server-3.7.0-alpha-2",zanata-war.src.test.java.org.zanata.search.LevenshteinUtilTest.java,True,False
zanata/zanata-platform,36020e323ba74c26a98d714394e9e469e9a734e6,"server-3.6.2, server-3.7.0-alpha-2",zanata-war.src.test.java.org.zanata.search.LevenshteinTokenUtilTest.java,True,True
zanata/zanata-platform,36020e323ba74c26a98d714394e9e469e9a734e6,"server-3.6.2, server-3.7.0-alpha-2",zanata-war.src.test.java.org.zanata.search.FilterConstraintToQueryTest.java,True,False
zanata/zanata-platform,36020e323ba74c26a98d714394e9e469e9a734e6,"server-3.6.2, server-3.7.0-alpha-2",zanata-war.src.test.java.org.zanata.search.ContentCriterionTest.java,True,False
zanata/zanata-platform,36020e323ba74c26a98d714394e9e469e9a734e6,"server-3.6.2, server-3.7.0-alpha-2",zanata-war.src.test.java.org.zanata.rest.service.VirusScannerTest.java,True,True
zanata/zanata-platform,36020e323ba74c26a98d714394e9e469e9a734e6,"server-3.6.2, server-3.7.0-alpha-2",zanata-war.src.test.java.org.zanata.rest.service.TranslatorCreditTest.java,True,False
zanata/zanata-platform,36020e323ba74c26a98d714394e9e469e9a734e6,"server-3.6.2, server-3.7.0-alpha-2",zanata-war.src.test.java.org.zanata.rest.service.StatisticsServiceImplTest.java,True,True
zanata/zanata-platform,36020e323ba74c26a98d714394e9e469e9a734e6,"server-3.6.2, server-3.7.0-alpha-2",zanata-war.src.test.java.org.zanata.rest.service.PoUtilityTest.java,True,False
zanata/zanata-platform,36020e323ba74c26a98d714394e9e469e9a734e6,"server-3.6.2, server-3.7.0-alpha-2",zanata-war.src.test.java.org.zanata.rest.service.FileServiceTest.java,True,False
zanata/zanata-platform,36020e323ba74c26a98d714394e9e469e9a734e6,"server-3.6.2, server-3.7.0-alpha-2",zanata-war.src.test.java.org.zanata.rest.editor.service.UserServiceTest.java,True,True
zanata/zanata-platform,36020e323ba74c26a98d714394e9e469e9a734e6,"server-3.6.2, server-3.7.0-alpha-2",zanata-war.src.test.java.org.zanata.rest.editor.service.TextFlowServiceTest.java,True,True
zanata/zanata-platform,36020e323ba74c26a98d714394e9e469e9a734e6,"server-3.6.2, server-3.7.0-alpha-2",zanata-war.src.test.java.org.zanata.rest.editor.service.StatisticsServiceTest.java,True,True
zanata/zanata-platform,36020e323ba74c26a98d714394e9e469e9a734e6,"server-3.6.2, server-3.7.0-alpha-2",zanata-war.src.test.java.org.zanata.rest.editor.service.ProjectVersionServiceTest.java,True,True
zanata/zanata-platform,36020e323ba74c26a98d714394e9e469e9a734e6,"server-3.6.2, server-3.7.0-alpha-2",zanata-war.src.test.java.org.zanata.rest.editor.service.ProjectServiceTest.java,True,True
zanata/zanata-platform,36020e323ba74c26a98d714394e9e469e9a734e6,"server-3.6.2, server-3.7.0-alpha-2",zanata-war.src.test.java.org.zanata.rest.editor.service.LocalesServiceTest.java,True,False
zanata/zanata-platform,36020e323ba74c26a98d714394e9e469e9a734e6,"server-3.6.2, server-3.7.0-alpha-2",zanata-war.src.test.java.org.zanata.rest.editor.dto.TransUnitTest.java,True,False
zanata/zanata-platform,36020e323ba74c26a98d714394e9e469e9a734e6,"server-3.6.2, server-3.7.0-alpha-2",zanata-war.src.test.java.org.zanata.rest.RestLimitingSynchronousDispatcherTest.java,True,False
zanata/zanata-platform,36020e323ba74c26a98d714394e9e469e9a734e6,"server-3.6.2, server-3.7.0-alpha-2",zanata-war.src.test.java.org.zanata.notification.NotificationManagerTest.java,True,False
zanata/zanata-platform,36020e323ba74c26a98d714394e9e469e9a734e6,"server-3.6.2, server-3.7.0-alpha-2",zanata-war.src.test.java.org.zanata.notification.MessageUnwrapperTest.java,True,True
zanata/zanata-platform,36020e323ba74c26a98d714394e9e469e9a734e6,"server-3.6.2, server-3.7.0-alpha-2",zanata-war.src.test.java.org.zanata.notification.LanguageTeamPermissionChangeJmsMessagePayloadHandlerTest.java,True,True
zanata/zanata-platform,36020e323ba74c26a98d714394e9e469e9a734e6,"server-3.6.2, server-3.7.0-alpha-2",zanata-war.src.test.java.org.zanata.notification.EmailQueueMessageReceiverTest.java,True,True
zanata/zanata-platform,36020e323ba74c26a98d714394e9e469e9a734e6,"server-3.6.2, server-3.7.0-alpha-2",zanata-war.src.test.java.org.zanata.notification.DeadLetterQueueReceiverTest.java,True,False
zanata/zanata-platform,36020e323ba74c26a98d714394e9e469e9a734e6,"server-3.6.2, server-3.7.0-alpha-2",zanata-war.src.test.java.org.zanata.limits.RestCallLimiterTest.java,True,True
zanata/zanata-platform,36020e323ba74c26a98d714394e9e469e9a734e6,"server-3.6.2, server-3.7.0-alpha-2",zanata-war.src.test.java.org.zanata.limits.RateLimitingProcessorTest.java,True,False
zanata/zanata-platform,36020e323ba74c26a98d714394e9e469e9a734e6,"server-3.6.2, server-3.7.0-alpha-2",zanata-war.src.test.java.org.zanata.limits.LeakyBucketTest.java,True,False
zanata/zanata-platform,36020e323ba74c26a98d714394e9e469e9a734e6,"server-3.6.2, server-3.7.0-alpha-2",zanata-war.src.test.java.org.zanata.file.TranslationDocumentUploadTest.java,True,False
zanata/zanata-platform,36020e323ba74c26a98d714394e9e469e9a734e6,"server-3.6.2, server-3.7.0-alpha-2",zanata-war.src.test.java.org.zanata.file.SourceDocumentUploadTest.java,True,False
zanata/zanata-platform,36020e323ba74c26a98d714394e9e469e9a734e6,"server-3.6.2, server-3.7.0-alpha-2",zanata-war.src.test.java.org.zanata.file.GlobalDocumentIdTest.java,True,False
zanata/zanata-platform,36020e323ba74c26a98d714394e9e469e9a734e6,"server-3.6.2, server-3.7.0-alpha-2",zanata-war.src.test.java.org.zanata.file.DocumentUploadUtilTest.java,True,True
zanata/zanata-platform,36020e323ba74c26a98d714394e9e469e9a734e6,"server-3.6.2, server-3.7.0-alpha-2",zanata-war.src.test.java.org.zanata.eventservice.SequentialConnectionIdGeneratorTest.java,True,False
zanata/zanata-platform,36020e323ba74c26a98d714394e9e469e9a734e6,"server-3.6.2, server-3.7.0-alpha-2",zanata-war.src.test.java.org.zanata.email.EmailStrategyTest.java,True,False
zanata/zanata-platform,36020e323ba74c26a98d714394e9e469e9a734e6,"server-3.6.2, server-3.7.0-alpha-2",zanata-war.src.test.java.org.zanata.dao.TransMemoryStreamingDAOTest.java,True,False
zanata/zanata-platform,36020e323ba74c26a98d714394e9e469e9a734e6,"server-3.6.2, server-3.7.0-alpha-2",zanata-war.src.test.java.org.zanata.dao.TextFlowTargetHistoryDAOTest.java,True,False
zanata/zanata-platform,36020e323ba74c26a98d714394e9e469e9a734e6,"server-3.6.2, server-3.7.0-alpha-2",zanata-war.src.test.java.org.zanata.dao.TextFlowStreamingDAOTest.java,True,False
zanata/zanata-platform,36020e323ba74c26a98d714394e9e469e9a734e6,"server-3.6.2, server-3.7.0-alpha-2",zanata-war.src.test.java.org.zanata.dao.TextFlowDAOTest.java,True,True
zanata/zanata-platform,36020e323ba74c26a98d714394e9e469e9a734e6,"server-3.6.2, server-3.7.0-alpha-2",zanata-war.src.test.java.org.zanata.dao.ProjectDAOTest.java,True,False
zanata/zanata-platform,36020e323ba74c26a98d714394e9e469e9a734e6,"server-3.6.2, server-3.7.0-alpha-2",zanata-war.src.test.java.org.zanata.dao.LocaleDAOTest.java,True,False
zanata/zanata-platform,36020e323ba74c26a98d714394e9e469e9a734e6,"server-3.6.2, server-3.7.0-alpha-2",zanata-war.src.test.java.org.zanata.dao.GlossaryDAOTest.java,True,False
zanata/zanata-platform,36020e323ba74c26a98d714394e9e469e9a734e6,"server-3.6.2, server-3.7.0-alpha-2",zanata-war.src.test.java.org.zanata.dao.DocumentDAOTest.java,True,True
zanata/zanata-platform,36020e323ba74c26a98d714394e9e469e9a734e6,"server-3.6.2, server-3.7.0-alpha-2",zanata-war.src.test.java.org.zanata.config.DatabaseBackedConfigTest.java,True,False
zanata/zanata-platform,36020e323ba74c26a98d714394e9e469e9a734e6,"server-3.6.2, server-3.7.0-alpha-2",zanata-war.src.test.java.org.zanata.config.AsyncConfigTest.java,True,False
zanata/zanata-platform,36020e323ba74c26a98d714394e9e469e9a734e6,"server-3.6.2, server-3.7.0-alpha-2",zanata-war.src.test.java.org.zanata.async.AsyncTaskHandleTest.java,True,False
zanata/zanata-platform,36020e323ba74c26a98d714394e9e469e9a734e6,"server-3.6.2, server-3.7.0-alpha-2",zanata-war.src.test.java.org.zanata.action.validator.EmailListValidatorTest.java,True,True
zanata/zanata-platform,36020e323ba74c26a98d714394e9e469e9a734e6,"server-3.6.2, server-3.7.0-alpha-2",zanata-war.src.test.java.org.zanata.action.validator.DuplicateEmailValidatorTest.java,True,False
zanata/zanata-platform,bd3c6880b79da087c0768d2e4d46192af1c5ce8c,"server-3.7.3, server-3.8.0-rc-1",zanata-war.src.test.java.org.zanata.service.impl.GlossaryFileServiceImplTest.java,False,True
zanata/zanata-platform,bd3c6880b79da087c0768d2e4d46192af1c5ce8c,"server-3.7.3, server-3.8.0-rc-1",zanata-war.src.test.java.org.zanata.webtrans.server.rpc.UpdateGlossaryTermHandlerTest.java,True,True
zanata/zanata-platform,bd3c6880b79da087c0768d2e4d46192af1c5ce8c,"server-3.7.3, server-3.8.0-rc-1",zanata-war.src.test.java.org.zanata.webtrans.client.presenter.GlossaryDetailsPresenterTest.java,False,False
zanata/zanata-platform,557ee109d8d7243efdf482594dd08fdfa794e495,"server-3.8.4, server-3.9.0",zanata-war.src.test.java.org.zanata.notification.EmailQueueMessageReceiverTest.java,True,False
zanata/zanata-platform,4544c428bd08c76e3081acda95434bfd9d47d587,"server-3.9.0, server-3.9.1",zanata-war.src.test.java.org.zanata.service.impl.TranslationUpdatedManagerTest.java,True,False
zanata/zanata-platform,4544c428bd08c76e3081acda95434bfd9d47d587,"server-3.9.0, server-3.9.1",zanata-war.src.test.java.org.zanata.service.impl.DocumentServiceImplTest.java,False,True
zanata/zanata-platform,4544c428bd08c76e3081acda95434bfd9d47d587,"server-3.9.0, server-3.9.1",zanata-war.src.test.java.org.zanata.service.impl.ActivityServiceImplTest.java,False,False
zanata/zanata-platform,8ab0b6314c724068cad22c7b4449858d5ef3e6d7,"zanata-1.3-alpha-2, zanata-1.3-alpha-3",client.zanata-client-commands.src.test.java.org.zanata.client.config.ZanataConfigTest.java,False,False
zanata/zanata-platform,538657b6e0b9a50b6aa936a77644f153c90c499a,"zanata-1.5.0-alpha-1, zanata-1.5.0-alpha-2",server.zanata-war.src.test.java.org.zanata.dao.TextFlowDAOTest.java,True,False
zanata/zanata-platform,6bb90fb11b7eaf08fddc3146ce1d349a53985701,"zanata-1.5.0-alpha-2, zanata-1.5.0",server.zanata-war.src.test.java.org.zanata.webtrans.client.presenter.AppPresenterTest.java,True,False
zanata/zanata-platform,3f26349940c76c2f50eb9cdb7645ab511e4e9fb6,"zanata-1.5.0, zanata-1.6.0-alpha-1",server.zanata-war.src.test.java.org.zanata.dao.TextFlowTargetDAOTest.java,True,False
zanata/zanata-platform,3f26349940c76c2f50eb9cdb7645ab511e4e9fb6,"zanata-1.5.0, zanata-1.6.0-alpha-1",server.zanata-war.src.test.java.org.zanata.webtrans.client.presenter.AppPresenterTest.java,True,True
zanata/zanata-platform,3f26349940c76c2f50eb9cdb7645ab511e4e9fb6,"zanata-1.5.0, zanata-1.6.0-alpha-1",server.zanata-war.src.test.java.org.zanata.webtrans.server.rpc.ReplaceTextHandlerTest.java,True,False
zanata/zanata-platform,3f26349940c76c2f50eb9cdb7645ab511e4e9fb6,"zanata-1.5.0, zanata-1.6.0-alpha-1",server.zanata-war.src.test.java.org.zanata.webtrans.client.editor.table.TargetContentsPresenterTest.java,True,True
zanata/zanata-platform,3f26349940c76c2f50eb9cdb7645ab511e4e9fb6,"zanata-1.5.0, zanata-1.6.0-alpha-1",server.zanata-war.src.test.java.org.zanata.webtrans.client.presenter.TransMemoryPresenterTest.java,True,False
zanata/zanata-platform,3f26349940c76c2f50eb9cdb7645ab511e4e9fb6,"zanata-1.5.0, zanata-1.6.0-alpha-1",server.zanata-war.src.test.java.org.zanata.webtrans.client.presenter.UserConfigHolderTest.java,True,False
zanata/zanata-platform,3f26349940c76c2f50eb9cdb7645ab511e4e9fb6,"zanata-1.5.0, zanata-1.6.0-alpha-1",server.zanata-war.src.test.java.org.zanata.search.LevenshteinUtilTest.java,True,False
zanata/zanata-platform,3f26349940c76c2f50eb9cdb7645ab511e4e9fb6,"zanata-1.5.0, zanata-1.6.0-alpha-1",server.zanata-war.src.test.java.org.zanata.webtrans.client.presenter.OptionsPanelPresenterTest.java,False,True
zanata/zanata-platform,3f26349940c76c2f50eb9cdb7645ab511e4e9fb6,"zanata-1.5.0, zanata-1.6.0-alpha-1",server.zanata-war.src.test.java.org.zanata.webtrans.client.presenter.TranslationPresenterTest.java,False,False
zanata/zanata-platform,3f26349940c76c2f50eb9cdb7645ab511e4e9fb6,"zanata-1.5.0, zanata-1.6.0-alpha-1",server.zanata-war.src.test.java.org.zanata.webtrans.client.presenter.DocumentListPresenterTest.java,True,False
