App,SHA,Tag,TestFilePath,isMergeAttribute,prediction
Adobe-Consulting-Services/acs-aem-commons,5eb391b4a820577e3e83a90879f0fb440946f9e2,"acs-aem-commons-1.1.0, acs-aem-commons-1.2.0",bundle.src.test.java.com.adobe.acs.commons.replication.dispatcher.impl.DispatcherFlushRulesImplTest.java,False,False
Adobe-Consulting-Services/acs-aem-commons,7bfc330757e5da12f14149e69e874501d96bd677,"acs-aem-commons-1.4.2, acs-aem-commons-1.5.0",bundle.src.test.java.com.adobe.acs.commons.images.impl.NamedTransformImageServletTest.java,False,False
Adobe-Consulting-Services/acs-aem-commons,7bfc330757e5da12f14149e69e874501d96bd677,"acs-aem-commons-1.4.2, acs-aem-commons-1.5.0",bundle.src.test.java.com.adobe.acs.commons.wcm.impl.ComponentErrorHandlerImplTest.java,False,False
Adobe-Consulting-Services/acs-aem-commons,4a2e8d0037620979ba76acca6c534c6d74ef653c,"acs-aem-commons-1.6.2, acs-aem-commons-1.7.0",bundle.src.test.java.com.adobe.acs.commons.images.transformers.impl.RotateImageTransformerImplTest.java,False,False
Adobe-Consulting-Services/acs-aem-commons,4a2e8d0037620979ba76acca6c534c6d74ef653c,"acs-aem-commons-1.6.2, acs-aem-commons-1.7.0",bundle.src.test.java.com.adobe.acs.commons.images.transformers.impl.ResizeImageTransformerImplTest.java,False,True
Adobe-Consulting-Services/acs-aem-commons,4a2e8d0037620979ba76acca6c534c6d74ef653c,"acs-aem-commons-1.6.2, acs-aem-commons-1.7.0",bundle.src.test.java.com.adobe.acs.commons.images.transformers.impl.GreyscaleImageTransformerImplTest.java,False,False
Adobe-Consulting-Services/acs-aem-commons,4a2e8d0037620979ba76acca6c534c6d74ef653c,"acs-aem-commons-1.6.2, acs-aem-commons-1.7.0",bundle.src.test.java.com.adobe.acs.commons.images.transformers.impl.CropImageTransformerImplTest.java,False,True
Adobe-Consulting-Services/acs-aem-commons,4a2e8d0037620979ba76acca6c534c6d74ef653c,"acs-aem-commons-1.6.2, acs-aem-commons-1.7.0",bundle.src.test.java.com.adobe.acs.commons.images.transformers.impl.AdjustImageTransformerImplTest.java,False,False
Adobe-Consulting-Services/acs-aem-commons,4a2e8d0037620979ba76acca6c534c6d74ef653c,"acs-aem-commons-1.6.2, acs-aem-commons-1.7.0",bundle.src.test.java.com.adobe.acs.commons.images.imagetransformers.impl.AdjustImageTransformerImplTest.java,False,True
Adobe-Consulting-Services/acs-aem-commons,4a2e8d0037620979ba76acca6c534c6d74ef653c,"acs-aem-commons-1.6.2, acs-aem-commons-1.7.0",bundle.src.test.java.com.adobe.acs.commons.util.TypeUtilTest.java,False,False
Adobe-Consulting-Services/acs-aem-commons,4a2e8d0037620979ba76acca6c534c6d74ef653c,"acs-aem-commons-1.6.2, acs-aem-commons-1.7.0",bundle.src.test.java.com.adobe.acs.commons.util.OsgiPropertyUtilTest.java,False,False
Adobe-Consulting-Services/acs-aem-commons,4a2e8d0037620979ba76acca6c534c6d74ef653c,"acs-aem-commons-1.6.2, acs-aem-commons-1.7.0",bundle.src.test.java.com.adobe.acs.commons.util.CookieUtilTest.java,False,False
Adobe-Consulting-Services/acs-aem-commons,4a2e8d0037620979ba76acca6c534c6d74ef653c,"acs-aem-commons-1.6.2, acs-aem-commons-1.7.0",bundle.src.test.java.com.adobe.acs.commons.replication.impl.ReplicateVersionImplTest.java,False,False
Adobe-Consulting-Services/acs-aem-commons,4a2e8d0037620979ba76acca6c534c6d74ef653c,"acs-aem-commons-1.6.2, acs-aem-commons-1.7.0",bundle.src.test.java.com.adobe.acs.commons.replication.dispatcher.impl.DispatcherFlusherImplTest.java,False,False
Adobe-Consulting-Services/acs-aem-commons,4a2e8d0037620979ba76acca6c534c6d74ef653c,"acs-aem-commons-1.6.2, acs-aem-commons-1.7.0",bundle.src.test.java.com.adobe.acs.commons.packaging.impl.ACLPackagerServletImplTest.java,False,False
Adobe-Consulting-Services/acs-aem-commons,d8a41428b281df06d9eabb7d157cf2ca49a75ae1,"acs-aem-commons-1.7.4, acs-aem-commons-1.8.0",bundle.src.test.java.com.adobe.acs.commons.packaging.impl.ACLPackagerServletImplTest.java,False,False
Adobe-Consulting-Services/acs-aem-commons,d8a41428b281df06d9eabb7d157cf2ca49a75ae1,"acs-aem-commons-1.7.4, acs-aem-commons-1.8.0",bundle.src.test.java.com.adobe.acs.commons.email.EmailServiceImplTest.java,False,True
Adobe-Consulting-Services/acs-aem-commons,4fba2d4d9185e41902f06bec9bb123ff5d2c416c,"acs-aem-commons-1.8.0, acs-aem-commons-1.9.0",bundle.src.test.java.com.adobe.acs.commons.images.impl.NamedTransformImageServletTest.java,False,False
Adobe-Consulting-Services/acs-aem-commons,4fba2d4d9185e41902f06bec9bb123ff5d2c416c,"acs-aem-commons-1.8.0, acs-aem-commons-1.9.0",bundle.src.test.java.com.adobe.acs.commons.replication.dispatcher.impl.DispatcherFlushRulesImplTest.java,False,False
Adobe-Consulting-Services/acs-aem-commons,4fba2d4d9185e41902f06bec9bb123ff5d2c416c,"acs-aem-commons-1.8.0, acs-aem-commons-1.9.0",bundle.src.test.java.com.adobe.acs.commons.workflow.synthetic.impl.SyntheticWorkflowRunnerImplTest.java,False,False
Adobe-Consulting-Services/acs-aem-commons,95c421a4839622ffbe1ea246824ac713d93c08d9,"acs-aem-commons-1.9.4, acs-aem-commons-1.9.6",bundle.src.test.java.com.adobe.acs.commons.packaging.impl.ACLPackagerServletImplTest.java,False,False
Adobe-Consulting-Services/acs-aem-commons,af36e0274bce721763c2b8edfa9adf9cc1e0ba90,"acs-aem-commons-1.9.6, acs-aem-commons-1.10.0",bundle.src.test.java.com.adobe.acs.commons.util.InfoWriterTest.java,False,False
Adobe-Consulting-Services/acs-aem-commons,af36e0274bce721763c2b8edfa9adf9cc1e0ba90,"acs-aem-commons-1.9.6, acs-aem-commons-1.10.0",bundle.src.test.java.com.adobe.acs.commons.genericlists.impl.GenericListAdapterFactoryTest.java,False,False
Adobe-Consulting-Services/acs-aem-commons,f3827f226295642fc33dc982d7d9421bfde92da8,"acs-aem-commons-2.0.0, acs-aem-commons-2.0.2",bundle.src.test.java.com.adobe.acs.commons.xss.XSSFunctionsTest.java,False,False
Adobe-Consulting-Services/acs-aem-commons,f959364e566318fb953a37c0a1b3cbd1122323f7,"acs-aem-commons-2.0.8, acs-aem-commons-2.1.0",bundle.src.test.java.com.adobe.acs.commons.images.transformers.impl.LetterPillarBoxImageTransformerImplTest.java,False,False
Adobe-Consulting-Services/acs-aem-commons,f959364e566318fb953a37c0a1b3cbd1122323f7,"acs-aem-commons-2.0.8, acs-aem-commons-2.1.0",bundle.src.test.java.com.adobe.acs.commons.rewriter.impl.StaticReferenceRewriteTransformerFactoryTest.java,False,False
Adobe-Consulting-Services/acs-aem-commons,f959364e566318fb953a37c0a1b3cbd1122323f7,"acs-aem-commons-2.0.8, acs-aem-commons-2.1.0",bundle.src.test.java.com.adobe.acs.commons.images.transformers.impl.ScaleImageTransformerImplTest.java,False,False
Adobe-Consulting-Services/acs-aem-commons,c37206350768eb1463756a22e92cb6bd134d1d95,"acs-aem-commons-2.2.4, acs-aem-commons-2.3.0",bundle.src.test.java.com.adobe.acs.commons.oak.impl.EnsureOakIndexJobHandlerTest.java,False,False
Adobe-Consulting-Services/acs-aem-commons,c37206350768eb1463756a22e92cb6bd134d1d95,"acs-aem-commons-2.2.4, acs-aem-commons-2.3.0",bundle.src.test.java.com.adobe.acs.commons.rewriter.impl.VersionedClientlibsTransformerFactoryTest.java,False,False
Adobe-Consulting-Services/acs-aem-commons,c4918e31ec19aa305215abce435788650e3c8e70,"acs-aem-commons-2.6.2, acs-aem-commons-2.6.4",bundle.src.test.java.com.adobe.acs.commons.oak.impl.EnsureOakIndexJobHandlerTest.java,False,False
Adobe-Consulting-Services/acs-aem-commons,99839a035004b72fac839c6e4a71f38dc0c59101,"acs-aem-commons-2.8.0, acs-aem-commons-2.8.2",bundle.src.test.java.com.adobe.acs.commons.replication.status.impl.JcrPackageReplicationStatusEventHandlerTest.java,False,False
Adobe-Consulting-Services/acs-aem-commons,74d7c25c3ef689834d0b33948c59361fce5bed9b,"acs-aem-commons-2.8.2, acs-aem-commons-2.9.0",bundle.src.test.java.com.adobe.acs.commons.widgets.MultiFieldPanelWCMUseTest.java,False,False
Adobe-Consulting-Services/acs-aem-commons,83ccbc2a181d80a9bcbddfebb6929e9b1545a626,"acs-aem-commons-2.11.0, acs-aem-commons-2.11.2",bundle.src.test.java.com.adobe.acs.commons.errorpagehandler.impl.ErrorPageHandlerImplTest.java,False,False
Adobe-Consulting-Services/acs-aem-commons,770d02ebf566ac898d43124d2e1817f9e2f64ec0,"acs-aem-commons-2.11.2, acs-aem-commons-2.12.0",bundle.src.test.java.com.adobe.acs.commons.replication.status.impl.ReplicationStatusManagerImplTest.java,False,False
Adobe-Consulting-Services/acs-aem-commons,11cc23edef804e23163833be3b5a98f6cf86190f,"acs-aem-commons-2.12.0, acs-aem-commons-2.13.0",bundle.src.test.java.com.adobe.acs.commons.email.EmailServiceImplTest.java,False,False
Adobe-Consulting-Services/acs-aem-commons,7cb8a38874d1e126b66fe89ba34dbd85fb7b9b8c,"acs-aem-commons-2.13.0, acs-aem-commons-2.14.0",bundle.src.test.java.com.adobe.acs.commons.wcm.impl.PageRootProviderImplTest.java,False,False
Adobe-Consulting-Services/acs-aem-commons,00207876f176d6010cd765821a67f2fa4217ed7c,"acs-aem-commons-3.4.0, acs-aem-commons-3.5.0",bundle.src.test.java.com.adobe.acs.commons.rewriter.impl.StylesheetInlinerTransformerFactoryTest.java,False,False
Adobe-Consulting-Services/acs-aem-commons,00207876f176d6010cd765821a67f2fa4217ed7c,"acs-aem-commons-3.4.0, acs-aem-commons-3.5.0",bundle.src.test.java.com.adobe.acs.commons.replication.status.impl.JcrPackageReplicationStatusEventHandlerTest.java,False,False
Adobe-Consulting-Services/acs-aem-commons,aa2f9a4356baea722f8baf12b323280930183a22,"acs-aem-commons-3.8.0, acs-aem-commons-3.8.2",bundle.src.test.java.com.adobe.acs.commons.errorpagehandler.impl.ErrorPageHandlerImplTest.java,False,False
Adobe-Consulting-Services/acs-aem-commons,586ae4f05161ad23c873ff221e929a68a1cb56b2,"acs-aem-commons-3.8.2, acs-aem-commons-3.8.4",bundle.src.test.java.com.adobe.acs.commons.rewriter.impl.VersionedClientlibsTransformerFactoryTest.java,False,False
Adobe-Consulting-Services/acs-aem-commons,bdb683833c8415d1f514ed610d8ff46dab9fa40a,"acs-aem-commons-3.8.4, acs-aem-commons-3.9.0",bundle.src.test.java.com.adobe.acs.commons.replication.status.impl.ReplicationStatusManagerImplTest.java,False,False
Adobe-Consulting-Services/acs-aem-commons,03f70fc444122b9ebd8d4129092843b4720ce07f,"acs-aem-commons-3.9.0, acs-aem-commons-3.10.0",bundle.src.test.java.com.adobe.acs.commons.mcp.impl.processes.PageRelocatorTest.java,False,False
Adobe-Consulting-Services/acs-aem-commons,03f70fc444122b9ebd8d4129092843b4720ce07f,"acs-aem-commons-3.9.0, acs-aem-commons-3.10.0",bundle.src.test.java.com.adobe.acs.commons.replication.status.impl.JcrPackageReplicationStatusEventHandlerTest.java,False,False
Adobe-Consulting-Services/acs-aem-commons,03f70fc444122b9ebd8d4129092843b4720ce07f,"acs-aem-commons-3.9.0, acs-aem-commons-3.10.0",bundle.src.test.java.com.adobe.acs.commons.mcp.impl.processes.FolderRelocatorTest.java,False,True
Adobe-Consulting-Services/acs-aem-commons,03f70fc444122b9ebd8d4129092843b4720ce07f,"acs-aem-commons-3.9.0, acs-aem-commons-3.10.0",bundle.src.test.java.com.adobe.acs.commons.fam.impl.ActionManagerTest.java,False,False
Adobe-Consulting-Services/acs-aem-commons,ad7a648c0079f7c7f025619c6987e1a8c90dc711,"acs-aem-commons-3.10.0, acs-aem-commons-3.11.0",bundle.src.test.java.com.adobe.acs.commons.rewriter.impl.StaticReferenceRewriteTransformerFactoryTest.java,False,False
Adobe-Consulting-Services/acs-aem-commons,ad7a648c0079f7c7f025619c6987e1a8c90dc711,"acs-aem-commons-3.10.0, acs-aem-commons-3.11.0",bundle.src.test.java.com.adobe.acs.commons.wcm.impl.PageRootProviderImplTest.java,False,False
Adobe-Consulting-Services/acs-aem-commons,18c8d8cab47efdf653021644b45d76cc17fb2cc0,"acs-aem-commons-3.11.0, acs-aem-commons-3.12.0",bundle.src.test.java.com.adobe.acs.commons.wcm.impl.PagesReferenceProviderTest.java,True,False
Adobe-Consulting-Services/acs-aem-commons,6dbd212b442abee0b053ae1637a824054eed94e6,"acs-aem-commons-3.12.0, acs-aem-commons-3.13.0",bundle.src.test.java.com.adobe.acs.commons.redirectmaps.models.RedirectMapModelTest.java,False,False
Adobe-Consulting-Services/acs-aem-commons,6dbd212b442abee0b053ae1637a824054eed94e6,"acs-aem-commons-3.12.0, acs-aem-commons-3.13.0",bundle.src.test.java.com.adobe.acs.commons.users.impl.ServiceUserTest.java,False,False
Adobe-Consulting-Services/acs-aem-commons,053b5eb4bf67f21cba9051d571bbfb55b6be7394,"acs-aem-commons-3.13.0, acs-aem-commons-3.14.0",bundle.src.test.java.com.adobe.acs.commons.workflow.bulk.removal.WorkflowInstanceFolderComparatorTest.java,False,False
Adobe-Consulting-Services/acs-aem-commons,053b5eb4bf67f21cba9051d571bbfb55b6be7394,"acs-aem-commons-3.13.0, acs-aem-commons-3.14.0",bundle.src.test.java.com.adobe.acs.commons.util.visitors.ContentVisitorTest.java,False,False
Adobe-Consulting-Services/acs-aem-commons,053b5eb4bf67f21cba9051d571bbfb55b6be7394,"acs-aem-commons-3.13.0, acs-aem-commons-3.14.0",bundle.src.test.java.com.adobe.acs.commons.util.ModeUtilTest.java,False,False
Adobe-Consulting-Services/acs-aem-commons,053b5eb4bf67f21cba9051d571bbfb55b6be7394,"acs-aem-commons-3.13.0, acs-aem-commons-3.14.0",bundle.src.test.java.com.adobe.acs.commons.replication.status.impl.SetReplicationStatusProcessTest.java,False,False
Adobe-Consulting-Services/acs-aem-commons,053b5eb4bf67f21cba9051d571bbfb55b6be7394,"acs-aem-commons-3.13.0, acs-aem-commons-3.14.0",bundle.src.test.java.com.adobe.acs.commons.replication.status.impl.ReplicationStatusManagerImplTest.java,False,False
Adobe-Consulting-Services/acs-aem-commons,053b5eb4bf67f21cba9051d571bbfb55b6be7394,"acs-aem-commons-3.13.0, acs-aem-commons-3.14.0",bundle.src.test.java.com.adobe.acs.commons.replication.BrandPortalAgentFilterTest.java,False,False
Adobe-Consulting-Services/acs-aem-commons,053b5eb4bf67f21cba9051d571bbfb55b6be7394,"acs-aem-commons-3.13.0, acs-aem-commons-3.14.0",bundle.src.test.java.com.adobe.acs.commons.replication.AgentIdsAgentFilterTest.java,False,False
Adobe-Consulting-Services/acs-aem-commons,053b5eb4bf67f21cba9051d571bbfb55b6be7394,"acs-aem-commons-3.13.0, acs-aem-commons-3.14.0",bundle.src.test.java.com.adobe.acs.commons.packaging.impl.PackageHelperImplTest.java,False,False
Adobe-Consulting-Services/acs-aem-commons,053b5eb4bf67f21cba9051d571bbfb55b6be7394,"acs-aem-commons-3.13.0, acs-aem-commons-3.14.0",bundle.src.test.java.com.adobe.acs.commons.images.transformers.impl.composites.MultiplyBlendCompositeTest.java,False,True
Adobe-Consulting-Services/acs-aem-commons,053b5eb4bf67f21cba9051d571bbfb55b6be7394,"acs-aem-commons-3.13.0, acs-aem-commons-3.14.0",bundle.src.test.java.com.adobe.acs.commons.images.transformers.impl.LetterPillarBoxImageTransformerImplTest.java,False,False
Adobe-Consulting-Services/acs-aem-commons,053b5eb4bf67f21cba9051d571bbfb55b6be7394,"acs-aem-commons-3.13.0, acs-aem-commons-3.14.0",bundle.src.test.java.com.adobe.acs.commons.email.process.impl.SendTemplatedEmailUtilsTest.java,False,False
Adobe-Consulting-Services/acs-aem-commons,053b5eb4bf67f21cba9051d571bbfb55b6be7394,"acs-aem-commons-3.13.0, acs-aem-commons-3.14.0",bundle.src.test.java.com.adobe.acs.commons.email.process.impl.SendTemplatedEmailProcessTest.java,False,False
Adobe-Consulting-Services/acs-aem-commons,053b5eb4bf67f21cba9051d571bbfb55b6be7394,"acs-aem-commons-3.13.0, acs-aem-commons-3.14.0",bundle.src.test.java.com.adobe.acs.commons.components.longformtext.impl.LongFormTextComponentImplTest.java,False,False
Adobe-Consulting-Services/acs-aem-commons,053b5eb4bf67f21cba9051d571bbfb55b6be7394,"acs-aem-commons-3.13.0, acs-aem-commons-3.14.0",bundle.src.test.java.com.adobe.acs.commons.reports.api.ResultsPageTest.java,False,False
Adobe-Consulting-Services/acs-aem-commons,053b5eb4bf67f21cba9051d571bbfb55b6be7394,"acs-aem-commons-3.13.0, acs-aem-commons-3.14.0",bundle.src.test.java.com.adobe.acs.commons.reports.models.ContainingPageReportCellCSVExporterTest.java,False,False
Adobe-Consulting-Services/acs-aem-commons,053b5eb4bf67f21cba9051d571bbfb55b6be7394,"acs-aem-commons-3.13.0, acs-aem-commons-3.14.0",bundle.src.test.java.com.adobe.acs.commons.reports.models.TagsCellValueTest.java,False,False
Adobe-Consulting-Services/acs-aem-commons,053b5eb4bf67f21cba9051d571bbfb55b6be7394,"acs-aem-commons-3.13.0, acs-aem-commons-3.14.0",bundle.src.test.java.com.adobe.acs.commons.reports.models.TagReportCellCSVExporterTest.java,False,False
Adobe-Consulting-Services/acs-aem-commons,053b5eb4bf67f21cba9051d571bbfb55b6be7394,"acs-aem-commons-3.13.0, acs-aem-commons-3.14.0",bundle.src.test.java.com.adobe.acs.commons.reports.models.StringReportCellCSVExporterTest.java,False,False
Adobe-Consulting-Services/acs-aem-commons,053b5eb4bf67f21cba9051d571bbfb55b6be7394,"acs-aem-commons-3.13.0, acs-aem-commons-3.14.0",bundle.src.test.java.com.adobe.acs.commons.reports.models.ReportCellValueTest.java,False,False
Adobe-Consulting-Services/acs-aem-commons,053b5eb4bf67f21cba9051d571bbfb55b6be7394,"acs-aem-commons-3.13.0, acs-aem-commons-3.14.0",bundle.src.test.java.com.adobe.acs.commons.reports.models.PathReportCellCSVExporterTest.java,False,False
Adobe-Consulting-Services/acs-aem-commons,053b5eb4bf67f21cba9051d571bbfb55b6be7394,"acs-aem-commons-3.13.0, acs-aem-commons-3.14.0",bundle.src.test.java.com.adobe.acs.commons.reports.models.DateReportCellCSVExporterTest.java,False,False
Adobe-Consulting-Services/acs-aem-commons,aa1a7cf74fedf37b84984dee67ccdce749c88e09,"acs-aem-commons-3.14.12, acs-aem-commons-3.15.0",bundle.src.test.java.com.adobe.acs.commons.ondeploy.impl.OnDeployExecutorImplTest.java,False,False
Adobe-Consulting-Services/acs-aem-commons,d4441a1cd2cc31d9265ea05497777eb6846f980e,"acs-aem-commons-3.15.2, acs-aem-commons-3.16.0",bundle.src.test.java.com.adobe.acs.commons.mcp.impl.processes.asset.UrlAssetImportTest.java,False,False
Adobe-Consulting-Services/acs-aem-commons,d4441a1cd2cc31d9265ea05497777eb6846f980e,"acs-aem-commons-3.15.2, acs-aem-commons-3.16.0",bundle.src.test.java.com.adobe.acs.commons.ondeploy.impl.OnDeployExecutorImplTest.java,False,False
Adobe-Consulting-Services/acs-aem-commons,d4441a1cd2cc31d9265ea05497777eb6846f980e,"acs-aem-commons-3.15.2, acs-aem-commons-3.16.0",bundle.src.test.java.com.adobe.acs.commons.xss.XSSFunctionsTest.java,False,False
Adobe-Consulting-Services/acs-aem-commons,d4441a1cd2cc31d9265ea05497777eb6846f980e,"acs-aem-commons-3.15.2, acs-aem-commons-3.16.0",bundle.src.test.java.com.adobe.acs.commons.workflow.synthetic.impl.cq.SyntheticWorkflowSessionTest.java,False,False
Adobe-Consulting-Services/acs-aem-commons,d4441a1cd2cc31d9265ea05497777eb6846f980e,"acs-aem-commons-3.15.2, acs-aem-commons-3.16.0",bundle.src.test.java.com.adobe.acs.commons.workflow.process.impl.ReplicateWithOptionsWorkflowProcessTest.java,False,False
Adobe-Consulting-Services/acs-aem-commons,d4441a1cd2cc31d9265ea05497777eb6846f980e,"acs-aem-commons-3.15.2, acs-aem-commons-3.16.0",bundle.src.test.java.com.adobe.acs.commons.workflow.impl.WorkflowPackageManagerImplTest.java,False,False
Adobe-Consulting-Services/acs-aem-commons,d4441a1cd2cc31d9265ea05497777eb6846f980e,"acs-aem-commons-3.15.2, acs-aem-commons-3.16.0",bundle.src.test.java.com.adobe.acs.commons.wcm.vanity.impl.VanityURLServiceImplTest.java,False,False
Adobe-Consulting-Services/acs-aem-commons,d4441a1cd2cc31d9265ea05497777eb6846f980e,"acs-aem-commons-3.15.2, acs-aem-commons-3.16.0",bundle.src.test.java.com.adobe.acs.commons.wcm.properties.shared.impl.SharedComponentPropertiesBindingsValuesProviderTest.java,False,False
Adobe-Consulting-Services/acs-aem-commons,d4441a1cd2cc31d9265ea05497777eb6846f980e,"acs-aem-commons-3.15.2, acs-aem-commons-3.16.0",bundle.src.test.java.com.adobe.acs.commons.wcm.impl.QrCodeServletTest.java,False,False
Adobe-Consulting-Services/acs-aem-commons,d4441a1cd2cc31d9265ea05497777eb6846f980e,"acs-aem-commons-3.15.2, acs-aem-commons-3.16.0",bundle.src.test.java.com.adobe.acs.commons.wcm.impl.FileImporterTest.java,False,False
Adobe-Consulting-Services/acs-aem-commons,d4441a1cd2cc31d9265ea05497777eb6846f980e,"acs-aem-commons-3.15.2, acs-aem-commons-3.16.0",bundle.src.test.java.com.adobe.acs.commons.wcm.impl.CQIncludePropertyNamespaceServletTest.java,False,False
Adobe-Consulting-Services/acs-aem-commons,d4441a1cd2cc31d9265ea05497777eb6846f980e,"acs-aem-commons-3.15.2, acs-aem-commons-3.16.0",bundle.src.test.java.com.adobe.acs.commons.wcm.impl.AuthorUIHelperImplTest.java,False,False
Adobe-Consulting-Services/acs-aem-commons,d4441a1cd2cc31d9265ea05497777eb6846f980e,"acs-aem-commons-3.15.2, acs-aem-commons-3.16.0",bundle.src.test.java.com.adobe.acs.commons.util.InfoWriterTest.java,False,False
Adobe-Consulting-Services/acs-aem-commons,d4441a1cd2cc31d9265ea05497777eb6846f980e,"acs-aem-commons-3.15.2, acs-aem-commons-3.16.0",bundle.src.test.java.com.adobe.acs.commons.rewriter.impl.VersionedClientlibsTransformerFactoryTest.java,False,False
Adobe-Consulting-Services/acs-aem-commons,d4441a1cd2cc31d9265ea05497777eb6846f980e,"acs-aem-commons-3.15.2, acs-aem-commons-3.16.0",bundle.src.test.java.com.adobe.acs.commons.rewriter.impl.StylesheetInlinerTransformerFactoryTest.java,False,False
Adobe-Consulting-Services/acs-aem-commons,d4441a1cd2cc31d9265ea05497777eb6846f980e,"acs-aem-commons-3.15.2, acs-aem-commons-3.16.0",bundle.src.test.java.com.adobe.acs.commons.rewriter.impl.SaxElementUtilsTest.java,False,True
Adobe-Consulting-Services/acs-aem-commons,d4441a1cd2cc31d9265ea05497777eb6846f980e,"acs-aem-commons-3.15.2, acs-aem-commons-3.16.0",bundle.src.test.java.com.adobe.acs.commons.reports.models.ContainingPageReportCellCSVExporterTest.java,False,False
Adobe-Consulting-Services/acs-aem-commons,d4441a1cd2cc31d9265ea05497777eb6846f980e,"acs-aem-commons-3.15.2, acs-aem-commons-3.16.0",bundle.src.test.java.com.adobe.acs.commons.replication.status.impl.JcrPackageReplicationStatusEventHandlerTest.java,False,False
Adobe-Consulting-Services/acs-aem-commons,d4441a1cd2cc31d9265ea05497777eb6846f980e,"acs-aem-commons-3.15.2, acs-aem-commons-3.16.0",bundle.src.test.java.com.adobe.acs.commons.replication.dispatcher.impl.DispatcherFlushRulesImplTest.java,False,False
Adobe-Consulting-Services/acs-aem-commons,d4441a1cd2cc31d9265ea05497777eb6846f980e,"acs-aem-commons-3.15.2, acs-aem-commons-3.16.0",bundle.src.test.java.com.adobe.acs.commons.replication.dispatcher.DispatcherFlushFilterTest.java,False,False
Adobe-Consulting-Services/acs-aem-commons,d4441a1cd2cc31d9265ea05497777eb6846f980e,"acs-aem-commons-3.15.2, acs-aem-commons-3.16.0",bundle.src.test.java.com.adobe.acs.commons.packaging.impl.PackageHelperImplTest.java,False,False
Adobe-Consulting-Services/acs-aem-commons,d4441a1cd2cc31d9265ea05497777eb6846f980e,"acs-aem-commons-3.15.2, acs-aem-commons-3.16.0",bundle.src.test.java.com.adobe.acs.commons.ondeploy.scripts.OnDeployScriptBaseTest.java,False,False
Adobe-Consulting-Services/acs-aem-commons,d4441a1cd2cc31d9265ea05497777eb6846f980e,"acs-aem-commons-3.15.2, acs-aem-commons-3.16.0",bundle.src.test.java.com.adobe.acs.commons.oak.impl.EnsureOakIndexJobHandlerTest.java,False,False
Adobe-Consulting-Services/acs-aem-commons,d4441a1cd2cc31d9265ea05497777eb6846f980e,"acs-aem-commons-3.15.2, acs-aem-commons-3.16.0",bundle.src.test.java.com.adobe.acs.commons.mcp.util.AnnotatedFieldDeserializerTest.java,False,False
Adobe-Consulting-Services/acs-aem-commons,d4441a1cd2cc31d9265ea05497777eb6846f980e,"acs-aem-commons-3.15.2, acs-aem-commons-3.16.0",bundle.src.test.java.com.adobe.acs.commons.mcp.impl.processes.asset.FileAssetIngestorTest.java,False,False
Adobe-Consulting-Services/acs-aem-commons,d4441a1cd2cc31d9265ea05497777eb6846f980e,"acs-aem-commons-3.15.2, acs-aem-commons-3.16.0",bundle.src.test.java.com.adobe.acs.commons.mcp.impl.processes.FolderRelocatorTest.java,False,False
Adobe-Consulting-Services/acs-aem-commons,d4441a1cd2cc31d9265ea05497777eb6846f980e,"acs-aem-commons-3.15.2, acs-aem-commons-3.16.0",bundle.src.test.java.com.adobe.acs.commons.images.transformers.impl.LetterPillarBoxImageTransformerImplTest.java,False,False
Adobe-Consulting-Services/acs-aem-commons,d4441a1cd2cc31d9265ea05497777eb6846f980e,"acs-aem-commons-3.15.2, acs-aem-commons-3.16.0",bundle.src.test.java.com.adobe.acs.commons.images.impl.NamedTransformImageServletTest.java,False,False
Adobe-Consulting-Services/acs-aem-commons,d4441a1cd2cc31d9265ea05497777eb6846f980e,"acs-aem-commons-3.15.2, acs-aem-commons-3.16.0",bundle.src.test.java.com.adobe.acs.commons.http.impl.HttpClientFactoryImplTest.java,False,False
Adobe-Consulting-Services/acs-aem-commons,d4441a1cd2cc31d9265ea05497777eb6846f980e,"acs-aem-commons-3.15.2, acs-aem-commons-3.16.0",bundle.src.test.java.com.adobe.acs.commons.http.headers.impl.MonthlyExpiresHeaderFilterTest.java,False,False
Adobe-Consulting-Services/acs-aem-commons,d4441a1cd2cc31d9265ea05497777eb6846f980e,"acs-aem-commons-3.15.2, acs-aem-commons-3.16.0",bundle.src.test.java.com.adobe.acs.commons.http.headers.impl.AbstractDispatcherCacheHeaderFilterTest.java,False,False
Adobe-Consulting-Services/acs-aem-commons,d4441a1cd2cc31d9265ea05497777eb6846f980e,"acs-aem-commons-3.15.2, acs-aem-commons-3.16.0",bundle.src.test.java.com.adobe.acs.commons.genericlists.impl.GenericListAdapterFactoryTest.java,False,False
Adobe-Consulting-Services/acs-aem-commons,d4441a1cd2cc31d9265ea05497777eb6846f980e,"acs-aem-commons-3.15.2, acs-aem-commons-3.16.0",bundle.src.test.java.com.adobe.acs.commons.fam.impl.ActionManagerTest.java,False,False
Adobe-Consulting-Services/acs-aem-commons,d4441a1cd2cc31d9265ea05497777eb6846f980e,"acs-aem-commons-3.15.2, acs-aem-commons-3.16.0",bundle.src.test.java.com.adobe.acs.commons.fam.ActionsTest.java,False,False
Adobe-Consulting-Services/acs-aem-commons,d4441a1cd2cc31d9265ea05497777eb6846f980e,"acs-aem-commons-3.15.2, acs-aem-commons-3.16.0",bundle.src.test.java.com.adobe.acs.commons.errorpagehandler.cache.impl.ErrorPageCacheImplTest.java,False,False
Adobe-Consulting-Services/acs-aem-commons,d4441a1cd2cc31d9265ea05497777eb6846f980e,"acs-aem-commons-3.15.2, acs-aem-commons-3.16.0",bundle.src.test.java.com.adobe.acs.commons.email.process.impl.SendTemplatedEmailUtilsTest.java,False,False
Adobe-Consulting-Services/acs-aem-commons,d4441a1cd2cc31d9265ea05497777eb6846f980e,"acs-aem-commons-3.15.2, acs-aem-commons-3.16.0",bundle.src.test.java.com.adobe.acs.commons.email.process.impl.SendTemplatedEmailProcessTest.java,False,False
Adobe-Consulting-Services/acs-aem-commons,d4441a1cd2cc31d9265ea05497777eb6846f980e,"acs-aem-commons-3.15.2, acs-aem-commons-3.16.0",bundle.src.test.java.com.adobe.acs.commons.email.impl.EmailServiceImplTest.java,False,False
Adobe-Consulting-Services/acs-aem-commons,d4441a1cd2cc31d9265ea05497777eb6846f980e,"acs-aem-commons-3.15.2, acs-aem-commons-3.16.0",bundle.src.test.java.com.adobe.acs.commons.dam.RenditionPatternPickerTest.java,False,False
Adobe-Consulting-Services/acs-aem-commons,d4441a1cd2cc31d9265ea05497777eb6846f980e,"acs-aem-commons-3.15.2, acs-aem-commons-3.16.0",bundle.src.test.java.com.adobe.acs.commons.auth.saml.impl.OktaLogoutHandlerTest.java,False,False
Adobe-Consulting-Services/acs-aem-commons,d4441a1cd2cc31d9265ea05497777eb6846f980e,"acs-aem-commons-3.15.2, acs-aem-commons-3.16.0",bundle.src.test.java.com.adobe.acs.commons.audit_log_search.impl.AuditLogSearchServletTest.java,False,False
Adobe-Consulting-Services/acs-aem-commons,d4441a1cd2cc31d9265ea05497777eb6846f980e,"acs-aem-commons-3.15.2, acs-aem-commons-3.16.0",bundle.src.test.java.com.adobe.acs.commons.analysis.jcrchecksum.impl.ChecksumGeneratorImplTest.java,False,False
Adobe-Consulting-Services/acs-aem-commons,d4441a1cd2cc31d9265ea05497777eb6846f980e,"acs-aem-commons-3.15.2, acs-aem-commons-3.16.0",bundle.src.test.java.com.adobe.acs.commons.replication.status.impl.SetReplicationStatusProcessTest.java,False,False
Adobe-Consulting-Services/acs-aem-commons,5602281913752dbb1498270669071125bc04946e,"acs-aem-commons-3.16.0, acs-aem-commons-3.17.0",bundle.src.test.java.com.adobe.acs.commons.redirectmaps.models.RedirectMapModelTest.java,False,True
Adobe-Consulting-Services/acs-aem-commons,5602281913752dbb1498270669071125bc04946e,"acs-aem-commons-3.16.0, acs-aem-commons-3.17.0",bundle.src.test.java.com.adobe.acs.commons.models.injectors.impl.SharedValueMapValueInjectorTest.java,False,False
Adobe-Consulting-Services/acs-aem-commons,d25af9a2e632468b99ee60bfdbdc965f03520970,"acs-aem-commons-3.17.4, acs-aem-commons-3.18.0",bundle.src.test.java.com.adobe.acs.commons.httpcache.store.jcr.impl.visitor.TotalCacheSizeVisitorTest.java,False,False
Adobe-Consulting-Services/acs-aem-commons,d25af9a2e632468b99ee60bfdbdc965f03520970,"acs-aem-commons-3.17.4, acs-aem-commons-3.18.0",bundle.src.test.java.com.adobe.acs.commons.rewriter.impl.VersionedClientlibsTransformerFactoryTest.java,False,False
Adobe-Consulting-Services/acs-aem-commons,09cf2481b5af0cfee0a5254cc6c907fd0c6a7e9a,"acs-aem-commons-3.18.2, acs-aem-commons-3.19.0",bundle.src.test.java.com.adobe.acs.commons.util.visitors.SimpleFilteringResourceVisitorTest.java,False,False
Adobe-Consulting-Services/acs-aem-commons,0b75ee4a686d3f7bbe5a10f67e69c83e4a4cf369,"acs-aem-commons-4.0.0, acs-aem-commons-4.1.0",bundle.src.test.java.com.adobe.acs.commons.util.impl.ReflectionUtilTest.java,False,False
Adobe-Consulting-Services/acs-aem-commons,0b75ee4a686d3f7bbe5a10f67e69c83e4a4cf369,"acs-aem-commons-4.0.0, acs-aem-commons-4.1.0",bundle.src.test.java.com.adobe.acs.commons.data.SpreadsheetTest.java,False,False
Adobe-Consulting-Services/acs-aem-commons,0b75ee4a686d3f7bbe5a10f67e69c83e4a4cf369,"acs-aem-commons-4.0.0, acs-aem-commons-4.1.0",bundle.src.test.java.com.adobe.acs.commons.httpcache.engine.impl.HttpCacheEngineImplTest.java,False,False
Adobe-Consulting-Services/acs-aem-commons,0b75ee4a686d3f7bbe5a10f67e69c83e4a4cf369,"acs-aem-commons-4.0.0, acs-aem-commons-4.1.0",bundle.src.test.java.com.adobe.acs.commons.wcm.notifications.impl.SystemNotificationsImplTest.java,False,True
Adobe-Consulting-Services/acs-aem-commons,0b75ee4a686d3f7bbe5a10f67e69c83e4a4cf369,"acs-aem-commons-4.0.0, acs-aem-commons-4.1.0",bundle.src.test.java.com.adobe.acs.commons.mcp.impl.processes.asset.FileAssetIngestorTest.java,False,False
Adobe-Consulting-Services/acs-aem-commons,edc7ca87113ced38d3f83b75971e8a01d0c076fe,"acs-aem-commons-4.1.0, acs-aem-commons-4.2.0",bundle.src.test.java.com.adobe.acs.commons.models.injectors.impl.SharedValueMapValueInjectorTest.java,False,False
Adobe-Consulting-Services/acs-aem-commons,edc7ca87113ced38d3f83b75971e8a01d0c076fe,"acs-aem-commons-4.1.0, acs-aem-commons-4.2.0",bundle.src.test.java.com.adobe.acs.commons.httpcache.engine.impl.HttpCacheEngineImplTest.java,False,False
Adobe-Consulting-Services/acs-aem-commons,edc7ca87113ced38d3f83b75971e8a01d0c076fe,"acs-aem-commons-4.1.0, acs-aem-commons-4.2.0",bundle.src.test.java.com.adobe.acs.commons.images.impl.NamedTransformImageServletTest.java,False,False
Adobe-Consulting-Services/acs-aem-commons,edc7ca87113ced38d3f83b75971e8a01d0c076fe,"acs-aem-commons-4.1.0, acs-aem-commons-4.2.0",bundle.src.test.java.com.adobe.acs.commons.rewriter.impl.StylesheetInlinerTransformerFactoryTest.java,False,False
Adobe-Consulting-Services/acs-aem-commons,74c669c69302d5b765c18e52878ce08ea665e54c,"acs-aem-commons-4.2.0, acs-aem-commons-4.2.2",bundle.src.test.java.com.adobe.acs.commons.remoteassets.impl.RemoteAssetDecoratorTest.java,False,False
Adobe-Consulting-Services/acs-aem-commons,74c669c69302d5b765c18e52878ce08ea665e54c,"acs-aem-commons-4.2.0, acs-aem-commons-4.2.2",bundle.src.test.java.com.adobe.acs.commons.httpcache.store.jcr.impl.writer.EntryNodeWriterTest.java,False,False
Adobe-Consulting-Services/acs-aem-commons,74c669c69302d5b765c18e52878ce08ea665e54c,"acs-aem-commons-4.2.0, acs-aem-commons-4.2.2",bundle.src.test.java.com.adobe.acs.commons.httpcache.store.jcr.impl.JCRHttpCacheStoreImplTest.java,False,False
Adobe-Consulting-Services/acs-aem-commons,74c669c69302d5b765c18e52878ce08ea665e54c,"acs-aem-commons-4.2.0, acs-aem-commons-4.2.2",bundle.src.test.java.com.adobe.acs.commons.httpcache.engine.impl.HttpCacheEngineImplTest.java,False,False
Adobe-Consulting-Services/acs-aem-commons,74c669c69302d5b765c18e52878ce08ea665e54c,"acs-aem-commons-4.2.0, acs-aem-commons-4.2.2",bundle.src.test.java.com.adobe.acs.commons.wcm.comparisons.impl.PageCompareDataImplTest.java,False,False
Adobe-Consulting-Services/acs-aem-commons,74c669c69302d5b765c18e52878ce08ea665e54c,"acs-aem-commons-4.2.0, acs-aem-commons-4.2.2",bundle.src.test.java.com.adobe.acs.commons.widgets.MultiFieldPanelWCMUseTest.java,False,False
Adobe-Consulting-Services/acs-aem-commons,74c669c69302d5b765c18e52878ce08ea665e54c,"acs-aem-commons-4.2.0, acs-aem-commons-4.2.2",bundle.src.test.java.com.adobe.acs.commons.workflow.impl.WorkflowPackageManagerImplTest.java,False,False
Adobe-Consulting-Services/acs-aem-commons,74c669c69302d5b765c18e52878ce08ea665e54c,"acs-aem-commons-4.2.0, acs-aem-commons-4.2.2",bundle.src.test.java.com.adobe.acs.commons.httpcache.store.jcr.impl.visitor.EntryNodeByStringKeyVisitorTest.java,False,False
Adobe-Consulting-Services/acs-aem-commons,74c669c69302d5b765c18e52878ce08ea665e54c,"acs-aem-commons-4.2.0, acs-aem-commons-4.2.2",bundle.src.test.java.com.adobe.acs.commons.wcm.comparisons.impl.VersionServiceImplTest.java,False,False
Adobe-Consulting-Services/acs-aem-commons,74c669c69302d5b765c18e52878ce08ea665e54c,"acs-aem-commons-4.2.0, acs-aem-commons-4.2.2",bundle.src.test.java.com.adobe.acs.commons.httpcache.store.jcr.impl.visitor.EntryNodeMapVisitorTest.java,False,False
Adobe-Consulting-Services/acs-aem-commons,74c669c69302d5b765c18e52878ce08ea665e54c,"acs-aem-commons-4.2.0, acs-aem-commons-4.2.2",bundle.src.test.java.com.adobe.acs.commons.wcm.comparisons.impl.PropertiesTest.java,False,False
Adobe-Consulting-Services/acs-aem-commons,74c669c69302d5b765c18e52878ce08ea665e54c,"acs-aem-commons-4.2.0, acs-aem-commons-4.2.2",bundle.src.test.java.com.adobe.acs.commons.httpcache.store.jcr.impl.visitor.InvalidateByCacheConfigVisitorTest.java,False,False
Adobe-Consulting-Services/acs-aem-commons,74c669c69302d5b765c18e52878ce08ea665e54c,"acs-aem-commons-4.2.0, acs-aem-commons-4.2.2",bundle.src.test.java.com.adobe.acs.commons.mcp.impl.processes.renovator.RenovatorTest.java,False,False
Adobe-Consulting-Services/acs-aem-commons,74c669c69302d5b765c18e52878ce08ea665e54c,"acs-aem-commons-4.2.0, acs-aem-commons-4.2.2",bundle.src.test.java.com.adobe.acs.commons.httpcache.store.jcr.impl.visitor.TotalCacheSizeVisitorTest.java,False,False
Adobe-Consulting-Services/acs-aem-commons,74c669c69302d5b765c18e52878ce08ea665e54c,"acs-aem-commons-4.2.0, acs-aem-commons-4.2.2",bundle.src.test.java.com.adobe.acs.commons.httpcache.store.jcr.impl.visitor.InvalidateAllNodesVisitorTest.java,False,False
Adobe-Consulting-Services/acs-aem-commons,74c669c69302d5b765c18e52878ce08ea665e54c,"acs-aem-commons-4.2.0, acs-aem-commons-4.2.2",bundle.src.test.java.com.adobe.acs.commons.httpcache.store.jcr.impl.visitor.ExpiredNodesVisitorTest.java,False,False
Adobe-Consulting-Services/acs-aem-commons,74c669c69302d5b765c18e52878ce08ea665e54c,"acs-aem-commons-4.2.0, acs-aem-commons-4.2.2",bundle.src.test.java.com.adobe.acs.commons.httpcache.store.jcr.impl.visitor.AllEntryNodesCountVisitorTest.java,False,False
Adobe-Consulting-Services/acs-aem-commons,be8b5cd95d886aee637ba924cad1dba3bf01566c,"acs-aem-commons-4.3.4, acs-aem-commons-4.4.0",bundle.src.test.java.com.adobe.acs.commons.mcp.form.FieldComponentTest.java,False,False
Adobe-Consulting-Services/acs-aem-commons,be8b5cd95d886aee637ba924cad1dba3bf01566c,"acs-aem-commons-4.3.4, acs-aem-commons-4.4.0",bundle.src.test.java.com.adobe.acs.commons.mcp.impl.processes.WorkflowRemoverTest.java,False,False
Adobe-Consulting-Services/acs-aem-commons,be8b5cd95d886aee637ba924cad1dba3bf01566c,"acs-aem-commons-4.3.4, acs-aem-commons-4.4.0",bundle.src.test.java.com.adobe.acs.commons.wrap.cqsearch.QueryIWrapTest.java,False,False
Adobe-Consulting-Services/acs-aem-commons,be8b5cd95d886aee637ba924cad1dba3bf01566c,"acs-aem-commons-4.3.4, acs-aem-commons-4.4.0",bundle.src.test.java.com.adobe.acs.commons.workflow.process.impl.ReplicateWithOptionsWorkflowProcessTest.java,False,False
Adobe-Consulting-Services/acs-aem-commons,be8b5cd95d886aee637ba924cad1dba3bf01566c,"acs-aem-commons-4.3.4, acs-aem-commons-4.4.0",bundle.src.test.java.com.adobe.acs.commons.workflow.process.impl.BrandPortalSyncProcessTest.java,False,True
Adobe-Consulting-Services/acs-aem-commons,be8b5cd95d886aee637ba924cad1dba3bf01566c,"acs-aem-commons-4.3.4, acs-aem-commons-4.4.0",bundle.src.test.java.com.adobe.acs.commons.wcm.impl.SiteMapServletTest.java,False,False
Adobe-Consulting-Services/acs-aem-commons,be8b5cd95d886aee637ba924cad1dba3bf01566c,"acs-aem-commons-4.3.4, acs-aem-commons-4.4.0",bundle.src.test.java.com.adobe.acs.commons.wcm.comparisons.impl.VersionServiceImplTest.java,False,False
Adobe-Consulting-Services/acs-aem-commons,be8b5cd95d886aee637ba924cad1dba3bf01566c,"acs-aem-commons-4.3.4, acs-aem-commons-4.4.0",bundle.src.test.java.com.adobe.acs.commons.wcm.comparisons.impl.PageCompareDataLoaderImplTest.java,False,False
Adobe-Consulting-Services/acs-aem-commons,be8b5cd95d886aee637ba924cad1dba3bf01566c,"acs-aem-commons-4.3.4, acs-aem-commons-4.4.0",bundle.src.test.java.com.adobe.acs.commons.twitter.impl.TwitterAdapterFactoryTest.java,False,False
Adobe-Consulting-Services/acs-aem-commons,be8b5cd95d886aee637ba924cad1dba3bf01566c,"acs-aem-commons-4.3.4, acs-aem-commons-4.4.0",bundle.src.test.java.com.adobe.acs.commons.search.impl.CloseableQueryBuilderImplTest.java,False,False
Adobe-Consulting-Services/acs-aem-commons,be8b5cd95d886aee637ba924cad1dba3bf01566c,"acs-aem-commons-4.3.4, acs-aem-commons-4.4.0",bundle.src.test.java.com.adobe.acs.commons.replication.status.impl.SetReplicationStatusProcessTest.java,False,False
Adobe-Consulting-Services/acs-aem-commons,be8b5cd95d886aee637ba924cad1dba3bf01566c,"acs-aem-commons-4.3.4, acs-aem-commons-4.4.0",bundle.src.test.java.com.adobe.acs.commons.remoteassets.impl.RemoteAssetsNodeSyncImplTest.java,False,False
Adobe-Consulting-Services/acs-aem-commons,be8b5cd95d886aee637ba924cad1dba3bf01566c,"acs-aem-commons-4.3.4, acs-aem-commons-4.4.0",bundle.src.test.java.com.adobe.acs.commons.packaging.impl.AssetPackagerServletImplTest.java,False,False
Adobe-Consulting-Services/acs-aem-commons,be8b5cd95d886aee637ba924cad1dba3bf01566c,"acs-aem-commons-4.3.4, acs-aem-commons-4.4.0",bundle.src.test.java.com.adobe.acs.commons.oak.impl.EnsureOakIndexTest.java,False,False
Adobe-Consulting-Services/acs-aem-commons,be8b5cd95d886aee637ba924cad1dba3bf01566c,"acs-aem-commons-4.3.4, acs-aem-commons-4.4.0",bundle.src.test.java.com.adobe.acs.commons.oak.impl.EnsureOakIndexManagerImplTest.java,False,False
Adobe-Consulting-Services/acs-aem-commons,be8b5cd95d886aee637ba924cad1dba3bf01566c,"acs-aem-commons-4.3.4, acs-aem-commons-4.4.0",bundle.src.test.java.com.adobe.acs.commons.httpcache.engine.impl.HttpCacheEngineImplTest.java,False,False
Adobe-Consulting-Services/acs-aem-commons,be8b5cd95d886aee637ba924cad1dba3bf01566c,"acs-aem-commons-4.3.4, acs-aem-commons-4.4.0",bundle.src.test.java.com.adobe.acs.commons.http.headers.impl.AbstractDispatcherCacheHeaderFilterTest.java,False,True
Adobe-Consulting-Services/acs-aem-commons,be8b5cd95d886aee637ba924cad1dba3bf01566c,"acs-aem-commons-4.3.4, acs-aem-commons-4.4.0",bundle.src.test.java.com.adobe.acs.commons.contentfinder.querybuilder.impl.viewhandler.QueryBuilderViewHandlerTest.java,False,False
Adobe-Consulting-Services/acs-aem-commons,be8b5cd95d886aee637ba924cad1dba3bf01566c,"acs-aem-commons-4.3.4, acs-aem-commons-4.4.0",bundle.src.test.java.com.adobe.acs.commons.remoteassets.impl.RemoteAssetsConfigImplTest.java,False,False
Adobe-Consulting-Services/acs-aem-commons,be8b5cd95d886aee637ba924cad1dba3bf01566c,"acs-aem-commons-4.3.4, acs-aem-commons-4.4.0",bundle.src.test.java.com.adobe.acs.commons.remoteassets.impl.RemoteAssetsBinarySyncImplTest.java,False,False
Adobe-Consulting-Services/acs-aem-commons,be8b5cd95d886aee637ba924cad1dba3bf01566c,"acs-aem-commons-4.3.4, acs-aem-commons-4.4.0",bundle.src.test.java.com.adobe.acs.commons.httpcache.store.jcr.impl.JCRHttpCacheStoreImplTest.java,False,False
Adobe-Consulting-Services/acs-aem-commons,be8b5cd95d886aee637ba924cad1dba3bf01566c,"acs-aem-commons-4.3.4, acs-aem-commons-4.4.0",bundle.src.test.java.com.adobe.acs.commons.exporters.impl.tags.TagsExportServiceTest.java,False,False
Adobe-Consulting-Services/acs-aem-commons,92209894197be247950bb5b47b40a3b10b1947f5,"acs-aem-commons-4.4.0, acs-aem-commons-4.4.2",bundle.src.test.java.com.adobe.acs.commons.wcm.impl.AemEnvironmentIndicatorFilterTest.java,False,False
Adobe-Consulting-Services/acs-aem-commons,92209894197be247950bb5b47b40a3b10b1947f5,"acs-aem-commons-4.4.0, acs-aem-commons-4.4.2",bundle.src.test.java.com.adobe.acs.commons.wcm.comparisons.impl.VersionServiceImplTest.java,False,False
Adobe-Consulting-Services/acs-aem-commons,92209894197be247950bb5b47b40a3b10b1947f5,"acs-aem-commons-4.4.0, acs-aem-commons-4.4.2",bundle.src.test.java.com.adobe.acs.commons.etag.impl.EtagMessageDigestServletFilterTest.java,False,False
Adobe-Consulting-Services/acs-aem-commons,f547f4fe2f955521f8d22a1f5e4e42f6d0768fe8,"acs-aem-commons-4.4.2, acs-aem-commons-4.5.0",bundle.src.test.java.com.adobe.acs.commons.util.OverridePathSlingRequestWrapperTest.java,False,False
Adobe-Consulting-Services/acs-aem-commons,af1b965853b3f73826d9c8204200d5976ef75d3f,"acs-aem-commons-4.7.0, acs-aem-commons-4.7.2",bundle.src.test.java.com.adobe.acs.commons.wcm.vanity.impl.VanityURLServiceImplTest.java,True,False
Adobe-Consulting-Services/acs-aem-commons,af1b965853b3f73826d9c8204200d5976ef75d3f,"acs-aem-commons-4.7.0, acs-aem-commons-4.7.2",bundle.src.test.java.com.adobe.acs.commons.mcp.DialogResourceProviderFactoryTest.java,False,False
Adobe-Consulting-Services/acs-aem-commons,af1b965853b3f73826d9c8204200d5976ef75d3f,"acs-aem-commons-4.7.0, acs-aem-commons-4.7.2",bundle.src.test.java.com.adobe.acs.commons.workflow.process.impl.CopyPropertiesProcessTest.java,False,False
Adobe-Consulting-Services/acs-aem-commons,492ce37ef14049583f3ad4dab93858a9873c07d9,"acs-aem-commons-4.8.4, acs-aem-commons-4.8.6",bundle.src.test.java.com.adobe.acs.commons.mcp.DialogResourceProviderFactoryTest.java,False,False
Adobe-Consulting-Services/acs-aem-commons,492ce37ef14049583f3ad4dab93858a9873c07d9,"acs-aem-commons-4.8.4, acs-aem-commons-4.8.6",bundle.src.test.java.com.adobe.acs.commons.xss.XSSFunctionsTest.java,False,False
Adobe-Consulting-Services/acs-aem-commons,492ce37ef14049583f3ad4dab93858a9873c07d9,"acs-aem-commons-4.8.4, acs-aem-commons-4.8.6",bundle.src.test.java.com.adobe.acs.commons.wrap.jcr.BaseSessionIWrapTest.java,False,False
Adobe-Consulting-Services/acs-aem-commons,492ce37ef14049583f3ad4dab93858a9873c07d9,"acs-aem-commons-4.8.4, acs-aem-commons-4.8.6",bundle.src.test.java.com.adobe.acs.commons.wcm.impl.RobotsServletTest.java,False,False
Adobe-Consulting-Services/acs-aem-commons,492ce37ef14049583f3ad4dab93858a9873c07d9,"acs-aem-commons-4.8.4, acs-aem-commons-4.8.6",bundle.src.test.java.com.adobe.acs.commons.wcm.comparisons.impl.VersionServiceImplTest.java,False,False
Adobe-Consulting-Services/acs-aem-commons,492ce37ef14049583f3ad4dab93858a9873c07d9,"acs-aem-commons-4.8.4, acs-aem-commons-4.8.6",bundle.src.test.java.com.adobe.acs.commons.util.BufferingResponseTest.java,False,False
Adobe-Consulting-Services/acs-aem-commons,492ce37ef14049583f3ad4dab93858a9873c07d9,"acs-aem-commons-4.8.4, acs-aem-commons-4.8.6",bundle.src.test.java.com.adobe.acs.commons.replication.dispatcher.impl.DispatcherFlushRulesImplTest.java,False,False
Adobe-Consulting-Services/acs-aem-commons,492ce37ef14049583f3ad4dab93858a9873c07d9,"acs-aem-commons-4.8.4, acs-aem-commons-4.8.6",bundle.src.test.java.com.adobe.acs.commons.httpcache.invalidator.event.JCRNodeChangeEventHandlerTest.java,False,False
Adobe-Consulting-Services/acs-aem-commons,3509336b6a966f03f90f574bb153fa901eed8a59,"acs-aem-commons-4.8.6, acs-aem-commons-4.9.0",bundle.src.test.java.com.adobe.acs.commons.reports.models.PathListReportExecutorTest.java,False,False
Adobe-Consulting-Services/acs-aem-commons,3509336b6a966f03f90f574bb153fa901eed8a59,"acs-aem-commons-4.8.6, acs-aem-commons-4.9.0",bundle.src.test.java.com.adobe.acs.commons.reports.api.ResultsPageTest.java,False,False
Adobe-Consulting-Services/acs-aem-commons,bb8cba9b87c8996e281748b196f94ae6dd31b0f7,"acs-aem-commons-4.9.2, acs-aem-commons-4.10.0",bundle.src.test.java.com.adobe.acs.commons.http.headers.impl.AbstractDispatcherCacheHeaderFilterTest.java,False,False
Adobe-Consulting-Services/acs-aem-commons,048e0cb2ee74336d71132c1066515798db47e748,"acs-aem-commons-4.11.2, acs-aem-commons-4.12.0",bundle.src.test.java.com.adobe.acs.commons.adobeio.service.impl.IntegrationServiceImplTest.java,False,False
Adobe-Consulting-Services/acs-aem-commons,6d4393617c788dac6011179b4b2d3952ccc5a018,"acs-aem-commons-5.0.4, acs-aem-commons-5.0.6",bundle.src.test.java.com.adobe.acs.commons.mcp.impl.processes.renovator.RenovatorTest.java,False,False
Adobe-Consulting-Services/acs-aem-commons,6d4393617c788dac6011179b4b2d3952ccc5a018,"acs-aem-commons-5.0.4, acs-aem-commons-5.0.6",bundle.src.test.java.com.adobe.acs.commons.mcp.impl.processes.TreeReplicationTest.java,False,False
Adobe-Consulting-Services/acs-aem-commons,6d4393617c788dac6011179b4b2d3952ccc5a018,"acs-aem-commons-5.0.4, acs-aem-commons-5.0.6",bundle.src.test.java.com.adobe.acs.commons.redirects.servlets.ImportRedirectMapServletTest.java,False,False
Adobe-Consulting-Services/acs-aem-commons,6d4393617c788dac6011179b4b2d3952ccc5a018,"acs-aem-commons-5.0.4, acs-aem-commons-5.0.6",bundle.src.test.java.com.adobe.acs.commons.redirects.filter.RedirectFilterTest.java,False,False
Adobe-Consulting-Services/acs-aem-commons,c77989456a9150b8a4e096ec2da77826231d87c7,"acs-aem-commons-5.0.6, acs-aem-commons-5.0.8",bundle.src.test.java.com.adobe.acs.commons.wcm.impl.RobotsServletTest.java,False,False
Adobe-Consulting-Services/acs-aem-commons,a3c2b316cb09a6761de25b8bcda7f20bc7c5a73a,"acs-aem-commons-5.0.14, acs-aem-commons-5.1.0",bundle.src.test.java.com.adobe.acs.commons.mcp.impl.ControlledProcessManagerServletTest.java,False,False
Adobe-Consulting-Services/acs-aem-commons,a3c2b316cb09a6761de25b8bcda7f20bc7c5a73a,"acs-aem-commons-5.0.14, acs-aem-commons-5.1.0",bundle.src.test.java.com.adobe.acs.commons.workflow.synthetic.impl.cq.SyntheticWorkflowSessionTest.java,False,False
Adobe-Consulting-Services/acs-aem-commons,2ecc308dd7e13fdd5c0ebb11e03680fbd0520d8f,"acs-aem-commons-5.1.0, acs-aem-commons-5.1.2",bundle.src.test.java.com.adobe.acs.commons.widgets.MultiFieldPanelWCMUseTest.java,False,False
Adobe-Consulting-Services/acs-aem-commons,2ecc308dd7e13fdd5c0ebb11e03680fbd0520d8f,"acs-aem-commons-5.1.0, acs-aem-commons-5.1.2",bundle.src.test.java.com.adobe.acs.commons.users.impl.EnsureAceTest.java,False,False
Adobe-Consulting-Services/acs-aem-commons,2ecc308dd7e13fdd5c0ebb11e03680fbd0520d8f,"acs-aem-commons-5.1.0, acs-aem-commons-5.1.2",bundle.src.test.java.com.adobe.acs.commons.ondeploy.scripts.OnDeployScriptBaseTest.java,False,False
Adobe-Consulting-Services/acs-aem-commons,2ecc308dd7e13fdd5c0ebb11e03680fbd0520d8f,"acs-aem-commons-5.1.0, acs-aem-commons-5.1.2",bundle.src.test.java.com.adobe.acs.commons.contentfinder.querybuilder.impl.viewhandler.QueryBuilderViewHandlerTest.java,False,False
Adobe-Consulting-Services/acs-aem-commons,2ecc308dd7e13fdd5c0ebb11e03680fbd0520d8f,"acs-aem-commons-5.1.0, acs-aem-commons-5.1.2",bundle.src.test.java.com.adobe.acs.commons.wcm.impl.RobotsServletTest.java,False,False
Adobe-Consulting-Services/acs-aem-commons,2ecc308dd7e13fdd5c0ebb11e03680fbd0520d8f,"acs-aem-commons-5.1.0, acs-aem-commons-5.1.2",bundle.src.test.java.com.adobe.acs.commons.remoteassets.impl.RemoteAssetsConfigImplTest.java,False,False
Adobe-Consulting-Services/acs-aem-commons,2ecc308dd7e13fdd5c0ebb11e03680fbd0520d8f,"acs-aem-commons-5.1.0, acs-aem-commons-5.1.2",bundle.src.test.java.com.adobe.acs.commons.oak.impl.EnsureOakIndexJobHandlerTest.java,False,False
Adobe-Consulting-Services/acs-aem-commons,2ecc308dd7e13fdd5c0ebb11e03680fbd0520d8f,"acs-aem-commons-5.1.0, acs-aem-commons-5.1.2",bundle.src.test.java.com.adobe.acs.commons.images.transformers.impl.composites.MultiplyBlendCompositeTest.java,False,True
Adobe-Consulting-Services/acs-aem-commons,2ecc308dd7e13fdd5c0ebb11e03680fbd0520d8f,"acs-aem-commons-5.1.0, acs-aem-commons-5.1.2",bundle.src.test.java.com.adobe.acs.commons.errorpagehandler.cache.impl.ErrorPageCacheImplTest.java,False,False
Adobe-Consulting-Services/acs-aem-commons,e7b27d9f08db269f39025f770824c737560c1ca4,"acs-aem-commons-5.3.0, acs-aem-commons-5.3.2",bundle.src.test.java.com.adobe.acs.commons.mcp.impl.processes.cfi.ContentFragmentImportTest.java,False,False
Adobe-Consulting-Services/acs-aem-commons,8db4c0f0e3efd4be1cc96bfe2de28e45c928f076,"acs-aem-commons-5.3.4, acs-aem-commons-5.4.0",bundle.src.test.java.com.adobe.acs.commons.redirects.servlets.ImportRedirectMapServletTest.java,False,False
Adobe-Consulting-Services/acs-aem-commons,8db4c0f0e3efd4be1cc96bfe2de28e45c928f076,"acs-aem-commons-5.3.4, acs-aem-commons-5.4.0",bundle.src.test.java.com.adobe.acs.commons.redirects.servlets.ExportRedirectMapServletTest.java,False,False
Adobe-Consulting-Services/acs-aem-commons,8db4c0f0e3efd4be1cc96bfe2de28e45c928f076,"acs-aem-commons-5.3.4, acs-aem-commons-5.4.0",bundle.src.test.java.com.adobe.acs.commons.redirects.filter.RedirectFilterTest.java,False,False
Adobe-Consulting-Services/acs-aem-commons,ac3250b9d6bedc9ac9819c7ece441d27d38d6fe5,"acs-aem-commons-5.4.0, acs-aem-commons-5.5.0",bundle.src.test.java.com.adobe.acs.commons.redirects.servlets.ExportRedirectMapServletTest.java,False,False
Adobe-Consulting-Services/acs-aem-commons,ac3250b9d6bedc9ac9819c7ece441d27d38d6fe5,"acs-aem-commons-5.4.0, acs-aem-commons-5.5.0",bundle.src.test.java.com.adobe.acs.commons.redirects.filter.RedirectFilterTest.java,False,False
Adobe-Consulting-Services/acs-aem-commons,fc53b7cf81ddc5d5239cee809fdab97f15e9b1f8,"acs-aem-commons-5.6.0, acs-aem-commons-5.7.0",bundle.src.test.java.com.adobe.acs.commons.redirects.servlets.ImportRedirectMapServletTest.java,False,False
Adobe-Consulting-Services/acs-aem-commons,34f69faa2ff3194e8b322cf107b4e95ca5bbd82e,"acs-aem-commons-6.0.8, acs-aem-commons-6.0.10",bundle.src.test.java.com.adobe.acs.commons.mcp.impl.processes.asset.FileAssetIngestorTest.java,False,False
