index,App,SHA,TestFilePath,LOC,NOM,WMC,RFC,NAs,AsD,NumberOfMethods,AssertionRoulette,ConditionalTestLogic,ConstructorInitialization,DefaultTest,EmptyTest,ExceptionCatchingThrowing,GeneralFixture,MysteryGuest,PrintStatement,RedundantAssertion,SensitiveEquality,VerboseTest,SleepyTest,DuplicateAssert,UnknownTest,IgnoredTest,ResourceOptimism,MagicNumberTest,DependentTest,ExtractAttribute,isExtractAttribute
0,microsoft/azure-maven-plugins,b851b03df984b2de22aafdb620f0f81f10f0e09c,com/microsoft/azure/maven/function/AddMojoTest.java,44,7,15,24,0.11,5,7,1,0,0,0,0,4,0,0,0,0,0,0,0,0,0,2,0,4,0,0,False
1,microsoft/azure-maven-plugins,b851b03df984b2de22aafdb620f0f81f10f0e09c,com/microsoft/azure/maven/function/DeployMojoTest.java,18,3,7,8,0.22,4,3,1,0,0,0,0,0,1,0,0,0,0,0,0,0,0,0,0,1,0,0,False
2,microsoft/azure-maven-plugins,b851b03df984b2de22aafdb620f0f81f10f0e09c,com/microsoft/azure/maven/function/ListMojoTest.java,12,2,6,8,0.0,0,2,0,0,0,0,0,1,0,0,0,0,0,0,0,0,1,0,0,1,0,0,False
3,microsoft/azure-maven-plugins,b851b03df984b2de22aafdb620f0f81f10f0e09c,com/microsoft/azure/maven/function/PackageMojoTest.java,42,5,13,41,0.1,4,5,1,0,0,0,0,4,0,0,0,0,0,0,0,0,2,0,0,4,0,0,False
4,microsoft/azure-maven-plugins,b851b03df984b2de22aafdb620f0f81f10f0e09c,com/microsoft/azure/maven/function/RunMojoTest.java,57,8,20,60,0.07,4,8,1,0,0,0,0,7,0,0,0,0,0,0,0,0,1,0,0,7,0,0,False
5,microsoft/azure-maven-plugins,b851b03df984b2de22aafdb620f0f81f10f0e09c,com/microsoft/azure/maven/AbstractAppServiceMojoTest.java,17,2,3,10,0.06,1,1,0,0,0,0,0,0,0,0,0,0,1,0,0,0,0,0,0,1,0,0,False
6,microsoft/azure-maven-plugins,b851b03df984b2de22aafdb620f0f81f10f0e09c,com/microsoft/azure/maven/AbstractAzureMojoTest.java,85,14,29,43,0.26,22,13,3,0,0,0,0,10,0,0,0,0,0,0,0,0,1,0,0,12,0,0,False
7,microsoft/azure-maven-plugins,b851b03df984b2de22aafdb620f0f81f10f0e09c,com/microsoft/azure/maven/prompt/DefaultPrompterTest.java,54,13,27,17,0.22,12,13,8,4,0,0,0,12,0,0,0,0,0,0,0,4,1,0,0,12,0,0,False
8,microsoft/azure-maven-plugins,b851b03df984b2de22aafdb620f0f81f10f0e09c,com/microsoft/azure/maven/prompt/InputValidateResultTest.java,15,2,2,12,0.4,6,2,2,0,0,0,0,0,0,0,0,0,0,0,0,0,0,0,0,2,0,0,False
9,microsoft/azure-maven-plugins,b851b03df984b2de22aafdb620f0f81f10f0e09c,com/microsoft/azure/maven/prompt/SchemaValidatorTest.java,66,6,15,17,0.18,12,6,1,0,0,0,0,5,1,0,1,0,0,0,0,2,0,0,0,5,0,0,False
10,microsoft/azure-maven-plugins,b851b03df984b2de22aafdb620f0f81f10f0e09c,com/microsoft/azure/maven/utils/MavenUtilsTest.java,34,3,6,39,0.32,11,3,2,0,0,0,0,3,0,3,0,0,0,0,0,0,0,0,3,3,0,0,False
11,microsoft/azure-maven-plugins,b851b03df984b2de22aafdb620f0f81f10f0e09c,com/microsoft/azure/maven/utils/TemplateUtilsTest.java,54,8,10,28,0.19,10,8,2,0,0,0,0,1,0,0,0,0,0,0,0,1,0,0,0,8,0,0,False
12,microsoft/azure-maven-plugins,b851b03df984b2de22aafdb620f0f81f10f0e09c,com/microsoft/azure/maven/utils/XmlUtilsTest.java,49,6,10,30,0.33,16,6,4,0,0,0,0,1,0,0,0,0,0,0,0,0,0,0,0,5,0,0,False
13,microsoft/azure-maven-plugins,b851b03df984b2de22aafdb620f0f81f10f0e09c,com/microsoft/azure/maven/webapp/DeployMojoTest.java,53,7,16,37,0.34,18,5,3,0,0,0,0,3,0,0,0,0,0,0,0,0,0,0,0,3,0,0,False
14,microsoft/azure-maven-plugins,b851b03df984b2de22aafdb620f0f81f10f0e09c,com/microsoft/azure/maven/webapp/parser/ConfigParserTest.java,80,5,7,49,0.29,23,5,4,0,0,0,0,1,4,0,0,0,0,0,0,0,0,0,0,4,0,0,False
15,microsoft/azure-maven-plugins,b851b03df984b2de22aafdb620f0f81f10f0e09c,com/microsoft/azure/maven/webapp/utils/TestUtils.java,52,6,20,29,0.0,0,6,0,0,0,0,0,0,0,0,0,0,0,0,0,0,0,0,0,0,0,0,False
16,microsoft/azure-maven-plugins,aa6bedf642aa0eb91bd25cd08d474774e7b4255f,com/microsoft/azure/maven/function/AddMojoTest.java,44,7,15,24,0.11,5,7,1,0,0,0,0,6,0,1,0,0,0,0,0,0,0,0,2,6,0,0,False
17,microsoft/azure-maven-plugins,aa6bedf642aa0eb91bd25cd08d474774e7b4255f,com/microsoft/azure/maven/function/DeployMojoTest.java,134,14,35,133,0.1,13,14,3,0,0,0,0,13,0,0,0,0,1,0,0,0,5,0,0,13,0,0,False
18,microsoft/azure-maven-plugins,aa6bedf642aa0eb91bd25cd08d474774e7b4255f,com/microsoft/azure/maven/function/PackageMojoTest.java,40,5,14,39,0.1,4,5,1,0,0,0,0,4,0,0,0,0,1,0,0,0,2,0,0,4,0,0,False
19,microsoft/azure-maven-plugins,aa6bedf642aa0eb91bd25cd08d474774e7b4255f,com/microsoft/azure/maven/function/RunMojoTest.java,57,8,20,63,0.05,3,8,0,0,0,0,0,7,0,0,0,0,0,0,0,0,1,0,0,7,0,0,False
20,microsoft/azure-maven-plugins,aa6bedf642aa0eb91bd25cd08d474774e7b4255f,com/microsoft/azure/maven/function/handlers/AnnotationHandlerImplTest.java,77,6,14,15,0.05,4,6,1,0,0,0,0,2,0,0,0,0,0,0,0,0,0,0,0,2,0,0,False
21,microsoft/azure-maven-plugins,aa6bedf642aa0eb91bd25cd08d474774e7b4255f,com/microsoft/azure/maven/function/handlers/CommandHandlerImplTest.java,20,3,4,14,0.15,3,3,1,0,0,0,0,1,0,0,0,0,0,0,0,0,0,0,0,3,0,0,False
22,microsoft/azure-maven-plugins,aa6bedf642aa0eb91bd25cd08d474774e7b4255f,com/microsoft/azure/maven/function/handlers/FTPArtifactHandlerImplTest.java,36,2,6,24,0.03,1,2,0,0,0,0,0,2,0,0,0,0,0,0,0,0,1,0,0,2,0,0,False
23,microsoft/azure-maven-plugins,aa6bedf642aa0eb91bd25cd08d474774e7b4255f,com/microsoft/azure/maven/function/handlers/FunctionCoreToolsHandlerImplTest.java,76,8,20,79,0.07,5,8,0,0,0,0,0,8,0,0,0,0,0,0,0,0,3,0,0,8,0,0,False
24,microsoft/azure-maven-plugins,aa6bedf642aa0eb91bd25cd08d474774e7b4255f,com/microsoft/azure/maven/function/handlers/MSDeployArtifactHandlerImplTest.java,104,8,24,85,0.04,4,8,0,0,0,0,0,7,0,2,0,0,0,0,0,0,3,0,1,7,0,0,False
25,microsoft/azure-maven-plugins,aa6bedf642aa0eb91bd25cd08d474774e7b4255f,com/microsoft/azure/maven/function/utils/CommandUtilsTest.java,12,3,4,9,0.33,4,3,1,0,0,0,0,1,0,0,0,0,0,0,0,0,0,0,0,3,0,0,False
26,microsoft/azure-maven-plugins,aa6bedf642aa0eb91bd25cd08d474774e7b4255f,com/microsoft/azure/maven/AbstractAzureMojoTest.java,114,19,38,59,0.26,30,18,4,0,0,0,0,14,0,0,0,0,0,0,0,0,2,0,1,17,0,0,False
27,microsoft/azure-maven-plugins,aa6bedf642aa0eb91bd25cd08d474774e7b4255f,com/microsoft/azure/maven/FTPUploaderTest.java,49,4,11,23,0.04,2,4,0,0,0,0,0,3,0,0,0,0,0,0,0,0,1,0,0,3,0,0,False
28,microsoft/azure-maven-plugins,aa6bedf642aa0eb91bd25cd08d474774e7b4255f,com/microsoft/azure/maven/UtilsTest.java,44,4,8,27,0.18,8,4,2,0,0,0,0,1,0,0,0,0,0,0,0,1,1,0,0,3,0,0,False
29,microsoft/azure-maven-plugins,aa6bedf642aa0eb91bd25cd08d474774e7b4255f,com/microsoft/azure/maven/auth/AzureAuthHelperTest.java,191,12,24,110,0.16,31,12,5,0,0,0,0,3,0,0,0,0,0,0,0,3,0,0,0,11,0,0,False
30,microsoft/azure-maven-plugins,aa6bedf642aa0eb91bd25cd08d474774e7b4255f,com/microsoft/azure/maven/webapp/DeployMojoTest.java,143,20,55,111,0.15,22,15,3,0,0,0,0,11,0,0,0,0,0,0,0,0,7,0,0,11,0,0,False
31,microsoft/azure-maven-plugins,aa6bedf642aa0eb91bd25cd08d474774e7b4255f,com/microsoft/azure/maven/webapp/WebAppUtilsTest.java,181,11,27,104,0.05,9,11,2,0,0,0,0,11,0,0,0,0,0,0,0,0,0,0,0,11,0,0,False
32,microsoft/azure-maven-plugins,aa6bedf642aa0eb91bd25cd08d474774e7b4255f,com/microsoft/azure/maven/webapp/handlers/FTPArtifactHandlerImplTest.java,59,5,15,45,0.02,1,5,0,0,0,0,0,4,0,0,0,0,0,0,0,0,3,0,0,4,0,0,False
33,microsoft/azure-maven-plugins,aa6bedf642aa0eb91bd25cd08d474774e7b4255f,com/microsoft/azure/maven/webapp/handlers/HandlerFactoryImplTest.java,53,3,7,14,0.15,8,3,2,0,0,0,0,2,0,0,0,0,0,0,0,0,0,0,0,2,0,0,False
34,microsoft/azure-maven-plugins,aa6bedf642aa0eb91bd25cd08d474774e7b4255f,com/microsoft/azure/maven/webapp/handlers/JavaRuntimeHandlerImplTest.java,24,3,8,15,0.04,1,3,0,0,0,0,1,2,1,0,0,0,0,0,0,0,1,0,0,2,0,0,False
35,microsoft/azure-maven-plugins,aa6bedf642aa0eb91bd25cd08d474774e7b4255f,com/microsoft/azure/maven/webapp/handlers/LinuxRuntimeHandlerImplTest.java,20,2,5,15,0.05,1,2,0,0,0,0,0,1,0,0,0,0,0,0,0,0,0,0,0,1,0,0,False
36,microsoft/azure-maven-plugins,aa6bedf642aa0eb91bd25cd08d474774e7b4255f,com/microsoft/azure/maven/webapp/handlers/NullRuntimeHandlerImplTest.java,24,3,8,8,0.08,2,3,0,0,0,0,0,2,0,0,0,0,0,0,0,0,0,0,0,2,0,0,False
37,microsoft/azure-maven-plugins,aa6bedf642aa0eb91bd25cd08d474774e7b4255f,com/microsoft/azure/maven/webapp/handlers/PrivateDockerHubRuntimeHandlerImplTest.java,31,3,8,18,0.0,0,3,0,0,0,0,1,2,1,0,0,0,0,0,0,0,2,0,0,2,0,0,False
38,microsoft/azure-maven-plugins,aa6bedf642aa0eb91bd25cd08d474774e7b4255f,com/microsoft/azure/maven/webapp/handlers/PrivateRegistryRuntimeHandlerImplTest.java,31,3,8,18,0.0,0,3,0,0,0,0,1,2,1,0,0,0,0,0,0,0,2,0,0,2,0,0,False
39,microsoft/azure-maven-plugins,aa6bedf642aa0eb91bd25cd08d474774e7b4255f,com/microsoft/azure/maven/webapp/handlers/PublicDockerHubRuntimeHandlerImplTest.java,24,3,8,15,0.0,0,3,0,0,0,0,1,2,1,0,0,0,0,0,0,0,2,0,0,2,0,0,False
40,microsoft/azure-maven-plugins,aa6bedf642aa0eb91bd25cd08d474774e7b4255f,com/microsoft/azure/maven/webapp/handlers/SettingsHandlerImplTest.java,24,3,9,17,0.0,0,3,0,0,0,0,0,2,0,0,0,0,0,0,0,0,2,0,0,2,0,0,False
41,microsoft/azure-maven-plugins,aa6bedf642aa0eb91bd25cd08d474774e7b4255f,com/microsoft/azure/maven/webapp/handlers/WarArtifactHandlerImplTest.java,75,7,19,55,0.13,10,7,2,0,0,0,0,4,0,4,0,0,1,0,0,1,1,0,5,6,0,0,False
42,microsoft/azure-maven-plugins,baf2c6d177e52caf22187e02bfeeee3c1911c243,com/microsoft/azure/maven/appservice/AbstractAppServiceMojoTest.java,17,2,3,10,0.06,1,1,0,0,0,0,0,0,0,0,0,0,1,0,0,0,0,0,0,1,0,0,False
43,microsoft/azure-maven-plugins,baf2c6d177e52caf22187e02bfeeee3c1911c243,com/microsoft/azure/maven/function/AddMojoTest.java,44,7,15,24,0.11,5,7,1,0,0,0,0,4,0,0,0,0,0,0,0,0,0,2,0,4,0,0,False
44,microsoft/azure-maven-plugins,baf2c6d177e52caf22187e02bfeeee3c1911c243,com/microsoft/azure/maven/function/DeployMojoTest.java,18,3,7,8,0.22,4,3,1,0,0,0,0,0,1,0,0,0,0,0,0,0,0,0,0,1,0,0,False
45,microsoft/azure-maven-plugins,baf2c6d177e52caf22187e02bfeeee3c1911c243,com/microsoft/azure/maven/function/ListMojoTest.java,12,2,6,8,0.0,0,2,0,0,0,0,0,1,0,0,0,0,0,0,0,0,1,0,0,1,0,0,False
46,microsoft/azure-maven-plugins,baf2c6d177e52caf22187e02bfeeee3c1911c243,com/microsoft/azure/maven/function/PackageMojoTest.java,43,5,13,42,0.09,4,5,1,0,0,0,0,4,0,0,0,0,0,0,0,0,2,0,0,4,0,0,False
47,microsoft/azure-maven-plugins,baf2c6d177e52caf22187e02bfeeee3c1911c243,com/microsoft/azure/maven/function/RunMojoTest.java,57,8,21,61,0.07,4,8,1,0,0,0,0,7,0,0,0,0,0,0,0,0,1,0,0,7,0,0,False
48,microsoft/azure-maven-plugins,baf2c6d177e52caf22187e02bfeeee3c1911c243,com/microsoft/azure/maven/AbstractAzureMojoTest.java,85,14,29,43,0.26,22,13,3,0,0,0,0,10,0,0,0,0,0,0,0,0,1,0,0,12,0,0,False
49,microsoft/azure-maven-plugins,baf2c6d177e52caf22187e02bfeeee3c1911c243,com/microsoft/azure/maven/prompt/DefaultPrompterTest.java,54,13,27,17,0.22,12,13,8,4,0,0,0,12,0,0,0,0,0,0,0,4,1,0,0,12,0,0,False
50,microsoft/azure-maven-plugins,baf2c6d177e52caf22187e02bfeeee3c1911c243,com/microsoft/azure/maven/prompt/InputValidateResultTest.java,15,2,2,12,0.4,6,2,2,0,0,0,0,0,0,0,0,0,0,0,0,0,0,0,0,2,0,0,False
51,microsoft/azure-maven-plugins,baf2c6d177e52caf22187e02bfeeee3c1911c243,com/microsoft/azure/maven/prompt/SchemaValidatorTest.java,66,6,15,17,0.18,12,6,1,0,0,0,0,5,1,0,1,0,0,0,0,2,0,0,0,5,0,0,False
52,microsoft/azure-maven-plugins,baf2c6d177e52caf22187e02bfeeee3c1911c243,com/microsoft/azure/maven/utils/MavenUtilsTest.java,34,3,6,39,0.32,11,3,2,0,0,0,0,3,0,3,0,0,0,0,0,0,0,0,3,3,0,0,False
53,microsoft/azure-maven-plugins,baf2c6d177e52caf22187e02bfeeee3c1911c243,com/microsoft/azure/maven/utils/XmlUtilsTest.java,49,6,10,30,0.33,16,6,4,0,0,0,0,1,0,0,0,0,0,0,0,0,0,0,0,5,0,0,False
54,microsoft/azure-maven-plugins,baf2c6d177e52caf22187e02bfeeee3c1911c243,com/microsoft/azure/maven/springcloud/DeployMojoTest.java,16,1,3,8,0.13,2,1,1,0,0,0,0,1,0,0,0,0,0,0,0,0,0,0,0,1,0,0,False
55,microsoft/azure-maven-plugins,baf2c6d177e52caf22187e02bfeeee3c1911c243,com/microsoft/azure/maven/springcloud/TemplateUtilsTest.java,43,7,8,25,0.23,10,7,2,0,0,0,0,0,0,0,0,0,0,0,0,1,0,0,0,7,0,0,False
56,microsoft/azure-maven-plugins,baf2c6d177e52caf22187e02bfeeee3c1911c243,com/microsoft/azure/maven/springcloud/configuration/AppDeploymentMavenConfigTest.java,38,7,7,27,0.21,8,7,1,0,0,0,0,0,0,0,0,0,0,0,0,0,0,0,0,7,0,0,False
57,microsoft/azure-maven-plugins,baf2c6d177e52caf22187e02bfeeee3c1911c243,com/microsoft/azure/maven/springcloud/prompt/ConfigurationPrompterTest.java,183,16,37,75,0.09,16,16,8,1,0,0,0,14,12,0,0,0,2,0,0,7,1,0,1,15,0,0,False
58,microsoft/azure-maven-plugins,baf2c6d177e52caf22187e02bfeeee3c1911c243,com/microsoft/azure/maven/webapp/DeployMojoTest.java,53,7,16,37,0.34,18,5,3,0,0,0,0,3,0,0,0,0,0,0,0,0,0,0,0,3,0,0,False
59,microsoft/azure-maven-plugins,baf2c6d177e52caf22187e02bfeeee3c1911c243,com/microsoft/azure/maven/webapp/parser/ConfigParserTest.java,80,5,7,49,0.29,23,5,4,0,0,0,0,1,4,0,0,0,0,0,0,0,0,0,0,4,0,0,False
60,microsoft/azure-maven-plugins,baf2c6d177e52caf22187e02bfeeee3c1911c243,com/microsoft/azure/maven/webapp/utils/TestUtils.java,52,6,20,29,0.0,0,6,0,0,0,0,0,0,0,0,0,0,0,0,0,0,0,0,0,0,0,0,False
61,microsoft/azure-maven-plugins,175b3180324ed8be16eeaf998e0138dfa5ae1037,com/microsoft/azure/maven/appservice/AbstractAppServiceMojoTest.java,17,2,3,10,0.06,1,1,0,0,0,0,0,0,0,0,0,0,1,0,0,0,0,0,0,1,0,0,False
62,microsoft/azure-maven-plugins,175b3180324ed8be16eeaf998e0138dfa5ae1037,com/microsoft/azure/maven/function/AddMojoTest.java,44,7,15,24,0.11,5,7,1,0,0,0,0,4,0,0,0,0,0,0,0,0,0,2,0,4,0,0,False
63,microsoft/azure-maven-plugins,175b3180324ed8be16eeaf998e0138dfa5ae1037,com/microsoft/azure/maven/function/DeployMojoTest.java,18,3,7,8,0.22,4,3,1,0,0,0,0,0,1,0,0,0,0,0,0,0,0,0,0,1,0,0,False
64,microsoft/azure-maven-plugins,175b3180324ed8be16eeaf998e0138dfa5ae1037,com/microsoft/azure/maven/function/ListMojoTest.java,12,2,6,8,0.0,0,2,0,0,0,0,0,1,0,0,0,0,0,0,0,0,1,0,0,1,0,0,False
65,microsoft/azure-maven-plugins,175b3180324ed8be16eeaf998e0138dfa5ae1037,com/microsoft/azure/maven/function/PackageMojoTest.java,43,5,13,42,0.09,4,5,1,0,0,0,0,4,0,0,0,0,0,0,0,0,2,0,0,4,0,0,False
66,microsoft/azure-maven-plugins,175b3180324ed8be16eeaf998e0138dfa5ae1037,com/microsoft/azure/maven/function/RunMojoTest.java,57,8,21,61,0.07,4,8,1,0,0,0,0,7,0,0,0,0,0,0,0,0,1,0,0,7,0,0,False
67,microsoft/azure-maven-plugins,175b3180324ed8be16eeaf998e0138dfa5ae1037,com/microsoft/azure/maven/AbstractAzureMojoTest.java,85,14,29,43,0.26,22,13,3,0,0,0,0,10,0,0,0,0,0,0,0,0,1,0,0,12,0,0,False
68,microsoft/azure-maven-plugins,175b3180324ed8be16eeaf998e0138dfa5ae1037,com/microsoft/azure/maven/prompt/DefaultPrompterTest.java,54,13,27,17,0.22,12,13,8,4,0,0,0,12,0,0,0,0,0,0,0,4,1,0,0,12,0,0,False
69,microsoft/azure-maven-plugins,175b3180324ed8be16eeaf998e0138dfa5ae1037,com/microsoft/azure/maven/prompt/InputValidateResultTest.java,15,2,2,12,0.4,6,2,2,0,0,0,0,0,0,0,0,0,0,0,0,0,0,0,0,2,0,0,False
70,microsoft/azure-maven-plugins,175b3180324ed8be16eeaf998e0138dfa5ae1037,com/microsoft/azure/maven/prompt/SchemaValidatorTest.java,66,6,15,17,0.18,12,6,1,0,0,0,0,5,1,0,1,0,0,0,0,2,0,0,0,5,0,0,False
71,microsoft/azure-maven-plugins,175b3180324ed8be16eeaf998e0138dfa5ae1037,com/microsoft/azure/maven/utils/MavenUtilsTest.java,34,3,6,39,0.32,11,3,2,0,0,0,0,3,0,3,0,0,0,0,0,0,0,0,3,3,0,0,False
72,microsoft/azure-maven-plugins,175b3180324ed8be16eeaf998e0138dfa5ae1037,com/microsoft/azure/maven/utils/XmlUtilsTest.java,49,6,10,30,0.33,16,6,4,0,0,0,0,1,0,0,0,0,0,0,0,0,0,0,0,5,0,0,False
73,microsoft/azure-maven-plugins,175b3180324ed8be16eeaf998e0138dfa5ae1037,com/microsoft/azure/maven/springcloud/DeployMojoTest.java,16,1,3,8,0.13,2,1,1,0,0,0,0,1,0,0,0,0,0,0,0,0,0,0,0,1,0,0,False
74,microsoft/azure-maven-plugins,175b3180324ed8be16eeaf998e0138dfa5ae1037,com/microsoft/azure/maven/springcloud/TemplateUtilsTest.java,43,7,8,25,0.23,10,7,2,0,0,0,0,0,0,0,0,0,0,0,0,1,0,0,0,7,0,0,False
75,microsoft/azure-maven-plugins,175b3180324ed8be16eeaf998e0138dfa5ae1037,com/microsoft/azure/maven/springcloud/configuration/AppDeploymentMavenConfigTest.java,38,7,7,27,0.21,8,7,1,0,0,0,0,0,0,0,0,0,0,0,0,0,0,0,0,7,0,0,False
76,microsoft/azure-maven-plugins,175b3180324ed8be16eeaf998e0138dfa5ae1037,com/microsoft/azure/maven/springcloud/prompt/ConfigurationPrompterTest.java,185,16,37,75,0.09,16,16,8,1,0,0,0,14,15,0,0,0,2,0,0,7,1,0,1,15,0,0,False
77,microsoft/azure-maven-plugins,175b3180324ed8be16eeaf998e0138dfa5ae1037,com/microsoft/azure/maven/webapp/DeployMojoTest.java,53,7,16,37,0.34,18,5,3,0,0,0,0,3,0,0,0,0,0,0,0,0,0,0,0,3,0,0,False
78,microsoft/azure-maven-plugins,175b3180324ed8be16eeaf998e0138dfa5ae1037,com/microsoft/azure/maven/webapp/parser/ConfigParserTest.java,80,5,7,49,0.29,23,5,4,0,0,0,0,1,4,0,0,0,0,0,0,0,0,0,0,4,0,0,False
79,microsoft/azure-maven-plugins,175b3180324ed8be16eeaf998e0138dfa5ae1037,com/microsoft/azure/maven/webapp/utils/TestUtils.java,52,6,20,29,0.0,0,6,0,0,0,0,0,0,0,0,0,0,0,0,0,0,0,0,0,0,0,0,False
80,microsoft/azure-maven-plugins,874b7ec9c3156a38d10aa87799792278666a3955,com/microsoft/azure/maven/appservice/AbstractAppServiceMojoTest.java,17,2,3,10,0.06,1,1,0,0,0,0,0,0,0,0,0,0,1,0,0,0,0,0,0,1,0,0,False
81,microsoft/azure-maven-plugins,874b7ec9c3156a38d10aa87799792278666a3955,com/microsoft/azure/maven/function/AddMojoTest.java,44,7,15,24,0.11,5,7,1,0,0,0,0,4,0,0,0,0,0,0,0,0,0,2,0,4,0,0,False
82,microsoft/azure-maven-plugins,874b7ec9c3156a38d10aa87799792278666a3955,com/microsoft/azure/maven/function/DeployMojoTest.java,18,3,7,8,0.22,4,3,1,0,0,0,0,0,1,0,0,0,0,0,0,0,0,0,0,1,0,0,False
83,microsoft/azure-maven-plugins,874b7ec9c3156a38d10aa87799792278666a3955,com/microsoft/azure/maven/function/ListMojoTest.java,12,2,6,8,0.0,0,2,0,0,0,0,0,1,0,0,0,0,0,0,0,0,1,0,0,1,0,0,False
84,microsoft/azure-maven-plugins,874b7ec9c3156a38d10aa87799792278666a3955,com/microsoft/azure/maven/function/PackageMojoTest.java,43,5,13,42,0.09,4,5,1,0,0,0,0,4,0,0,0,0,0,0,0,0,2,0,0,4,0,0,False
85,microsoft/azure-maven-plugins,874b7ec9c3156a38d10aa87799792278666a3955,com/microsoft/azure/maven/function/RunMojoTest.java,57,8,21,61,0.07,4,8,1,0,0,0,0,7,0,0,0,0,0,0,0,0,1,0,0,7,0,0,False
86,microsoft/azure-maven-plugins,874b7ec9c3156a38d10aa87799792278666a3955,com/microsoft/azure/maven/AbstractAzureMojoTest.java,85,14,29,43,0.26,22,13,3,0,0,0,0,10,0,0,0,0,0,0,0,0,1,0,0,12,0,0,False
87,microsoft/azure-maven-plugins,874b7ec9c3156a38d10aa87799792278666a3955,com/microsoft/azure/maven/prompt/DefaultPrompterTest.java,54,13,27,17,0.22,12,13,8,4,0,0,0,12,0,0,0,0,0,0,0,4,1,0,0,12,0,0,False
88,microsoft/azure-maven-plugins,874b7ec9c3156a38d10aa87799792278666a3955,com/microsoft/azure/maven/prompt/InputValidateResultTest.java,15,2,2,12,0.4,6,2,2,0,0,0,0,0,0,0,0,0,0,0,0,0,0,0,0,2,0,0,False
89,microsoft/azure-maven-plugins,874b7ec9c3156a38d10aa87799792278666a3955,com/microsoft/azure/maven/prompt/SchemaValidatorTest.java,66,6,15,17,0.18,12,6,1,0,0,0,0,5,1,0,1,0,0,0,0,2,0,0,0,5,0,0,False
90,microsoft/azure-maven-plugins,874b7ec9c3156a38d10aa87799792278666a3955,com/microsoft/azure/maven/utils/MavenUtilsTest.java,34,3,6,39,0.32,11,3,2,0,0,0,0,3,0,3,0,0,0,0,0,0,0,0,3,3,0,0,False
91,microsoft/azure-maven-plugins,874b7ec9c3156a38d10aa87799792278666a3955,com/microsoft/azure/maven/utils/TemplateUtilsTest.java,54,8,10,28,0.19,10,8,2,0,0,0,0,1,0,0,0,0,0,0,0,1,0,0,0,8,0,0,False
92,microsoft/azure-maven-plugins,874b7ec9c3156a38d10aa87799792278666a3955,com/microsoft/azure/maven/utils/XmlUtilsTest.java,49,6,10,30,0.33,16,6,4,0,0,0,0,1,0,0,0,0,0,0,0,0,0,0,0,5,0,0,False
93,microsoft/azure-maven-plugins,874b7ec9c3156a38d10aa87799792278666a3955,com/microsoft/azure/maven/springcloud/DeployMojoTest.java,16,1,3,8,0.13,2,1,1,0,0,0,0,1,0,0,0,0,0,0,0,0,0,0,0,1,0,0,False
94,microsoft/azure-maven-plugins,874b7ec9c3156a38d10aa87799792278666a3955,com/microsoft/azure/maven/springcloud/configuration/AppDeploymentMavenConfigTest.java,38,7,7,27,0.21,8,7,1,0,0,0,0,0,0,0,0,0,0,0,0,0,0,0,0,7,0,0,False
95,microsoft/azure-maven-plugins,874b7ec9c3156a38d10aa87799792278666a3955,com/microsoft/azure/maven/springcloud/prompt/ConfigurationPrompterTest.java,185,16,37,75,0.09,16,16,8,1,0,0,0,14,15,0,0,0,2,0,0,7,1,0,1,15,0,0,False
96,microsoft/azure-maven-plugins,874b7ec9c3156a38d10aa87799792278666a3955,com/microsoft/azure/maven/webapp/DeployMojoTest.java,53,7,16,36,0.34,18,5,3,0,0,0,0,3,0,0,0,0,0,0,0,0,0,0,0,3,0,0,False
97,microsoft/azure-maven-plugins,874b7ec9c3156a38d10aa87799792278666a3955,com/microsoft/azure/maven/webapp/parser/ConfigParserTest.java,80,5,7,49,0.29,23,5,4,0,0,0,0,1,4,0,0,0,0,0,0,0,0,0,0,4,0,0,False
98,microsoft/azure-maven-plugins,874b7ec9c3156a38d10aa87799792278666a3955,com/microsoft/azure/maven/webapp/utils/TestUtils.java,52,6,20,29,0.0,0,6,0,0,0,0,0,0,0,0,0,0,0,0,0,0,0,0,0,0,0,0,False
99,microsoft/azure-maven-plugins,0bd51ab1da4f1ac3d39c9b8cfdf15feb5c40ab98,com/microsoft/azure/maven/appservice/AbstractAppServiceMojoTest.java,17,2,3,10,0.06,1,1,0,0,0,0,0,0,0,0,0,0,1,0,0,0,0,0,0,1,0,0,False
100,microsoft/azure-maven-plugins,0bd51ab1da4f1ac3d39c9b8cfdf15feb5c40ab98,com/microsoft/azure/maven/function/AddMojoTest.java,44,7,15,24,0.11,5,7,1,0,0,0,0,4,0,0,0,0,0,0,0,0,0,2,0,4,0,0,False
101,microsoft/azure-maven-plugins,0bd51ab1da4f1ac3d39c9b8cfdf15feb5c40ab98,com/microsoft/azure/maven/function/DeployMojoTest.java,18,3,7,8,0.22,4,3,1,0,0,0,0,0,1,0,0,0,0,0,0,0,0,0,0,1,0,0,False
102,microsoft/azure-maven-plugins,0bd51ab1da4f1ac3d39c9b8cfdf15feb5c40ab98,com/microsoft/azure/maven/function/ListMojoTest.java,12,2,6,8,0.0,0,2,0,0,0,0,0,1,0,0,0,0,0,0,0,0,1,0,0,1,0,0,False
103,microsoft/azure-maven-plugins,0bd51ab1da4f1ac3d39c9b8cfdf15feb5c40ab98,com/microsoft/azure/maven/function/PackageMojoTest.java,42,5,13,41,0.1,4,5,1,0,0,0,0,4,0,0,0,0,0,0,0,0,2,0,0,4,0,0,False
104,microsoft/azure-maven-plugins,0bd51ab1da4f1ac3d39c9b8cfdf15feb5c40ab98,com/microsoft/azure/maven/function/RunMojoTest.java,57,8,20,60,0.07,4,8,1,0,0,0,0,7,0,0,0,0,0,0,0,0,1,0,0,7,0,0,False
105,microsoft/azure-maven-plugins,0bd51ab1da4f1ac3d39c9b8cfdf15feb5c40ab98,com/microsoft/azure/maven/AbstractAzureMojoTest.java,85,14,29,43,0.26,22,13,3,0,0,0,0,10,0,0,0,0,0,0,0,0,1,0,0,12,0,0,False
106,microsoft/azure-maven-plugins,0bd51ab1da4f1ac3d39c9b8cfdf15feb5c40ab98,com/microsoft/azure/maven/prompt/DefaultPrompterTest.java,54,13,27,17,0.22,12,13,8,4,0,0,0,12,0,0,0,0,0,0,0,4,1,0,0,12,0,0,False
107,microsoft/azure-maven-plugins,0bd51ab1da4f1ac3d39c9b8cfdf15feb5c40ab98,com/microsoft/azure/maven/prompt/InputValidateResultTest.java,15,2,2,12,0.4,6,2,2,0,0,0,0,0,0,0,0,0,0,0,0,0,0,0,0,2,0,0,False
108,microsoft/azure-maven-plugins,0bd51ab1da4f1ac3d39c9b8cfdf15feb5c40ab98,com/microsoft/azure/maven/prompt/SchemaValidatorTest.java,66,6,15,17,0.18,12,6,1,0,0,0,0,5,1,0,1,0,0,0,0,2,0,0,0,5,0,0,False
109,microsoft/azure-maven-plugins,0bd51ab1da4f1ac3d39c9b8cfdf15feb5c40ab98,com/microsoft/azure/maven/utils/MavenUtilsTest.java,34,3,6,39,0.32,11,3,2,0,0,0,0,3,0,3,0,0,0,0,0,0,0,0,3,3,0,0,False
110,microsoft/azure-maven-plugins,0bd51ab1da4f1ac3d39c9b8cfdf15feb5c40ab98,com/microsoft/azure/maven/utils/TemplateUtilsTest.java,54,8,10,28,0.19,10,8,2,0,0,0,0,1,0,0,0,0,0,0,0,1,0,0,0,8,0,0,False
111,microsoft/azure-maven-plugins,0bd51ab1da4f1ac3d39c9b8cfdf15feb5c40ab98,com/microsoft/azure/maven/utils/XmlUtilsTest.java,49,6,10,30,0.33,16,6,4,0,0,0,0,1,0,0,0,0,0,0,0,0,0,0,0,5,0,0,False
112,microsoft/azure-maven-plugins,0bd51ab1da4f1ac3d39c9b8cfdf15feb5c40ab98,com/microsoft/azure/maven/springcloud/DeployMojoTest.java,16,1,3,8,0.13,2,1,1,0,0,0,0,1,0,0,0,0,0,0,0,0,0,0,0,1,0,0,False
113,microsoft/azure-maven-plugins,0bd51ab1da4f1ac3d39c9b8cfdf15feb5c40ab98,com/microsoft/azure/maven/springcloud/configuration/AppDeploymentMavenConfigTest.java,38,7,7,27,0.21,8,7,1,0,0,0,0,0,0,0,0,0,0,0,0,0,0,0,0,7,0,0,False
114,microsoft/azure-maven-plugins,0bd51ab1da4f1ac3d39c9b8cfdf15feb5c40ab98,com/microsoft/azure/maven/springcloud/prompt/ConfigurationPrompterTest.java,185,16,37,75,0.09,16,16,8,1,0,0,0,14,15,0,0,0,2,0,0,7,1,0,1,15,0,0,False
115,microsoft/azure-maven-plugins,0bd51ab1da4f1ac3d39c9b8cfdf15feb5c40ab98,com/microsoft/azure/maven/webapp/DeployMojoTest.java,53,7,16,36,0.34,18,5,3,0,0,0,0,3,0,0,0,0,0,0,0,0,0,0,0,3,0,0,False
116,microsoft/azure-maven-plugins,0bd51ab1da4f1ac3d39c9b8cfdf15feb5c40ab98,com/microsoft/azure/maven/webapp/parser/ConfigParserTest.java,80,5,7,49,0.29,23,5,4,0,0,0,0,1,4,0,0,0,0,0,0,0,0,0,0,4,0,0,False
117,microsoft/azure-maven-plugins,0bd51ab1da4f1ac3d39c9b8cfdf15feb5c40ab98,com/microsoft/azure/maven/webapp/utils/TestUtils.java,52,6,20,29,0.0,0,6,0,0,0,0,0,0,0,0,0,0,0,0,0,0,0,0,0,0,0,0,False
118,microsoft/azure-maven-plugins,e7936823df6c477575bbca3801b76d2f4da8ea82,com/microsoft/azure/maven/appservice/AbstractAppServiceMojoTest.java,17,2,3,10,0.06,1,1,0,0,0,0,0,0,0,0,0,0,1,0,0,0,0,0,0,1,0,0,False
119,microsoft/azure-maven-plugins,e7936823df6c477575bbca3801b76d2f4da8ea82,com/microsoft/azure/maven/function/AddMojoTest.java,44,7,15,24,0.11,5,7,1,0,0,0,0,4,0,0,0,0,0,0,0,0,0,2,0,4,0,0,False
120,microsoft/azure-maven-plugins,e7936823df6c477575bbca3801b76d2f4da8ea82,com/microsoft/azure/maven/function/DeployMojoTest.java,18,3,7,8,0.22,4,3,1,0,0,0,0,0,1,0,0,0,0,0,0,0,0,0,0,1,0,0,False
121,microsoft/azure-maven-plugins,e7936823df6c477575bbca3801b76d2f4da8ea82,com/microsoft/azure/maven/function/ListMojoTest.java,12,2,6,8,0.0,0,2,0,0,0,0,0,1,0,0,0,0,0,0,0,0,1,0,0,1,0,0,False
122,microsoft/azure-maven-plugins,e7936823df6c477575bbca3801b76d2f4da8ea82,com/microsoft/azure/maven/function/PackageMojoTest.java,42,5,13,41,0.1,4,5,1,0,0,0,0,4,0,0,0,0,0,0,0,0,2,0,0,4,0,0,False
123,microsoft/azure-maven-plugins,e7936823df6c477575bbca3801b76d2f4da8ea82,com/microsoft/azure/maven/function/RunMojoTest.java,57,8,20,60,0.07,4,8,1,0,0,0,0,7,0,0,0,0,0,0,0,0,1,0,0,7,0,0,False
124,microsoft/azure-maven-plugins,e7936823df6c477575bbca3801b76d2f4da8ea82,com/microsoft/azure/maven/AbstractAzureMojoTest.java,85,14,29,43,0.26,22,13,3,0,0,0,0,10,0,0,0,0,0,0,0,0,1,0,0,12,0,0,False
125,microsoft/azure-maven-plugins,e7936823df6c477575bbca3801b76d2f4da8ea82,com/microsoft/azure/maven/prompt/DefaultPrompterTest.java,54,13,27,17,0.22,12,13,8,4,0,0,0,12,0,0,0,0,0,0,0,4,1,0,0,12,0,0,False
126,microsoft/azure-maven-plugins,e7936823df6c477575bbca3801b76d2f4da8ea82,com/microsoft/azure/maven/prompt/InputValidateResultTest.java,15,2,2,12,0.4,6,2,2,0,0,0,0,0,0,0,0,0,0,0,0,0,0,0,0,2,0,0,False
127,microsoft/azure-maven-plugins,e7936823df6c477575bbca3801b76d2f4da8ea82,com/microsoft/azure/maven/prompt/SchemaValidatorTest.java,66,6,15,17,0.18,12,6,1,0,0,0,0,5,1,0,1,0,0,0,0,2,0,0,0,5,0,0,False
128,microsoft/azure-maven-plugins,e7936823df6c477575bbca3801b76d2f4da8ea82,com/microsoft/azure/maven/utils/MavenUtilsTest.java,34,3,6,39,0.32,11,3,2,0,0,0,0,3,0,3,0,0,0,0,0,0,0,0,3,3,0,0,False
129,microsoft/azure-maven-plugins,e7936823df6c477575bbca3801b76d2f4da8ea82,com/microsoft/azure/maven/utils/TemplateUtilsTest.java,54,8,10,28,0.19,10,8,2,0,0,0,0,1,0,0,0,0,0,0,0,1,0,0,0,8,0,0,False
130,microsoft/azure-maven-plugins,e7936823df6c477575bbca3801b76d2f4da8ea82,com/microsoft/azure/maven/utils/XmlUtilsTest.java,49,6,10,30,0.33,16,6,4,0,0,0,0,1,0,0,0,0,0,0,0,0,0,0,0,5,0,0,False
131,microsoft/azure-maven-plugins,e7936823df6c477575bbca3801b76d2f4da8ea82,com/microsoft/azure/maven/springcloud/DeployMojoTest.java,16,1,3,8,0.13,2,1,1,0,0,0,0,1,0,0,0,0,0,0,0,0,0,0,0,1,0,0,False
132,microsoft/azure-maven-plugins,e7936823df6c477575bbca3801b76d2f4da8ea82,com/microsoft/azure/maven/springcloud/configuration/AppDeploymentMavenConfigTest.java,38,7,7,27,0.21,8,7,1,0,0,0,0,0,0,0,0,0,0,0,0,0,0,0,0,7,0,0,False
133,microsoft/azure-maven-plugins,e7936823df6c477575bbca3801b76d2f4da8ea82,com/microsoft/azure/maven/springcloud/prompt/ConfigurationPrompterTest.java,185,16,37,75,0.09,16,16,8,1,0,0,0,14,15,0,0,0,2,0,0,7,1,0,1,15,0,0,False
134,microsoft/azure-maven-plugins,e7936823df6c477575bbca3801b76d2f4da8ea82,com/microsoft/azure/maven/webapp/DeployMojoTest.java,53,7,16,36,0.34,18,5,3,0,0,0,0,3,0,0,0,0,0,0,0,0,0,0,0,3,0,0,False
135,microsoft/azure-maven-plugins,e7936823df6c477575bbca3801b76d2f4da8ea82,com/microsoft/azure/maven/webapp/parser/ConfigParserTest.java,80,5,7,49,0.29,23,5,4,0,0,0,0,1,4,0,0,0,0,0,0,0,0,0,0,4,0,0,False
136,microsoft/azure-maven-plugins,e7936823df6c477575bbca3801b76d2f4da8ea82,com/microsoft/azure/maven/webapp/utils/TestUtils.java,52,6,20,29,0.0,0,6,0,0,0,0,0,0,0,0,0,0,0,0,0,0,0,0,0,0,0,0,False
137,microsoft/azure-maven-plugins,4b7d143f1875359b58b5f85e2134c3f4909264e1,com/microsoft/azure/maven/function/AddMojoTest.java,44,7,15,24,0.11,5,7,1,0,0,0,0,4,0,0,0,0,0,0,0,0,0,2,0,4,0,0,False
138,microsoft/azure-maven-plugins,4b7d143f1875359b58b5f85e2134c3f4909264e1,com/microsoft/azure/maven/function/DeployMojoTest.java,18,3,7,8,0.22,4,3,1,0,0,0,0,0,1,0,0,0,0,0,0,0,0,0,0,1,0,0,False
139,microsoft/azure-maven-plugins,4b7d143f1875359b58b5f85e2134c3f4909264e1,com/microsoft/azure/maven/function/ListMojoTest.java,12,2,6,8,0.0,0,2,0,0,0,0,0,1,0,0,0,0,0,0,0,0,1,0,0,1,0,0,False
140,microsoft/azure-maven-plugins,4b7d143f1875359b58b5f85e2134c3f4909264e1,com/microsoft/azure/maven/function/PackageMojoTest.java,42,5,13,41,0.1,4,5,1,0,0,0,0,4,0,0,0,0,0,0,0,0,2,0,0,4,0,0,False
141,microsoft/azure-maven-plugins,4b7d143f1875359b58b5f85e2134c3f4909264e1,com/microsoft/azure/maven/function/RunMojoTest.java,57,8,20,60,0.07,4,8,1,0,0,0,0,7,0,0,0,0,0,0,0,0,1,0,0,7,0,0,False
142,microsoft/azure-maven-plugins,4b7d143f1875359b58b5f85e2134c3f4909264e1,com/microsoft/azure/maven/AbstractAppServiceMojoTest.java,17,2,3,10,0.06,1,1,0,0,0,0,0,0,0,0,0,0,1,0,0,0,0,0,0,1,0,0,False
143,microsoft/azure-maven-plugins,4b7d143f1875359b58b5f85e2134c3f4909264e1,com/microsoft/azure/maven/AbstractAzureMojoTest.java,85,14,29,43,0.26,22,13,3,0,0,0,0,10,0,0,0,0,0,0,0,0,1,0,0,12,0,0,False
144,microsoft/azure-maven-plugins,4b7d143f1875359b58b5f85e2134c3f4909264e1,com/microsoft/azure/maven/prompt/DefaultPrompterTest.java,54,13,27,17,0.22,12,13,8,4,0,0,0,12,0,0,0,0,0,0,0,4,1,0,0,12,0,0,False
145,microsoft/azure-maven-plugins,4b7d143f1875359b58b5f85e2134c3f4909264e1,com/microsoft/azure/maven/prompt/InputValidateResultTest.java,15,2,2,12,0.4,6,2,2,0,0,0,0,0,0,0,0,0,0,0,0,0,0,0,0,2,0,0,False
146,microsoft/azure-maven-plugins,4b7d143f1875359b58b5f85e2134c3f4909264e1,com/microsoft/azure/maven/prompt/SchemaValidatorTest.java,66,6,15,17,0.18,12,6,1,0,0,0,0,5,1,0,1,0,0,0,0,2,0,0,0,5,0,0,False
147,microsoft/azure-maven-plugins,4b7d143f1875359b58b5f85e2134c3f4909264e1,com/microsoft/azure/maven/utils/MavenUtilsTest.java,34,3,6,39,0.32,11,3,2,0,0,0,0,3,0,3,0,0,0,0,0,0,0,0,3,3,0,0,False
148,microsoft/azure-maven-plugins,4b7d143f1875359b58b5f85e2134c3f4909264e1,com/microsoft/azure/maven/utils/TemplateUtilsTest.java,54,8,10,28,0.19,10,8,2,0,0,0,0,1,0,0,0,0,0,0,0,1,0,0,0,8,0,0,False
149,microsoft/azure-maven-plugins,4b7d143f1875359b58b5f85e2134c3f4909264e1,com/microsoft/azure/maven/utils/XmlUtilsTest.java,49,6,10,30,0.33,16,6,4,0,0,0,0,1,0,0,0,0,0,0,0,0,0,0,0,5,0,0,False
150,microsoft/azure-maven-plugins,4b7d143f1875359b58b5f85e2134c3f4909264e1,com/microsoft/azure/maven/webapp/DeployMojoTest.java,51,7,16,36,0.31,16,5,3,0,0,0,0,3,0,0,0,0,0,0,0,0,0,0,0,3,0,0,False
151,microsoft/azure-maven-plugins,4b7d143f1875359b58b5f85e2134c3f4909264e1,com/microsoft/azure/maven/webapp/parser/ConfigParserTest.java,80,5,7,49,0.29,23,5,4,0,0,0,0,1,4,0,0,0,0,0,0,0,0,0,0,4,0,0,False
152,microsoft/azure-maven-plugins,4b7d143f1875359b58b5f85e2134c3f4909264e1,com/microsoft/azure/maven/webapp/utils/TestUtils.java,52,6,20,29,0.0,0,6,0,0,0,0,0,0,0,0,0,0,0,0,0,0,0,0,0,0,0,0,False
153,microsoft/azure-maven-plugins,499009279334c7c6685ba33ba6f02b7b68f5ddf8,com/microsoft/azure/maven/function/AddMojoTest.java,44,7,15,24,0.11,5,7,1,0,0,0,0,4,0,0,0,0,0,0,0,0,0,2,0,4,0,0,False
154,microsoft/azure-maven-plugins,499009279334c7c6685ba33ba6f02b7b68f5ddf8,com/microsoft/azure/maven/function/DeployMojoTest.java,18,3,7,8,0.22,4,3,1,0,0,0,0,0,1,0,0,0,0,0,0,0,0,0,0,1,0,0,False
155,microsoft/azure-maven-plugins,499009279334c7c6685ba33ba6f02b7b68f5ddf8,com/microsoft/azure/maven/function/ListMojoTest.java,12,2,6,8,0.0,0,2,0,0,0,0,0,1,0,0,0,0,0,0,0,0,1,0,0,1,0,0,False
156,microsoft/azure-maven-plugins,499009279334c7c6685ba33ba6f02b7b68f5ddf8,com/microsoft/azure/maven/function/PackageMojoTest.java,42,5,13,41,0.1,4,5,1,0,0,0,0,4,0,0,0,0,0,0,0,0,2,0,0,4,0,0,False
157,microsoft/azure-maven-plugins,499009279334c7c6685ba33ba6f02b7b68f5ddf8,com/microsoft/azure/maven/function/RunMojoTest.java,57,8,20,60,0.07,4,8,1,0,0,0,0,7,0,0,0,0,0,0,0,0,1,0,0,7,0,0,False
158,microsoft/azure-maven-plugins,499009279334c7c6685ba33ba6f02b7b68f5ddf8,com/microsoft/azure/maven/AbstractAppServiceMojoTest.java,17,2,3,10,0.06,1,1,0,0,0,0,0,0,0,0,0,0,1,0,0,0,0,0,0,1,0,0,False
159,microsoft/azure-maven-plugins,499009279334c7c6685ba33ba6f02b7b68f5ddf8,com/microsoft/azure/maven/AbstractAzureMojoTest.java,85,14,29,43,0.26,22,13,3,0,0,0,0,10,0,0,0,0,0,0,0,0,1,0,0,12,0,0,False
160,microsoft/azure-maven-plugins,499009279334c7c6685ba33ba6f02b7b68f5ddf8,com/microsoft/azure/maven/prompt/DefaultPrompterTest.java,54,13,27,17,0.22,12,13,8,4,0,0,0,12,0,0,0,0,0,0,0,4,1,0,0,12,0,0,False
161,microsoft/azure-maven-plugins,499009279334c7c6685ba33ba6f02b7b68f5ddf8,com/microsoft/azure/maven/prompt/InputValidateResultTest.java,15,2,2,12,0.4,6,2,2,0,0,0,0,0,0,0,0,0,0,0,0,0,0,0,0,2,0,0,False
162,microsoft/azure-maven-plugins,499009279334c7c6685ba33ba6f02b7b68f5ddf8,com/microsoft/azure/maven/prompt/SchemaValidatorTest.java,66,6,15,17,0.18,12,6,1,0,0,0,0,5,1,0,1,0,0,0,0,2,0,0,0,5,0,0,False
163,microsoft/azure-maven-plugins,499009279334c7c6685ba33ba6f02b7b68f5ddf8,com/microsoft/azure/maven/utils/MavenUtilsTest.java,34,3,6,39,0.32,11,3,2,0,0,0,0,3,0,3,0,0,0,0,0,0,0,0,3,3,0,0,False
164,microsoft/azure-maven-plugins,499009279334c7c6685ba33ba6f02b7b68f5ddf8,com/microsoft/azure/maven/utils/TemplateUtilsTest.java,54,8,10,28,0.19,10,8,2,0,0,0,0,1,0,0,0,0,0,0,0,1,0,0,0,8,0,0,False
165,microsoft/azure-maven-plugins,499009279334c7c6685ba33ba6f02b7b68f5ddf8,com/microsoft/azure/maven/utils/XmlUtilsTest.java,49,6,10,30,0.33,16,6,4,0,0,0,0,1,0,0,0,0,0,0,0,0,0,0,0,5,0,0,False
166,microsoft/azure-maven-plugins,499009279334c7c6685ba33ba6f02b7b68f5ddf8,com/microsoft/azure/maven/webapp/DeployMojoTest.java,51,7,16,36,0.31,16,5,3,0,0,0,0,3,0,0,0,0,0,0,0,0,0,0,0,3,0,0,False
167,microsoft/azure-maven-plugins,499009279334c7c6685ba33ba6f02b7b68f5ddf8,com/microsoft/azure/maven/webapp/parser/ConfigParserTest.java,80,5,7,49,0.29,23,5,4,0,0,0,0,1,4,0,0,0,0,0,0,0,0,0,0,4,0,0,False
168,microsoft/azure-maven-plugins,499009279334c7c6685ba33ba6f02b7b68f5ddf8,com/microsoft/azure/maven/webapp/utils/TestUtils.java,52,6,20,29,0.0,0,6,0,0,0,0,0,0,0,0,0,0,0,0,0,0,0,0,0,0,0,0,False
169,microsoft/azure-maven-plugins,4d8c96fd51cbf5e356c48e47642f2ed67b747527,com/microsoft/azure/maven/function/AddMojoTest.java,44,7,15,24,0.11,5,7,1,0,0,0,0,4,0,0,0,0,0,0,0,0,0,2,0,4,0,0,False
170,microsoft/azure-maven-plugins,4d8c96fd51cbf5e356c48e47642f2ed67b747527,com/microsoft/azure/maven/function/DeployMojoTest.java,18,3,7,8,0.22,4,3,1,0,0,0,0,0,1,0,0,0,0,0,0,0,0,0,0,1,0,0,False
171,microsoft/azure-maven-plugins,4d8c96fd51cbf5e356c48e47642f2ed67b747527,com/microsoft/azure/maven/function/ListMojoTest.java,12,2,6,8,0.0,0,2,0,0,0,0,0,1,0,0,0,0,0,0,0,0,1,0,0,1,0,0,False
172,microsoft/azure-maven-plugins,4d8c96fd51cbf5e356c48e47642f2ed67b747527,com/microsoft/azure/maven/function/PackageMojoTest.java,42,5,13,41,0.1,4,5,1,0,0,0,0,4,0,0,0,0,0,0,0,0,2,0,0,4,0,0,False
173,microsoft/azure-maven-plugins,4d8c96fd51cbf5e356c48e47642f2ed67b747527,com/microsoft/azure/maven/function/RunMojoTest.java,57,8,20,60,0.07,4,8,1,0,0,0,0,7,0,0,0,0,0,0,0,0,1,0,0,7,0,0,False
174,microsoft/azure-maven-plugins,4d8c96fd51cbf5e356c48e47642f2ed67b747527,com/microsoft/azure/maven/AbstractAppServiceMojoTest.java,17,2,3,10,0.06,1,1,0,0,0,0,0,0,0,0,0,0,1,0,0,0,0,0,0,1,0,0,False
175,microsoft/azure-maven-plugins,4d8c96fd51cbf5e356c48e47642f2ed67b747527,com/microsoft/azure/maven/AbstractAzureMojoTest.java,85,14,29,43,0.26,22,13,3,0,0,0,0,10,0,0,0,0,0,0,0,0,1,0,0,12,0,0,False
176,microsoft/azure-maven-plugins,4d8c96fd51cbf5e356c48e47642f2ed67b747527,com/microsoft/azure/maven/prompt/DefaultPrompterTest.java,54,13,27,17,0.22,12,13,8,4,0,0,0,12,0,0,0,0,0,0,0,4,1,0,0,12,0,0,False
177,microsoft/azure-maven-plugins,4d8c96fd51cbf5e356c48e47642f2ed67b747527,com/microsoft/azure/maven/prompt/InputValidateResultTest.java,15,2,2,12,0.4,6,2,2,0,0,0,0,0,0,0,0,0,0,0,0,0,0,0,0,2,0,0,False
178,microsoft/azure-maven-plugins,4d8c96fd51cbf5e356c48e47642f2ed67b747527,com/microsoft/azure/maven/prompt/SchemaValidatorTest.java,66,6,15,17,0.18,12,6,1,0,0,0,0,5,1,0,1,0,0,0,0,2,0,0,0,5,0,0,False
179,microsoft/azure-maven-plugins,4d8c96fd51cbf5e356c48e47642f2ed67b747527,com/microsoft/azure/maven/utils/MavenUtilsTest.java,34,3,6,39,0.32,11,3,2,0,0,0,0,3,0,3,0,0,0,0,0,0,0,0,3,3,0,0,False
180,microsoft/azure-maven-plugins,4d8c96fd51cbf5e356c48e47642f2ed67b747527,com/microsoft/azure/maven/utils/TemplateUtilsTest.java,54,8,10,28,0.19,10,8,2,0,0,0,0,1,0,0,0,0,0,0,0,1,0,0,0,8,0,0,False
181,microsoft/azure-maven-plugins,4d8c96fd51cbf5e356c48e47642f2ed67b747527,com/microsoft/azure/maven/utils/XmlUtilsTest.java,49,6,10,30,0.33,16,6,4,0,0,0,0,1,0,0,0,0,0,0,0,0,0,0,0,5,0,0,False
182,microsoft/azure-maven-plugins,4d8c96fd51cbf5e356c48e47642f2ed67b747527,com/microsoft/azure/maven/webapp/DeployMojoTest.java,53,7,16,37,0.34,18,5,3,0,0,0,0,3,0,0,0,0,0,0,0,0,0,0,0,3,0,0,False
183,microsoft/azure-maven-plugins,4d8c96fd51cbf5e356c48e47642f2ed67b747527,com/microsoft/azure/maven/webapp/parser/ConfigParserTest.java,80,5,7,49,0.29,23,5,4,0,0,0,0,1,4,0,0,0,0,0,0,0,0,0,0,4,0,0,False
184,microsoft/azure-maven-plugins,4d8c96fd51cbf5e356c48e47642f2ed67b747527,com/microsoft/azure/maven/webapp/utils/TestUtils.java,52,6,20,29,0.0,0,6,0,0,0,0,0,0,0,0,0,0,0,0,0,0,0,0,0,0,0,0,False
185,microsoft/azure-maven-plugins,8bec9377229474d4a71c261b9337caa5973ee132,com/microsoft/azure/maven/function/AddMojoTest.java,44,7,15,24,0.11,5,7,1,0,0,0,0,4,0,0,0,0,0,0,0,0,0,2,0,4,0,0,False
186,microsoft/azure-maven-plugins,8bec9377229474d4a71c261b9337caa5973ee132,com/microsoft/azure/maven/function/DeployMojoTest.java,18,3,7,8,0.22,4,3,1,0,0,0,0,0,1,0,0,0,0,0,0,0,0,0,0,1,0,0,False
187,microsoft/azure-maven-plugins,8bec9377229474d4a71c261b9337caa5973ee132,com/microsoft/azure/maven/function/ListMojoTest.java,12,2,6,8,0.0,0,2,0,0,0,0,0,1,0,0,0,0,0,0,0,0,1,0,0,1,0,0,False
188,microsoft/azure-maven-plugins,8bec9377229474d4a71c261b9337caa5973ee132,com/microsoft/azure/maven/function/PackageMojoTest.java,42,5,13,41,0.1,4,5,1,0,0,0,0,4,0,0,0,0,0,0,0,0,2,0,0,4,0,0,False
189,microsoft/azure-maven-plugins,8bec9377229474d4a71c261b9337caa5973ee132,com/microsoft/azure/maven/function/RunMojoTest.java,57,8,20,60,0.07,4,8,1,0,0,0,0,7,0,0,0,0,0,0,0,0,1,0,0,7,0,0,False
190,microsoft/azure-maven-plugins,8bec9377229474d4a71c261b9337caa5973ee132,com/microsoft/azure/maven/AbstractAppServiceMojoTest.java,17,2,3,10,0.06,1,1,0,0,0,0,0,0,0,0,0,0,1,0,0,0,0,0,0,1,0,0,False
191,microsoft/azure-maven-plugins,8bec9377229474d4a71c261b9337caa5973ee132,com/microsoft/azure/maven/AbstractAzureMojoTest.java,85,14,29,43,0.26,22,13,3,0,0,0,0,10,0,0,0,0,0,0,0,0,1,0,0,12,0,0,False
192,microsoft/azure-maven-plugins,8bec9377229474d4a71c261b9337caa5973ee132,com/microsoft/azure/maven/prompt/DefaultPrompterTest.java,54,13,27,17,0.22,12,13,8,4,0,0,0,12,0,0,0,0,0,0,0,4,1,0,0,12,0,0,False
193,microsoft/azure-maven-plugins,8bec9377229474d4a71c261b9337caa5973ee132,com/microsoft/azure/maven/prompt/InputValidateResultTest.java,15,2,2,12,0.4,6,2,2,0,0,0,0,0,0,0,0,0,0,0,0,0,0,0,0,2,0,0,False
194,microsoft/azure-maven-plugins,8bec9377229474d4a71c261b9337caa5973ee132,com/microsoft/azure/maven/prompt/SchemaValidatorTest.java,66,6,15,17,0.18,12,6,1,0,0,0,0,5,1,0,1,0,0,0,0,2,0,0,0,5,0,0,False
195,microsoft/azure-maven-plugins,8bec9377229474d4a71c261b9337caa5973ee132,com/microsoft/azure/maven/utils/MavenUtilsTest.java,34,3,6,39,0.32,11,3,2,0,0,0,0,3,0,3,0,0,0,0,0,0,0,0,3,3,0,0,False
196,microsoft/azure-maven-plugins,8bec9377229474d4a71c261b9337caa5973ee132,com/microsoft/azure/maven/utils/TemplateUtilsTest.java,54,8,10,28,0.19,10,8,2,0,0,0,0,1,0,0,0,0,0,0,0,1,0,0,0,8,0,0,False
197,microsoft/azure-maven-plugins,8bec9377229474d4a71c261b9337caa5973ee132,com/microsoft/azure/maven/utils/XmlUtilsTest.java,49,6,10,30,0.33,16,6,4,0,0,0,0,1,0,0,0,0,0,0,0,0,0,0,0,5,0,0,False
198,microsoft/azure-maven-plugins,8bec9377229474d4a71c261b9337caa5973ee132,com/microsoft/azure/maven/webapp/DeployMojoTest.java,53,7,16,37,0.34,18,5,3,0,0,0,0,3,0,0,0,0,0,0,0,0,0,0,0,3,0,0,False
199,microsoft/azure-maven-plugins,8bec9377229474d4a71c261b9337caa5973ee132,com/microsoft/azure/maven/webapp/parser/ConfigParserTest.java,80,5,7,49,0.29,23,5,4,0,0,0,0,1,4,0,0,0,0,0,0,0,0,0,0,4,0,0,False
200,microsoft/azure-maven-plugins,8bec9377229474d4a71c261b9337caa5973ee132,com/microsoft/azure/maven/webapp/utils/TestUtils.java,52,6,20,29,0.0,0,6,0,0,0,0,0,0,0,0,0,0,0,0,0,0,0,0,0,0,0,0,False
201,microsoft/azure-maven-plugins,04ff0ead9dcb743fb1d3525e9197da1872d33373,com/microsoft/azure/maven/function/AddMojoTest.java,44,7,15,24,0.11,5,7,1,0,0,0,0,4,0,0,0,0,0,0,0,0,0,2,0,4,0,0,False
202,microsoft/azure-maven-plugins,04ff0ead9dcb743fb1d3525e9197da1872d33373,com/microsoft/azure/maven/function/DeployMojoTest.java,18,3,7,8,0.22,4,3,1,0,0,0,0,0,1,0,0,0,0,0,0,0,0,0,0,1,0,0,False
203,microsoft/azure-maven-plugins,04ff0ead9dcb743fb1d3525e9197da1872d33373,com/microsoft/azure/maven/function/ListMojoTest.java,12,2,6,8,0.0,0,2,0,0,0,0,0,1,0,0,0,0,0,0,0,0,1,0,0,1,0,0,False
204,microsoft/azure-maven-plugins,04ff0ead9dcb743fb1d3525e9197da1872d33373,com/microsoft/azure/maven/function/PackageMojoTest.java,42,5,13,41,0.1,4,5,1,0,0,0,0,4,0,0,0,0,0,0,0,0,2,0,0,4,0,0,False
205,microsoft/azure-maven-plugins,04ff0ead9dcb743fb1d3525e9197da1872d33373,com/microsoft/azure/maven/function/RunMojoTest.java,57,8,20,60,0.07,4,8,1,0,0,0,0,7,0,0,0,0,0,0,0,0,1,0,0,7,0,0,False
206,microsoft/azure-maven-plugins,04ff0ead9dcb743fb1d3525e9197da1872d33373,com/microsoft/azure/maven/AbstractAppServiceMojoTest.java,17,2,3,10,0.06,1,1,0,0,0,0,0,0,0,0,0,0,1,0,0,0,0,0,0,1,0,0,False
207,microsoft/azure-maven-plugins,04ff0ead9dcb743fb1d3525e9197da1872d33373,com/microsoft/azure/maven/AbstractAzureMojoTest.java,85,14,29,43,0.26,22,13,3,0,0,0,0,10,0,0,0,0,0,0,0,0,1,0,0,12,0,0,False
208,microsoft/azure-maven-plugins,04ff0ead9dcb743fb1d3525e9197da1872d33373,com/microsoft/azure/maven/prompt/DefaultPrompterTest.java,54,13,27,17,0.22,12,13,8,4,0,0,0,12,0,0,0,0,0,0,0,4,1,0,0,12,0,0,False
209,microsoft/azure-maven-plugins,04ff0ead9dcb743fb1d3525e9197da1872d33373,com/microsoft/azure/maven/prompt/InputValidateResultTest.java,15,2,2,12,0.4,6,2,2,0,0,0,0,0,0,0,0,0,0,0,0,0,0,0,0,2,0,0,False
210,microsoft/azure-maven-plugins,04ff0ead9dcb743fb1d3525e9197da1872d33373,com/microsoft/azure/maven/prompt/SchemaValidatorTest.java,66,6,15,17,0.18,12,6,1,0,0,0,0,5,1,0,1,0,0,0,0,2,0,0,0,5,0,0,False
211,microsoft/azure-maven-plugins,04ff0ead9dcb743fb1d3525e9197da1872d33373,com/microsoft/azure/maven/utils/MavenUtilsTest.java,34,3,6,39,0.32,11,3,2,0,0,0,0,3,0,3,0,0,0,0,0,0,0,0,3,3,0,0,False
212,microsoft/azure-maven-plugins,04ff0ead9dcb743fb1d3525e9197da1872d33373,com/microsoft/azure/maven/utils/TemplateUtilsTest.java,54,8,10,28,0.19,10,8,2,0,0,0,0,1,0,0,0,0,0,0,0,1,0,0,0,8,0,0,False
213,microsoft/azure-maven-plugins,04ff0ead9dcb743fb1d3525e9197da1872d33373,com/microsoft/azure/maven/utils/XmlUtilsTest.java,49,6,10,30,0.33,16,6,4,0,0,0,0,1,0,0,0,0,0,0,0,0,0,0,0,5,0,0,False
214,microsoft/azure-maven-plugins,04ff0ead9dcb743fb1d3525e9197da1872d33373,com/microsoft/azure/maven/webapp/DeployMojoTest.java,53,7,16,37,0.34,18,5,3,0,0,0,0,3,0,0,0,0,0,0,0,0,0,0,0,3,0,0,False
215,microsoft/azure-maven-plugins,04ff0ead9dcb743fb1d3525e9197da1872d33373,com/microsoft/azure/maven/webapp/parser/ConfigParserTest.java,80,5,7,49,0.29,23,5,4,0,0,0,0,1,4,0,0,0,0,0,0,0,0,0,0,4,0,0,False
216,microsoft/azure-maven-plugins,04ff0ead9dcb743fb1d3525e9197da1872d33373,com/microsoft/azure/maven/webapp/utils/TestUtils.java,52,6,20,29,0.0,0,6,0,0,0,0,0,0,0,0,0,0,0,0,0,0,0,0,0,0,0,0,False
217,microsoft/azure-maven-plugins,dc9a60481c4f52b96502925966c2235ebc127430,com/microsoft/azure/maven/function/AddMojoTest.java,44,7,15,24,0.11,5,7,1,0,0,0,0,4,0,0,0,0,0,0,0,0,0,2,0,4,0,0,False
218,microsoft/azure-maven-plugins,dc9a60481c4f52b96502925966c2235ebc127430,com/microsoft/azure/maven/function/DeployMojoTest.java,25,4,9,14,0.16,4,4,1,0,0,0,0,0,1,0,0,0,0,0,0,0,0,1,0,1,0,0,False
219,microsoft/azure-maven-plugins,dc9a60481c4f52b96502925966c2235ebc127430,com/microsoft/azure/maven/function/ListMojoTest.java,12,2,6,8,0.0,0,2,0,0,0,0,0,1,0,0,0,0,0,0,0,0,1,0,0,1,0,0,False
220,microsoft/azure-maven-plugins,dc9a60481c4f52b96502925966c2235ebc127430,com/microsoft/azure/maven/function/PackageMojoTest.java,42,5,13,41,0.1,4,5,1,0,0,0,0,4,0,0,0,0,0,0,0,0,2,0,0,4,0,0,False
221,microsoft/azure-maven-plugins,dc9a60481c4f52b96502925966c2235ebc127430,com/microsoft/azure/maven/function/RunMojoTest.java,57,8,20,60,0.07,4,8,1,0,0,0,0,7,0,0,0,0,0,0,0,0,1,0,0,7,0,0,False
222,microsoft/azure-maven-plugins,dc9a60481c4f52b96502925966c2235ebc127430,com/microsoft/azure/maven/AbstractAppServiceMojoTest.java,17,2,3,10,0.06,1,1,0,0,0,0,0,0,0,0,0,0,1,0,0,0,0,0,0,1,0,0,False
223,microsoft/azure-maven-plugins,dc9a60481c4f52b96502925966c2235ebc127430,com/microsoft/azure/maven/AbstractAzureMojoTest.java,85,14,29,43,0.26,22,13,3,0,0,0,0,10,0,0,0,0,0,0,0,0,1,0,0,12,0,0,False
224,microsoft/azure-maven-plugins,dc9a60481c4f52b96502925966c2235ebc127430,com/microsoft/azure/maven/prompt/DefaultPrompterTest.java,54,13,27,17,0.22,12,13,8,4,0,0,0,12,0,0,0,0,0,0,0,4,1,0,0,12,0,0,False
225,microsoft/azure-maven-plugins,dc9a60481c4f52b96502925966c2235ebc127430,com/microsoft/azure/maven/prompt/InputValidateResultTest.java,15,2,2,12,0.4,6,2,2,0,0,0,0,0,0,0,0,0,0,0,0,0,0,0,0,2,0,0,False
226,microsoft/azure-maven-plugins,dc9a60481c4f52b96502925966c2235ebc127430,com/microsoft/azure/maven/prompt/SchemaValidatorTest.java,66,6,15,17,0.18,12,6,1,0,0,0,0,5,1,0,1,0,0,0,0,2,0,0,0,5,0,0,False
227,microsoft/azure-maven-plugins,dc9a60481c4f52b96502925966c2235ebc127430,com/microsoft/azure/maven/utils/MavenUtilsTest.java,34,3,6,39,0.32,11,3,2,0,0,0,0,3,0,3,0,0,0,0,0,0,0,0,3,3,0,0,False
228,microsoft/azure-maven-plugins,dc9a60481c4f52b96502925966c2235ebc127430,com/microsoft/azure/maven/utils/TemplateUtilsTest.java,54,8,10,28,0.19,10,8,2,0,0,0,0,1,0,0,0,0,0,0,0,1,0,0,0,8,0,0,False
229,microsoft/azure-maven-plugins,dc9a60481c4f52b96502925966c2235ebc127430,com/microsoft/azure/maven/utils/XmlUtilsTest.java,49,6,10,30,0.33,16,6,4,0,0,0,0,1,0,0,0,0,0,0,0,0,0,0,0,5,0,0,False
230,microsoft/azure-maven-plugins,dc9a60481c4f52b96502925966c2235ebc127430,com/microsoft/azure/maven/webapp/DeployMojoTest.java,53,7,16,37,0.34,18,5,3,0,0,0,0,3,0,0,0,0,0,0,0,0,0,0,0,3,0,0,False
231,microsoft/azure-maven-plugins,dc9a60481c4f52b96502925966c2235ebc127430,com/microsoft/azure/maven/webapp/parser/ConfigParserTest.java,80,5,7,49,0.29,23,5,4,0,0,0,0,1,4,0,0,0,0,0,0,0,0,0,0,4,0,0,False
232,microsoft/azure-maven-plugins,dc9a60481c4f52b96502925966c2235ebc127430,com/microsoft/azure/maven/webapp/utils/TestUtils.java,52,6,20,29,0.0,0,6,0,0,0,0,0,0,0,0,0,0,0,0,0,0,0,0,0,0,0,0,False
233,microsoft/azure-maven-plugins,6647d111314d8202368ff8f16b278b95f834da8c,com/microsoft/azure/maven/function/AddMojoTest.java,44,7,15,24,0.11,5,7,1,0,0,0,0,4,0,0,0,0,0,0,0,0,0,2,0,4,0,0,False
234,microsoft/azure-maven-plugins,6647d111314d8202368ff8f16b278b95f834da8c,com/microsoft/azure/maven/function/DeployMojoTest.java,25,4,9,14,0.16,4,4,1,0,0,0,0,0,1,0,0,0,0,0,0,0,0,1,0,1,0,0,False
235,microsoft/azure-maven-plugins,6647d111314d8202368ff8f16b278b95f834da8c,com/microsoft/azure/maven/function/ListMojoTest.java,12,2,6,8,0.0,0,2,0,0,0,0,0,1,0,0,0,0,0,0,0,0,1,0,0,1,0,0,False
236,microsoft/azure-maven-plugins,6647d111314d8202368ff8f16b278b95f834da8c,com/microsoft/azure/maven/function/PackageMojoTest.java,42,5,13,41,0.1,4,5,1,0,0,0,0,4,0,0,0,0,0,0,0,0,2,0,0,4,0,0,False
237,microsoft/azure-maven-plugins,6647d111314d8202368ff8f16b278b95f834da8c,com/microsoft/azure/maven/function/RunMojoTest.java,57,8,20,60,0.07,4,8,1,0,0,0,0,7,0,0,0,0,0,0,0,0,1,0,0,7,0,0,False
238,microsoft/azure-maven-plugins,6647d111314d8202368ff8f16b278b95f834da8c,com/microsoft/azure/maven/AbstractAppServiceMojoTest.java,17,2,3,10,0.06,1,1,0,0,0,0,0,0,0,0,0,0,1,0,0,0,0,0,0,1,0,0,False
239,microsoft/azure-maven-plugins,6647d111314d8202368ff8f16b278b95f834da8c,com/microsoft/azure/maven/AbstractAzureMojoTest.java,85,14,29,43,0.26,22,13,3,0,0,0,0,10,0,0,0,0,0,0,0,0,1,0,0,12,0,0,False
240,microsoft/azure-maven-plugins,6647d111314d8202368ff8f16b278b95f834da8c,com/microsoft/azure/maven/prompt/DefaultPrompterTest.java,54,13,27,17,0.22,12,13,8,4,0,0,0,12,0,0,0,0,0,0,0,4,1,0,0,12,0,0,False
241,microsoft/azure-maven-plugins,6647d111314d8202368ff8f16b278b95f834da8c,com/microsoft/azure/maven/prompt/InputValidateResultTest.java,15,2,2,12,0.4,6,2,2,0,0,0,0,0,0,0,0,0,0,0,0,0,0,0,0,2,0,0,False
242,microsoft/azure-maven-plugins,6647d111314d8202368ff8f16b278b95f834da8c,com/microsoft/azure/maven/prompt/SchemaValidatorTest.java,66,6,15,17,0.18,12,6,1,0,0,0,0,5,1,0,1,0,0,0,0,2,0,0,0,5,0,0,False
243,microsoft/azure-maven-plugins,6647d111314d8202368ff8f16b278b95f834da8c,com/microsoft/azure/maven/utils/MavenUtilsTest.java,34,3,6,39,0.32,11,3,2,0,0,0,0,3,0,3,0,0,0,0,0,0,0,0,3,3,0,0,False
244,microsoft/azure-maven-plugins,6647d111314d8202368ff8f16b278b95f834da8c,com/microsoft/azure/maven/utils/TemplateUtilsTest.java,54,8,10,28,0.19,10,8,2,0,0,0,0,1,0,0,0,0,0,0,0,1,0,0,0,8,0,0,False
245,microsoft/azure-maven-plugins,6647d111314d8202368ff8f16b278b95f834da8c,com/microsoft/azure/maven/utils/XmlUtilsTest.java,49,6,10,30,0.33,16,6,4,0,0,0,0,1,0,0,0,0,0,0,0,0,0,0,0,5,0,0,False
246,microsoft/azure-maven-plugins,6647d111314d8202368ff8f16b278b95f834da8c,com/microsoft/azure/maven/webapp/DeployMojoTest.java,53,7,18,36,0.34,18,5,3,0,0,0,0,3,0,0,0,0,0,0,0,0,0,0,0,3,0,0,False
247,microsoft/azure-maven-plugins,6647d111314d8202368ff8f16b278b95f834da8c,com/microsoft/azure/maven/webapp/parser/ConfigurationParserTest.java,135,20,42,39,0.19,25,5,3,0,0,0,0,3,0,0,0,0,1,0,0,1,0,0,0,3,0,0,False
248,microsoft/azure-maven-plugins,6647d111314d8202368ff8f16b278b95f834da8c,com/microsoft/azure/maven/webapp/parser/V2ConfigParserTest.java,59,6,13,32,0.17,10,6,3,0,0,0,0,5,5,0,0,0,0,0,0,0,0,0,0,5,0,0,False
249,microsoft/azure-maven-plugins,6647d111314d8202368ff8f16b278b95f834da8c,com/microsoft/azure/maven/webapp/parser/V2ConfigurationParserTest.java,133,9,22,67,0.17,23,9,8,0,0,0,0,5,0,0,0,0,0,0,0,0,0,0,0,8,0,0,False
250,microsoft/azure-maven-plugins,6647d111314d8202368ff8f16b278b95f834da8c,com/microsoft/azure/maven/webapp/utils/TestUtils.java,52,6,20,29,0.0,0,6,0,0,0,0,0,0,0,0,0,0,0,0,0,0,0,0,0,0,0,0,False
251,microsoft/azure-maven-plugins,c6203f792cdaafc63210c03c428efafc89fb630c,com/microsoft/azure/maven/function/AddMojoTest.java,44,7,15,24,0.11,5,7,1,0,0,0,0,4,0,0,0,0,0,0,0,0,0,2,0,4,0,0,False
252,microsoft/azure-maven-plugins,c6203f792cdaafc63210c03c428efafc89fb630c,com/microsoft/azure/maven/function/DeployMojoTest.java,44,6,15,32,0.09,4,6,1,0,0,0,0,1,1,0,0,0,0,0,0,0,0,3,0,1,0,0,False
253,microsoft/azure-maven-plugins,c6203f792cdaafc63210c03c428efafc89fb630c,com/microsoft/azure/maven/function/ListMojoTest.java,12,2,6,8,0.0,0,2,0,0,0,0,0,1,0,0,0,0,0,0,0,0,1,0,0,1,0,0,False
254,microsoft/azure-maven-plugins,c6203f792cdaafc63210c03c428efafc89fb630c,com/microsoft/azure/maven/function/PackageMojoTest.java,42,5,13,41,0.1,4,5,1,0,0,0,0,4,0,0,0,0,0,0,0,0,2,0,0,4,0,0,False
255,microsoft/azure-maven-plugins,c6203f792cdaafc63210c03c428efafc89fb630c,com/microsoft/azure/maven/function/RunMojoTest.java,57,8,20,60,0.07,4,8,1,0,0,0,0,7,0,0,0,0,0,0,0,0,1,0,0,7,0,0,False
256,microsoft/azure-maven-plugins,c6203f792cdaafc63210c03c428efafc89fb630c,com/microsoft/azure/maven/AbstractAppServiceMojoTest.java,17,2,3,10,0.06,1,1,0,0,0,0,0,0,0,0,0,0,1,0,0,0,0,0,0,1,0,0,False
257,microsoft/azure-maven-plugins,c6203f792cdaafc63210c03c428efafc89fb630c,com/microsoft/azure/maven/AbstractAzureMojoTest.java,93,16,33,47,0.26,24,15,3,0,0,0,0,12,0,0,0,0,0,0,0,0,1,0,0,14,0,0,False
258,microsoft/azure-maven-plugins,c6203f792cdaafc63210c03c428efafc89fb630c,com/microsoft/azure/maven/prompt/DefaultPrompterTest.java,54,13,27,17,0.22,12,13,8,4,0,0,0,12,0,0,0,0,0,0,0,4,1,0,0,12,0,0,False
259,microsoft/azure-maven-plugins,c6203f792cdaafc63210c03c428efafc89fb630c,com/microsoft/azure/maven/prompt/InputValidateResultTest.java,15,2,2,12,0.4,6,2,2,0,0,0,0,0,0,0,0,0,0,0,0,0,0,0,0,2,0,0,False
260,microsoft/azure-maven-plugins,c6203f792cdaafc63210c03c428efafc89fb630c,com/microsoft/azure/maven/prompt/SchemaValidatorTest.java,66,6,15,17,0.18,12,6,1,0,0,0,0,5,1,0,1,0,0,0,0,2,0,0,0,5,0,0,False
261,microsoft/azure-maven-plugins,c6203f792cdaafc63210c03c428efafc89fb630c,com/microsoft/azure/maven/utils/MavenUtilsTest.java,34,3,6,39,0.32,11,3,2,0,0,0,0,3,0,3,0,0,0,0,0,0,0,0,3,3,0,0,False
262,microsoft/azure-maven-plugins,c6203f792cdaafc63210c03c428efafc89fb630c,com/microsoft/azure/maven/utils/TemplateUtilsTest.java,54,8,10,28,0.19,10,8,2,0,0,0,0,1,0,0,0,0,0,0,0,1,0,0,0,8,0,0,False
263,microsoft/azure-maven-plugins,c6203f792cdaafc63210c03c428efafc89fb630c,com/microsoft/azure/maven/utils/XmlUtilsTest.java,49,6,10,30,0.33,16,6,4,0,0,0,0,1,0,0,0,0,0,0,0,0,0,0,0,5,0,0,False
264,microsoft/azure-maven-plugins,c6203f792cdaafc63210c03c428efafc89fb630c,com/microsoft/azure/maven/webapp/DeployMojoTest.java,85,12,29,61,0.29,25,10,3,0,0,0,0,8,0,0,0,0,0,0,0,0,0,0,0,8,0,0,False
265,microsoft/azure-maven-plugins,c6203f792cdaafc63210c03c428efafc89fb630c,com/microsoft/azure/maven/webapp/parser/ConfigurationParserTest.java,138,21,44,39,0.18,25,5,3,0,0,0,0,3,0,0,0,0,0,0,0,0,0,0,0,3,0,0,False
266,microsoft/azure-maven-plugins,c6203f792cdaafc63210c03c428efafc89fb630c,com/microsoft/azure/maven/webapp/parser/V1ConfigParserTest.java,24,3,7,13,0.17,4,3,2,0,0,0,0,2,2,0,0,0,0,0,0,0,0,0,0,2,0,0,False
267,microsoft/azure-maven-plugins,c6203f792cdaafc63210c03c428efafc89fb630c,com/microsoft/azure/maven/webapp/parser/V1ConfigurationParserTest.java,120,9,23,56,0.23,27,9,8,0,0,0,0,6,0,0,0,0,0,0,0,0,0,0,0,8,0,0,False
268,microsoft/azure-maven-plugins,c6203f792cdaafc63210c03c428efafc89fb630c,com/microsoft/azure/maven/webapp/parser/V2ConfigParserTest.java,59,6,13,32,0.17,10,6,3,0,0,0,0,5,5,0,0,0,0,0,0,0,0,0,0,5,0,0,False
269,microsoft/azure-maven-plugins,c6203f792cdaafc63210c03c428efafc89fb630c,com/microsoft/azure/maven/webapp/parser/V2ConfigurationParserTest.java,148,10,24,76,0.19,28,10,9,0,0,0,0,6,0,0,0,0,0,0,0,1,0,0,0,9,0,0,False
270,microsoft/azure-maven-plugins,c6203f792cdaafc63210c03c428efafc89fb630c,com/microsoft/azure/maven/webapp/utils/RuntimeStackUtilsTest.java,13,2,2,4,0.54,7,2,2,0,0,0,0,0,0,0,0,0,0,0,0,0,0,0,0,2,0,0,False
271,microsoft/azure-maven-plugins,c6203f792cdaafc63210c03c428efafc89fb630c,com/microsoft/azure/maven/webapp/utils/TestUtils.java,52,6,20,29,0.0,0,6,0,0,0,0,0,0,0,0,0,0,0,0,0,0,0,0,0,0,0,0,False
272,microsoft/azure-maven-plugins,c6203f792cdaafc63210c03c428efafc89fb630c,com/microsoft/azure/maven/webapp/WebAppUtilsTest.java,149,8,20,90,0.05,7,8,1,0,0,0,0,7,0,0,0,0,0,0,0,0,0,0,0,8,0,0,False
273,microsoft/azure-maven-plugins,6aa372c76a6f80c74bd213aa99b7ec47ca6650b2,com/microsoft/azure/maven/function/AddMojoTest.java,44,7,15,24,0.11,5,7,1,0,0,0,0,4,0,0,0,0,0,0,0,0,0,2,0,4,0,0,False
274,microsoft/azure-maven-plugins,6aa372c76a6f80c74bd213aa99b7ec47ca6650b2,com/microsoft/azure/maven/function/DeployMojoTest.java,44,6,15,32,0.09,4,6,1,0,0,0,0,1,1,0,0,0,0,0,0,0,0,3,0,1,0,0,False
275,microsoft/azure-maven-plugins,6aa372c76a6f80c74bd213aa99b7ec47ca6650b2,com/microsoft/azure/maven/function/ListMojoTest.java,12,2,6,8,0.0,0,2,0,0,0,0,0,1,0,0,0,0,0,0,0,0,1,0,0,1,0,0,False
276,microsoft/azure-maven-plugins,6aa372c76a6f80c74bd213aa99b7ec47ca6650b2,com/microsoft/azure/maven/function/PackageMojoTest.java,42,5,13,41,0.1,4,5,1,0,0,0,0,4,0,0,0,0,0,0,0,0,2,0,0,4,0,0,False
277,microsoft/azure-maven-plugins,6aa372c76a6f80c74bd213aa99b7ec47ca6650b2,com/microsoft/azure/maven/function/RunMojoTest.java,57,8,20,60,0.07,4,8,1,0,0,0,0,7,0,0,0,0,0,0,0,0,1,0,0,7,0,0,False
278,microsoft/azure-maven-plugins,6aa372c76a6f80c74bd213aa99b7ec47ca6650b2,com/microsoft/azure/maven/AbstractAppServiceMojoTest.java,17,2,3,10,0.06,1,1,0,0,0,0,0,0,0,0,0,0,1,0,0,0,0,0,0,1,0,0,False
279,microsoft/azure-maven-plugins,6aa372c76a6f80c74bd213aa99b7ec47ca6650b2,com/microsoft/azure/maven/AbstractAzureMojoTest.java,93,16,33,47,0.26,24,15,3,0,0,0,0,12,0,0,0,0,0,0,0,0,1,0,0,14,0,0,False
280,microsoft/azure-maven-plugins,6aa372c76a6f80c74bd213aa99b7ec47ca6650b2,com/microsoft/azure/maven/prompt/DefaultPrompterTest.java,54,13,27,17,0.22,12,13,8,4,0,0,0,12,0,0,0,0,0,0,0,4,1,0,0,12,0,0,False
281,microsoft/azure-maven-plugins,6aa372c76a6f80c74bd213aa99b7ec47ca6650b2,com/microsoft/azure/maven/prompt/InputValidateResultTest.java,15,2,2,12,0.4,6,2,2,0,0,0,0,0,0,0,0,0,0,0,0,0,0,0,0,2,0,0,False
282,microsoft/azure-maven-plugins,6aa372c76a6f80c74bd213aa99b7ec47ca6650b2,com/microsoft/azure/maven/prompt/SchemaValidatorTest.java,66,6,15,17,0.18,12,6,1,0,0,0,0,5,1,0,1,0,0,0,0,2,0,0,0,5,0,0,False
283,microsoft/azure-maven-plugins,6aa372c76a6f80c74bd213aa99b7ec47ca6650b2,com/microsoft/azure/maven/utils/MavenUtilsTest.java,34,3,6,39,0.32,11,3,2,0,0,0,0,3,0,3,0,0,0,0,0,0,0,0,3,3,0,0,False
284,microsoft/azure-maven-plugins,6aa372c76a6f80c74bd213aa99b7ec47ca6650b2,com/microsoft/azure/maven/utils/TemplateUtilsTest.java,54,8,10,28,0.19,10,8,2,0,0,0,0,1,0,0,0,0,0,0,0,1,0,0,0,8,0,0,False
285,microsoft/azure-maven-plugins,6aa372c76a6f80c74bd213aa99b7ec47ca6650b2,com/microsoft/azure/maven/utils/XmlUtilsTest.java,49,6,10,30,0.33,16,6,4,0,0,0,0,1,0,0,0,0,0,0,0,0,0,0,0,5,0,0,False
286,microsoft/azure-maven-plugins,6aa372c76a6f80c74bd213aa99b7ec47ca6650b2,com/microsoft/azure/maven/webapp/DeployMojoTest.java,85,12,29,61,0.29,25,10,3,0,0,0,0,8,0,0,0,0,0,0,0,0,0,0,0,8,0,0,False
287,microsoft/azure-maven-plugins,6aa372c76a6f80c74bd213aa99b7ec47ca6650b2,com/microsoft/azure/maven/webapp/parser/ConfigurationParserTest.java,138,21,44,39,0.18,25,5,3,0,0,0,0,3,0,0,0,0,0,0,0,0,0,0,0,3,0,0,False
288,microsoft/azure-maven-plugins,6aa372c76a6f80c74bd213aa99b7ec47ca6650b2,com/microsoft/azure/maven/webapp/parser/V1ConfigParserTest.java,24,3,7,13,0.17,4,3,2,0,0,0,0,2,2,0,0,0,0,0,0,0,0,0,0,2,0,0,False
289,microsoft/azure-maven-plugins,6aa372c76a6f80c74bd213aa99b7ec47ca6650b2,com/microsoft/azure/maven/webapp/parser/V1ConfigurationParserTest.java,120,9,23,56,0.23,27,9,8,0,0,0,0,6,0,0,0,0,0,0,0,0,0,0,0,8,0,0,False
290,microsoft/azure-maven-plugins,6aa372c76a6f80c74bd213aa99b7ec47ca6650b2,com/microsoft/azure/maven/webapp/parser/V2ConfigParserTest.java,59,6,13,32,0.17,10,6,3,0,0,0,0,5,5,0,0,0,0,0,0,0,0,0,0,5,0,0,False
291,microsoft/azure-maven-plugins,6aa372c76a6f80c74bd213aa99b7ec47ca6650b2,com/microsoft/azure/maven/webapp/parser/V2ConfigurationParserTest.java,148,10,24,76,0.19,28,10,9,0,0,0,0,6,0,0,0,0,0,0,0,1,0,0,0,9,0,0,False
292,microsoft/azure-maven-plugins,6aa372c76a6f80c74bd213aa99b7ec47ca6650b2,com/microsoft/azure/maven/webapp/utils/RuntimeStackUtilsTest.java,13,2,2,4,0.54,7,2,2,0,0,0,0,0,0,0,0,0,0,0,0,0,0,0,0,2,0,0,False
293,microsoft/azure-maven-plugins,6aa372c76a6f80c74bd213aa99b7ec47ca6650b2,com/microsoft/azure/maven/webapp/utils/TestUtils.java,52,6,20,29,0.0,0,6,0,0,0,0,0,0,0,0,0,0,0,0,0,0,0,0,0,0,0,0,False
294,microsoft/azure-maven-plugins,6aa372c76a6f80c74bd213aa99b7ec47ca6650b2,com/microsoft/azure/maven/webapp/WebAppUtilsTest.java,149,8,20,90,0.05,7,8,1,0,0,0,0,7,0,0,0,0,0,0,0,0,0,0,0,8,0,0,False
295,microsoft/azure-maven-plugins,22ec87cedec0b4a30f96fc60d201a782c97198fe,com/microsoft/azure/maven/function/AddMojoTest.java,47,7,15,30,0.11,5,7,1,0,0,0,0,6,0,1,0,0,0,0,0,0,0,0,2,6,0,0,False
296,microsoft/azure-maven-plugins,22ec87cedec0b4a30f96fc60d201a782c97198fe,com/microsoft/azure/maven/function/DeployMojoTest.java,120,14,38,109,0.12,14,14,5,0,0,0,0,12,12,0,0,0,0,0,0,1,4,0,0,12,0,0,False
297,microsoft/azure-maven-plugins,22ec87cedec0b4a30f96fc60d201a782c97198fe,com/microsoft/azure/maven/function/ListMojoTest.java,12,2,6,8,0.0,0,2,0,0,0,0,0,1,0,0,0,0,0,0,0,0,1,0,0,1,0,0,False
298,microsoft/azure-maven-plugins,22ec87cedec0b4a30f96fc60d201a782c97198fe,com/microsoft/azure/maven/function/PackageMojoTest.java,42,5,13,41,0.1,4,5,1,0,0,0,0,4,0,0,0,0,0,0,0,0,2,0,0,4,0,0,False
299,microsoft/azure-maven-plugins,22ec87cedec0b4a30f96fc60d201a782c97198fe,com/microsoft/azure/maven/function/RunMojoTest.java,57,8,20,60,0.07,4,8,1,0,0,0,0,7,0,0,0,0,0,0,0,0,1,0,0,7,0,0,False
300,microsoft/azure-maven-plugins,22ec87cedec0b4a30f96fc60d201a782c97198fe,com/microsoft/azure/maven/AbstractAppServiceMojoTest.java,17,2,3,10,0.06,1,1,0,0,0,0,0,0,0,0,0,0,1,0,0,0,0,0,0,1,0,0,False
301,microsoft/azure-maven-plugins,22ec87cedec0b4a30f96fc60d201a782c97198fe,com/microsoft/azure/maven/AbstractAzureMojoTest.java,96,17,34,48,0.26,25,16,3,0,0,0,0,12,0,0,0,0,0,0,0,0,1,0,0,15,0,0,False
302,microsoft/azure-maven-plugins,22ec87cedec0b4a30f96fc60d201a782c97198fe,com/microsoft/azure/maven/utils/MavenUtilsTest.java,34,3,6,39,0.32,11,3,2,0,0,0,0,3,0,3,0,0,0,0,0,0,0,0,3,3,0,0,False
303,microsoft/azure-maven-plugins,22ec87cedec0b4a30f96fc60d201a782c97198fe,com/microsoft/azure/maven/utils/TemplateUtilsTest.java,54,8,10,28,0.19,10,8,2,0,0,0,0,1,0,0,0,0,0,0,0,1,0,0,0,8,0,0,False
304,microsoft/azure-maven-plugins,22ec87cedec0b4a30f96fc60d201a782c97198fe,com/microsoft/azure/maven/utils/XmlUtilsTest.java,49,6,10,30,0.33,16,6,4,0,0,0,0,1,0,0,0,0,0,0,0,0,0,0,0,5,0,0,False
305,microsoft/azure-maven-plugins,22ec87cedec0b4a30f96fc60d201a782c97198fe,com/microsoft/azure/maven/webapp/DeployMojoTest.java,85,12,29,61,0.29,25,10,3,0,0,0,0,8,0,0,0,0,0,0,0,0,0,0,0,8,0,0,False
306,microsoft/azure-maven-plugins,22ec87cedec0b4a30f96fc60d201a782c97198fe,com/microsoft/azure/maven/webapp/parser/ConfigurationParserTest.java,138,21,44,39,0.18,25,5,3,0,0,0,0,3,0,0,0,0,0,0,0,0,0,0,0,3,0,0,False
307,microsoft/azure-maven-plugins,22ec87cedec0b4a30f96fc60d201a782c97198fe,com/microsoft/azure/maven/webapp/parser/V1ConfigParserTest.java,24,3,7,13,0.17,4,3,2,0,0,0,0,2,2,0,0,0,0,0,0,0,0,0,0,2,0,0,False
308,microsoft/azure-maven-plugins,22ec87cedec0b4a30f96fc60d201a782c97198fe,com/microsoft/azure/maven/webapp/parser/V1ConfigurationParserTest.java,120,9,23,56,0.23,27,9,8,0,0,0,0,6,0,0,0,0,0,0,0,0,0,0,0,8,0,0,False
309,microsoft/azure-maven-plugins,22ec87cedec0b4a30f96fc60d201a782c97198fe,com/microsoft/azure/maven/webapp/parser/V2ConfigParserTest.java,43,4,9,25,0.12,5,4,2,0,0,0,0,3,3,0,0,0,0,0,0,0,0,0,0,3,0,0,False
310,microsoft/azure-maven-plugins,22ec87cedec0b4a30f96fc60d201a782c97198fe,com/microsoft/azure/maven/webapp/parser/V2ConfigurationParserTest.java,148,10,24,76,0.19,28,10,9,0,0,0,0,6,0,0,0,0,0,0,0,1,0,0,0,9,0,0,False
311,microsoft/azure-maven-plugins,22ec87cedec0b4a30f96fc60d201a782c97198fe,com/microsoft/azure/maven/webapp/utils/RuntimeStackUtilsTest.java,13,2,2,4,0.54,7,2,2,0,0,0,0,0,0,0,0,0,0,0,0,0,0,0,0,2,0,0,False
312,microsoft/azure-maven-plugins,22ec87cedec0b4a30f96fc60d201a782c97198fe,com/microsoft/azure/maven/webapp/utils/TestUtils.java,52,6,20,29,0.0,0,6,0,0,0,0,0,0,0,0,0,0,0,0,0,0,0,0,0,0,0,0,False
313,microsoft/azure-maven-plugins,22ec87cedec0b4a30f96fc60d201a782c97198fe,com/microsoft/azure/maven/webapp/WebAppUtilsTest.java,149,8,20,90,0.05,7,8,1,0,0,0,0,7,0,0,0,0,0,0,0,0,0,0,0,8,0,0,False
314,microsoft/azure-maven-plugins,d523b06b56197402e1696f0487589482dfba929f,com/microsoft/azure/maven/function/AddMojoTest.java,44,7,15,24,0.11,5,7,1,0,0,0,0,6,0,1,0,0,0,0,0,0,0,0,2,6,0,0,False
315,microsoft/azure-maven-plugins,d523b06b56197402e1696f0487589482dfba929f,com/microsoft/azure/maven/function/DeployMojoTest.java,150,14,39,136,0.09,14,14,5,0,0,0,0,12,12,0,0,0,0,0,0,1,4,0,0,12,0,0,False
316,microsoft/azure-maven-plugins,d523b06b56197402e1696f0487589482dfba929f,com/microsoft/azure/maven/function/ListMojoTest.java,15,2,6,12,0.0,0,2,0,0,0,0,0,1,0,0,0,0,0,0,0,0,1,0,0,1,0,0,False
317,microsoft/azure-maven-plugins,d523b06b56197402e1696f0487589482dfba929f,com/microsoft/azure/maven/function/PackageMojoTest.java,44,5,13,43,0.09,4,5,1,0,0,0,0,4,0,0,0,0,0,0,0,0,2,0,0,4,0,0,False
318,microsoft/azure-maven-plugins,d523b06b56197402e1696f0487589482dfba929f,com/microsoft/azure/maven/function/RunMojoTest.java,57,8,20,60,0.07,4,8,1,0,0,0,0,7,0,0,0,0,0,0,0,0,1,0,0,7,0,0,False
319,microsoft/azure-maven-plugins,d523b06b56197402e1696f0487589482dfba929f,com/microsoft/azure/maven/AbstractAppServiceMojoTest.java,17,2,3,10,0.06,1,1,0,0,0,0,0,0,0,0,0,0,1,0,0,0,0,0,0,1,0,0,False
320,microsoft/azure-maven-plugins,d523b06b56197402e1696f0487589482dfba929f,com/microsoft/azure/maven/AbstractAzureMojoTest.java,96,17,34,48,0.26,25,16,3,0,0,0,0,12,0,0,0,0,0,0,0,0,1,0,0,15,0,0,False
321,microsoft/azure-maven-plugins,d523b06b56197402e1696f0487589482dfba929f,com/microsoft/azure/maven/utils/MavenUtilsTest.java,34,3,6,39,0.32,11,3,2,0,0,0,0,3,0,3,0,0,0,0,0,0,0,0,3,3,0,0,False
322,microsoft/azure-maven-plugins,d523b06b56197402e1696f0487589482dfba929f,com/microsoft/azure/maven/utils/TemplateUtilsTest.java,54,8,10,28,0.19,10,8,2,0,0,0,0,1,0,0,0,0,0,0,0,1,0,0,0,8,0,0,False
323,microsoft/azure-maven-plugins,d523b06b56197402e1696f0487589482dfba929f,com/microsoft/azure/maven/utils/XmlUtilsTest.java,49,6,10,30,0.33,16,6,4,0,0,0,0,1,0,0,0,0,0,0,0,0,0,0,0,5,0,0,False
324,microsoft/azure-maven-plugins,d523b06b56197402e1696f0487589482dfba929f,com/microsoft/azure/maven/webapp/DeployMojoTest.java,84,12,29,61,0.29,24,10,3,0,0,0,0,8,0,0,0,0,0,0,0,0,0,0,0,8,0,0,False
325,microsoft/azure-maven-plugins,d523b06b56197402e1696f0487589482dfba929f,com/microsoft/azure/maven/webapp/parser/ConfigurationParserTest.java,138,21,44,39,0.18,25,5,3,0,0,0,0,3,0,0,0,0,0,0,0,0,0,0,0,3,0,0,False
326,microsoft/azure-maven-plugins,d523b06b56197402e1696f0487589482dfba929f,com/microsoft/azure/maven/webapp/parser/V1ConfigParserTest.java,24,3,7,13,0.17,4,3,2,0,0,0,0,2,2,0,0,0,0,0,0,0,0,0,0,2,0,0,False
327,microsoft/azure-maven-plugins,d523b06b56197402e1696f0487589482dfba929f,com/microsoft/azure/maven/webapp/parser/V1ConfigurationParserTest.java,120,9,23,56,0.23,27,9,8,0,0,0,0,6,0,0,0,0,0,0,0,0,0,0,0,8,0,0,False
328,microsoft/azure-maven-plugins,d523b06b56197402e1696f0487589482dfba929f,com/microsoft/azure/maven/webapp/parser/V2ConfigParserTest.java,43,4,9,25,0.12,5,4,2,0,0,0,0,3,3,0,0,0,0,0,0,0,0,0,0,3,0,0,False
329,microsoft/azure-maven-plugins,d523b06b56197402e1696f0487589482dfba929f,com/microsoft/azure/maven/webapp/parser/V2ConfigurationParserTest.java,148,10,24,76,0.19,28,10,9,0,0,0,0,6,0,0,0,0,0,0,0,1,0,0,0,9,0,0,False
330,microsoft/azure-maven-plugins,d523b06b56197402e1696f0487589482dfba929f,com/microsoft/azure/maven/webapp/utils/RuntimeStackUtilsTest.java,13,2,2,4,0.54,7,2,2,0,0,0,0,0,0,0,0,0,0,0,0,0,0,0,0,2,0,0,False
331,microsoft/azure-maven-plugins,d523b06b56197402e1696f0487589482dfba929f,com/microsoft/azure/maven/webapp/utils/TestUtils.java,52,6,20,29,0.0,0,6,0,0,0,0,0,0,0,0,0,0,0,0,0,0,0,0,0,0,0,0,False
332,microsoft/azure-maven-plugins,d523b06b56197402e1696f0487589482dfba929f,com/microsoft/azure/maven/webapp/WebAppUtilsTest.java,149,8,20,90,0.05,7,8,1,0,0,0,0,7,0,0,0,0,0,0,0,0,0,0,0,8,0,0,False
333,microsoft/azure-maven-plugins,29a544114f9483edc8afc54eb25d2224343cb27a,com/microsoft/azure/maven/function/AddMojoTest.java,44,7,15,24,0.11,5,7,1,0,0,0,0,6,0,1,0,0,0,0,0,0,0,0,2,6,0,0,False
334,microsoft/azure-maven-plugins,29a544114f9483edc8afc54eb25d2224343cb27a,com/microsoft/azure/maven/function/DeployMojoTest.java,156,16,43,139,0.12,19,16,7,0,0,0,0,14,14,0,0,0,0,0,0,1,4,0,0,14,0,0,False
335,microsoft/azure-maven-plugins,29a544114f9483edc8afc54eb25d2224343cb27a,com/microsoft/azure/maven/function/ListMojoTest.java,15,2,6,12,0.0,0,2,0,0,0,0,0,1,0,0,0,0,0,0,0,0,1,0,0,1,0,0,False
336,microsoft/azure-maven-plugins,29a544114f9483edc8afc54eb25d2224343cb27a,com/microsoft/azure/maven/function/PackageMojoTest.java,44,5,13,43,0.09,4,5,1,0,0,0,0,4,0,0,0,0,0,0,0,0,2,0,0,4,0,0,False
337,microsoft/azure-maven-plugins,29a544114f9483edc8afc54eb25d2224343cb27a,com/microsoft/azure/maven/function/RunMojoTest.java,57,8,20,60,0.07,4,8,1,0,0,0,0,7,0,0,0,0,0,0,0,0,1,0,0,7,0,0,False
338,microsoft/azure-maven-plugins,29a544114f9483edc8afc54eb25d2224343cb27a,com/microsoft/azure/maven/AbstractAppServiceMojoTest.java,17,2,3,10,0.06,1,1,0,0,0,0,0,0,0,0,0,0,1,0,0,0,0,0,0,1,0,0,False
339,microsoft/azure-maven-plugins,29a544114f9483edc8afc54eb25d2224343cb27a,com/microsoft/azure/maven/AbstractAzureMojoTest.java,96,17,34,48,0.26,25,16,3,0,0,0,0,12,0,0,0,0,0,0,0,0,1,0,0,15,0,0,False
340,microsoft/azure-maven-plugins,29a544114f9483edc8afc54eb25d2224343cb27a,com/microsoft/azure/maven/webapp/DeployMojoTest.java,163,20,53,126,0.15,25,14,3,0,0,0,0,11,0,0,0,0,0,0,0,0,0,0,3,11,0,0,False
341,microsoft/azure-maven-plugins,29a544114f9483edc8afc54eb25d2224343cb27a,com/microsoft/azure/maven/webapp/handlers/artifact/ArtifactHandlerImplV2Test.java,105,10,27,86,0.04,4,10,1,0,0,0,1,8,0,4,0,0,0,0,0,1,2,0,5,8,0,0,False
342,microsoft/azure-maven-plugins,29a544114f9483edc8afc54eb25d2224343cb27a,com/microsoft/azure/maven/webapp/handlers/artifact/JarArtifactHandlerImplTest.java,76,11,24,59,0.04,3,11,1,0,0,0,2,7,0,3,0,0,0,0,0,1,4,0,4,9,0,0,False
343,microsoft/azure-maven-plugins,29a544114f9483edc8afc54eb25d2224343cb27a,com/microsoft/azure/maven/webapp/handlers/artifact/WarArtifactHandlerImplTest.java,138,12,26,111,0.08,11,12,2,0,0,0,0,8,0,8,0,0,1,0,0,1,2,0,9,10,0,0,False
344,microsoft/azure-maven-plugins,29a544114f9483edc8afc54eb25d2224343cb27a,com/microsoft/azure/maven/webapp/handlers/DeploymentSlotHandlerTest.java,87,9,24,71,0.0,0,9,0,0,0,0,0,8,0,0,0,0,0,0,0,0,4,0,0,8,0,0,False
345,microsoft/azure-maven-plugins,29a544114f9483edc8afc54eb25d2224343cb27a,com/microsoft/azure/maven/webapp/handlers/HandlerFactoryImplTest.java,89,8,22,54,0.16,14,8,3,0,0,0,0,7,3,0,0,0,0,0,0,0,0,0,0,7,0,0,False
346,microsoft/azure-maven-plugins,29a544114f9483edc8afc54eb25d2224343cb27a,com/microsoft/azure/maven/webapp/handlers/SettingsHandlerImplTest.java,24,3,9,17,0.0,0,3,0,0,0,0,0,2,0,0,0,0,0,0,0,0,2,0,0,2,0,0,False
347,microsoft/azure-maven-plugins,29a544114f9483edc8afc54eb25d2224343cb27a,com/microsoft/azure/maven/webapp/handlers/runtime/LinuxRuntimeHandlerImplTest.java,41,5,10,60,0.05,2,5,0,0,0,0,0,2,0,0,0,0,0,0,0,0,0,0,0,2,0,0,False
348,microsoft/azure-maven-plugins,29a544114f9483edc8afc54eb25d2224343cb27a,com/microsoft/azure/maven/webapp/handlers/runtime/NullRuntimeHandlerImplTest.java,22,3,7,5,0.09,2,3,0,0,0,0,0,1,0,0,0,0,0,0,0,0,0,0,0,2,0,0,False
349,microsoft/azure-maven-plugins,29a544114f9483edc8afc54eb25d2224343cb27a,com/microsoft/azure/maven/webapp/handlers/runtime/PrivateDockerHubRuntimeHandlerImplTest.java,62,5,12,80,0.0,0,5,0,0,0,0,0,2,0,0,0,0,0,0,0,0,2,0,0,2,0,0,False
350,microsoft/azure-maven-plugins,29a544114f9483edc8afc54eb25d2224343cb27a,com/microsoft/azure/maven/webapp/handlers/runtime/PrivateRegistryRuntimeHandlerImplTest.java,63,5,12,81,0.0,0,5,0,0,0,0,0,2,0,0,0,0,0,0,0,0,2,0,0,2,0,0,False
351,microsoft/azure-maven-plugins,29a544114f9483edc8afc54eb25d2224343cb27a,com/microsoft/azure/maven/webapp/handlers/runtime/PublicDockerHubRuntimeHandlerImplTest.java,41,5,10,64,0.0,0,5,0,0,0,0,0,2,0,0,0,0,0,0,0,0,2,0,0,2,0,0,False
352,microsoft/azure-maven-plugins,29a544114f9483edc8afc54eb25d2224343cb27a,com/microsoft/azure/maven/webapp/handlers/runtime/WindowsRuntimeHandlerImplTest.java,46,5,10,68,0.04,2,5,0,0,0,0,0,2,0,0,0,0,0,0,0,0,0,0,0,2,0,0,False
353,microsoft/azure-maven-plugins,29a544114f9483edc8afc54eb25d2224343cb27a,com/microsoft/azure/maven/webapp/parser/ConfigurationParserTest.java,138,21,44,39,0.18,25,5,3,0,0,0,0,3,0,0,0,0,0,0,0,0,0,0,0,3,0,0,False
354,microsoft/azure-maven-plugins,29a544114f9483edc8afc54eb25d2224343cb27a,com/microsoft/azure/maven/webapp/parser/V1ConfigurationParserTest.java,120,9,23,56,0.23,27,9,8,0,0,0,0,6,0,0,0,0,0,0,0,0,0,0,0,8,0,0,False
355,microsoft/azure-maven-plugins,29a544114f9483edc8afc54eb25d2224343cb27a,com/microsoft/azure/maven/webapp/parser/V2ConfigurationParserTest.java,146,10,22,68,0.19,28,10,9,0,0,0,0,6,0,0,0,0,0,0,0,1,0,0,0,9,0,0,False
356,microsoft/azure-maven-plugins,29a544114f9483edc8afc54eb25d2224343cb27a,com/microsoft/azure/maven/webapp/utils/RuntimeStackUtilsTest.java,13,2,2,4,0.54,7,2,2,0,0,0,0,0,0,0,0,0,0,0,0,0,0,0,0,2,0,0,False
357,microsoft/azure-maven-plugins,29a544114f9483edc8afc54eb25d2224343cb27a,com/microsoft/azure/maven/webapp/utils/TestUtils.java,52,6,20,29,0.0,0,6,0,0,0,0,0,0,0,0,0,0,0,0,0,0,0,0,0,0,0,0,False
358,microsoft/azure-maven-plugins,29a544114f9483edc8afc54eb25d2224343cb27a,com/microsoft/azure/maven/webapp/WebAppUtilsTest.java,149,8,20,90,0.05,7,8,1,0,0,0,0,7,0,0,0,0,0,0,0,0,0,0,0,8,0,0,False
359,microsoft/azure-maven-plugins,10945b4e509c361913069de29982aceee4f736b8,com/microsoft/azure/maven/function/AddMojoTest.java,44,7,15,24,0.11,5,7,1,0,0,0,0,6,0,1,0,0,0,0,0,0,0,0,2,6,0,0,False
360,microsoft/azure-maven-plugins,10945b4e509c361913069de29982aceee4f736b8,com/microsoft/azure/maven/function/DeployMojoTest.java,156,16,43,139,0.12,19,16,7,0,0,0,0,14,14,0,0,0,0,0,0,1,4,0,0,14,0,0,False
361,microsoft/azure-maven-plugins,10945b4e509c361913069de29982aceee4f736b8,com/microsoft/azure/maven/function/ListMojoTest.java,15,2,6,12,0.0,0,2,0,0,0,0,0,1,0,0,0,0,0,0,0,0,1,0,0,1,0,0,False
362,microsoft/azure-maven-plugins,10945b4e509c361913069de29982aceee4f736b8,com/microsoft/azure/maven/function/PackageMojoTest.java,44,5,13,43,0.09,4,5,1,0,0,0,0,4,0,0,0,0,0,0,0,0,2,0,0,4,0,0,False
363,microsoft/azure-maven-plugins,10945b4e509c361913069de29982aceee4f736b8,com/microsoft/azure/maven/function/RunMojoTest.java,57,8,20,60,0.07,4,8,1,0,0,0,0,7,0,0,0,0,0,0,0,0,1,0,0,7,0,0,False
364,microsoft/azure-maven-plugins,10945b4e509c361913069de29982aceee4f736b8,com/microsoft/azure/maven/AbstractAppServiceMojoTest.java,17,2,3,10,0.06,1,1,0,0,0,0,0,0,0,0,0,0,1,0,0,0,0,0,0,1,0,0,False
365,microsoft/azure-maven-plugins,10945b4e509c361913069de29982aceee4f736b8,com/microsoft/azure/maven/AbstractAzureMojoTest.java,96,17,34,48,0.26,25,16,3,0,0,0,0,12,0,0,0,0,0,0,0,0,1,0,0,15,0,0,False
366,microsoft/azure-maven-plugins,10945b4e509c361913069de29982aceee4f736b8,com/microsoft/azure/maven/webapp/DeployMojoTest.java,163,20,53,126,0.15,25,14,3,0,0,0,0,11,0,0,0,0,0,0,0,0,0,0,3,11,0,0,False
367,microsoft/azure-maven-plugins,10945b4e509c361913069de29982aceee4f736b8,com/microsoft/azure/maven/webapp/handlers/artifact/ArtifactHandlerImplV2Test.java,105,10,27,86,0.04,4,10,1,0,0,0,1,8,0,4,0,0,0,0,0,1,2,0,5,8,0,0,False
368,microsoft/azure-maven-plugins,10945b4e509c361913069de29982aceee4f736b8,com/microsoft/azure/maven/webapp/handlers/artifact/JarArtifactHandlerImplTest.java,76,11,24,59,0.04,3,11,1,0,0,0,2,7,0,3,0,0,0,0,0,1,4,0,4,9,0,0,False
369,microsoft/azure-maven-plugins,10945b4e509c361913069de29982aceee4f736b8,com/microsoft/azure/maven/webapp/handlers/artifact/WarArtifactHandlerImplTest.java,138,12,26,111,0.08,11,12,2,0,0,0,0,8,0,8,0,0,1,0,0,1,2,0,9,10,0,0,False
370,microsoft/azure-maven-plugins,10945b4e509c361913069de29982aceee4f736b8,com/microsoft/azure/maven/webapp/handlers/DeploymentSlotHandlerTest.java,87,9,24,71,0.0,0,9,0,0,0,0,0,8,0,0,0,0,0,0,0,0,4,0,0,8,0,0,False
371,microsoft/azure-maven-plugins,10945b4e509c361913069de29982aceee4f736b8,com/microsoft/azure/maven/webapp/handlers/HandlerFactoryImplTest.java,89,8,22,54,0.16,14,8,3,0,0,0,0,7,3,0,0,0,0,0,0,0,0,0,0,7,0,0,False
372,microsoft/azure-maven-plugins,10945b4e509c361913069de29982aceee4f736b8,com/microsoft/azure/maven/webapp/handlers/SettingsHandlerImplTest.java,24,3,9,17,0.0,0,3,0,0,0,0,0,2,0,0,0,0,0,0,0,0,2,0,0,2,0,0,False
373,microsoft/azure-maven-plugins,10945b4e509c361913069de29982aceee4f736b8,com/microsoft/azure/maven/webapp/handlers/runtime/LinuxRuntimeHandlerImplTest.java,41,5,10,60,0.05,2,5,0,0,0,0,0,2,0,0,0,0,0,0,0,0,0,0,0,2,0,0,False
374,microsoft/azure-maven-plugins,10945b4e509c361913069de29982aceee4f736b8,com/microsoft/azure/maven/webapp/handlers/runtime/NullRuntimeHandlerImplTest.java,22,3,7,5,0.09,2,3,0,0,0,0,0,1,0,0,0,0,0,0,0,0,0,0,0,2,0,0,False
375,microsoft/azure-maven-plugins,10945b4e509c361913069de29982aceee4f736b8,com/microsoft/azure/maven/webapp/handlers/runtime/PrivateDockerHubRuntimeHandlerImplTest.java,62,5,12,80,0.0,0,5,0,0,0,0,0,2,0,0,0,0,0,0,0,0,2,0,0,2,0,0,False
376,microsoft/azure-maven-plugins,10945b4e509c361913069de29982aceee4f736b8,com/microsoft/azure/maven/webapp/handlers/runtime/PrivateRegistryRuntimeHandlerImplTest.java,63,5,12,81,0.0,0,5,0,0,0,0,0,2,0,0,0,0,0,0,0,0,2,0,0,2,0,0,False
377,microsoft/azure-maven-plugins,10945b4e509c361913069de29982aceee4f736b8,com/microsoft/azure/maven/webapp/handlers/runtime/PublicDockerHubRuntimeHandlerImplTest.java,41,5,10,64,0.0,0,5,0,0,0,0,0,2,0,0,0,0,0,0,0,0,2,0,0,2,0,0,False
378,microsoft/azure-maven-plugins,10945b4e509c361913069de29982aceee4f736b8,com/microsoft/azure/maven/webapp/handlers/runtime/WindowsRuntimeHandlerImplTest.java,46,5,10,68,0.04,2,5,0,0,0,0,0,2,0,0,0,0,0,0,0,0,0,0,0,2,0,0,False
379,microsoft/azure-maven-plugins,10945b4e509c361913069de29982aceee4f736b8,com/microsoft/azure/maven/webapp/parser/ConfigurationParserTest.java,138,21,44,39,0.18,25,5,3,0,0,0,0,3,0,0,0,0,0,0,0,0,0,0,0,3,0,0,False
380,microsoft/azure-maven-plugins,10945b4e509c361913069de29982aceee4f736b8,com/microsoft/azure/maven/webapp/parser/V1ConfigurationParserTest.java,120,9,23,56,0.23,27,9,8,0,0,0,0,6,0,0,0,0,0,0,0,0,0,0,0,8,0,0,False
381,microsoft/azure-maven-plugins,10945b4e509c361913069de29982aceee4f736b8,com/microsoft/azure/maven/webapp/parser/V2ConfigurationParserTest.java,146,10,22,68,0.19,28,10,9,0,0,0,0,6,0,0,0,0,0,0,0,1,0,0,0,9,0,0,False
382,microsoft/azure-maven-plugins,10945b4e509c361913069de29982aceee4f736b8,com/microsoft/azure/maven/webapp/utils/RuntimeStackUtilsTest.java,13,2,2,4,0.54,7,2,2,0,0,0,0,0,0,0,0,0,0,0,0,0,0,0,0,2,0,0,False
383,microsoft/azure-maven-plugins,10945b4e509c361913069de29982aceee4f736b8,com/microsoft/azure/maven/webapp/utils/TestUtils.java,52,6,20,29,0.0,0,6,0,0,0,0,0,0,0,0,0,0,0,0,0,0,0,0,0,0,0,0,False
384,microsoft/azure-maven-plugins,10945b4e509c361913069de29982aceee4f736b8,com/microsoft/azure/maven/webapp/WebAppUtilsTest.java,149,8,20,90,0.05,7,8,1,0,0,0,0,7,0,0,0,0,0,0,0,0,0,0,0,8,0,0,False
385,microsoft/azure-maven-plugins,750f7aaafc5afe564eaa4622ef21fbb026d302b1,com/microsoft/azure/maven/function/AddMojoTest.java,44,7,15,24,0.11,5,7,1,0,0,0,0,6,0,1,0,0,0,0,0,0,0,0,2,6,0,0,False
386,microsoft/azure-maven-plugins,750f7aaafc5afe564eaa4622ef21fbb026d302b1,com/microsoft/azure/maven/function/DeployMojoTest.java,114,14,37,102,0.17,19,14,7,0,0,0,0,12,12,0,0,0,0,0,0,1,4,0,0,12,0,0,False
387,microsoft/azure-maven-plugins,750f7aaafc5afe564eaa4622ef21fbb026d302b1,com/microsoft/azure/maven/function/ListMojoTest.java,15,2,6,12,0.0,0,2,0,0,0,0,0,1,0,0,0,0,0,0,0,0,1,0,0,1,0,0,False
388,microsoft/azure-maven-plugins,750f7aaafc5afe564eaa4622ef21fbb026d302b1,com/microsoft/azure/maven/function/PackageMojoTest.java,44,5,13,43,0.09,4,5,1,0,0,0,0,4,0,0,0,0,0,0,0,0,2,0,0,4,0,0,False
389,microsoft/azure-maven-plugins,750f7aaafc5afe564eaa4622ef21fbb026d302b1,com/microsoft/azure/maven/function/RunMojoTest.java,57,8,20,60,0.07,4,8,1,0,0,0,0,7,0,0,0,0,0,0,0,0,1,0,0,7,0,0,False
390,microsoft/azure-maven-plugins,750f7aaafc5afe564eaa4622ef21fbb026d302b1,com/microsoft/azure/maven/AbstractAppServiceMojoTest.java,17,2,3,10,0.06,1,1,0,0,0,0,0,0,0,0,0,0,1,0,0,0,0,0,0,1,0,0,False
391,microsoft/azure-maven-plugins,750f7aaafc5afe564eaa4622ef21fbb026d302b1,com/microsoft/azure/maven/AbstractAzureMojoTest.java,96,17,34,48,0.26,25,16,3,0,0,0,0,12,0,0,0,0,0,0,0,0,1,0,0,15,0,0,False
392,microsoft/azure-maven-plugins,750f7aaafc5afe564eaa4622ef21fbb026d302b1,com/microsoft/azure/maven/webapp/DeployMojoTest.java,163,20,53,126,0.15,25,14,3,0,0,0,0,11,0,0,0,0,0,0,0,0,0,0,3,11,0,0,False
393,microsoft/azure-maven-plugins,750f7aaafc5afe564eaa4622ef21fbb026d302b1,com/microsoft/azure/maven/webapp/handlers/artifact/ArtifactHandlerImplV2Test.java,105,10,27,86,0.04,4,10,1,0,0,0,1,8,0,4,0,0,0,0,0,1,2,0,5,8,0,0,False
394,microsoft/azure-maven-plugins,750f7aaafc5afe564eaa4622ef21fbb026d302b1,com/microsoft/azure/maven/webapp/handlers/artifact/JarArtifactHandlerImplTest.java,76,11,24,59,0.04,3,11,1,0,0,0,2,7,0,3,0,0,0,0,0,1,4,0,4,9,0,0,False
395,microsoft/azure-maven-plugins,750f7aaafc5afe564eaa4622ef21fbb026d302b1,com/microsoft/azure/maven/webapp/handlers/artifact/WarArtifactHandlerImplTest.java,138,12,26,111,0.08,11,12,2,0,0,0,0,8,0,8,0,0,1,0,0,1,2,0,9,10,0,0,False
396,microsoft/azure-maven-plugins,750f7aaafc5afe564eaa4622ef21fbb026d302b1,com/microsoft/azure/maven/webapp/handlers/DeploymentSlotHandlerTest.java,87,9,24,71,0.0,0,9,0,0,0,0,0,8,0,0,0,0,0,0,0,0,4,0,0,8,0,0,False
397,microsoft/azure-maven-plugins,750f7aaafc5afe564eaa4622ef21fbb026d302b1,com/microsoft/azure/maven/webapp/handlers/HandlerFactoryImplTest.java,89,8,22,54,0.16,14,8,3,0,0,0,0,7,3,0,0,0,0,0,0,0,0,0,0,7,0,0,False
398,microsoft/azure-maven-plugins,750f7aaafc5afe564eaa4622ef21fbb026d302b1,com/microsoft/azure/maven/webapp/handlers/SettingsHandlerImplTest.java,24,3,9,17,0.0,0,3,0,0,0,0,0,2,0,0,0,0,0,0,0,0,2,0,0,2,0,0,False
399,microsoft/azure-maven-plugins,750f7aaafc5afe564eaa4622ef21fbb026d302b1,com/microsoft/azure/maven/webapp/handlers/runtime/LinuxRuntimeHandlerImplTest.java,41,5,10,60,0.05,2,5,0,0,0,0,0,2,0,0,0,0,0,0,0,0,0,0,0,2,0,0,False
400,microsoft/azure-maven-plugins,750f7aaafc5afe564eaa4622ef21fbb026d302b1,com/microsoft/azure/maven/webapp/handlers/runtime/NullRuntimeHandlerImplTest.java,22,3,7,5,0.09,2,3,0,0,0,0,0,1,0,0,0,0,0,0,0,0,0,0,0,2,0,0,False
401,microsoft/azure-maven-plugins,750f7aaafc5afe564eaa4622ef21fbb026d302b1,com/microsoft/azure/maven/webapp/handlers/runtime/PrivateDockerHubRuntimeHandlerImplTest.java,62,5,12,80,0.0,0,5,0,0,0,0,0,2,0,0,0,0,0,0,0,0,2,0,0,2,0,0,False
402,microsoft/azure-maven-plugins,750f7aaafc5afe564eaa4622ef21fbb026d302b1,com/microsoft/azure/maven/webapp/handlers/runtime/PrivateRegistryRuntimeHandlerImplTest.java,63,5,12,81,0.0,0,5,0,0,0,0,0,2,0,0,0,0,0,0,0,0,2,0,0,2,0,0,False
403,microsoft/azure-maven-plugins,750f7aaafc5afe564eaa4622ef21fbb026d302b1,com/microsoft/azure/maven/webapp/handlers/runtime/PublicDockerHubRuntimeHandlerImplTest.java,41,5,10,64,0.0,0,5,0,0,0,0,0,2,0,0,0,0,0,0,0,0,2,0,0,2,0,0,False
404,microsoft/azure-maven-plugins,750f7aaafc5afe564eaa4622ef21fbb026d302b1,com/microsoft/azure/maven/webapp/handlers/runtime/WindowsRuntimeHandlerImplTest.java,46,5,10,68,0.04,2,5,0,0,0,0,0,2,0,0,0,0,0,0,0,0,0,0,0,2,0,0,False
405,microsoft/azure-maven-plugins,750f7aaafc5afe564eaa4622ef21fbb026d302b1,com/microsoft/azure/maven/webapp/parser/ConfigurationParserTest.java,138,21,44,39,0.18,25,5,3,0,0,0,0,3,0,0,0,0,0,0,0,0,0,0,0,3,0,0,False
406,microsoft/azure-maven-plugins,750f7aaafc5afe564eaa4622ef21fbb026d302b1,com/microsoft/azure/maven/webapp/parser/V1ConfigurationParserTest.java,120,9,23,56,0.23,27,9,8,0,0,0,0,6,0,0,0,0,0,0,0,0,0,0,0,8,0,0,False
407,microsoft/azure-maven-plugins,750f7aaafc5afe564eaa4622ef21fbb026d302b1,com/microsoft/azure/maven/webapp/parser/V2ConfigurationParserTest.java,146,10,22,68,0.19,28,10,9,0,0,0,0,6,0,0,0,0,0,0,0,1,0,0,0,9,0,0,False
408,microsoft/azure-maven-plugins,750f7aaafc5afe564eaa4622ef21fbb026d302b1,com/microsoft/azure/maven/webapp/utils/RuntimeStackUtilsTest.java,13,2,2,4,0.54,7,2,2,0,0,0,0,0,0,0,0,0,0,0,0,0,0,0,0,2,0,0,False
409,microsoft/azure-maven-plugins,750f7aaafc5afe564eaa4622ef21fbb026d302b1,com/microsoft/azure/maven/webapp/utils/TestUtils.java,52,6,20,29,0.0,0,6,0,0,0,0,0,0,0,0,0,0,0,0,0,0,0,0,0,0,0,0,False
410,microsoft/azure-maven-plugins,750f7aaafc5afe564eaa4622ef21fbb026d302b1,com/microsoft/azure/maven/webapp/WebAppUtilsTest.java,149,8,20,90,0.05,7,8,1,0,0,0,0,7,0,0,0,0,0,0,0,0,0,0,0,8,0,0,False
411,microsoft/azure-maven-plugins,ebe67e0ae450811470e8cb8023a0d67dbfbd6f38,com/microsoft/azure/maven/function/AddMojoTest.java,44,7,15,24,0.11,5,7,1,0,0,0,0,6,0,1,0,0,0,0,0,0,0,0,2,6,0,0,False
412,microsoft/azure-maven-plugins,ebe67e0ae450811470e8cb8023a0d67dbfbd6f38,com/microsoft/azure/maven/function/DeployMojoTest.java,116,15,38,91,0.2,23,15,8,0,0,0,0,12,13,0,0,0,0,0,0,2,4,0,0,13,0,0,False
413,microsoft/azure-maven-plugins,ebe67e0ae450811470e8cb8023a0d67dbfbd6f38,com/microsoft/azure/maven/function/ListMojoTest.java,15,2,6,12,0.0,0,2,0,0,0,0,0,1,0,0,0,0,0,0,0,0,1,0,0,1,0,0,False
414,microsoft/azure-maven-plugins,ebe67e0ae450811470e8cb8023a0d67dbfbd6f38,com/microsoft/azure/maven/function/PackageMojoTest.java,43,5,13,42,0.09,4,5,1,0,0,0,0,4,0,0,0,0,0,0,0,0,2,0,0,4,0,0,False
415,microsoft/azure-maven-plugins,ebe67e0ae450811470e8cb8023a0d67dbfbd6f38,com/microsoft/azure/maven/function/RunMojoTest.java,57,8,20,60,0.07,4,8,1,0,0,0,0,7,0,0,0,0,0,0,0,0,1,0,0,7,0,0,False
416,microsoft/azure-maven-plugins,ebe67e0ae450811470e8cb8023a0d67dbfbd6f38,com/microsoft/azure/maven/AbstractAppServiceMojoTest.java,17,2,3,10,0.06,1,1,0,0,0,0,0,0,0,0,0,0,1,0,0,0,0,0,0,1,0,0,False
417,microsoft/azure-maven-plugins,ebe67e0ae450811470e8cb8023a0d67dbfbd6f38,com/microsoft/azure/maven/AbstractAzureMojoTest.java,96,17,34,48,0.26,25,16,3,0,0,0,0,12,0,0,0,0,0,0,0,0,1,0,0,15,0,0,False
418,microsoft/azure-maven-plugins,ebe67e0ae450811470e8cb8023a0d67dbfbd6f38,com/microsoft/azure/maven/webapp/DeployMojoTest.java,163,20,53,126,0.15,25,14,3,0,0,0,0,11,0,0,0,0,0,0,0,0,0,0,3,11,0,0,False
419,microsoft/azure-maven-plugins,ebe67e0ae450811470e8cb8023a0d67dbfbd6f38,com/microsoft/azure/maven/webapp/handlers/artifact/ArtifactHandlerImplV2Test.java,105,10,27,86,0.04,4,10,1,0,0,0,1,8,0,4,0,0,0,0,0,1,2,0,5,8,0,0,False
420,microsoft/azure-maven-plugins,ebe67e0ae450811470e8cb8023a0d67dbfbd6f38,com/microsoft/azure/maven/webapp/handlers/artifact/JarArtifactHandlerImplTest.java,76,11,24,59,0.04,3,11,1,0,0,0,2,7,0,3,0,0,0,0,0,1,4,0,4,9,0,0,False
421,microsoft/azure-maven-plugins,ebe67e0ae450811470e8cb8023a0d67dbfbd6f38,com/microsoft/azure/maven/webapp/handlers/artifact/WarArtifactHandlerImplTest.java,138,12,26,111,0.08,11,12,2,0,0,0,0,8,0,8,0,0,1,0,0,1,2,0,9,10,0,0,False
422,microsoft/azure-maven-plugins,ebe67e0ae450811470e8cb8023a0d67dbfbd6f38,com/microsoft/azure/maven/webapp/handlers/DeploymentSlotHandlerTest.java,87,9,24,71,0.0,0,9,0,0,0,0,0,8,0,0,0,0,0,0,0,0,4,0,0,8,0,0,False
423,microsoft/azure-maven-plugins,ebe67e0ae450811470e8cb8023a0d67dbfbd6f38,com/microsoft/azure/maven/webapp/handlers/HandlerFactoryImplTest.java,89,8,22,54,0.16,14,8,3,0,0,0,0,7,3,0,0,0,0,0,0,0,0,0,0,7,0,0,False
424,microsoft/azure-maven-plugins,ebe67e0ae450811470e8cb8023a0d67dbfbd6f38,com/microsoft/azure/maven/webapp/handlers/SettingsHandlerImplTest.java,24,3,9,17,0.0,0,3,0,0,0,0,0,2,0,0,0,0,0,0,0,0,2,0,0,2,0,0,False
425,microsoft/azure-maven-plugins,ebe67e0ae450811470e8cb8023a0d67dbfbd6f38,com/microsoft/azure/maven/webapp/handlers/runtime/LinuxRuntimeHandlerImplTest.java,41,5,10,60,0.05,2,5,0,0,0,0,0,2,0,0,0,0,0,0,0,0,0,0,0,2,0,0,False
426,microsoft/azure-maven-plugins,ebe67e0ae450811470e8cb8023a0d67dbfbd6f38,com/microsoft/azure/maven/webapp/handlers/runtime/NullRuntimeHandlerImplTest.java,22,3,7,5,0.09,2,3,0,0,0,0,0,1,0,0,0,0,0,0,0,0,0,0,0,2,0,0,False
427,microsoft/azure-maven-plugins,ebe67e0ae450811470e8cb8023a0d67dbfbd6f38,com/microsoft/azure/maven/webapp/handlers/runtime/PrivateDockerHubRuntimeHandlerImplTest.java,62,5,12,80,0.0,0,5,0,0,0,0,0,2,0,0,0,0,0,0,0,0,2,0,0,2,0,0,False
428,microsoft/azure-maven-plugins,ebe67e0ae450811470e8cb8023a0d67dbfbd6f38,com/microsoft/azure/maven/webapp/handlers/runtime/PrivateRegistryRuntimeHandlerImplTest.java,63,5,12,81,0.0,0,5,0,0,0,0,0,2,0,0,0,0,0,0,0,0,2,0,0,2,0,0,False
429,microsoft/azure-maven-plugins,ebe67e0ae450811470e8cb8023a0d67dbfbd6f38,com/microsoft/azure/maven/webapp/handlers/runtime/PublicDockerHubRuntimeHandlerImplTest.java,41,5,10,64,0.0,0,5,0,0,0,0,0,2,0,0,0,0,0,0,0,0,2,0,0,2,0,0,False
430,microsoft/azure-maven-plugins,ebe67e0ae450811470e8cb8023a0d67dbfbd6f38,com/microsoft/azure/maven/webapp/handlers/runtime/WindowsRuntimeHandlerImplTest.java,46,5,10,68,0.04,2,5,0,0,0,0,0,2,0,0,0,0,0,0,0,0,0,0,0,2,0,0,False
431,microsoft/azure-maven-plugins,ebe67e0ae450811470e8cb8023a0d67dbfbd6f38,com/microsoft/azure/maven/webapp/parser/ConfigurationParserTest.java,138,21,44,39,0.18,25,5,3,0,0,0,0,3,0,0,0,0,0,0,0,0,0,0,0,3,0,0,False
432,microsoft/azure-maven-plugins,ebe67e0ae450811470e8cb8023a0d67dbfbd6f38,com/microsoft/azure/maven/webapp/parser/V1ConfigurationParserTest.java,120,9,23,56,0.23,27,9,8,0,0,0,0,6,0,0,0,0,0,0,0,0,0,0,0,8,0,0,False
433,microsoft/azure-maven-plugins,ebe67e0ae450811470e8cb8023a0d67dbfbd6f38,com/microsoft/azure/maven/webapp/parser/V2ConfigurationParserTest.java,146,10,22,68,0.19,28,10,9,0,0,0,0,6,0,0,0,0,0,0,0,1,0,0,0,9,0,0,False
434,microsoft/azure-maven-plugins,ebe67e0ae450811470e8cb8023a0d67dbfbd6f38,com/microsoft/azure/maven/webapp/utils/RuntimeStackUtilsTest.java,13,2,2,4,0.54,7,2,2,0,0,0,0,0,0,0,0,0,0,0,0,0,0,0,0,2,0,0,False
435,microsoft/azure-maven-plugins,ebe67e0ae450811470e8cb8023a0d67dbfbd6f38,com/microsoft/azure/maven/webapp/utils/TestUtils.java,52,6,20,29,0.0,0,6,0,0,0,0,0,0,0,0,0,0,0,0,0,0,0,0,0,0,0,0,False
436,microsoft/azure-maven-plugins,ebe67e0ae450811470e8cb8023a0d67dbfbd6f38,com/microsoft/azure/maven/webapp/WebAppUtilsTest.java,149,8,20,90,0.05,7,8,1,0,0,0,0,7,0,0,0,0,0,0,0,0,0,0,0,8,0,0,False
437,microsoft/azure-maven-plugins,65b948ab8764bc41881f4c7a7590df6bc66149e8,com/microsoft/azure/maven/function/AddMojoTest.java,44,7,15,24,0.11,5,7,1,0,0,0,0,6,0,1,0,0,0,0,0,0,0,0,2,6,0,0,False
438,microsoft/azure-maven-plugins,65b948ab8764bc41881f4c7a7590df6bc66149e8,com/microsoft/azure/maven/function/DeployMojoTest.java,116,15,38,91,0.2,23,15,8,0,0,0,0,12,13,0,0,0,0,0,0,2,4,0,0,13,0,0,False
439,microsoft/azure-maven-plugins,65b948ab8764bc41881f4c7a7590df6bc66149e8,com/microsoft/azure/maven/function/ListMojoTest.java,15,2,6,12,0.0,0,2,0,0,0,0,0,1,0,0,0,0,0,0,0,0,1,0,0,1,0,0,False
440,microsoft/azure-maven-plugins,65b948ab8764bc41881f4c7a7590df6bc66149e8,com/microsoft/azure/maven/function/PackageMojoTest.java,42,5,13,40,0.1,4,5,1,0,0,0,0,4,0,0,0,0,0,0,0,0,2,0,0,4,0,0,False
441,microsoft/azure-maven-plugins,65b948ab8764bc41881f4c7a7590df6bc66149e8,com/microsoft/azure/maven/function/RunMojoTest.java,57,8,20,60,0.07,4,8,1,0,0,0,0,7,0,0,0,0,0,0,0,0,1,0,0,7,0,0,False
442,microsoft/azure-maven-plugins,65b948ab8764bc41881f4c7a7590df6bc66149e8,com/microsoft/azure/maven/function/handlers/AnnotationHandlerImplTest.java,89,7,17,12,0.03,3,7,2,0,0,0,0,2,0,0,0,0,0,0,0,0,0,0,0,2,0,0,False
443,microsoft/azure-maven-plugins,65b948ab8764bc41881f4c7a7590df6bc66149e8,com/microsoft/azure/maven/function/handlers/CommandHandlerImplTest.java,13,3,4,6,0.23,3,3,1,0,0,0,0,1,0,0,0,0,0,0,0,0,0,0,0,3,0,0,False
444,microsoft/azure-maven-plugins,65b948ab8764bc41881f4c7a7590df6bc66149e8,com/microsoft/azure/maven/function/handlers/FunctionCoreToolsHandlerImplTest.java,69,7,15,67,0.03,2,7,0,0,0,0,0,6,0,0,0,0,0,0,0,0,3,0,0,7,0,0,False
445,microsoft/azure-maven-plugins,65b948ab8764bc41881f4c7a7590df6bc66149e8,com/microsoft/azure/maven/function/handlers/artifact/FunctionArtifactHelperTest.java,79,5,15,41,0.05,4,5,0,0,0,0,0,5,0,0,0,0,0,0,0,0,1,0,0,5,0,0,False
446,microsoft/azure-maven-plugins,65b948ab8764bc41881f4c7a7590df6bc66149e8,com/microsoft/azure/maven/function/handlers/artifact/MSDeployArtifactHandlerImplTest.java,89,7,16,80,0.02,2,7,0,0,0,0,0,5,0,3,0,0,0,0,0,0,3,0,2,5,0,0,False
447,microsoft/azure-maven-plugins,65b948ab8764bc41881f4c7a7590df6bc66149e8,com/microsoft/azure/maven/function/utils/CommandUtilsTest.java,12,3,4,9,0.33,4,3,1,0,0,0,0,1,0,0,0,0,0,0,0,0,0,0,0,3,0,0,False
448,microsoft/azure-maven-plugins,65b948ab8764bc41881f4c7a7590df6bc66149e8,com/microsoft/azure/maven/AbstractAppServiceMojoTest.java,17,2,3,10,0.06,1,1,0,0,0,0,0,0,0,0,0,0,1,0,0,0,0,0,0,1,0,0,False
449,microsoft/azure-maven-plugins,65b948ab8764bc41881f4c7a7590df6bc66149e8,com/microsoft/azure/maven/AbstractAzureMojoTest.java,96,17,34,48,0.26,25,16,3,0,0,0,0,12,0,0,0,0,0,0,0,0,1,0,0,15,0,0,False
450,microsoft/azure-maven-plugins,65b948ab8764bc41881f4c7a7590df6bc66149e8,com/microsoft/azure/maven/FTPUploaderTest.java,48,4,11,23,0.04,2,4,0,0,0,0,0,3,0,0,0,0,0,0,0,0,1,0,0,3,0,0,False
451,microsoft/azure-maven-plugins,65b948ab8764bc41881f4c7a7590df6bc66149e8,com/microsoft/azure/maven/UtilsTest.java,44,4,8,27,0.18,8,4,2,0,0,0,0,1,0,0,0,0,0,0,0,1,1,0,0,3,0,0,False
452,microsoft/azure-maven-plugins,65b948ab8764bc41881f4c7a7590df6bc66149e8,com/microsoft/azure/maven/handlers/artifact/ArtifactHandlerBaseTest.java,51,8,18,40,0.0,0,5,0,0,0,0,0,4,0,0,0,0,0,0,0,0,1,0,0,4,0,0,False
453,microsoft/azure-maven-plugins,65b948ab8764bc41881f4c7a7590df6bc66149e8,com/microsoft/azure/maven/handlers/artifact/FTPArtifactHandlerImplTest.java,87,7,16,61,0.03,3,7,1,0,0,0,0,4,0,0,0,0,0,0,0,1,4,0,0,5,0,0,False
454,microsoft/azure-maven-plugins,65b948ab8764bc41881f4c7a7590df6bc66149e8,com/microsoft/azure/maven/handlers/artifact/ZIPArtifactHandlerImplTest.java,67,7,14,47,0.04,3,7,0,0,0,0,0,3,0,3,0,0,0,0,0,0,1,0,3,5,0,0,False
455,microsoft/azure-maven-plugins,65b948ab8764bc41881f4c7a7590df6bc66149e8,com/microsoft/azure/maven/webapp/DeployMojoTest.java,135,20,53,98,0.19,25,14,3,0,0,0,0,11,0,0,0,0,0,0,0,0,0,0,0,11,0,0,False
456,microsoft/azure-maven-plugins,65b948ab8764bc41881f4c7a7590df6bc66149e8,com/microsoft/azure/maven/webapp/handlers/artifact/ArtifactHandlerImplV2Test.java,158,11,30,131,0.03,4,11,1,0,0,0,0,8,0,4,0,0,0,0,0,1,3,0,6,9,0,0,False
457,microsoft/azure-maven-plugins,65b948ab8764bc41881f4c7a7590df6bc66149e8,com/microsoft/azure/maven/webapp/handlers/artifact/JarArtifactHandlerImplTest.java,70,11,23,54,0.04,3,11,1,0,0,0,2,7,0,3,0,0,0,0,0,1,4,0,4,9,0,0,False
458,microsoft/azure-maven-plugins,65b948ab8764bc41881f4c7a7590df6bc66149e8,com/microsoft/azure/maven/webapp/handlers/artifact/WarArtifactHandlerImplTest.java,138,12,26,111,0.08,11,12,2,0,0,0,0,8,0,8,0,0,1,0,0,1,2,0,9,10,0,0,False
459,microsoft/azure-maven-plugins,65b948ab8764bc41881f4c7a7590df6bc66149e8,com/microsoft/azure/maven/webapp/handlers/DeploymentSlotHandlerTest.java,87,9,24,71,0.0,0,9,0,0,0,0,0,8,0,0,0,0,0,0,0,0,4,0,0,8,0,0,False
460,microsoft/azure-maven-plugins,65b948ab8764bc41881f4c7a7590df6bc66149e8,com/microsoft/azure/maven/webapp/handlers/HandlerFactoryImplTest.java,91,8,21,57,0.15,14,8,3,0,0,0,0,7,0,0,0,0,0,0,0,0,0,0,0,7,0,0,False
461,microsoft/azure-maven-plugins,65b948ab8764bc41881f4c7a7590df6bc66149e8,com/microsoft/azure/maven/webapp/handlers/SettingsHandlerImplTest.java,24,3,9,17,0.0,0,3,0,0,0,0,0,2,0,0,0,0,0,0,0,0,2,0,0,2,0,0,False
462,microsoft/azure-maven-plugins,65b948ab8764bc41881f4c7a7590df6bc66149e8,com/microsoft/azure/maven/webapp/handlers/runtime/LinuxRuntimeHandlerImplTest.java,42,5,10,60,0.05,2,5,0,0,0,0,0,2,0,0,0,0,0,0,0,0,0,0,0,2,0,0,False
463,microsoft/azure-maven-plugins,65b948ab8764bc41881f4c7a7590df6bc66149e8,com/microsoft/azure/maven/webapp/handlers/runtime/NullRuntimeHandlerImplTest.java,22,3,7,5,0.09,2,3,0,0,0,0,0,1,0,0,0,0,0,0,0,0,0,0,0,2,0,0,False
464,microsoft/azure-maven-plugins,65b948ab8764bc41881f4c7a7590df6bc66149e8,com/microsoft/azure/maven/webapp/handlers/runtime/PrivateDockerHubRuntimeHandlerImplTest.java,57,5,10,80,0.0,0,5,0,0,0,0,0,2,0,0,0,0,0,0,0,0,2,0,0,2,0,0,False
465,microsoft/azure-maven-plugins,65b948ab8764bc41881f4c7a7590df6bc66149e8,com/microsoft/azure/maven/webapp/handlers/runtime/PrivateRegistryRuntimeHandlerImplTest.java,57,5,10,81,0.0,0,5,0,0,0,0,0,2,0,0,0,0,0,0,0,0,2,0,0,2,0,0,False
466,microsoft/azure-maven-plugins,65b948ab8764bc41881f4c7a7590df6bc66149e8,com/microsoft/azure/maven/webapp/handlers/runtime/PublicDockerHubRuntimeHandlerImplTest.java,41,5,10,68,0.0,0,5,0,0,0,0,0,2,0,0,0,0,0,0,0,0,2,0,0,2,0,0,False
467,microsoft/azure-maven-plugins,65b948ab8764bc41881f4c7a7590df6bc66149e8,com/microsoft/azure/maven/webapp/handlers/runtime/WindowsRuntimeHandlerImplTest.java,46,5,10,68,0.04,2,5,0,0,0,0,0,2,0,0,0,0,0,0,0,0,0,0,0,2,0,0,False
468,microsoft/azure-maven-plugins,65b948ab8764bc41881f4c7a7590df6bc66149e8,com/microsoft/azure/maven/webapp/parser/ConfigurationParserTest.java,138,21,44,39,0.18,25,5,3,0,0,0,0,3,0,0,0,0,0,0,0,0,0,0,0,3,0,0,False
469,microsoft/azure-maven-plugins,65b948ab8764bc41881f4c7a7590df6bc66149e8,com/microsoft/azure/maven/webapp/parser/V1ConfigurationParserTest.java,122,9,23,56,0.23,28,9,8,0,0,0,0,6,0,0,0,0,0,0,0,0,0,0,0,8,0,0,False
470,microsoft/azure-maven-plugins,65b948ab8764bc41881f4c7a7590df6bc66149e8,com/microsoft/azure/maven/webapp/parser/V2ConfigurationParserTest.java,146,10,22,68,0.19,28,10,9,0,0,0,0,6,0,0,0,0,0,0,0,1,0,0,0,9,0,0,False
471,microsoft/azure-maven-plugins,65b948ab8764bc41881f4c7a7590df6bc66149e8,com/microsoft/azure/maven/webapp/utils/RuntimeStackUtilsTest.java,13,2,2,4,0.54,7,2,2,0,0,0,0,0,0,0,0,0,0,0,0,0,0,0,0,2,0,0,False
472,microsoft/azure-maven-plugins,65b948ab8764bc41881f4c7a7590df6bc66149e8,com/microsoft/azure/maven/webapp/utils/TestUtils.java,32,4,13,11,0.0,0,4,0,0,0,0,0,0,0,0,0,0,0,0,0,0,0,0,0,0,0,0,False
473,microsoft/azure-maven-plugins,65b948ab8764bc41881f4c7a7590df6bc66149e8,com/microsoft/azure/maven/webapp/WebAppUtilsTest.java,149,8,20,90,0.05,7,8,1,0,0,0,0,7,0,0,0,0,0,0,0,0,0,0,0,8,0,0,False
474,microsoft/azure-maven-plugins,0024493e233b5ec16f0f99c14d14be45ba58ba68,com/microsoft/azure/maven/function/AddMojoTest.java,44,7,15,24,0.11,5,7,1,0,0,0,0,6,0,1,0,0,0,0,0,0,0,0,2,6,0,0,False
475,microsoft/azure-maven-plugins,0024493e233b5ec16f0f99c14d14be45ba58ba68,com/microsoft/azure/maven/function/DeployMojoTest.java,166,18,48,154,0.08,13,18,4,0,0,0,0,15,15,0,0,0,0,0,0,0,7,0,0,15,0,0,False
476,microsoft/azure-maven-plugins,0024493e233b5ec16f0f99c14d14be45ba58ba68,com/microsoft/azure/maven/function/ListMojoTest.java,22,2,6,14,0.05,1,2,0,0,0,0,0,1,0,0,0,0,0,0,0,0,1,0,0,1,0,0,False
477,microsoft/azure-maven-plugins,0024493e233b5ec16f0f99c14d14be45ba58ba68,com/microsoft/azure/maven/function/PackageMojoTest.java,42,5,13,42,0.1,4,5,1,0,0,0,0,4,0,0,0,0,1,0,0,0,2,0,0,4,0,0,False
478,microsoft/azure-maven-plugins,0024493e233b5ec16f0f99c14d14be45ba58ba68,com/microsoft/azure/maven/function/RunMojoTest.java,57,8,20,60,0.07,4,8,1,0,0,0,0,7,0,0,0,0,0,0,0,0,1,0,0,7,0,0,False
479,microsoft/azure-maven-plugins,0024493e233b5ec16f0f99c14d14be45ba58ba68,com/microsoft/azure/maven/function/handlers/AnnotationHandlerImplTest.java,90,7,17,13,0.03,3,7,2,0,0,0,0,2,0,0,0,0,0,0,0,0,0,0,0,2,0,0,False
480,microsoft/azure-maven-plugins,0024493e233b5ec16f0f99c14d14be45ba58ba68,com/microsoft/azure/maven/function/handlers/CommandHandlerImplTest.java,20,3,4,14,0.15,3,3,1,0,0,0,0,1,0,0,0,0,0,0,0,0,0,0,0,3,0,0,False
481,microsoft/azure-maven-plugins,0024493e233b5ec16f0f99c14d14be45ba58ba68,com/microsoft/azure/maven/function/handlers/FunctionCoreToolsHandlerImplTest.java,76,7,18,83,0.03,2,7,0,0,0,0,0,6,0,0,0,0,0,0,0,0,3,0,0,7,0,0,False
482,microsoft/azure-maven-plugins,0024493e233b5ec16f0f99c14d14be45ba58ba68,com/microsoft/azure/maven/function/handlers/MSDeployArtifactHandlerImplTest.java,122,9,21,101,0.03,4,9,0,0,0,0,0,7,0,3,0,0,0,0,0,0,3,0,2,7,0,0,False
483,microsoft/azure-maven-plugins,0024493e233b5ec16f0f99c14d14be45ba58ba68,com/microsoft/azure/maven/function/utils/CommandUtilsTest.java,12,3,4,9,0.33,4,3,1,0,0,0,0,1,0,0,0,0,0,0,0,0,0,0,0,3,0,0,False
484,microsoft/azure-maven-plugins,0024493e233b5ec16f0f99c14d14be45ba58ba68,com/microsoft/azure/maven/AbstractAppServiceMojoTest.java,17,2,3,10,0.06,1,1,0,0,0,0,0,0,0,0,0,0,1,0,0,0,0,0,0,1,0,0,False
485,microsoft/azure-maven-plugins,0024493e233b5ec16f0f99c14d14be45ba58ba68,com/microsoft/azure/maven/AbstractAzureMojoTest.java,113,19,38,59,0.27,30,18,4,0,0,0,0,14,0,0,0,0,0,0,0,0,2,0,1,17,0,0,False
486,microsoft/azure-maven-plugins,0024493e233b5ec16f0f99c14d14be45ba58ba68,com/microsoft/azure/maven/FTPUploaderTest.java,49,4,11,23,0.04,2,4,0,0,0,0,0,3,0,0,0,0,0,0,0,0,1,0,0,3,0,0,False
487,microsoft/azure-maven-plugins,0024493e233b5ec16f0f99c14d14be45ba58ba68,com/microsoft/azure/maven/UtilsTest.java,44,4,8,27,0.18,8,4,2,0,0,0,0,1,0,0,0,0,0,0,0,1,1,0,0,3,0,0,False
488,microsoft/azure-maven-plugins,0024493e233b5ec16f0f99c14d14be45ba58ba68,com/microsoft/azure/maven/artifacthandler/ArtifactHandlerBaseTest.java,51,8,18,40,0.0,0,5,0,0,0,0,0,4,0,0,0,0,0,0,0,0,1,0,0,4,0,0,False
489,microsoft/azure-maven-plugins,0024493e233b5ec16f0f99c14d14be45ba58ba68,com/microsoft/azure/maven/artifacthandler/FTPArtifactHandlerImplTest.java,96,7,16,75,0.03,3,7,1,0,0,0,0,4,0,0,0,0,0,0,0,1,4,0,0,5,0,0,False
490,microsoft/azure-maven-plugins,0024493e233b5ec16f0f99c14d14be45ba58ba68,com/microsoft/azure/maven/artifacthandler/ZIPArtifactHandlerImplTest.java,73,7,14,55,0.04,3,7,0,0,0,0,0,3,0,3,0,0,0,0,0,0,1,0,3,5,0,0,False
491,microsoft/azure-maven-plugins,0024493e233b5ec16f0f99c14d14be45ba58ba68,com/microsoft/azure/maven/webapp/DeployMojoTest.java,147,22,57,104,0.18,26,16,3,0,0,0,0,12,0,0,0,0,0,0,0,0,0,0,0,12,0,0,False
492,microsoft/azure-maven-plugins,0024493e233b5ec16f0f99c14d14be45ba58ba68,com/microsoft/azure/maven/webapp/handlers/artifact/ArtifactHandlerImplV2Test.java,171,11,30,147,0.02,4,11,1,0,0,0,0,8,0,4,0,0,0,0,0,1,3,0,6,9,0,0,False
493,microsoft/azure-maven-plugins,0024493e233b5ec16f0f99c14d14be45ba58ba68,com/microsoft/azure/maven/webapp/handlers/artifact/JarArtifactHandlerImplTest.java,70,11,23,54,0.04,3,11,1,0,0,0,2,7,0,3,0,0,0,0,0,1,4,0,4,9,0,0,False
494,microsoft/azure-maven-plugins,0024493e233b5ec16f0f99c14d14be45ba58ba68,com/microsoft/azure/maven/webapp/handlers/artifact/WarArtifactHandlerImplTest.java,149,12,26,121,0.07,11,12,2,0,0,0,0,8,0,8,0,0,1,0,0,1,2,0,9,10,0,0,False
495,microsoft/azure-maven-plugins,0024493e233b5ec16f0f99c14d14be45ba58ba68,com/microsoft/azure/maven/webapp/handlers/DeploymentSlotHandlerTest.java,93,9,24,74,0.0,0,9,0,0,0,0,0,8,0,0,0,0,0,0,0,0,4,0,0,8,0,0,False
496,microsoft/azure-maven-plugins,0024493e233b5ec16f0f99c14d14be45ba58ba68,com/microsoft/azure/maven/webapp/handlers/HandlerFactoryImplTest.java,92,8,21,57,0.15,14,8,3,0,0,0,0,7,0,0,0,0,0,0,0,0,0,0,0,7,0,0,False
497,microsoft/azure-maven-plugins,0024493e233b5ec16f0f99c14d14be45ba58ba68,com/microsoft/azure/maven/webapp/handlers/SettingsHandlerImplTest.java,24,3,9,17,0.0,0,3,0,0,0,0,0,2,0,0,0,0,0,0,0,0,2,0,0,2,0,0,False
498,microsoft/azure-maven-plugins,0024493e233b5ec16f0f99c14d14be45ba58ba68,com/microsoft/azure/maven/webapp/handlers/runtime/LinuxRuntimeHandlerImplTest.java,42,5,10,62,0.05,2,5,0,0,0,0,0,2,0,0,0,0,0,0,0,0,0,0,0,2,0,0,False
499,microsoft/azure-maven-plugins,0024493e233b5ec16f0f99c14d14be45ba58ba68,com/microsoft/azure/maven/webapp/handlers/runtime/NullRuntimeHandlerImplTest.java,22,3,7,5,0.09,2,3,0,0,0,0,0,1,0,0,0,0,0,0,0,0,0,0,0,2,0,0,False
500,microsoft/azure-maven-plugins,0024493e233b5ec16f0f99c14d14be45ba58ba68,com/microsoft/azure/maven/webapp/handlers/runtime/PrivateDockerHubRuntimeHandlerImplTest.java,57,5,10,82,0.0,0,5,0,0,0,0,0,2,0,0,0,0,0,0,0,0,2,0,0,2,0,0,False
501,microsoft/azure-maven-plugins,0024493e233b5ec16f0f99c14d14be45ba58ba68,com/microsoft/azure/maven/webapp/handlers/runtime/PrivateRegistryRuntimeHandlerImplTest.java,58,5,10,83,0.0,0,5,0,0,0,0,0,2,0,0,0,0,0,0,0,0,2,0,0,2,0,0,False
502,microsoft/azure-maven-plugins,0024493e233b5ec16f0f99c14d14be45ba58ba68,com/microsoft/azure/maven/webapp/handlers/runtime/PublicDockerHubRuntimeHandlerImplTest.java,42,5,10,70,0.0,0,5,0,0,0,0,0,2,0,0,0,0,0,0,0,0,2,0,0,2,0,0,False
503,microsoft/azure-maven-plugins,0024493e233b5ec16f0f99c14d14be45ba58ba68,com/microsoft/azure/maven/webapp/handlers/runtime/WindowsRuntimeHandlerImplTest.java,47,5,10,70,0.04,2,5,0,0,0,0,0,2,0,0,0,0,0,0,0,0,0,0,0,2,0,0,False
504,microsoft/azure-maven-plugins,0024493e233b5ec16f0f99c14d14be45ba58ba68,com/microsoft/azure/maven/webapp/parser/ConfigurationParserTest.java,138,21,44,39,0.18,25,5,3,0,0,0,0,3,0,0,0,0,0,0,0,0,0,0,0,3,0,0,False
505,microsoft/azure-maven-plugins,0024493e233b5ec16f0f99c14d14be45ba58ba68,com/microsoft/azure/maven/webapp/parser/V1ConfigurationParserTest.java,122,9,23,56,0.23,28,9,8,0,0,0,0,6,0,0,0,0,0,0,0,0,0,0,0,8,0,0,False
506,microsoft/azure-maven-plugins,0024493e233b5ec16f0f99c14d14be45ba58ba68,com/microsoft/azure/maven/webapp/parser/V2ConfigurationParserTest.java,146,10,22,68,0.19,28,10,9,0,0,0,0,6,0,0,0,0,0,0,0,1,0,0,0,9,0,0,False
507,microsoft/azure-maven-plugins,0024493e233b5ec16f0f99c14d14be45ba58ba68,com/microsoft/azure/maven/webapp/utils/RuntimeStackUtilsTest.java,13,2,2,4,0.54,7,2,2,0,0,0,0,0,0,0,0,0,0,0,0,0,0,0,0,2,0,0,False
508,microsoft/azure-maven-plugins,0024493e233b5ec16f0f99c14d14be45ba58ba68,com/microsoft/azure/maven/webapp/utils/TestUtils.java,32,4,13,11,0.0,0,4,0,0,0,0,0,0,0,0,0,0,0,0,0,0,0,0,0,0,0,0,False
509,microsoft/azure-maven-plugins,0024493e233b5ec16f0f99c14d14be45ba58ba68,com/microsoft/azure/maven/webapp/WebAppUtilsTest.java,151,8,20,92,0.05,7,8,1,0,0,0,0,7,0,0,0,0,0,0,0,0,0,0,0,8,0,0,False
510,microsoft/azure-maven-plugins,0d0ddd8e6731670686215de0b22d2900ec1bba92,com/microsoft/azure/maven/function/AddMojoTest.java,44,7,15,24,0.11,5,7,1,0,0,0,0,6,0,1,0,0,0,0,0,0,0,0,2,6,0,0,False
511,microsoft/azure-maven-plugins,0d0ddd8e6731670686215de0b22d2900ec1bba92,com/microsoft/azure/maven/function/DeployMojoTest.java,167,18,48,154,0.08,13,18,4,0,0,0,0,15,15,0,0,0,0,0,0,0,7,0,0,15,0,0,False
512,microsoft/azure-maven-plugins,0d0ddd8e6731670686215de0b22d2900ec1bba92,com/microsoft/azure/maven/function/ListMojoTest.java,22,2,6,14,0.05,1,2,0,0,0,0,0,1,0,0,0,0,0,0,0,0,1,0,0,1,0,0,False
513,microsoft/azure-maven-plugins,0d0ddd8e6731670686215de0b22d2900ec1bba92,com/microsoft/azure/maven/function/PackageMojoTest.java,41,5,13,41,0.1,4,5,1,0,0,0,0,4,0,0,0,0,1,0,0,0,2,0,0,4,0,0,False
514,microsoft/azure-maven-plugins,0d0ddd8e6731670686215de0b22d2900ec1bba92,com/microsoft/azure/maven/function/RunMojoTest.java,57,8,20,60,0.07,4,8,1,0,0,0,0,7,0,0,0,0,0,0,0,0,1,0,0,7,0,0,False
515,microsoft/azure-maven-plugins,0d0ddd8e6731670686215de0b22d2900ec1bba92,com/microsoft/azure/maven/function/handlers/AnnotationHandlerImplTest.java,90,7,17,13,0.03,3,7,2,0,0,0,0,2,0,0,0,0,0,0,0,0,0,0,0,2,0,0,False
516,microsoft/azure-maven-plugins,0d0ddd8e6731670686215de0b22d2900ec1bba92,com/microsoft/azure/maven/function/handlers/CommandHandlerImplTest.java,20,3,4,14,0.15,3,3,1,0,0,0,0,1,0,0,0,0,0,0,0,0,0,0,0,3,0,0,False
517,microsoft/azure-maven-plugins,0d0ddd8e6731670686215de0b22d2900ec1bba92,com/microsoft/azure/maven/function/handlers/FunctionCoreToolsHandlerImplTest.java,76,7,18,83,0.03,2,7,0,0,0,0,0,6,0,0,0,0,0,0,0,0,3,0,0,7,0,0,False
518,microsoft/azure-maven-plugins,0d0ddd8e6731670686215de0b22d2900ec1bba92,com/microsoft/azure/maven/function/handlers/MSDeployArtifactHandlerImplTest.java,122,9,21,101,0.03,4,9,0,0,0,0,0,7,0,3,0,0,0,0,0,0,3,0,2,7,0,0,False
519,microsoft/azure-maven-plugins,0d0ddd8e6731670686215de0b22d2900ec1bba92,com/microsoft/azure/maven/function/utils/CommandUtilsTest.java,12,3,4,9,0.33,4,3,1,0,0,0,0,1,0,0,0,0,0,0,0,0,0,0,0,3,0,0,False
520,microsoft/azure-maven-plugins,0d0ddd8e6731670686215de0b22d2900ec1bba92,com/microsoft/azure/maven/AbstractAppServiceMojoTest.java,17,2,3,10,0.06,1,1,0,0,0,0,0,0,0,0,0,0,1,0,0,0,0,0,0,1,0,0,False
521,microsoft/azure-maven-plugins,0d0ddd8e6731670686215de0b22d2900ec1bba92,com/microsoft/azure/maven/AbstractAzureMojoTest.java,113,19,38,59,0.27,30,18,4,0,0,0,0,14,0,0,0,0,0,0,0,0,2,0,1,17,0,0,False
522,microsoft/azure-maven-plugins,0d0ddd8e6731670686215de0b22d2900ec1bba92,com/microsoft/azure/maven/FTPUploaderTest.java,49,4,11,23,0.04,2,4,0,0,0,0,0,3,0,0,0,0,0,0,0,0,1,0,0,3,0,0,False
523,microsoft/azure-maven-plugins,0d0ddd8e6731670686215de0b22d2900ec1bba92,com/microsoft/azure/maven/UtilsTest.java,44,4,8,27,0.18,8,4,2,0,0,0,0,1,0,0,0,0,0,0,0,1,1,0,0,3,0,0,False
524,microsoft/azure-maven-plugins,0d0ddd8e6731670686215de0b22d2900ec1bba92,com/microsoft/azure/maven/artifacthandler/ArtifactHandlerBaseTest.java,51,8,18,40,0.0,0,5,0,0,0,0,0,4,0,0,0,0,0,0,0,0,1,0,0,4,0,0,False
525,microsoft/azure-maven-plugins,0d0ddd8e6731670686215de0b22d2900ec1bba92,com/microsoft/azure/maven/artifacthandler/FTPArtifactHandlerImplTest.java,96,7,16,75,0.03,3,7,1,0,0,0,0,4,0,0,0,0,0,0,0,1,4,0,0,5,0,0,False
526,microsoft/azure-maven-plugins,0d0ddd8e6731670686215de0b22d2900ec1bba92,com/microsoft/azure/maven/artifacthandler/ZIPArtifactHandlerImplTest.java,73,7,14,55,0.04,3,7,0,0,0,0,0,3,0,3,0,0,0,0,0,0,1,0,3,5,0,0,False
527,microsoft/azure-maven-plugins,0d0ddd8e6731670686215de0b22d2900ec1bba92,com/microsoft/azure/maven/auth/AzureAuthHelperTest.java,196,13,27,123,0.16,31,13,5,0,0,0,0,4,0,0,0,0,0,0,0,3,1,0,0,12,0,0,False
528,microsoft/azure-maven-plugins,0d0ddd8e6731670686215de0b22d2900ec1bba92,com/microsoft/azure/maven/webapp/DeployMojoTest.java,147,22,57,104,0.18,26,16,3,0,0,0,0,12,0,0,0,0,0,0,0,0,0,0,0,12,0,0,False
529,microsoft/azure-maven-plugins,0d0ddd8e6731670686215de0b22d2900ec1bba92,com/microsoft/azure/maven/webapp/handlers/artifact/ArtifactHandlerImplV2Test.java,147,10,28,122,0.0,0,10,0,0,0,0,0,8,0,4,0,0,0,0,0,0,3,0,6,8,0,0,False
530,microsoft/azure-maven-plugins,0d0ddd8e6731670686215de0b22d2900ec1bba92,com/microsoft/azure/maven/webapp/handlers/artifact/JarArtifactHandlerImplTest.java,70,11,23,54,0.04,3,11,1,0,0,0,2,7,0,3,0,0,0,0,0,1,4,0,4,9,0,0,False
531,microsoft/azure-maven-plugins,0d0ddd8e6731670686215de0b22d2900ec1bba92,com/microsoft/azure/maven/webapp/handlers/artifact/WarArtifactHandlerImplTest.java,149,12,26,121,0.07,11,12,2,0,0,0,0,8,0,8,0,0,1,0,0,1,2,0,9,10,0,0,False
532,microsoft/azure-maven-plugins,0d0ddd8e6731670686215de0b22d2900ec1bba92,com/microsoft/azure/maven/webapp/handlers/DeploymentSlotHandlerTest.java,93,9,24,74,0.0,0,9,0,0,0,0,0,8,0,0,0,0,0,0,0,0,4,0,0,8,0,0,False
533,microsoft/azure-maven-plugins,0d0ddd8e6731670686215de0b22d2900ec1bba92,com/microsoft/azure/maven/webapp/handlers/HandlerFactoryImplTest.java,92,8,21,57,0.15,14,8,3,0,0,0,0,7,0,0,0,0,0,0,0,0,0,0,0,7,0,0,False
534,microsoft/azure-maven-plugins,0d0ddd8e6731670686215de0b22d2900ec1bba92,com/microsoft/azure/maven/webapp/handlers/SettingsHandlerImplTest.java,24,3,9,17,0.0,0,3,0,0,0,0,0,2,0,0,0,0,0,0,0,0,2,0,0,2,0,0,False
535,microsoft/azure-maven-plugins,0d0ddd8e6731670686215de0b22d2900ec1bba92,com/microsoft/azure/maven/webapp/handlers/runtime/LinuxRuntimeHandlerImplTest.java,42,5,10,62,0.05,2,5,0,0,0,0,0,2,0,0,0,0,0,0,0,0,0,0,0,2,0,0,False
536,microsoft/azure-maven-plugins,0d0ddd8e6731670686215de0b22d2900ec1bba92,com/microsoft/azure/maven/webapp/handlers/runtime/NullRuntimeHandlerImplTest.java,22,3,7,5,0.09,2,3,0,0,0,0,0,1,0,0,0,0,0,0,0,0,0,0,0,2,0,0,False
537,microsoft/azure-maven-plugins,0d0ddd8e6731670686215de0b22d2900ec1bba92,com/microsoft/azure/maven/webapp/handlers/runtime/PrivateDockerHubRuntimeHandlerImplTest.java,57,5,10,82,0.0,0,5,0,0,0,0,0,2,0,0,0,0,0,0,0,0,2,0,0,2,0,0,False
538,microsoft/azure-maven-plugins,0d0ddd8e6731670686215de0b22d2900ec1bba92,com/microsoft/azure/maven/webapp/handlers/runtime/PrivateRegistryRuntimeHandlerImplTest.java,58,5,10,83,0.0,0,5,0,0,0,0,0,2,0,0,0,0,0,0,0,0,2,0,0,2,0,0,False
539,microsoft/azure-maven-plugins,0d0ddd8e6731670686215de0b22d2900ec1bba92,com/microsoft/azure/maven/webapp/handlers/runtime/PublicDockerHubRuntimeHandlerImplTest.java,42,5,10,70,0.0,0,5,0,0,0,0,0,2,0,0,0,0,0,0,0,0,2,0,0,2,0,0,False
540,microsoft/azure-maven-plugins,0d0ddd8e6731670686215de0b22d2900ec1bba92,com/microsoft/azure/maven/webapp/handlers/runtime/WindowsRuntimeHandlerImplTest.java,47,5,10,70,0.04,2,5,0,0,0,0,0,2,0,0,0,0,0,0,0,0,0,0,0,2,0,0,False
541,microsoft/azure-maven-plugins,0d0ddd8e6731670686215de0b22d2900ec1bba92,com/microsoft/azure/maven/webapp/parser/ConfigurationParserTest.java,138,21,44,39,0.18,25,5,3,0,0,0,0,3,0,0,0,0,0,0,0,0,0,0,0,3,0,0,False
542,microsoft/azure-maven-plugins,0d0ddd8e6731670686215de0b22d2900ec1bba92,com/microsoft/azure/maven/webapp/parser/V1ConfigurationParserTest.java,122,9,23,56,0.23,28,9,8,0,0,0,0,6,0,0,0,0,0,0,0,0,0,0,0,8,0,0,False
543,microsoft/azure-maven-plugins,0d0ddd8e6731670686215de0b22d2900ec1bba92,com/microsoft/azure/maven/webapp/parser/V2ConfigurationParserTest.java,146,10,22,68,0.19,28,10,9,0,0,0,0,6,0,0,0,0,0,0,0,1,0,0,0,9,0,0,False
544,microsoft/azure-maven-plugins,0d0ddd8e6731670686215de0b22d2900ec1bba92,com/microsoft/azure/maven/webapp/utils/RuntimeStackUtilsTest.java,13,2,2,4,0.54,7,2,2,0,0,0,0,0,0,0,0,0,0,0,0,0,0,0,0,2,0,0,False
545,microsoft/azure-maven-plugins,0d0ddd8e6731670686215de0b22d2900ec1bba92,com/microsoft/azure/maven/webapp/WebAppUtilsTest.java,151,8,20,92,0.05,7,8,1,0,0,0,0,7,0,0,0,0,0,0,0,0,0,0,0,8,0,0,False
546,microsoft/azure-maven-plugins,2f35bae4591c69218ba44b80636a222362dde9ce,com/microsoft/azure/maven/function/AddMojoTest.java,44,7,15,24,0.11,5,7,1,0,0,0,0,6,0,1,0,0,0,0,0,0,0,0,2,6,0,0,False
547,microsoft/azure-maven-plugins,2f35bae4591c69218ba44b80636a222362dde9ce,com/microsoft/azure/maven/function/DeployMojoTest.java,167,18,48,154,0.08,13,18,4,0,0,0,0,15,15,0,0,0,0,0,0,0,7,0,0,15,0,0,False
548,microsoft/azure-maven-plugins,2f35bae4591c69218ba44b80636a222362dde9ce,com/microsoft/azure/maven/function/ListMojoTest.java,22,2,6,14,0.05,1,2,0,0,0,0,0,1,0,0,0,0,0,0,0,0,1,0,0,1,0,0,False
549,microsoft/azure-maven-plugins,2f35bae4591c69218ba44b80636a222362dde9ce,com/microsoft/azure/maven/function/PackageMojoTest.java,40,5,14,39,0.1,4,5,1,0,0,0,0,4,0,0,0,0,1,0,0,0,2,0,0,4,0,0,False
550,microsoft/azure-maven-plugins,2f35bae4591c69218ba44b80636a222362dde9ce,com/microsoft/azure/maven/function/RunMojoTest.java,57,8,20,60,0.07,4,8,1,0,0,0,0,7,0,0,0,0,0,0,0,0,1,0,0,7,0,0,False
551,microsoft/azure-maven-plugins,2f35bae4591c69218ba44b80636a222362dde9ce,com/microsoft/azure/maven/function/handlers/AnnotationHandlerImplTest.java,90,7,17,13,0.03,3,7,2,0,0,0,0,2,0,0,0,0,0,0,0,0,0,0,0,2,0,0,False
552,microsoft/azure-maven-plugins,2f35bae4591c69218ba44b80636a222362dde9ce,com/microsoft/azure/maven/function/handlers/CommandHandlerImplTest.java,20,3,4,14,0.15,3,3,1,0,0,0,0,1,0,0,0,0,0,0,0,0,0,0,0,3,0,0,False
553,microsoft/azure-maven-plugins,2f35bae4591c69218ba44b80636a222362dde9ce,com/microsoft/azure/maven/function/handlers/FunctionCoreToolsHandlerImplTest.java,76,7,18,83,0.03,2,7,0,0,0,0,0,6,0,0,0,0,0,0,0,0,3,0,0,7,0,0,False
554,microsoft/azure-maven-plugins,2f35bae4591c69218ba44b80636a222362dde9ce,com/microsoft/azure/maven/function/handlers/MSDeployArtifactHandlerImplTest.java,122,9,21,101,0.03,4,9,0,0,0,0,0,7,0,3,0,0,0,0,0,0,3,0,2,7,0,0,False
555,microsoft/azure-maven-plugins,2f35bae4591c69218ba44b80636a222362dde9ce,com/microsoft/azure/maven/function/utils/CommandUtilsTest.java,12,3,4,9,0.33,4,3,1,0,0,0,0,1,0,0,0,0,0,0,0,0,0,0,0,3,0,0,False
556,microsoft/azure-maven-plugins,2f35bae4591c69218ba44b80636a222362dde9ce,com/microsoft/azure/maven/AbstractAppServiceMojoTest.java,17,2,3,10,0.06,1,1,0,0,0,0,0,0,0,0,0,0,1,0,0,0,0,0,0,1,0,0,False
557,microsoft/azure-maven-plugins,2f35bae4591c69218ba44b80636a222362dde9ce,com/microsoft/azure/maven/AbstractAzureMojoTest.java,113,19,38,59,0.27,30,18,4,0,0,0,0,14,0,0,0,0,0,0,0,0,2,0,1,17,0,0,False
558,microsoft/azure-maven-plugins,2f35bae4591c69218ba44b80636a222362dde9ce,com/microsoft/azure/maven/FTPUploaderTest.java,49,4,11,23,0.04,2,4,0,0,0,0,0,3,0,0,0,0,0,0,0,0,1,0,0,3,0,0,False
559,microsoft/azure-maven-plugins,2f35bae4591c69218ba44b80636a222362dde9ce,com/microsoft/azure/maven/UtilsTest.java,44,4,8,27,0.18,8,4,2,0,0,0,0,1,0,0,0,0,0,0,0,1,1,0,0,3,0,0,False
560,microsoft/azure-maven-plugins,2f35bae4591c69218ba44b80636a222362dde9ce,com/microsoft/azure/maven/artifacthandler/ArtifactHandlerBaseTest.java,51,8,18,40,0.0,0,5,0,0,0,0,0,4,0,0,0,0,0,0,0,0,1,0,0,4,0,0,False
561,microsoft/azure-maven-plugins,2f35bae4591c69218ba44b80636a222362dde9ce,com/microsoft/azure/maven/artifacthandler/FTPArtifactHandlerImplTest.java,96,7,16,75,0.03,3,7,1,0,0,0,0,4,0,0,0,0,0,0,0,1,4,0,0,5,0,0,False
562,microsoft/azure-maven-plugins,2f35bae4591c69218ba44b80636a222362dde9ce,com/microsoft/azure/maven/artifacthandler/ZIPArtifactHandlerImplTest.java,73,7,14,55,0.04,3,7,0,0,0,0,0,3,0,3,0,0,0,0,0,0,1,0,3,5,0,0,False
563,microsoft/azure-maven-plugins,2f35bae4591c69218ba44b80636a222362dde9ce,com/microsoft/azure/maven/auth/AzureAuthHelperTest.java,183,12,24,110,0.17,31,12,5,0,0,0,0,3,0,0,0,0,0,0,0,3,0,0,0,11,0,0,False
564,microsoft/azure-maven-plugins,2f35bae4591c69218ba44b80636a222362dde9ce,com/microsoft/azure/maven/webapp/DeployMojoTest.java,147,22,57,102,0.18,26,16,3,0,0,0,0,12,0,0,0,0,0,0,0,0,0,0,0,12,0,0,False
565,microsoft/azure-maven-plugins,2f35bae4591c69218ba44b80636a222362dde9ce,com/microsoft/azure/maven/webapp/handlers/ArtifactHandlerImplV2Test.java,147,10,28,122,0.0,0,10,0,0,0,0,0,8,0,4,0,0,0,0,0,0,3,0,6,8,0,0,False
566,microsoft/azure-maven-plugins,2f35bae4591c69218ba44b80636a222362dde9ce,com/microsoft/azure/maven/webapp/handlers/DeploymentSlotHandlerTest.java,93,9,24,74,0.0,0,9,0,0,0,0,0,8,0,0,0,0,0,0,0,0,4,0,0,8,0,0,False
567,microsoft/azure-maven-plugins,2f35bae4591c69218ba44b80636a222362dde9ce,com/microsoft/azure/maven/webapp/handlers/HandlerFactoryImplTest.java,92,8,21,57,0.15,14,8,3,0,0,0,0,7,0,0,0,0,0,0,0,0,0,0,0,7,0,0,False
568,microsoft/azure-maven-plugins,2f35bae4591c69218ba44b80636a222362dde9ce,com/microsoft/azure/maven/webapp/handlers/JarArtifactHandlerImplTest.java,70,11,23,54,0.04,3,11,1,0,0,0,2,7,0,3,0,0,0,0,0,1,4,0,4,9,0,0,False
569,microsoft/azure-maven-plugins,2f35bae4591c69218ba44b80636a222362dde9ce,com/microsoft/azure/maven/webapp/handlers/LinuxRuntimeHandlerImplTest.java,42,5,10,62,0.05,2,5,0,0,0,0,0,2,0,0,0,0,0,0,0,0,0,0,0,2,0,0,False
570,microsoft/azure-maven-plugins,2f35bae4591c69218ba44b80636a222362dde9ce,com/microsoft/azure/maven/webapp/handlers/NullRuntimeHandlerImplTest.java,22,3,7,5,0.09,2,3,0,0,0,0,0,1,0,0,0,0,0,0,0,0,0,0,0,2,0,0,False
571,microsoft/azure-maven-plugins,2f35bae4591c69218ba44b80636a222362dde9ce,com/microsoft/azure/maven/webapp/handlers/PrivateDockerHubRuntimeHandlerImplTest.java,57,5,10,82,0.0,0,5,0,0,0,0,0,2,0,0,0,0,0,0,0,0,2,0,0,2,0,0,False
572,microsoft/azure-maven-plugins,2f35bae4591c69218ba44b80636a222362dde9ce,com/microsoft/azure/maven/webapp/handlers/PrivateRegistryRuntimeHandlerImplTest.java,58,5,10,83,0.0,0,5,0,0,0,0,0,2,0,0,0,0,0,0,0,0,2,0,0,2,0,0,False
573,microsoft/azure-maven-plugins,2f35bae4591c69218ba44b80636a222362dde9ce,com/microsoft/azure/maven/webapp/handlers/PublicDockerHubRuntimeHandlerImplTest.java,42,5,10,70,0.0,0,5,0,0,0,0,0,2,0,0,0,0,0,0,0,0,2,0,0,2,0,0,False
574,microsoft/azure-maven-plugins,2f35bae4591c69218ba44b80636a222362dde9ce,com/microsoft/azure/maven/webapp/handlers/SettingsHandlerImplTest.java,24,3,9,17,0.0,0,3,0,0,0,0,0,2,0,0,0,0,0,0,0,0,2,0,0,2,0,0,False
575,microsoft/azure-maven-plugins,2f35bae4591c69218ba44b80636a222362dde9ce,com/microsoft/azure/maven/webapp/handlers/WarArtifactHandlerImplTest.java,149,12,26,121,0.07,11,12,2,0,0,0,0,8,0,8,0,0,1,0,0,1,2,0,9,10,0,0,False
576,microsoft/azure-maven-plugins,2f35bae4591c69218ba44b80636a222362dde9ce,com/microsoft/azure/maven/webapp/handlers/WindowsRuntimeHandlerImplTest.java,47,5,10,70,0.04,2,5,0,0,0,0,0,2,0,0,0,0,0,0,0,0,0,0,0,2,0,0,False
577,microsoft/azure-maven-plugins,2f35bae4591c69218ba44b80636a222362dde9ce,com/microsoft/azure/maven/webapp/parser/ConfigurationParserTest.java,118,15,32,39,0.21,25,5,3,0,0,0,0,3,0,0,0,0,0,0,0,0,0,0,0,3,0,0,False
578,microsoft/azure-maven-plugins,2f35bae4591c69218ba44b80636a222362dde9ce,com/microsoft/azure/maven/webapp/parser/V1ConfigurationParserTest.java,122,9,23,56,0.23,28,9,8,0,0,0,0,6,0,0,0,0,0,0,0,0,0,0,0,8,0,0,False
579,microsoft/azure-maven-plugins,2f35bae4591c69218ba44b80636a222362dde9ce,com/microsoft/azure/maven/webapp/parser/V2ConfigurationParserTest.java,146,10,22,68,0.19,28,10,9,0,0,0,0,6,0,0,0,0,0,0,0,1,0,0,0,9,0,0,False
580,microsoft/azure-maven-plugins,2f35bae4591c69218ba44b80636a222362dde9ce,com/microsoft/azure/maven/webapp/utils/RuntimeStackUtilsTest.java,13,2,2,4,0.54,7,2,2,0,0,0,0,0,0,0,0,0,0,0,0,0,0,0,0,2,0,0,False
581,microsoft/azure-maven-plugins,2f35bae4591c69218ba44b80636a222362dde9ce,com/microsoft/azure/maven/webapp/WebAppUtilsTest.java,151,8,20,92,0.05,7,8,1,0,0,0,0,7,0,0,0,0,0,0,0,0,0,0,0,8,0,0,False
582,microsoft/azure-maven-plugins,d3e0b6fa0e00f38c04b622589a939fb3bae2227e,com/microsoft/azure/maven/function/AddMojoTest.java,44,7,15,24,0.11,5,7,1,0,0,0,0,6,0,1,0,0,0,0,0,0,0,0,2,6,0,0,False
583,microsoft/azure-maven-plugins,d3e0b6fa0e00f38c04b622589a939fb3bae2227e,com/microsoft/azure/maven/function/DeployMojoTest.java,167,18,48,154,0.08,13,18,4,0,0,0,0,15,15,0,0,0,0,0,0,0,7,0,0,15,0,0,False
584,microsoft/azure-maven-plugins,d3e0b6fa0e00f38c04b622589a939fb3bae2227e,com/microsoft/azure/maven/function/ListMojoTest.java,22,2,6,14,0.05,1,2,0,0,0,0,0,1,0,0,0,0,0,0,0,0,1,0,0,1,0,0,False
585,microsoft/azure-maven-plugins,d3e0b6fa0e00f38c04b622589a939fb3bae2227e,com/microsoft/azure/maven/function/PackageMojoTest.java,40,5,14,39,0.1,4,5,1,0,0,0,0,4,0,0,0,0,1,0,0,0,2,0,0,4,0,0,False
586,microsoft/azure-maven-plugins,d3e0b6fa0e00f38c04b622589a939fb3bae2227e,com/microsoft/azure/maven/function/RunMojoTest.java,57,8,20,60,0.07,4,8,1,0,0,0,0,7,0,0,0,0,0,0,0,0,1,0,0,7,0,0,False
587,microsoft/azure-maven-plugins,d3e0b6fa0e00f38c04b622589a939fb3bae2227e,com/microsoft/azure/maven/function/handlers/AnnotationHandlerImplTest.java,90,7,17,13,0.03,3,7,2,0,0,0,0,2,0,0,0,0,0,0,0,0,0,0,0,2,0,0,False
588,microsoft/azure-maven-plugins,d3e0b6fa0e00f38c04b622589a939fb3bae2227e,com/microsoft/azure/maven/function/handlers/CommandHandlerImplTest.java,20,3,4,14,0.15,3,3,1,0,0,0,0,1,0,0,0,0,0,0,0,0,0,0,0,3,0,0,False
589,microsoft/azure-maven-plugins,d3e0b6fa0e00f38c04b622589a939fb3bae2227e,com/microsoft/azure/maven/function/handlers/FunctionCoreToolsHandlerImplTest.java,76,7,18,83,0.03,2,7,0,0,0,0,0,6,0,0,0,0,0,0,0,0,3,0,0,7,0,0,False
590,microsoft/azure-maven-plugins,d3e0b6fa0e00f38c04b622589a939fb3bae2227e,com/microsoft/azure/maven/function/handlers/MSDeployArtifactHandlerImplTest.java,122,9,21,101,0.03,4,9,0,0,0,0,0,7,0,3,0,0,0,0,0,0,3,0,2,7,0,0,False
591,microsoft/azure-maven-plugins,d3e0b6fa0e00f38c04b622589a939fb3bae2227e,com/microsoft/azure/maven/function/utils/CommandUtilsTest.java,12,3,4,9,0.33,4,3,1,0,0,0,0,1,0,0,0,0,0,0,0,0,0,0,0,3,0,0,False
592,microsoft/azure-maven-plugins,d3e0b6fa0e00f38c04b622589a939fb3bae2227e,com/microsoft/azure/maven/AbstractAppServiceMojoTest.java,17,2,3,10,0.06,1,1,0,0,0,0,0,0,0,0,0,0,1,0,0,0,0,0,0,1,0,0,False
593,microsoft/azure-maven-plugins,d3e0b6fa0e00f38c04b622589a939fb3bae2227e,com/microsoft/azure/maven/AbstractAzureMojoTest.java,113,19,38,59,0.27,30,18,4,0,0,0,0,14,0,0,0,0,0,0,0,0,2,0,1,17,0,0,False
594,microsoft/azure-maven-plugins,d3e0b6fa0e00f38c04b622589a939fb3bae2227e,com/microsoft/azure/maven/FTPUploaderTest.java,49,4,11,23,0.04,2,4,0,0,0,0,0,3,0,0,0,0,0,0,0,0,1,0,0,3,0,0,False
595,microsoft/azure-maven-plugins,d3e0b6fa0e00f38c04b622589a939fb3bae2227e,com/microsoft/azure/maven/UtilsTest.java,44,4,8,27,0.18,8,4,2,0,0,0,0,1,0,0,0,0,0,0,0,1,1,0,0,3,0,0,False
596,microsoft/azure-maven-plugins,d3e0b6fa0e00f38c04b622589a939fb3bae2227e,com/microsoft/azure/maven/artifacthandler/ArtifactHandlerBaseTest.java,51,8,18,40,0.0,0,5,0,0,0,0,0,4,0,0,0,0,0,0,0,0,1,0,0,4,0,0,False
597,microsoft/azure-maven-plugins,d3e0b6fa0e00f38c04b622589a939fb3bae2227e,com/microsoft/azure/maven/artifacthandler/FTPArtifactHandlerImplTest.java,96,7,16,75,0.03,3,7,1,0,0,0,0,4,0,0,0,0,0,0,0,1,4,0,0,5,0,0,False
598,microsoft/azure-maven-plugins,d3e0b6fa0e00f38c04b622589a939fb3bae2227e,com/microsoft/azure/maven/artifacthandler/ZIPArtifactHandlerImplTest.java,73,7,14,55,0.04,3,7,0,0,0,0,0,3,0,3,0,0,0,0,0,0,1,0,3,5,0,0,False
599,microsoft/azure-maven-plugins,d3e0b6fa0e00f38c04b622589a939fb3bae2227e,com/microsoft/azure/maven/auth/AzureAuthHelperTest.java,183,12,24,110,0.17,31,12,5,0,0,0,0,3,0,0,0,0,0,0,0,3,0,0,0,11,0,0,False
600,microsoft/azure-maven-plugins,d3e0b6fa0e00f38c04b622589a939fb3bae2227e,com/microsoft/azure/maven/webapp/DeployMojoTest.java,147,22,57,102,0.18,26,16,3,0,0,0,0,12,0,0,0,0,0,0,0,0,0,0,0,12,0,0,False
601,microsoft/azure-maven-plugins,d3e0b6fa0e00f38c04b622589a939fb3bae2227e,com/microsoft/azure/maven/webapp/handlers/ArtifactHandlerImplV2Test.java,147,10,28,122,0.0,0,10,0,0,0,0,0,8,0,4,0,0,0,0,0,0,3,0,6,8,0,0,False
602,microsoft/azure-maven-plugins,d3e0b6fa0e00f38c04b622589a939fb3bae2227e,com/microsoft/azure/maven/webapp/handlers/DeploymentSlotHandlerTest.java,93,9,24,74,0.0,0,9,0,0,0,0,0,8,0,0,0,0,0,0,0,0,4,0,0,8,0,0,False
603,microsoft/azure-maven-plugins,d3e0b6fa0e00f38c04b622589a939fb3bae2227e,com/microsoft/azure/maven/webapp/handlers/HandlerFactoryImplTest.java,92,8,21,57,0.15,14,8,3,0,0,0,0,7,0,0,0,0,0,0,0,0,0,0,0,7,0,0,False
604,microsoft/azure-maven-plugins,d3e0b6fa0e00f38c04b622589a939fb3bae2227e,com/microsoft/azure/maven/webapp/handlers/JarArtifactHandlerImplTest.java,70,11,23,54,0.04,3,11,1,0,0,0,2,7,0,3,0,0,0,0,0,1,4,0,4,9,0,0,False
605,microsoft/azure-maven-plugins,d3e0b6fa0e00f38c04b622589a939fb3bae2227e,com/microsoft/azure/maven/webapp/handlers/LinuxRuntimeHandlerImplTest.java,42,5,10,62,0.05,2,5,0,0,0,0,0,2,0,0,0,0,0,0,0,0,0,0,0,2,0,0,False
606,microsoft/azure-maven-plugins,d3e0b6fa0e00f38c04b622589a939fb3bae2227e,com/microsoft/azure/maven/webapp/handlers/NullRuntimeHandlerImplTest.java,22,3,7,5,0.09,2,3,0,0,0,0,0,1,0,0,0,0,0,0,0,0,0,0,0,2,0,0,False
607,microsoft/azure-maven-plugins,d3e0b6fa0e00f38c04b622589a939fb3bae2227e,com/microsoft/azure/maven/webapp/handlers/PrivateDockerHubRuntimeHandlerImplTest.java,57,5,10,82,0.0,0,5,0,0,0,0,0,2,0,0,0,0,0,0,0,0,2,0,0,2,0,0,False
608,microsoft/azure-maven-plugins,d3e0b6fa0e00f38c04b622589a939fb3bae2227e,com/microsoft/azure/maven/webapp/handlers/PrivateRegistryRuntimeHandlerImplTest.java,58,5,10,83,0.0,0,5,0,0,0,0,0,2,0,0,0,0,0,0,0,0,2,0,0,2,0,0,False
609,microsoft/azure-maven-plugins,d3e0b6fa0e00f38c04b622589a939fb3bae2227e,com/microsoft/azure/maven/webapp/handlers/PublicDockerHubRuntimeHandlerImplTest.java,42,5,10,70,0.0,0,5,0,0,0,0,0,2,0,0,0,0,0,0,0,0,2,0,0,2,0,0,False
610,microsoft/azure-maven-plugins,d3e0b6fa0e00f38c04b622589a939fb3bae2227e,com/microsoft/azure/maven/webapp/handlers/SettingsHandlerImplTest.java,24,3,9,17,0.0,0,3,0,0,0,0,0,2,0,0,0,0,0,0,0,0,2,0,0,2,0,0,False
611,microsoft/azure-maven-plugins,d3e0b6fa0e00f38c04b622589a939fb3bae2227e,com/microsoft/azure/maven/webapp/handlers/WarArtifactHandlerImplTest.java,149,12,26,121,0.07,11,12,2,0,0,0,0,8,0,8,0,0,1,0,0,1,2,0,9,10,0,0,False
612,microsoft/azure-maven-plugins,d3e0b6fa0e00f38c04b622589a939fb3bae2227e,com/microsoft/azure/maven/webapp/handlers/WindowsRuntimeHandlerImplTest.java,47,5,10,70,0.04,2,5,0,0,0,0,0,2,0,0,0,0,0,0,0,0,0,0,0,2,0,0,False
613,microsoft/azure-maven-plugins,d3e0b6fa0e00f38c04b622589a939fb3bae2227e,com/microsoft/azure/maven/webapp/parser/ConfigurationParserTest.java,118,15,32,39,0.21,25,5,3,0,0,0,0,3,0,0,0,0,0,0,0,0,0,0,0,3,0,0,False
614,microsoft/azure-maven-plugins,d3e0b6fa0e00f38c04b622589a939fb3bae2227e,com/microsoft/azure/maven/webapp/parser/V1ConfigurationParserTest.java,114,9,22,56,0.21,24,9,8,0,0,0,0,6,0,0,0,0,0,0,0,0,0,0,0,8,0,0,False
615,microsoft/azure-maven-plugins,d3e0b6fa0e00f38c04b622589a939fb3bae2227e,com/microsoft/azure/maven/webapp/parser/V2ConfigurationParserTest.java,146,10,22,68,0.19,28,10,9,0,0,0,0,6,0,0,0,0,0,0,0,1,0,0,0,9,0,0,False
616,microsoft/azure-maven-plugins,d3e0b6fa0e00f38c04b622589a939fb3bae2227e,com/microsoft/azure/maven/webapp/WebAppUtilsTest.java,162,11,26,96,0.06,10,11,2,0,0,0,0,10,0,0,0,0,0,0,0,0,0,0,0,11,0,0,False
617,microsoft/azure-maven-plugins,acc92307975efe1040b97d2a137288c25609d696,com/microsoft/azure/maven/function/AddMojoTest.java,44,7,15,24,0.11,5,7,1,0,0,0,0,6,0,1,0,0,0,0,0,0,0,0,2,6,0,0,False
618,microsoft/azure-maven-plugins,acc92307975efe1040b97d2a137288c25609d696,com/microsoft/azure/maven/function/DeployMojoTest.java,159,18,48,149,0.08,13,18,4,0,0,0,0,15,15,0,0,0,0,0,0,0,7,0,0,15,0,0,False
619,microsoft/azure-maven-plugins,acc92307975efe1040b97d2a137288c25609d696,com/microsoft/azure/maven/function/ListMojoTest.java,22,2,6,14,0.05,1,2,0,0,0,0,0,1,0,0,0,0,0,0,0,0,1,0,0,1,0,0,False
620,microsoft/azure-maven-plugins,acc92307975efe1040b97d2a137288c25609d696,com/microsoft/azure/maven/function/PackageMojoTest.java,40,5,14,39,0.1,4,5,1,0,0,0,0,4,0,0,0,0,1,0,0,0,2,0,0,4,0,0,False
621,microsoft/azure-maven-plugins,acc92307975efe1040b97d2a137288c25609d696,com/microsoft/azure/maven/function/RunMojoTest.java,57,8,20,60,0.07,4,8,1,0,0,0,0,7,0,0,0,0,0,0,0,0,1,0,0,7,0,0,False
622,microsoft/azure-maven-plugins,acc92307975efe1040b97d2a137288c25609d696,com/microsoft/azure/maven/function/handlers/AnnotationHandlerImplTest.java,76,7,17,13,0.04,3,7,1,0,0,0,0,2,0,0,0,0,0,0,0,0,0,0,0,2,0,0,False
623,microsoft/azure-maven-plugins,acc92307975efe1040b97d2a137288c25609d696,com/microsoft/azure/maven/function/handlers/CommandHandlerImplTest.java,20,3,4,14,0.15,3,3,1,0,0,0,0,1,0,0,0,0,0,0,0,0,0,0,0,3,0,0,False
624,microsoft/azure-maven-plugins,acc92307975efe1040b97d2a137288c25609d696,com/microsoft/azure/maven/function/handlers/FunctionCoreToolsHandlerImplTest.java,76,7,18,83,0.03,2,7,0,0,0,0,0,6,0,0,0,0,0,0,0,0,3,0,0,7,0,0,False
625,microsoft/azure-maven-plugins,acc92307975efe1040b97d2a137288c25609d696,com/microsoft/azure/maven/function/handlers/MSDeployArtifactHandlerImplTest.java,122,9,21,101,0.03,4,9,0,0,0,0,0,7,0,3,0,0,0,0,0,0,3,0,2,7,0,0,False
626,microsoft/azure-maven-plugins,acc92307975efe1040b97d2a137288c25609d696,com/microsoft/azure/maven/function/utils/CommandUtilsTest.java,12,3,4,9,0.33,4,3,1,0,0,0,0,1,0,0,0,0,0,0,0,0,0,0,0,3,0,0,False
627,microsoft/azure-maven-plugins,acc92307975efe1040b97d2a137288c25609d696,com/microsoft/azure/maven/AbstractAppServiceMojoTest.java,17,2,3,10,0.06,1,1,0,0,0,0,0,0,0,0,0,0,1,0,0,0,0,0,0,1,0,0,False
628,microsoft/azure-maven-plugins,acc92307975efe1040b97d2a137288c25609d696,com/microsoft/azure/maven/AbstractAzureMojoTest.java,113,19,38,59,0.27,30,18,4,0,0,0,0,14,0,0,0,0,0,0,0,0,2,0,1,17,0,0,False
629,microsoft/azure-maven-plugins,acc92307975efe1040b97d2a137288c25609d696,com/microsoft/azure/maven/FTPUploaderTest.java,49,4,11,23,0.04,2,4,0,0,0,0,0,3,0,0,0,0,0,0,0,0,1,0,0,3,0,0,False
630,microsoft/azure-maven-plugins,acc92307975efe1040b97d2a137288c25609d696,com/microsoft/azure/maven/UtilsTest.java,44,4,8,27,0.18,8,4,2,0,0,0,0,1,0,0,0,0,0,0,0,1,1,0,0,3,0,0,False
631,microsoft/azure-maven-plugins,acc92307975efe1040b97d2a137288c25609d696,com/microsoft/azure/maven/artifacthandler/ArtifactHandlerBaseTest.java,51,8,18,40,0.0,0,5,0,0,0,0,0,4,0,0,0,0,0,0,0,0,1,0,0,4,0,0,False
632,microsoft/azure-maven-plugins,acc92307975efe1040b97d2a137288c25609d696,com/microsoft/azure/maven/artifacthandler/FTPArtifactHandlerImplTest.java,96,7,16,75,0.03,3,7,1,0,0,0,0,4,0,0,0,0,0,0,0,1,4,0,0,5,0,0,False
633,microsoft/azure-maven-plugins,acc92307975efe1040b97d2a137288c25609d696,com/microsoft/azure/maven/artifacthandler/ZIPArtifactHandlerImplTest.java,73,7,14,55,0.04,3,7,0,0,0,0,0,3,0,3,0,0,0,0,0,0,1,0,3,5,0,0,False
634,microsoft/azure-maven-plugins,acc92307975efe1040b97d2a137288c25609d696,com/microsoft/azure/maven/auth/AzureAuthHelperTest.java,183,12,24,110,0.17,31,12,5,0,0,0,0,3,0,0,0,0,0,0,0,3,0,0,0,11,0,0,False
635,microsoft/azure-maven-plugins,acc92307975efe1040b97d2a137288c25609d696,com/microsoft/azure/maven/webapp/DeployMojoTest.java,147,22,57,102,0.18,26,16,3,0,0,0,0,12,0,0,0,0,0,0,0,0,0,0,0,12,0,0,False
636,microsoft/azure-maven-plugins,acc92307975efe1040b97d2a137288c25609d696,com/microsoft/azure/maven/webapp/handlers/ArtifactHandlerImplV2Test.java,147,10,28,122,0.0,0,10,0,0,0,0,0,8,0,4,0,0,0,0,0,0,3,0,6,8,0,0,False
637,microsoft/azure-maven-plugins,acc92307975efe1040b97d2a137288c25609d696,com/microsoft/azure/maven/webapp/handlers/DeploymentSlotHandlerTest.java,93,9,24,74,0.0,0,9,0,0,0,0,0,8,0,0,0,0,0,0,0,0,4,0,0,8,0,0,False
638,microsoft/azure-maven-plugins,acc92307975efe1040b97d2a137288c25609d696,com/microsoft/azure/maven/webapp/handlers/HandlerFactoryImplTest.java,92,8,21,57,0.15,14,8,3,0,0,0,0,7,0,0,0,0,0,0,0,0,0,0,0,7,0,0,False
639,microsoft/azure-maven-plugins,acc92307975efe1040b97d2a137288c25609d696,com/microsoft/azure/maven/webapp/handlers/JarArtifactHandlerImplTest.java,70,11,23,54,0.04,3,11,1,0,0,0,2,7,0,3,0,0,0,0,0,1,4,0,4,9,0,0,False
640,microsoft/azure-maven-plugins,acc92307975efe1040b97d2a137288c25609d696,com/microsoft/azure/maven/webapp/handlers/LinuxRuntimeHandlerImplTest.java,42,5,10,62,0.05,2,5,0,0,0,0,0,2,0,0,0,0,0,0,0,0,0,0,0,2,0,0,False
641,microsoft/azure-maven-plugins,acc92307975efe1040b97d2a137288c25609d696,com/microsoft/azure/maven/webapp/handlers/NullRuntimeHandlerImplTest.java,22,3,7,5,0.09,2,3,0,0,0,0,0,1,0,0,0,0,0,0,0,0,0,0,0,2,0,0,False
642,microsoft/azure-maven-plugins,acc92307975efe1040b97d2a137288c25609d696,com/microsoft/azure/maven/webapp/handlers/PrivateDockerHubRuntimeHandlerImplTest.java,57,5,10,82,0.0,0,5,0,0,0,0,0,2,0,0,0,0,0,0,0,0,2,0,0,2,0,0,False
643,microsoft/azure-maven-plugins,acc92307975efe1040b97d2a137288c25609d696,com/microsoft/azure/maven/webapp/handlers/PrivateRegistryRuntimeHandlerImplTest.java,58,5,10,83,0.0,0,5,0,0,0,0,0,2,0,0,0,0,0,0,0,0,2,0,0,2,0,0,False
644,microsoft/azure-maven-plugins,acc92307975efe1040b97d2a137288c25609d696,com/microsoft/azure/maven/webapp/handlers/PublicDockerHubRuntimeHandlerImplTest.java,42,5,10,70,0.0,0,5,0,0,0,0,0,2,0,0,0,0,0,0,0,0,2,0,0,2,0,0,False
645,microsoft/azure-maven-plugins,acc92307975efe1040b97d2a137288c25609d696,com/microsoft/azure/maven/webapp/handlers/SettingsHandlerImplTest.java,24,3,9,17,0.0,0,3,0,0,0,0,0,2,0,0,0,0,0,0,0,0,2,0,0,2,0,0,False
646,microsoft/azure-maven-plugins,acc92307975efe1040b97d2a137288c25609d696,com/microsoft/azure/maven/webapp/handlers/WarArtifactHandlerImplTest.java,149,12,26,121,0.07,11,12,2,0,0,0,0,8,0,8,0,0,1,0,0,1,2,0,9,10,0,0,False
647,microsoft/azure-maven-plugins,acc92307975efe1040b97d2a137288c25609d696,com/microsoft/azure/maven/webapp/handlers/WindowsRuntimeHandlerImplTest.java,47,5,10,70,0.04,2,5,0,0,0,0,0,2,0,0,0,0,0,0,0,0,0,0,0,2,0,0,False
648,microsoft/azure-maven-plugins,acc92307975efe1040b97d2a137288c25609d696,com/microsoft/azure/maven/webapp/parser/ConfigurationParserTest.java,118,15,32,39,0.21,25,5,3,0,0,0,0,3,0,0,0,0,0,0,0,0,0,0,0,3,0,0,False
649,microsoft/azure-maven-plugins,acc92307975efe1040b97d2a137288c25609d696,com/microsoft/azure/maven/webapp/parser/V1ConfigurationParserTest.java,114,9,22,56,0.21,24,9,8,0,0,0,0,6,0,0,0,0,0,0,0,0,0,0,0,8,0,0,False
650,microsoft/azure-maven-plugins,acc92307975efe1040b97d2a137288c25609d696,com/microsoft/azure/maven/webapp/parser/V2ConfigurationParserTest.java,146,10,22,68,0.19,28,10,9,0,0,0,0,6,0,0,0,0,0,0,0,1,0,0,0,9,0,0,False
651,microsoft/azure-maven-plugins,acc92307975efe1040b97d2a137288c25609d696,com/microsoft/azure/maven/webapp/WebAppUtilsTest.java,162,11,26,96,0.06,10,11,2,0,0,0,0,10,0,0,0,0,0,0,0,0,0,0,0,11,0,0,False
652,microsoft/azure-maven-plugins,96f09df5a4a7cdad850d397f82dcb068ecce6283,com/microsoft/azure/maven/function/AddMojoTest.java,44,7,15,24,0.11,5,7,1,0,0,0,0,6,0,1,0,0,0,0,0,0,0,0,2,6,0,0,False
653,microsoft/azure-maven-plugins,96f09df5a4a7cdad850d397f82dcb068ecce6283,com/microsoft/azure/maven/function/DeployMojoTest.java,159,18,48,149,0.08,13,18,4,0,0,0,0,15,15,0,0,0,0,0,0,0,7,0,0,15,0,0,False
654,microsoft/azure-maven-plugins,96f09df5a4a7cdad850d397f82dcb068ecce6283,com/microsoft/azure/maven/function/ListMojoTest.java,22,2,6,14,0.05,1,2,0,0,0,0,0,1,0,0,0,0,0,0,0,0,1,0,0,1,0,0,False
655,microsoft/azure-maven-plugins,96f09df5a4a7cdad850d397f82dcb068ecce6283,com/microsoft/azure/maven/function/PackageMojoTest.java,40,5,14,39,0.1,4,5,1,0,0,0,0,4,0,0,0,0,1,0,0,0,2,0,0,4,0,0,False
656,microsoft/azure-maven-plugins,96f09df5a4a7cdad850d397f82dcb068ecce6283,com/microsoft/azure/maven/function/RunMojoTest.java,57,8,20,60,0.07,4,8,1,0,0,0,0,7,0,0,0,0,0,0,0,0,1,0,0,7,0,0,False
657,microsoft/azure-maven-plugins,96f09df5a4a7cdad850d397f82dcb068ecce6283,com/microsoft/azure/maven/function/handlers/AnnotationHandlerImplTest.java,75,7,17,13,0.04,3,7,1,0,0,0,0,2,0,0,0,0,0,0,0,0,0,0,0,2,0,0,False
658,microsoft/azure-maven-plugins,96f09df5a4a7cdad850d397f82dcb068ecce6283,com/microsoft/azure/maven/function/handlers/CommandHandlerImplTest.java,20,3,4,14,0.15,3,3,1,0,0,0,0,1,0,0,0,0,0,0,0,0,0,0,0,3,0,0,False
659,microsoft/azure-maven-plugins,96f09df5a4a7cdad850d397f82dcb068ecce6283,com/microsoft/azure/maven/function/handlers/FunctionCoreToolsHandlerImplTest.java,76,7,18,83,0.03,2,7,0,0,0,0,0,6,0,0,0,0,0,0,0,0,3,0,0,7,0,0,False
660,microsoft/azure-maven-plugins,96f09df5a4a7cdad850d397f82dcb068ecce6283,com/microsoft/azure/maven/function/handlers/MSDeployArtifactHandlerImplTest.java,122,9,21,101,0.03,4,9,0,0,0,0,0,7,0,3,0,0,0,0,0,0,3,0,2,7,0,0,False
661,microsoft/azure-maven-plugins,96f09df5a4a7cdad850d397f82dcb068ecce6283,com/microsoft/azure/maven/function/utils/CommandUtilsTest.java,12,3,4,9,0.33,4,3,1,0,0,0,0,1,0,0,0,0,0,0,0,0,0,0,0,3,0,0,False
662,microsoft/azure-maven-plugins,96f09df5a4a7cdad850d397f82dcb068ecce6283,com/microsoft/azure/maven/AbstractAppServiceMojoTest.java,17,2,3,10,0.06,1,1,0,0,0,0,0,0,0,0,0,0,1,0,0,0,0,0,0,1,0,0,False
663,microsoft/azure-maven-plugins,96f09df5a4a7cdad850d397f82dcb068ecce6283,com/microsoft/azure/maven/AbstractAzureMojoTest.java,113,19,38,59,0.27,30,18,4,0,0,0,0,14,0,0,0,0,0,0,0,0,2,0,1,17,0,0,False
664,microsoft/azure-maven-plugins,96f09df5a4a7cdad850d397f82dcb068ecce6283,com/microsoft/azure/maven/FTPUploaderTest.java,49,4,11,23,0.04,2,4,0,0,0,0,0,3,0,0,0,0,0,0,0,0,1,0,0,3,0,0,False
665,microsoft/azure-maven-plugins,96f09df5a4a7cdad850d397f82dcb068ecce6283,com/microsoft/azure/maven/UtilsTest.java,44,4,8,27,0.18,8,4,2,0,0,0,0,1,0,0,0,0,0,0,0,1,1,0,0,3,0,0,False
666,microsoft/azure-maven-plugins,96f09df5a4a7cdad850d397f82dcb068ecce6283,com/microsoft/azure/maven/artifacthandler/ArtifactHandlerBaseTest.java,51,8,18,40,0.0,0,5,0,0,0,0,0,4,0,0,0,0,0,0,0,0,1,0,0,4,0,0,False
667,microsoft/azure-maven-plugins,96f09df5a4a7cdad850d397f82dcb068ecce6283,com/microsoft/azure/maven/artifacthandler/FTPArtifactHandlerImplTest.java,96,7,16,75,0.03,3,7,1,0,0,0,0,4,0,0,0,0,0,0,0,1,4,0,0,5,0,0,False
668,microsoft/azure-maven-plugins,96f09df5a4a7cdad850d397f82dcb068ecce6283,com/microsoft/azure/maven/artifacthandler/ZIPArtifactHandlerImplTest.java,73,7,14,55,0.04,3,7,0,0,0,0,0,3,0,3,0,0,0,0,0,0,1,0,3,5,0,0,False
669,microsoft/azure-maven-plugins,96f09df5a4a7cdad850d397f82dcb068ecce6283,com/microsoft/azure/maven/auth/AzureAuthHelperTest.java,183,12,24,110,0.17,31,12,5,0,0,0,0,3,0,0,0,0,0,0,0,3,0,0,0,11,0,0,False
670,microsoft/azure-maven-plugins,96f09df5a4a7cdad850d397f82dcb068ecce6283,com/microsoft/azure/maven/webapp/DeployMojoTest.java,147,22,57,102,0.18,26,16,3,0,0,0,0,12,0,0,0,0,0,0,0,0,0,0,0,12,0,0,False
671,microsoft/azure-maven-plugins,96f09df5a4a7cdad850d397f82dcb068ecce6283,com/microsoft/azure/maven/webapp/handlers/ArtifactHandlerImplV2Test.java,147,10,28,122,0.0,0,10,0,0,0,0,0,8,0,4,0,0,0,0,0,0,3,0,6,8,0,0,False
672,microsoft/azure-maven-plugins,96f09df5a4a7cdad850d397f82dcb068ecce6283,com/microsoft/azure/maven/webapp/handlers/DeploymentSlotHandlerTest.java,93,9,24,74,0.0,0,9,0,0,0,0,0,8,0,0,0,0,0,0,0,0,4,0,0,8,0,0,False
673,microsoft/azure-maven-plugins,96f09df5a4a7cdad850d397f82dcb068ecce6283,com/microsoft/azure/maven/webapp/handlers/HandlerFactoryImplTest.java,92,8,21,57,0.15,14,8,3,0,0,0,0,7,0,0,0,0,0,0,0,0,0,0,0,7,0,0,False
674,microsoft/azure-maven-plugins,96f09df5a4a7cdad850d397f82dcb068ecce6283,com/microsoft/azure/maven/webapp/handlers/JarArtifactHandlerImplTest.java,70,11,23,54,0.04,3,11,1,0,0,0,2,7,0,3,0,0,0,0,0,1,4,0,4,9,0,0,False
675,microsoft/azure-maven-plugins,96f09df5a4a7cdad850d397f82dcb068ecce6283,com/microsoft/azure/maven/webapp/handlers/LinuxRuntimeHandlerImplTest.java,42,5,10,62,0.05,2,5,0,0,0,0,0,2,0,0,0,0,0,0,0,0,0,0,0,2,0,0,False
676,microsoft/azure-maven-plugins,96f09df5a4a7cdad850d397f82dcb068ecce6283,com/microsoft/azure/maven/webapp/handlers/NullRuntimeHandlerImplTest.java,22,3,7,5,0.09,2,3,0,0,0,0,0,1,0,0,0,0,0,0,0,0,0,0,0,2,0,0,False
677,microsoft/azure-maven-plugins,96f09df5a4a7cdad850d397f82dcb068ecce6283,com/microsoft/azure/maven/webapp/handlers/PrivateDockerHubRuntimeHandlerImplTest.java,57,5,10,82,0.0,0,5,0,0,0,0,0,2,0,0,0,0,0,0,0,0,2,0,0,2,0,0,False
678,microsoft/azure-maven-plugins,96f09df5a4a7cdad850d397f82dcb068ecce6283,com/microsoft/azure/maven/webapp/handlers/PrivateRegistryRuntimeHandlerImplTest.java,58,5,10,83,0.0,0,5,0,0,0,0,0,2,0,0,0,0,0,0,0,0,2,0,0,2,0,0,False
679,microsoft/azure-maven-plugins,96f09df5a4a7cdad850d397f82dcb068ecce6283,com/microsoft/azure/maven/webapp/handlers/PublicDockerHubRuntimeHandlerImplTest.java,42,5,10,70,0.0,0,5,0,0,0,0,0,2,0,0,0,0,0,0,0,0,2,0,0,2,0,0,False
680,microsoft/azure-maven-plugins,96f09df5a4a7cdad850d397f82dcb068ecce6283,com/microsoft/azure/maven/webapp/handlers/SettingsHandlerImplTest.java,24,3,9,17,0.0,0,3,0,0,0,0,0,2,0,0,0,0,0,0,0,0,2,0,0,2,0,0,False
681,microsoft/azure-maven-plugins,96f09df5a4a7cdad850d397f82dcb068ecce6283,com/microsoft/azure/maven/webapp/handlers/WarArtifactHandlerImplTest.java,149,12,26,121,0.07,11,12,2,0,0,0,0,8,0,8,0,0,1,0,0,1,2,0,9,10,0,0,False
682,microsoft/azure-maven-plugins,96f09df5a4a7cdad850d397f82dcb068ecce6283,com/microsoft/azure/maven/webapp/handlers/WindowsRuntimeHandlerImplTest.java,47,5,10,70,0.04,2,5,0,0,0,0,0,2,0,0,0,0,0,0,0,0,0,0,0,2,0,0,False
683,microsoft/azure-maven-plugins,96f09df5a4a7cdad850d397f82dcb068ecce6283,com/microsoft/azure/maven/webapp/parser/ConfigurationParserTest.java,118,15,32,39,0.21,25,5,3,0,0,0,0,3,0,0,0,0,0,0,0,0,0,0,0,3,0,0,False
684,microsoft/azure-maven-plugins,96f09df5a4a7cdad850d397f82dcb068ecce6283,com/microsoft/azure/maven/webapp/parser/V1ConfigurationParserTest.java,114,9,22,56,0.21,24,9,8,0,0,0,0,6,0,0,0,0,0,0,0,0,0,0,0,8,0,0,False
685,microsoft/azure-maven-plugins,96f09df5a4a7cdad850d397f82dcb068ecce6283,com/microsoft/azure/maven/webapp/parser/V2ConfigurationParserTest.java,146,10,22,68,0.19,28,10,9,0,0,0,0,6,0,0,0,0,0,0,0,1,0,0,0,9,0,0,False
686,microsoft/azure-maven-plugins,96f09df5a4a7cdad850d397f82dcb068ecce6283,com/microsoft/azure/maven/webapp/WebAppUtilsTest.java,162,11,26,96,0.06,10,11,2,0,0,0,0,10,0,0,0,0,0,0,0,0,0,0,0,11,0,0,False
687,microsoft/azure-maven-plugins,16902cc8646901b22090fd5567c4a5f04c34eeab,com/microsoft/azure/maven/function/AddMojoTest.java,44,7,15,24,0.11,5,7,1,0,0,0,0,6,0,1,0,0,0,0,0,0,0,0,2,6,0,0,False
688,microsoft/azure-maven-plugins,16902cc8646901b22090fd5567c4a5f04c34eeab,com/microsoft/azure/maven/function/DeployMojoTest.java,159,18,48,149,0.08,13,18,4,0,0,0,0,15,15,0,0,0,0,0,0,0,7,0,0,15,0,0,False
689,microsoft/azure-maven-plugins,16902cc8646901b22090fd5567c4a5f04c34eeab,com/microsoft/azure/maven/function/ListMojoTest.java,22,2,6,14,0.05,1,2,0,0,0,0,0,1,0,0,0,0,0,0,0,0,1,0,0,1,0,0,False
690,microsoft/azure-maven-plugins,16902cc8646901b22090fd5567c4a5f04c34eeab,com/microsoft/azure/maven/function/PackageMojoTest.java,40,5,14,39,0.1,4,5,1,0,0,0,0,4,0,0,0,0,1,0,0,0,2,0,0,4,0,0,False
691,microsoft/azure-maven-plugins,16902cc8646901b22090fd5567c4a5f04c34eeab,com/microsoft/azure/maven/function/RunMojoTest.java,57,8,20,60,0.07,4,8,1,0,0,0,0,7,0,0,0,0,0,0,0,0,1,0,0,7,0,0,False
692,microsoft/azure-maven-plugins,16902cc8646901b22090fd5567c4a5f04c34eeab,com/microsoft/azure/maven/function/handlers/AnnotationHandlerImplTest.java,75,7,17,13,0.04,3,7,1,0,0,0,0,2,0,0,0,0,0,0,0,0,0,0,0,2,0,0,False
693,microsoft/azure-maven-plugins,16902cc8646901b22090fd5567c4a5f04c34eeab,com/microsoft/azure/maven/function/handlers/CommandHandlerImplTest.java,20,3,4,14,0.15,3,3,1,0,0,0,0,1,0,0,0,0,0,0,0,0,0,0,0,3,0,0,False
694,microsoft/azure-maven-plugins,16902cc8646901b22090fd5567c4a5f04c34eeab,com/microsoft/azure/maven/function/handlers/FunctionCoreToolsHandlerImplTest.java,76,7,18,83,0.03,2,7,0,0,0,0,0,6,0,0,0,0,0,0,0,0,3,0,0,7,0,0,False
695,microsoft/azure-maven-plugins,16902cc8646901b22090fd5567c4a5f04c34eeab,com/microsoft/azure/maven/function/handlers/MSDeployArtifactHandlerImplTest.java,122,9,21,101,0.03,4,9,0,0,0,0,0,7,0,3,0,0,0,0,0,0,3,0,2,7,0,0,False
696,microsoft/azure-maven-plugins,16902cc8646901b22090fd5567c4a5f04c34eeab,com/microsoft/azure/maven/function/utils/CommandUtilsTest.java,12,3,4,9,0.33,4,3,1,0,0,0,0,1,0,0,0,0,0,0,0,0,0,0,0,3,0,0,False
697,microsoft/azure-maven-plugins,16902cc8646901b22090fd5567c4a5f04c34eeab,com/microsoft/azure/maven/AbstractAppServiceMojoTest.java,17,2,3,10,0.06,1,1,0,0,0,0,0,0,0,0,0,0,1,0,0,0,0,0,0,1,0,0,False
698,microsoft/azure-maven-plugins,16902cc8646901b22090fd5567c4a5f04c34eeab,com/microsoft/azure/maven/AbstractAzureMojoTest.java,113,19,38,59,0.27,30,18,4,0,0,0,0,14,0,0,0,0,0,0,0,0,2,0,1,17,0,0,False
699,microsoft/azure-maven-plugins,16902cc8646901b22090fd5567c4a5f04c34eeab,com/microsoft/azure/maven/FTPUploaderTest.java,49,4,11,23,0.04,2,4,0,0,0,0,0,3,0,0,0,0,0,0,0,0,1,0,0,3,0,0,False
700,microsoft/azure-maven-plugins,16902cc8646901b22090fd5567c4a5f04c34eeab,com/microsoft/azure/maven/UtilsTest.java,44,4,8,27,0.18,8,4,2,0,0,0,0,1,0,0,0,0,0,0,0,1,1,0,0,3,0,0,False
701,microsoft/azure-maven-plugins,16902cc8646901b22090fd5567c4a5f04c34eeab,com/microsoft/azure/maven/artifacthandler/ArtifactHandlerBaseTest.java,51,8,18,40,0.0,0,5,0,0,0,0,0,4,0,0,0,0,0,0,0,0,1,0,0,4,0,0,False
702,microsoft/azure-maven-plugins,16902cc8646901b22090fd5567c4a5f04c34eeab,com/microsoft/azure/maven/artifacthandler/FTPArtifactHandlerImplTest.java,96,7,16,75,0.03,3,7,1,0,0,0,0,4,0,0,0,0,0,0,0,1,4,0,0,5,0,0,False
703,microsoft/azure-maven-plugins,16902cc8646901b22090fd5567c4a5f04c34eeab,com/microsoft/azure/maven/artifacthandler/ZIPArtifactHandlerImplTest.java,73,7,14,55,0.04,3,7,0,0,0,0,0,3,0,3,0,0,0,0,0,0,1,0,3,5,0,0,False
704,microsoft/azure-maven-plugins,16902cc8646901b22090fd5567c4a5f04c34eeab,com/microsoft/azure/maven/auth/AzureAuthHelperTest.java,183,12,24,110,0.17,31,12,5,0,0,0,0,3,0,0,0,0,0,0,0,3,0,0,0,11,0,0,False
705,microsoft/azure-maven-plugins,16902cc8646901b22090fd5567c4a5f04c34eeab,com/microsoft/azure/maven/webapp/DeployMojoTest.java,145,22,56,99,0.17,25,16,3,0,0,0,0,12,0,0,0,0,0,0,0,0,0,0,0,12,0,0,False
706,microsoft/azure-maven-plugins,16902cc8646901b22090fd5567c4a5f04c34eeab,com/microsoft/azure/maven/webapp/WebAppUtilsTest.java,162,11,26,96,0.06,10,11,2,0,0,0,0,10,0,0,0,0,0,0,0,0,0,0,0,11,0,0,False
707,microsoft/azure-maven-plugins,16902cc8646901b22090fd5567c4a5f04c34eeab,com/microsoft/azure/maven/webapp/handlers/ArtifactHandlerImplV2Test.java,147,10,28,122,0.0,0,10,0,0,0,0,0,8,0,4,0,0,0,0,0,0,3,0,6,8,0,0,False
708,microsoft/azure-maven-plugins,16902cc8646901b22090fd5567c4a5f04c34eeab,com/microsoft/azure/maven/webapp/handlers/DeploymentSlotHandlerTest.java,93,9,24,74,0.0,0,9,0,0,0,0,0,8,0,0,0,0,0,0,0,0,4,0,0,8,0,0,False
709,microsoft/azure-maven-plugins,16902cc8646901b22090fd5567c4a5f04c34eeab,com/microsoft/azure/maven/webapp/handlers/HandlerFactoryImplTest.java,92,8,21,57,0.15,14,8,3,0,0,0,0,7,0,0,0,0,0,0,0,0,0,0,0,7,0,0,False
710,microsoft/azure-maven-plugins,16902cc8646901b22090fd5567c4a5f04c34eeab,com/microsoft/azure/maven/webapp/handlers/JarArtifactHandlerImplTest.java,70,11,23,54,0.04,3,11,1,0,0,0,2,7,0,3,0,0,0,0,0,1,4,0,4,9,0,0,False
711,microsoft/azure-maven-plugins,16902cc8646901b22090fd5567c4a5f04c34eeab,com/microsoft/azure/maven/webapp/handlers/LinuxRuntimeHandlerImplTest.java,42,5,10,62,0.05,2,5,0,0,0,0,0,2,0,0,0,0,0,0,0,0,0,0,0,2,0,0,False
712,microsoft/azure-maven-plugins,16902cc8646901b22090fd5567c4a5f04c34eeab,com/microsoft/azure/maven/webapp/handlers/NullRuntimeHandlerImplTest.java,22,3,7,5,0.09,2,3,0,0,0,0,0,1,0,0,0,0,0,0,0,0,0,0,0,2,0,0,False
713,microsoft/azure-maven-plugins,16902cc8646901b22090fd5567c4a5f04c34eeab,com/microsoft/azure/maven/webapp/handlers/PrivateDockerHubRuntimeHandlerImplTest.java,57,5,10,82,0.0,0,5,0,0,0,0,0,2,0,0,0,0,0,0,0,0,2,0,0,2,0,0,False
714,microsoft/azure-maven-plugins,16902cc8646901b22090fd5567c4a5f04c34eeab,com/microsoft/azure/maven/webapp/handlers/PrivateRegistryRuntimeHandlerImplTest.java,58,5,10,83,0.0,0,5,0,0,0,0,0,2,0,0,0,0,0,0,0,0,2,0,0,2,0,0,False
715,microsoft/azure-maven-plugins,16902cc8646901b22090fd5567c4a5f04c34eeab,com/microsoft/azure/maven/webapp/handlers/PublicDockerHubRuntimeHandlerImplTest.java,42,5,10,70,0.0,0,5,0,0,0,0,0,2,0,0,0,0,0,0,0,0,2,0,0,2,0,0,False
716,microsoft/azure-maven-plugins,16902cc8646901b22090fd5567c4a5f04c34eeab,com/microsoft/azure/maven/webapp/handlers/SettingsHandlerImplTest.java,24,3,9,17,0.0,0,3,0,0,0,0,0,2,0,0,0,0,0,0,0,0,2,0,0,2,0,0,False
717,microsoft/azure-maven-plugins,16902cc8646901b22090fd5567c4a5f04c34eeab,com/microsoft/azure/maven/webapp/handlers/WarArtifactHandlerImplTest.java,149,12,26,121,0.07,11,12,2,0,0,0,0,8,0,8,0,0,1,0,0,1,2,0,9,10,0,0,False
718,microsoft/azure-maven-plugins,16902cc8646901b22090fd5567c4a5f04c34eeab,com/microsoft/azure/maven/webapp/handlers/WindowsRuntimeHandlerImplTest.java,47,5,10,70,0.04,2,5,0,0,0,0,0,2,0,0,0,0,0,0,0,0,0,0,0,2,0,0,False
719,microsoft/azure-maven-plugins,16902cc8646901b22090fd5567c4a5f04c34eeab,com/microsoft/azure/maven/webapp/parser/ConfigurationParserTest.java,115,14,30,39,0.22,25,5,3,0,0,0,0,3,0,0,0,0,0,0,0,0,0,0,0,3,0,0,False
720,microsoft/azure-maven-plugins,16902cc8646901b22090fd5567c4a5f04c34eeab,com/microsoft/azure/maven/webapp/parser/V1ConfigurationParserTest.java,114,9,22,56,0.21,24,9,8,0,0,0,0,6,0,0,0,0,0,0,0,0,0,0,0,8,0,0,False
721,microsoft/azure-maven-plugins,16902cc8646901b22090fd5567c4a5f04c34eeab,com/microsoft/azure/maven/webapp/parser/V2ConfigurationParserTest.java,146,10,22,68,0.19,28,10,9,0,0,0,0,6,0,0,0,0,0,0,0,1,0,0,0,9,0,0,False
722,microsoft/azure-maven-plugins,8725fd9ac9ac8abbb1d5bff25106e77a72650d09,com/microsoft/azure/maven/function/AddMojoTest.java,44,7,15,24,0.11,5,7,1,0,0,0,0,6,0,1,0,0,0,0,0,0,0,0,2,6,0,0,False
723,microsoft/azure-maven-plugins,8725fd9ac9ac8abbb1d5bff25106e77a72650d09,com/microsoft/azure/maven/function/DeployMojoTest.java,159,18,48,149,0.08,13,18,4,0,0,0,0,15,15,0,0,0,0,0,0,0,7,0,0,15,0,0,False
724,microsoft/azure-maven-plugins,8725fd9ac9ac8abbb1d5bff25106e77a72650d09,com/microsoft/azure/maven/function/ListMojoTest.java,22,2,6,14,0.05,1,2,0,0,0,0,0,1,0,0,0,0,0,0,0,0,1,0,0,1,0,0,False
725,microsoft/azure-maven-plugins,8725fd9ac9ac8abbb1d5bff25106e77a72650d09,com/microsoft/azure/maven/function/PackageMojoTest.java,40,5,14,39,0.1,4,5,1,0,0,0,0,4,0,0,0,0,1,0,0,0,2,0,0,4,0,0,False
726,microsoft/azure-maven-plugins,8725fd9ac9ac8abbb1d5bff25106e77a72650d09,com/microsoft/azure/maven/function/RunMojoTest.java,57,8,20,60,0.07,4,8,1,0,0,0,0,7,0,0,0,0,0,0,0,0,1,0,0,7,0,0,False
727,microsoft/azure-maven-plugins,8725fd9ac9ac8abbb1d5bff25106e77a72650d09,com/microsoft/azure/maven/function/handlers/AnnotationHandlerImplTest.java,75,7,17,13,0.04,3,7,1,0,0,0,0,2,0,0,0,0,0,0,0,0,0,0,0,2,0,0,False
728,microsoft/azure-maven-plugins,8725fd9ac9ac8abbb1d5bff25106e77a72650d09,com/microsoft/azure/maven/function/handlers/CommandHandlerImplTest.java,20,3,4,14,0.15,3,3,1,0,0,0,0,1,0,0,0,0,0,0,0,0,0,0,0,3,0,0,False
729,microsoft/azure-maven-plugins,8725fd9ac9ac8abbb1d5bff25106e77a72650d09,com/microsoft/azure/maven/function/handlers/FunctionCoreToolsHandlerImplTest.java,76,7,18,83,0.03,2,7,0,0,0,0,0,6,0,0,0,0,0,0,0,0,3,0,0,7,0,0,False
730,microsoft/azure-maven-plugins,8725fd9ac9ac8abbb1d5bff25106e77a72650d09,com/microsoft/azure/maven/function/handlers/MSDeployArtifactHandlerImplTest.java,122,9,21,101,0.03,4,9,0,0,0,0,0,7,0,3,0,0,0,0,0,0,3,0,2,7,0,0,False
731,microsoft/azure-maven-plugins,8725fd9ac9ac8abbb1d5bff25106e77a72650d09,com/microsoft/azure/maven/function/utils/CommandUtilsTest.java,12,3,4,9,0.33,4,3,1,0,0,0,0,1,0,0,0,0,0,0,0,0,0,0,0,3,0,0,False
732,microsoft/azure-maven-plugins,8725fd9ac9ac8abbb1d5bff25106e77a72650d09,com/microsoft/azure/maven/AbstractAppServiceMojoTest.java,17,2,3,10,0.06,1,1,0,0,0,0,0,0,0,0,0,0,1,0,0,0,0,0,0,1,0,0,False
733,microsoft/azure-maven-plugins,8725fd9ac9ac8abbb1d5bff25106e77a72650d09,com/microsoft/azure/maven/AbstractAzureMojoTest.java,113,19,38,59,0.27,30,18,4,0,0,0,0,14,0,0,0,0,0,0,0,0,2,0,1,17,0,0,False
734,microsoft/azure-maven-plugins,8725fd9ac9ac8abbb1d5bff25106e77a72650d09,com/microsoft/azure/maven/FTPUploaderTest.java,49,4,11,23,0.04,2,4,0,0,0,0,0,3,0,0,0,0,0,0,0,0,1,0,0,3,0,0,False
735,microsoft/azure-maven-plugins,8725fd9ac9ac8abbb1d5bff25106e77a72650d09,com/microsoft/azure/maven/UtilsTest.java,44,4,8,27,0.18,8,4,2,0,0,0,0,1,0,0,0,0,0,0,0,1,1,0,0,3,0,0,False
736,microsoft/azure-maven-plugins,8725fd9ac9ac8abbb1d5bff25106e77a72650d09,com/microsoft/azure/maven/artifacthandler/ArtifactHandlerBaseTest.java,51,8,18,40,0.0,0,5,0,0,0,0,0,4,0,0,0,0,0,0,0,0,1,0,0,4,0,0,False
737,microsoft/azure-maven-plugins,8725fd9ac9ac8abbb1d5bff25106e77a72650d09,com/microsoft/azure/maven/artifacthandler/FTPArtifactHandlerImplTest.java,96,7,16,75,0.03,3,7,1,0,0,0,0,4,0,0,0,0,0,0,0,1,4,0,0,5,0,0,False
738,microsoft/azure-maven-plugins,8725fd9ac9ac8abbb1d5bff25106e77a72650d09,com/microsoft/azure/maven/artifacthandler/ZIPArtifactHandlerImplTest.java,73,7,14,55,0.04,3,7,0,0,0,0,0,3,0,3,0,0,0,0,0,0,1,0,3,5,0,0,False
739,microsoft/azure-maven-plugins,8725fd9ac9ac8abbb1d5bff25106e77a72650d09,com/microsoft/azure/maven/auth/AzureAuthHelperTest.java,183,12,24,110,0.17,31,12,5,0,0,0,0,3,0,0,0,0,0,0,0,3,0,0,0,11,0,0,False
740,microsoft/azure-maven-plugins,8725fd9ac9ac8abbb1d5bff25106e77a72650d09,com/microsoft/azure/maven/webapp/DeployMojoTest.java,145,22,56,99,0.17,25,16,3,0,0,0,0,12,0,0,0,0,0,0,0,0,0,0,0,12,0,0,False
741,microsoft/azure-maven-plugins,8725fd9ac9ac8abbb1d5bff25106e77a72650d09,com/microsoft/azure/maven/webapp/WebAppUtilsTest.java,162,11,25,96,0.06,10,11,2,0,0,0,0,9,0,0,0,0,0,0,0,0,0,0,0,11,0,0,False
742,microsoft/azure-maven-plugins,8725fd9ac9ac8abbb1d5bff25106e77a72650d09,com/microsoft/azure/maven/webapp/handlers/ArtifactHandlerImplV2Test.java,147,10,28,122,0.0,0,10,0,0,0,0,0,8,0,4,0,0,0,0,0,0,3,0,6,8,0,0,False
743,microsoft/azure-maven-plugins,8725fd9ac9ac8abbb1d5bff25106e77a72650d09,com/microsoft/azure/maven/webapp/handlers/DeploymentSlotHandlerTest.java,93,9,24,74,0.0,0,9,0,0,0,0,0,8,0,0,0,0,0,0,0,0,4,0,0,8,0,0,False
744,microsoft/azure-maven-plugins,8725fd9ac9ac8abbb1d5bff25106e77a72650d09,com/microsoft/azure/maven/webapp/handlers/HandlerFactoryImplTest.java,92,8,21,57,0.15,14,8,3,0,0,0,0,7,0,0,0,0,0,0,0,0,0,0,0,7,0,0,False
745,microsoft/azure-maven-plugins,8725fd9ac9ac8abbb1d5bff25106e77a72650d09,com/microsoft/azure/maven/webapp/handlers/JarArtifactHandlerImplTest.java,70,11,23,54,0.04,3,11,1,0,0,0,2,7,0,3,0,0,0,0,0,1,4,0,4,9,0,0,False
746,microsoft/azure-maven-plugins,8725fd9ac9ac8abbb1d5bff25106e77a72650d09,com/microsoft/azure/maven/webapp/handlers/LinuxRuntimeHandlerImplTest.java,42,5,10,62,0.05,2,5,0,0,0,0,0,2,0,0,0,0,0,0,0,0,0,0,0,2,0,0,False
747,microsoft/azure-maven-plugins,8725fd9ac9ac8abbb1d5bff25106e77a72650d09,com/microsoft/azure/maven/webapp/handlers/NullRuntimeHandlerImplTest.java,22,3,7,5,0.09,2,3,0,0,0,0,0,1,0,0,0,0,0,0,0,0,0,0,0,2,0,0,False
748,microsoft/azure-maven-plugins,8725fd9ac9ac8abbb1d5bff25106e77a72650d09,com/microsoft/azure/maven/webapp/handlers/PrivateDockerHubRuntimeHandlerImplTest.java,57,5,10,82,0.0,0,5,0,0,0,0,0,2,0,0,0,0,0,0,0,0,2,0,0,2,0,0,False
749,microsoft/azure-maven-plugins,8725fd9ac9ac8abbb1d5bff25106e77a72650d09,com/microsoft/azure/maven/webapp/handlers/PrivateRegistryRuntimeHandlerImplTest.java,58,5,10,83,0.0,0,5,0,0,0,0,0,2,0,0,0,0,0,0,0,0,2,0,0,2,0,0,False
750,microsoft/azure-maven-plugins,8725fd9ac9ac8abbb1d5bff25106e77a72650d09,com/microsoft/azure/maven/webapp/handlers/PublicDockerHubRuntimeHandlerImplTest.java,42,5,10,70,0.0,0,5,0,0,0,0,0,2,0,0,0,0,0,0,0,0,2,0,0,2,0,0,False
751,microsoft/azure-maven-plugins,8725fd9ac9ac8abbb1d5bff25106e77a72650d09,com/microsoft/azure/maven/webapp/handlers/SettingsHandlerImplTest.java,24,3,9,17,0.0,0,3,0,0,0,0,0,2,0,0,0,0,0,0,0,0,2,0,0,2,0,0,False
752,microsoft/azure-maven-plugins,8725fd9ac9ac8abbb1d5bff25106e77a72650d09,com/microsoft/azure/maven/webapp/handlers/WarArtifactHandlerImplTest.java,149,12,26,121,0.07,11,12,2,0,0,0,0,8,0,8,0,0,1,0,0,1,2,0,9,10,0,0,False
753,microsoft/azure-maven-plugins,8725fd9ac9ac8abbb1d5bff25106e77a72650d09,com/microsoft/azure/maven/webapp/handlers/WindowsRuntimeHandlerImplTest.java,47,5,10,70,0.04,2,5,0,0,0,0,0,2,0,0,0,0,0,0,0,0,0,0,0,2,0,0,False
754,microsoft/azure-maven-plugins,8725fd9ac9ac8abbb1d5bff25106e77a72650d09,com/microsoft/azure/maven/webapp/parser/ConfigurationParserTest.java,115,14,30,39,0.22,25,5,3,0,0,0,0,3,0,0,0,0,0,0,0,0,0,0,0,3,0,0,False
755,microsoft/azure-maven-plugins,8725fd9ac9ac8abbb1d5bff25106e77a72650d09,com/microsoft/azure/maven/webapp/parser/V1ConfigurationParserTest.java,114,9,22,56,0.21,24,9,8,0,0,0,0,6,0,0,0,0,0,0,0,0,0,0,0,8,0,0,False
756,microsoft/azure-maven-plugins,8725fd9ac9ac8abbb1d5bff25106e77a72650d09,com/microsoft/azure/maven/webapp/parser/V2ConfigurationParserTest.java,152,10,22,68,0.19,29,10,9,0,0,0,0,6,0,0,0,0,0,0,0,1,0,0,0,9,0,0,False
757,microsoft/azure-maven-plugins,698ac69f26614d36f329295bd1784a0645a4f445,com/microsoft/azure/maven/function/AddMojoTest.java,44,7,15,24,0.11,5,7,1,0,0,0,0,6,0,1,0,0,0,0,0,0,0,0,2,6,0,0,False
758,microsoft/azure-maven-plugins,698ac69f26614d36f329295bd1784a0645a4f445,com/microsoft/azure/maven/function/DeployMojoTest.java,153,18,48,143,0.08,13,18,4,0,0,0,0,15,15,0,0,0,0,0,0,0,7,0,0,15,0,0,False
759,microsoft/azure-maven-plugins,698ac69f26614d36f329295bd1784a0645a4f445,com/microsoft/azure/maven/function/ListMojoTest.java,22,2,6,14,0.05,1,2,0,0,0,0,0,1,0,0,0,0,0,0,0,0,1,0,0,1,0,0,False
760,microsoft/azure-maven-plugins,698ac69f26614d36f329295bd1784a0645a4f445,com/microsoft/azure/maven/function/PackageMojoTest.java,40,5,14,39,0.1,4,5,1,0,0,0,0,4,0,0,0,0,1,0,0,0,2,0,0,4,0,0,False
761,microsoft/azure-maven-plugins,698ac69f26614d36f329295bd1784a0645a4f445,com/microsoft/azure/maven/function/RunMojoTest.java,59,8,20,66,0.07,4,8,1,0,0,0,0,7,0,0,0,0,0,0,0,0,1,0,0,7,0,0,False
762,microsoft/azure-maven-plugins,698ac69f26614d36f329295bd1784a0645a4f445,com/microsoft/azure/maven/function/handlers/AnnotationHandlerImplTest.java,71,6,14,13,0.04,3,6,1,0,0,0,0,2,0,0,0,0,0,0,0,0,0,0,0,2,0,0,False
763,microsoft/azure-maven-plugins,698ac69f26614d36f329295bd1784a0645a4f445,com/microsoft/azure/maven/function/handlers/CommandHandlerImplTest.java,20,3,4,14,0.15,3,3,1,0,0,0,0,1,0,0,0,0,0,0,0,0,0,0,0,3,0,0,False
764,microsoft/azure-maven-plugins,698ac69f26614d36f329295bd1784a0645a4f445,com/microsoft/azure/maven/function/handlers/FunctionCoreToolsHandlerImplTest.java,79,8,20,78,0.06,5,8,0,0,0,0,0,8,0,0,0,0,0,0,0,0,3,0,0,8,0,0,False
765,microsoft/azure-maven-plugins,698ac69f26614d36f329295bd1784a0645a4f445,com/microsoft/azure/maven/function/handlers/MSDeployArtifactHandlerImplTest.java,119,8,24,92,0.03,4,8,0,0,0,0,0,7,0,3,0,0,0,0,0,0,3,0,2,7,0,0,False
766,microsoft/azure-maven-plugins,698ac69f26614d36f329295bd1784a0645a4f445,com/microsoft/azure/maven/function/utils/CommandUtilsTest.java,12,3,4,9,0.33,4,3,1,0,0,0,0,1,0,0,0,0,0,0,0,0,0,0,0,3,0,0,False
767,microsoft/azure-maven-plugins,698ac69f26614d36f329295bd1784a0645a4f445,com/microsoft/azure/maven/AbstractAppServiceMojoTest.java,17,2,3,10,0.06,1,1,0,0,0,0,0,0,0,0,0,0,1,0,0,0,0,0,0,1,0,0,False
768,microsoft/azure-maven-plugins,698ac69f26614d36f329295bd1784a0645a4f445,com/microsoft/azure/maven/AbstractAzureMojoTest.java,114,19,38,59,0.26,30,18,4,0,0,0,0,14,0,0,0,0,0,0,0,0,2,0,1,17,0,0,False
769,microsoft/azure-maven-plugins,698ac69f26614d36f329295bd1784a0645a4f445,com/microsoft/azure/maven/FTPUploaderTest.java,49,4,11,23,0.04,2,4,0,0,0,0,0,3,0,0,0,0,0,0,0,0,1,0,0,3,0,0,False
770,microsoft/azure-maven-plugins,698ac69f26614d36f329295bd1784a0645a4f445,com/microsoft/azure/maven/UtilsTest.java,44,4,8,27,0.18,8,4,2,0,0,0,0,1,0,0,0,0,0,0,0,1,1,0,0,3,0,0,False
771,microsoft/azure-maven-plugins,698ac69f26614d36f329295bd1784a0645a4f445,com/microsoft/azure/maven/artifacthandler/ArtifactHandlerBaseTest.java,36,5,12,27,0.0,0,4,0,0,0,0,0,4,0,0,0,0,0,0,0,0,1,0,0,4,0,0,False
772,microsoft/azure-maven-plugins,698ac69f26614d36f329295bd1784a0645a4f445,com/microsoft/azure/maven/artifacthandler/FTPArtifactHandlerImplTest.java,86,6,18,63,0.03,3,6,1,0,0,0,0,4,0,0,0,0,0,0,0,1,4,0,0,5,0,0,False
773,microsoft/azure-maven-plugins,698ac69f26614d36f329295bd1784a0645a4f445,com/microsoft/azure/maven/artifacthandler/ZIPArtifactHandlerImplTest.java,62,6,18,43,0.05,3,6,0,0,0,0,0,3,0,3,0,0,0,0,0,0,1,0,3,5,0,0,False
774,microsoft/azure-maven-plugins,698ac69f26614d36f329295bd1784a0645a4f445,com/microsoft/azure/maven/auth/AzureAuthHelperTest.java,191,12,24,110,0.16,31,12,5,0,0,0,0,3,0,0,0,0,0,0,0,3,0,0,0,11,0,0,False
775,microsoft/azure-maven-plugins,698ac69f26614d36f329295bd1784a0645a4f445,com/microsoft/azure/maven/webapp/DeployMojoTest.java,197,27,72,162,0.13,25,21,3,0,0,0,0,17,0,0,0,0,0,0,0,0,0,0,0,17,0,0,False
776,microsoft/azure-maven-plugins,698ac69f26614d36f329295bd1784a0645a4f445,com/microsoft/azure/maven/webapp/WebAppUtilsTest.java,162,11,25,96,0.06,10,11,2,0,0,0,0,9,0,0,0,0,0,0,0,0,0,0,0,11,0,0,False
777,microsoft/azure-maven-plugins,698ac69f26614d36f329295bd1784a0645a4f445,com/microsoft/azure/maven/webapp/handlers/DeploymentSlotHandlerTest.java,97,9,24,79,0.0,0,9,0,0,0,0,0,8,0,0,0,0,0,0,0,0,4,0,0,8,0,0,False
778,microsoft/azure-maven-plugins,698ac69f26614d36f329295bd1784a0645a4f445,com/microsoft/azure/maven/webapp/handlers/HandlerFactoryImplTest.java,91,8,21,46,0.14,13,8,3,0,0,0,0,7,0,0,0,0,0,0,0,0,0,0,0,7,0,0,False
779,microsoft/azure-maven-plugins,698ac69f26614d36f329295bd1784a0645a4f445,com/microsoft/azure/maven/webapp/handlers/SettingsHandlerImplTest.java,24,3,9,17,0.0,0,3,0,0,0,0,0,2,0,0,0,0,0,0,0,0,2,0,0,2,0,0,False
780,microsoft/azure-maven-plugins,698ac69f26614d36f329295bd1784a0645a4f445,com/microsoft/azure/maven/webapp/handlers/v1/JarArtifactHandlerImplTest.java,65,10,22,44,0.03,2,10,1,0,0,0,2,7,9,3,0,0,0,0,0,1,4,0,4,9,0,0,False
781,microsoft/azure-maven-plugins,698ac69f26614d36f329295bd1784a0645a4f445,com/microsoft/azure/maven/webapp/handlers/v1/LinuxRuntimeHandlerImplTest.java,20,2,5,15,0.05,1,2,0,0,0,0,0,1,0,0,0,0,0,0,0,0,0,0,0,1,0,0,False
782,microsoft/azure-maven-plugins,698ac69f26614d36f329295bd1784a0645a4f445,com/microsoft/azure/maven/webapp/handlers/v1/NullRuntimeHandlerImplTest.java,26,3,8,9,0.08,2,3,0,0,0,0,0,2,0,0,0,0,0,0,0,0,0,0,0,2,0,0,False
783,microsoft/azure-maven-plugins,698ac69f26614d36f329295bd1784a0645a4f445,com/microsoft/azure/maven/webapp/handlers/v1/PrivateDockerHubRuntimeHandlerImplTest.java,31,3,8,18,0.0,0,3,0,0,0,0,1,2,1,0,0,0,0,0,0,0,2,0,0,2,0,0,False
784,microsoft/azure-maven-plugins,698ac69f26614d36f329295bd1784a0645a4f445,com/microsoft/azure/maven/webapp/handlers/v1/PrivateRegistryRuntimeHandlerImplTest.java,31,3,8,18,0.0,0,3,0,0,0,0,1,2,1,0,0,0,0,0,0,0,2,0,0,2,0,0,False
785,microsoft/azure-maven-plugins,698ac69f26614d36f329295bd1784a0645a4f445,com/microsoft/azure/maven/webapp/handlers/v1/PublicDockerHubRuntimeHandlerImplTest.java,24,3,8,15,0.0,0,3,0,0,0,0,1,2,1,0,0,0,0,0,0,0,2,0,0,2,0,0,False
786,microsoft/azure-maven-plugins,698ac69f26614d36f329295bd1784a0645a4f445,com/microsoft/azure/maven/webapp/handlers/v1/WarArtifactHandlerImplTest.java,130,11,25,104,0.08,11,11,2,0,0,0,0,8,10,8,0,0,1,0,0,1,2,0,9,10,0,0,False
787,microsoft/azure-maven-plugins,698ac69f26614d36f329295bd1784a0645a4f445,com/microsoft/azure/maven/webapp/handlers/v1/WindowsRuntimeHandlerImplTest.java,24,3,8,15,0.04,1,3,0,0,0,0,1,2,1,0,0,0,0,0,0,0,1,0,0,2,0,0,False
788,microsoft/azure-maven-plugins,5533b4c0ba0fb135c20e6a4f217e0142a000e1b4,com/microsoft/azure/maven/function/AddMojoTest.java,44,7,15,24,0.11,5,7,1,0,0,0,0,6,0,1,0,0,0,0,0,0,0,0,2,6,0,0,False
789,microsoft/azure-maven-plugins,5533b4c0ba0fb135c20e6a4f217e0142a000e1b4,com/microsoft/azure/maven/function/DeployMojoTest.java,153,18,48,143,0.08,13,18,4,0,0,0,0,15,15,0,0,0,0,0,0,0,7,0,0,15,0,0,False
790,microsoft/azure-maven-plugins,5533b4c0ba0fb135c20e6a4f217e0142a000e1b4,com/microsoft/azure/maven/function/ListMojoTest.java,22,2,6,14,0.05,1,2,0,0,0,0,0,1,0,0,0,0,0,0,0,0,1,0,0,1,0,0,False
791,microsoft/azure-maven-plugins,5533b4c0ba0fb135c20e6a4f217e0142a000e1b4,com/microsoft/azure/maven/function/PackageMojoTest.java,40,5,14,39,0.1,4,5,1,0,0,0,0,4,0,0,0,0,1,0,0,0,2,0,0,4,0,0,False
792,microsoft/azure-maven-plugins,5533b4c0ba0fb135c20e6a4f217e0142a000e1b4,com/microsoft/azure/maven/function/RunMojoTest.java,59,8,20,64,0.07,4,8,1,0,0,0,0,7,0,0,0,0,0,0,0,0,1,0,0,7,0,0,False
793,microsoft/azure-maven-plugins,5533b4c0ba0fb135c20e6a4f217e0142a000e1b4,com/microsoft/azure/maven/function/handlers/AnnotationHandlerImplTest.java,72,6,14,15,0.06,4,6,1,0,0,0,0,2,0,0,0,0,0,0,0,0,0,0,0,2,0,0,False
794,microsoft/azure-maven-plugins,5533b4c0ba0fb135c20e6a4f217e0142a000e1b4,com/microsoft/azure/maven/function/handlers/CommandHandlerImplTest.java,20,3,4,14,0.15,3,3,1,0,0,0,0,1,0,0,0,0,0,0,0,0,0,0,0,3,0,0,False
795,microsoft/azure-maven-plugins,5533b4c0ba0fb135c20e6a4f217e0142a000e1b4,com/microsoft/azure/maven/function/handlers/FunctionCoreToolsHandlerImplTest.java,79,8,20,78,0.06,5,8,0,0,0,0,0,8,0,0,0,0,0,0,0,0,3,0,0,8,0,0,False
796,microsoft/azure-maven-plugins,5533b4c0ba0fb135c20e6a4f217e0142a000e1b4,com/microsoft/azure/maven/function/handlers/MSDeployArtifactHandlerImplTest.java,119,8,24,92,0.03,4,8,0,0,0,0,0,7,0,3,0,0,0,0,0,0,3,0,2,7,0,0,False
797,microsoft/azure-maven-plugins,5533b4c0ba0fb135c20e6a4f217e0142a000e1b4,com/microsoft/azure/maven/function/utils/CommandUtilsTest.java,12,3,4,9,0.33,4,3,1,0,0,0,0,1,0,0,0,0,0,0,0,0,0,0,0,3,0,0,False
798,microsoft/azure-maven-plugins,5533b4c0ba0fb135c20e6a4f217e0142a000e1b4,com/microsoft/azure/maven/AbstractAppServiceMojoTest.java,17,2,3,10,0.06,1,1,0,0,0,0,0,0,0,0,0,0,1,0,0,0,0,0,0,1,0,0,False
799,microsoft/azure-maven-plugins,5533b4c0ba0fb135c20e6a4f217e0142a000e1b4,com/microsoft/azure/maven/AbstractAzureMojoTest.java,114,19,38,59,0.26,30,18,4,0,0,0,0,14,0,0,0,0,0,0,0,0,2,0,1,17,0,0,False
800,microsoft/azure-maven-plugins,5533b4c0ba0fb135c20e6a4f217e0142a000e1b4,com/microsoft/azure/maven/FTPUploaderTest.java,49,4,11,23,0.04,2,4,0,0,0,0,0,3,0,0,0,0,0,0,0,0,1,0,0,3,0,0,False
801,microsoft/azure-maven-plugins,5533b4c0ba0fb135c20e6a4f217e0142a000e1b4,com/microsoft/azure/maven/UtilsTest.java,44,4,8,27,0.18,8,4,2,0,0,0,0,1,0,0,0,0,0,0,0,1,1,0,0,3,0,0,False
802,microsoft/azure-maven-plugins,5533b4c0ba0fb135c20e6a4f217e0142a000e1b4,com/microsoft/azure/maven/artifacthandler/ArtifactHandlerBaseTest.java,36,5,12,27,0.0,0,4,0,0,0,0,0,4,0,0,0,0,0,0,0,0,1,0,0,4,0,0,False
803,microsoft/azure-maven-plugins,5533b4c0ba0fb135c20e6a4f217e0142a000e1b4,com/microsoft/azure/maven/artifacthandler/FTPArtifactHandlerImplTest.java,86,6,18,63,0.03,3,6,1,0,0,0,0,4,0,0,0,0,0,0,0,1,4,0,0,5,0,0,False
804,microsoft/azure-maven-plugins,5533b4c0ba0fb135c20e6a4f217e0142a000e1b4,com/microsoft/azure/maven/artifacthandler/ZIPArtifactHandlerImplTest.java,62,6,18,43,0.05,3,6,0,0,0,0,0,3,0,3,0,0,0,0,0,0,1,0,3,5,0,0,False
805,microsoft/azure-maven-plugins,5533b4c0ba0fb135c20e6a4f217e0142a000e1b4,com/microsoft/azure/maven/auth/AzureAuthHelperTest.java,191,12,24,110,0.16,31,12,5,0,0,0,0,3,0,0,0,0,0,0,0,3,0,0,0,11,0,0,False
806,microsoft/azure-maven-plugins,5533b4c0ba0fb135c20e6a4f217e0142a000e1b4,com/microsoft/azure/maven/webapp/DeployMojoTest.java,197,27,72,162,0.13,25,21,3,0,0,0,0,17,0,0,0,0,0,0,0,0,0,0,0,17,0,0,False
807,microsoft/azure-maven-plugins,5533b4c0ba0fb135c20e6a4f217e0142a000e1b4,com/microsoft/azure/maven/webapp/WebAppUtilsTest.java,184,11,27,106,0.05,10,11,2,0,0,0,0,11,0,0,0,0,0,0,0,0,0,0,0,11,0,0,False
808,microsoft/azure-maven-plugins,5533b4c0ba0fb135c20e6a4f217e0142a000e1b4,com/microsoft/azure/maven/webapp/handlers/DeploymentSlotHandlerTest.java,97,9,24,79,0.0,0,9,0,0,0,0,0,8,0,0,0,0,0,0,0,0,4,0,0,8,0,0,False
809,microsoft/azure-maven-plugins,5533b4c0ba0fb135c20e6a4f217e0142a000e1b4,com/microsoft/azure/maven/webapp/handlers/HandlerFactoryImplTest.java,91,8,21,46,0.14,13,8,3,0,0,0,0,7,0,0,0,0,0,0,0,0,0,0,0,7,0,0,False
810,microsoft/azure-maven-plugins,5533b4c0ba0fb135c20e6a4f217e0142a000e1b4,com/microsoft/azure/maven/webapp/handlers/JarArtifactHandlerImplTest.java,65,10,22,44,0.03,2,10,1,0,0,0,2,7,9,3,0,0,0,0,0,1,4,0,4,9,0,0,False
811,microsoft/azure-maven-plugins,5533b4c0ba0fb135c20e6a4f217e0142a000e1b4,com/microsoft/azure/maven/webapp/handlers/JavaRuntimeHandlerImplTest.java,24,3,8,15,0.04,1,3,0,0,0,0,1,2,1,0,0,0,0,0,0,0,1,0,0,2,0,0,False
812,microsoft/azure-maven-plugins,5533b4c0ba0fb135c20e6a4f217e0142a000e1b4,com/microsoft/azure/maven/webapp/handlers/LinuxRuntimeHandlerImplTest.java,20,2,5,15,0.05,1,2,0,0,0,0,0,1,0,0,0,0,0,0,0,0,0,0,0,1,0,0,False
813,microsoft/azure-maven-plugins,5533b4c0ba0fb135c20e6a4f217e0142a000e1b4,com/microsoft/azure/maven/webapp/handlers/NullRuntimeHandlerImplTest.java,26,3,8,9,0.08,2,3,0,0,0,0,0,2,0,0,0,0,0,0,0,0,0,0,0,2,0,0,False
814,microsoft/azure-maven-plugins,5533b4c0ba0fb135c20e6a4f217e0142a000e1b4,com/microsoft/azure/maven/webapp/handlers/PrivateDockerHubRuntimeHandlerImplTest.java,31,3,8,18,0.0,0,3,0,0,0,0,1,2,1,0,0,0,0,0,0,0,2,0,0,2,0,0,False
815,microsoft/azure-maven-plugins,5533b4c0ba0fb135c20e6a4f217e0142a000e1b4,com/microsoft/azure/maven/webapp/handlers/PrivateRegistryRuntimeHandlerImplTest.java,31,3,8,18,0.0,0,3,0,0,0,0,1,2,1,0,0,0,0,0,0,0,2,0,0,2,0,0,False
816,microsoft/azure-maven-plugins,5533b4c0ba0fb135c20e6a4f217e0142a000e1b4,com/microsoft/azure/maven/webapp/handlers/PublicDockerHubRuntimeHandlerImplTest.java,24,3,8,15,0.0,0,3,0,0,0,0,1,2,1,0,0,0,0,0,0,0,2,0,0,2,0,0,False
817,microsoft/azure-maven-plugins,5533b4c0ba0fb135c20e6a4f217e0142a000e1b4,com/microsoft/azure/maven/webapp/handlers/SettingsHandlerImplTest.java,24,3,9,17,0.0,0,3,0,0,0,0,0,2,0,0,0,0,0,0,0,0,2,0,0,2,0,0,False
818,microsoft/azure-maven-plugins,5533b4c0ba0fb135c20e6a4f217e0142a000e1b4,com/microsoft/azure/maven/webapp/handlers/WarArtifactHandlerImplTest.java,130,11,25,104,0.08,11,11,2,0,0,0,0,8,10,8,0,0,1,0,0,1,2,0,9,10,0,0,False
819,microsoft/azure-maven-plugins,f8a4e47deaf610f94ca4440f0a4087c4b3fe8d10,com/microsoft/azure/maven/function/AddMojoTest.java,44,7,15,24,0.11,5,7,1,0,0,0,0,6,0,1,0,0,0,0,0,0,0,0,2,6,0,0,False
820,microsoft/azure-maven-plugins,f8a4e47deaf610f94ca4440f0a4087c4b3fe8d10,com/microsoft/azure/maven/function/DeployMojoTest.java,145,17,44,138,0.08,12,17,3,0,0,0,0,14,14,0,0,0,1,0,0,0,7,0,0,14,0,0,False
821,microsoft/azure-maven-plugins,f8a4e47deaf610f94ca4440f0a4087c4b3fe8d10,com/microsoft/azure/maven/function/PackageMojoTest.java,40,5,14,39,0.1,4,5,1,0,0,0,0,4,0,0,0,0,1,0,0,0,2,0,0,4,0,0,False
822,microsoft/azure-maven-plugins,f8a4e47deaf610f94ca4440f0a4087c4b3fe8d10,com/microsoft/azure/maven/function/RunMojoTest.java,59,8,20,64,0.07,4,8,1,0,0,0,0,7,0,0,0,0,0,0,0,0,1,0,0,7,0,0,False
823,microsoft/azure-maven-plugins,f8a4e47deaf610f94ca4440f0a4087c4b3fe8d10,com/microsoft/azure/maven/function/handlers/AnnotationHandlerImplTest.java,72,6,14,15,0.06,4,6,1,0,0,0,0,2,0,0,0,0,0,0,0,0,0,0,0,2,0,0,False
824,microsoft/azure-maven-plugins,f8a4e47deaf610f94ca4440f0a4087c4b3fe8d10,com/microsoft/azure/maven/function/handlers/CommandHandlerImplTest.java,20,3,4,14,0.15,3,3,1,0,0,0,0,1,0,0,0,0,0,0,0,0,0,0,0,3,0,0,False
825,microsoft/azure-maven-plugins,f8a4e47deaf610f94ca4440f0a4087c4b3fe8d10,com/microsoft/azure/maven/function/handlers/FTPArtifactHandlerImplTest.java,36,2,6,24,0.03,1,2,0,0,0,0,0,2,0,0,0,0,0,0,0,0,1,0,0,2,0,0,False
826,microsoft/azure-maven-plugins,f8a4e47deaf610f94ca4440f0a4087c4b3fe8d10,com/microsoft/azure/maven/function/handlers/FunctionCoreToolsHandlerImplTest.java,79,8,20,78,0.06,5,8,0,0,0,0,0,8,0,0,0,0,0,0,0,0,3,0,0,8,0,0,False
827,microsoft/azure-maven-plugins,f8a4e47deaf610f94ca4440f0a4087c4b3fe8d10,com/microsoft/azure/maven/function/handlers/MSDeployArtifactHandlerImplTest.java,104,8,24,85,0.04,4,8,0,0,0,0,0,7,0,2,0,0,0,0,0,0,3,0,1,7,0,0,False
828,microsoft/azure-maven-plugins,f8a4e47deaf610f94ca4440f0a4087c4b3fe8d10,com/microsoft/azure/maven/function/utils/CommandUtilsTest.java,12,3,4,9,0.33,4,3,1,0,0,0,0,1,0,0,0,0,0,0,0,0,0,0,0,3,0,0,False
829,microsoft/azure-maven-plugins,f8a4e47deaf610f94ca4440f0a4087c4b3fe8d10,com/microsoft/azure/maven/AbstractAzureMojoTest.java,114,19,38,59,0.26,30,18,4,0,0,0,0,14,0,0,0,0,0,0,0,0,2,0,1,17,0,0,False
830,microsoft/azure-maven-plugins,f8a4e47deaf610f94ca4440f0a4087c4b3fe8d10,com/microsoft/azure/maven/FTPUploaderTest.java,49,4,11,23,0.04,2,4,0,0,0,0,0,3,0,0,0,0,0,0,0,0,1,0,0,3,0,0,False
831,microsoft/azure-maven-plugins,f8a4e47deaf610f94ca4440f0a4087c4b3fe8d10,com/microsoft/azure/maven/UtilsTest.java,44,4,8,27,0.18,8,4,2,0,0,0,0,1,0,0,0,0,0,0,0,1,1,0,0,3,0,0,False
832,microsoft/azure-maven-plugins,f8a4e47deaf610f94ca4440f0a4087c4b3fe8d10,com/microsoft/azure/maven/auth/AzureAuthHelperTest.java,191,12,24,110,0.16,31,12,5,0,0,0,0,3,0,0,0,0,0,0,0,3,0,0,0,11,0,0,False
833,microsoft/azure-maven-plugins,f8a4e47deaf610f94ca4440f0a4087c4b3fe8d10,com/microsoft/azure/maven/webapp/DeployMojoTest.java,210,28,75,178,0.12,25,22,3,0,0,0,0,18,0,0,0,0,0,0,0,0,10,0,0,18,0,0,False
834,microsoft/azure-maven-plugins,f8a4e47deaf610f94ca4440f0a4087c4b3fe8d10,com/microsoft/azure/maven/webapp/WebAppUtilsTest.java,184,11,27,106,0.05,10,11,2,0,0,0,0,11,0,0,0,0,0,0,0,0,0,0,0,11,0,0,False
835,microsoft/azure-maven-plugins,f8a4e47deaf610f94ca4440f0a4087c4b3fe8d10,com/microsoft/azure/maven/webapp/handlers/DeploymentSlotHandlerTest.java,97,9,24,79,0.0,0,9,0,0,0,0,0,8,0,0,0,0,0,0,0,0,4,0,0,8,0,0,False
836,microsoft/azure-maven-plugins,f8a4e47deaf610f94ca4440f0a4087c4b3fe8d10,com/microsoft/azure/maven/webapp/handlers/FTPArtifactHandlerImplTest.java,74,6,18,59,0.01,1,6,0,0,0,0,0,5,0,0,0,0,0,0,0,0,4,0,0,5,0,0,False
837,microsoft/azure-maven-plugins,f8a4e47deaf610f94ca4440f0a4087c4b3fe8d10,com/microsoft/azure/maven/webapp/handlers/HandlerFactoryImplTest.java,59,4,9,17,0.17,10,4,3,0,0,0,0,3,0,0,0,0,0,0,0,0,0,0,0,3,0,0,False
838,microsoft/azure-maven-plugins,f8a4e47deaf610f94ca4440f0a4087c4b3fe8d10,com/microsoft/azure/maven/webapp/handlers/JarArtifactHandlerImplTest.java,73,10,22,56,0.03,2,10,1,0,0,0,2,7,9,5,0,0,0,0,0,1,4,0,6,9,0,0,False
839,microsoft/azure-maven-plugins,f8a4e47deaf610f94ca4440f0a4087c4b3fe8d10,com/microsoft/azure/maven/webapp/handlers/JavaRuntimeHandlerImplTest.java,24,3,8,15,0.04,1,3,0,0,0,0,1,2,1,0,0,0,0,0,0,0,1,0,0,2,0,0,False
840,microsoft/azure-maven-plugins,f8a4e47deaf610f94ca4440f0a4087c4b3fe8d10,com/microsoft/azure/maven/webapp/handlers/LinuxRuntimeHandlerImplTest.java,20,2,5,15,0.05,1,2,0,0,0,0,0,1,0,0,0,0,0,0,0,0,0,0,0,1,0,0,False
841,microsoft/azure-maven-plugins,f8a4e47deaf610f94ca4440f0a4087c4b3fe8d10,com/microsoft/azure/maven/webapp/handlers/NullRuntimeHandlerImplTest.java,26,3,8,9,0.08,2,3,0,0,0,0,0,2,0,0,0,0,0,0,0,0,0,0,0,2,0,0,False
842,microsoft/azure-maven-plugins,f8a4e47deaf610f94ca4440f0a4087c4b3fe8d10,com/microsoft/azure/maven/webapp/handlers/PrivateDockerHubRuntimeHandlerImplTest.java,31,3,8,18,0.0,0,3,0,0,0,0,1,2,1,0,0,0,0,0,0,0,2,0,0,2,0,0,False
843,microsoft/azure-maven-plugins,f8a4e47deaf610f94ca4440f0a4087c4b3fe8d10,com/microsoft/azure/maven/webapp/handlers/PrivateRegistryRuntimeHandlerImplTest.java,31,3,8,18,0.0,0,3,0,0,0,0,1,2,1,0,0,0,0,0,0,0,2,0,0,2,0,0,False
844,microsoft/azure-maven-plugins,f8a4e47deaf610f94ca4440f0a4087c4b3fe8d10,com/microsoft/azure/maven/webapp/handlers/PublicDockerHubRuntimeHandlerImplTest.java,24,3,8,15,0.0,0,3,0,0,0,0,1,2,1,0,0,0,0,0,0,0,2,0,0,2,0,0,False
845,microsoft/azure-maven-plugins,f8a4e47deaf610f94ca4440f0a4087c4b3fe8d10,com/microsoft/azure/maven/webapp/handlers/SettingsHandlerImplTest.java,24,3,9,17,0.0,0,3,0,0,0,0,0,2,0,0,0,0,0,0,0,0,2,0,0,2,0,0,False
846,microsoft/azure-maven-plugins,f8a4e47deaf610f94ca4440f0a4087c4b3fe8d10,com/microsoft/azure/maven/webapp/handlers/WarArtifactHandlerImplTest.java,114,10,22,92,0.09,10,10,2,0,0,0,0,7,9,7,0,0,1,0,0,1,2,0,8,9,0,0,False
847,microsoft/azure-maven-plugins,7daa6b337779aa252587537e769d5bdac5696aa4,com/microsoft/azure/maven/function/AddMojoTest.java,44,7,15,24,0.11,5,7,1,0,0,0,0,6,0,1,0,0,0,0,0,0,0,0,2,6,0,0,False
848,microsoft/azure-maven-plugins,7daa6b337779aa252587537e769d5bdac5696aa4,com/microsoft/azure/maven/function/DeployMojoTest.java,134,14,35,133,0.1,13,14,3,0,0,0,0,13,0,0,0,0,1,0,0,0,5,0,0,13,0,0,False
849,microsoft/azure-maven-plugins,7daa6b337779aa252587537e769d5bdac5696aa4,com/microsoft/azure/maven/function/PackageMojoTest.java,40,5,14,39,0.1,4,5,1,0,0,0,0,4,0,0,0,0,1,0,0,0,2,0,0,4,0,0,False
850,microsoft/azure-maven-plugins,7daa6b337779aa252587537e769d5bdac5696aa4,com/microsoft/azure/maven/function/RunMojoTest.java,57,8,20,63,0.05,3,8,0,0,0,0,0,7,0,0,0,0,0,0,0,0,1,0,0,7,0,0,False
851,microsoft/azure-maven-plugins,7daa6b337779aa252587537e769d5bdac5696aa4,com/microsoft/azure/maven/function/handlers/AnnotationHandlerImplTest.java,72,6,14,15,0.06,4,6,1,0,0,0,0,2,0,0,0,0,0,0,0,0,0,0,0,2,0,0,False
852,microsoft/azure-maven-plugins,7daa6b337779aa252587537e769d5bdac5696aa4,com/microsoft/azure/maven/function/handlers/CommandHandlerImplTest.java,20,3,4,14,0.15,3,3,1,0,0,0,0,1,0,0,0,0,0,0,0,0,0,0,0,3,0,0,False
853,microsoft/azure-maven-plugins,7daa6b337779aa252587537e769d5bdac5696aa4,com/microsoft/azure/maven/function/handlers/FTPArtifactHandlerImplTest.java,36,2,6,24,0.03,1,2,0,0,0,0,0,2,0,0,0,0,0,0,0,0,1,0,0,2,0,0,False
854,microsoft/azure-maven-plugins,7daa6b337779aa252587537e769d5bdac5696aa4,com/microsoft/azure/maven/function/handlers/FunctionCoreToolsHandlerImplTest.java,79,8,20,78,0.06,5,8,0,0,0,0,0,8,0,0,0,0,0,0,0,0,3,0,0,8,0,0,False
855,microsoft/azure-maven-plugins,7daa6b337779aa252587537e769d5bdac5696aa4,com/microsoft/azure/maven/function/handlers/MSDeployArtifactHandlerImplTest.java,104,8,24,85,0.04,4,8,0,0,0,0,0,7,0,2,0,0,0,0,0,0,3,0,1,7,0,0,False
856,microsoft/azure-maven-plugins,7daa6b337779aa252587537e769d5bdac5696aa4,com/microsoft/azure/maven/function/utils/CommandUtilsTest.java,12,3,4,9,0.33,4,3,1,0,0,0,0,1,0,0,0,0,0,0,0,0,0,0,0,3,0,0,False
857,microsoft/azure-maven-plugins,7daa6b337779aa252587537e769d5bdac5696aa4,com/microsoft/azure/maven/AbstractAzureMojoTest.java,114,19,38,59,0.26,30,18,4,0,0,0,0,14,0,0,0,0,0,0,0,0,2,0,1,17,0,0,False
858,microsoft/azure-maven-plugins,7daa6b337779aa252587537e769d5bdac5696aa4,com/microsoft/azure/maven/FTPUploaderTest.java,49,4,11,23,0.04,2,4,0,0,0,0,0,3,0,0,0,0,0,0,0,0,1,0,0,3,0,0,False
859,microsoft/azure-maven-plugins,7daa6b337779aa252587537e769d5bdac5696aa4,com/microsoft/azure/maven/UtilsTest.java,44,4,8,27,0.18,8,4,2,0,0,0,0,1,0,0,0,0,0,0,0,1,1,0,0,3,0,0,False
860,microsoft/azure-maven-plugins,7daa6b337779aa252587537e769d5bdac5696aa4,com/microsoft/azure/maven/auth/AzureAuthHelperTest.java,191,12,24,110,0.16,31,12,5,0,0,0,0,3,0,0,0,0,0,0,0,3,0,0,0,11,0,0,False
861,microsoft/azure-maven-plugins,7daa6b337779aa252587537e769d5bdac5696aa4,com/microsoft/azure/maven/webapp/DeployMojoTest.java,143,20,55,111,0.15,22,15,3,0,0,0,0,11,0,0,0,0,0,0,0,0,7,0,0,11,0,0,False
862,microsoft/azure-maven-plugins,7daa6b337779aa252587537e769d5bdac5696aa4,com/microsoft/azure/maven/webapp/WebAppUtilsTest.java,182,11,27,104,0.05,10,11,2,0,0,0,0,11,0,0,0,0,0,0,0,0,0,0,0,11,0,0,False
863,microsoft/azure-maven-plugins,7daa6b337779aa252587537e769d5bdac5696aa4,com/microsoft/azure/maven/webapp/handlers/FTPArtifactHandlerImplTest.java,59,5,15,45,0.02,1,5,0,0,0,0,0,4,0,0,0,0,0,0,0,0,3,0,0,4,0,0,False
864,microsoft/azure-maven-plugins,7daa6b337779aa252587537e769d5bdac5696aa4,com/microsoft/azure/maven/webapp/handlers/HandlerFactoryImplTest.java,53,3,7,14,0.15,8,3,2,0,0,0,0,2,0,0,0,0,0,0,0,0,0,0,0,2,0,0,False
865,microsoft/azure-maven-plugins,7daa6b337779aa252587537e769d5bdac5696aa4,com/microsoft/azure/maven/webapp/handlers/JavaRuntimeHandlerImplTest.java,24,3,8,15,0.04,1,3,0,0,0,0,1,2,1,0,0,0,0,0,0,0,1,0,0,2,0,0,False
866,microsoft/azure-maven-plugins,7daa6b337779aa252587537e769d5bdac5696aa4,com/microsoft/azure/maven/webapp/handlers/LinuxRuntimeHandlerImplTest.java,20,2,5,15,0.05,1,2,0,0,0,0,0,1,0,0,0,0,0,0,0,0,0,0,0,1,0,0,False
867,microsoft/azure-maven-plugins,7daa6b337779aa252587537e769d5bdac5696aa4,com/microsoft/azure/maven/webapp/handlers/NullRuntimeHandlerImplTest.java,24,3,8,8,0.08,2,3,0,0,0,0,0,2,0,0,0,0,0,0,0,0,0,0,0,2,0,0,False
868,microsoft/azure-maven-plugins,7daa6b337779aa252587537e769d5bdac5696aa4,com/microsoft/azure/maven/webapp/handlers/PrivateDockerHubRuntimeHandlerImplTest.java,31,3,8,18,0.0,0,3,0,0,0,0,1,2,1,0,0,0,0,0,0,0,2,0,0,2,0,0,False
869,microsoft/azure-maven-plugins,7daa6b337779aa252587537e769d5bdac5696aa4,com/microsoft/azure/maven/webapp/handlers/PrivateRegistryRuntimeHandlerImplTest.java,31,3,8,18,0.0,0,3,0,0,0,0,1,2,1,0,0,0,0,0,0,0,2,0,0,2,0,0,False
870,microsoft/azure-maven-plugins,7daa6b337779aa252587537e769d5bdac5696aa4,com/microsoft/azure/maven/webapp/handlers/PublicDockerHubRuntimeHandlerImplTest.java,24,3,8,15,0.0,0,3,0,0,0,0,1,2,1,0,0,0,0,0,0,0,2,0,0,2,0,0,False
871,microsoft/azure-maven-plugins,7daa6b337779aa252587537e769d5bdac5696aa4,com/microsoft/azure/maven/webapp/handlers/SettingsHandlerImplTest.java,24,3,9,17,0.0,0,3,0,0,0,0,0,2,0,0,0,0,0,0,0,0,2,0,0,2,0,0,False
872,microsoft/azure-maven-plugins,7daa6b337779aa252587537e769d5bdac5696aa4,com/microsoft/azure/maven/webapp/handlers/WarArtifactHandlerImplTest.java,75,7,19,55,0.13,10,7,2,0,0,0,0,4,0,4,0,0,1,0,0,1,1,0,5,6,0,0,False
873,microsoft/azure-maven-plugins,aa6bedf642aa0eb91bd25cd08d474774e7b4255f,com/microsoft/azure/maven/function/AddMojoTest.java,44,7,15,24,0.11,5,7,1,0,0,0,0,6,0,1,0,0,0,0,0,0,0,0,2,6,0,0,False
874,microsoft/azure-maven-plugins,aa6bedf642aa0eb91bd25cd08d474774e7b4255f,com/microsoft/azure/maven/function/DeployMojoTest.java,134,14,35,133,0.1,13,14,3,0,0,0,0,13,0,0,0,0,1,0,0,0,5,0,0,13,0,0,False
875,microsoft/azure-maven-plugins,aa6bedf642aa0eb91bd25cd08d474774e7b4255f,com/microsoft/azure/maven/function/PackageMojoTest.java,40,5,14,39,0.1,4,5,1,0,0,0,0,4,0,0,0,0,1,0,0,0,2,0,0,4,0,0,False
876,microsoft/azure-maven-plugins,aa6bedf642aa0eb91bd25cd08d474774e7b4255f,com/microsoft/azure/maven/function/RunMojoTest.java,57,8,20,63,0.05,3,8,0,0,0,0,0,7,0,0,0,0,0,0,0,0,1,0,0,7,0,0,False
877,microsoft/azure-maven-plugins,aa6bedf642aa0eb91bd25cd08d474774e7b4255f,com/microsoft/azure/maven/function/handlers/AnnotationHandlerImplTest.java,77,6,14,15,0.05,4,6,1,0,0,0,0,2,0,0,0,0,0,0,0,0,0,0,0,2,0,0,False
878,microsoft/azure-maven-plugins,aa6bedf642aa0eb91bd25cd08d474774e7b4255f,com/microsoft/azure/maven/function/handlers/CommandHandlerImplTest.java,20,3,4,14,0.15,3,3,1,0,0,0,0,1,0,0,0,0,0,0,0,0,0,0,0,3,0,0,False
879,microsoft/azure-maven-plugins,aa6bedf642aa0eb91bd25cd08d474774e7b4255f,com/microsoft/azure/maven/function/handlers/FTPArtifactHandlerImplTest.java,36,2,6,24,0.03,1,2,0,0,0,0,0,2,0,0,0,0,0,0,0,0,1,0,0,2,0,0,False
880,microsoft/azure-maven-plugins,aa6bedf642aa0eb91bd25cd08d474774e7b4255f,com/microsoft/azure/maven/function/handlers/FunctionCoreToolsHandlerImplTest.java,76,8,20,79,0.07,5,8,0,0,0,0,0,8,0,0,0,0,0,0,0,0,3,0,0,8,0,0,False
881,microsoft/azure-maven-plugins,aa6bedf642aa0eb91bd25cd08d474774e7b4255f,com/microsoft/azure/maven/function/handlers/MSDeployArtifactHandlerImplTest.java,104,8,24,85,0.04,4,8,0,0,0,0,0,7,0,2,0,0,0,0,0,0,3,0,1,7,0,0,False
882,microsoft/azure-maven-plugins,aa6bedf642aa0eb91bd25cd08d474774e7b4255f,com/microsoft/azure/maven/function/utils/CommandUtilsTest.java,12,3,4,9,0.33,4,3,1,0,0,0,0,1,0,0,0,0,0,0,0,0,0,0,0,3,0,0,False
883,microsoft/azure-maven-plugins,aa6bedf642aa0eb91bd25cd08d474774e7b4255f,com/microsoft/azure/maven/AbstractAzureMojoTest.java,114,19,38,59,0.26,30,18,4,0,0,0,0,14,0,0,0,0,0,0,0,0,2,0,1,17,0,0,False
884,microsoft/azure-maven-plugins,aa6bedf642aa0eb91bd25cd08d474774e7b4255f,com/microsoft/azure/maven/FTPUploaderTest.java,49,4,11,23,0.04,2,4,0,0,0,0,0,3,0,0,0,0,0,0,0,0,1,0,0,3,0,0,False
885,microsoft/azure-maven-plugins,aa6bedf642aa0eb91bd25cd08d474774e7b4255f,com/microsoft/azure/maven/UtilsTest.java,44,4,8,27,0.18,8,4,2,0,0,0,0,1,0,0,0,0,0,0,0,1,1,0,0,3,0,0,False
886,microsoft/azure-maven-plugins,aa6bedf642aa0eb91bd25cd08d474774e7b4255f,com/microsoft/azure/maven/auth/AzureAuthHelperTest.java,191,12,24,110,0.16,31,12,5,0,0,0,0,3,0,0,0,0,0,0,0,3,0,0,0,11,0,0,False
887,microsoft/azure-maven-plugins,aa6bedf642aa0eb91bd25cd08d474774e7b4255f,com/microsoft/azure/maven/webapp/DeployMojoTest.java,143,20,55,111,0.15,22,15,3,0,0,0,0,11,0,0,0,0,0,0,0,0,7,0,0,11,0,0,False
888,microsoft/azure-maven-plugins,aa6bedf642aa0eb91bd25cd08d474774e7b4255f,com/microsoft/azure/maven/webapp/WebAppUtilsTest.java,181,11,27,104,0.05,9,11,2,0,0,0,0,11,0,0,0,0,0,0,0,0,0,0,0,11,0,0,False
889,microsoft/azure-maven-plugins,aa6bedf642aa0eb91bd25cd08d474774e7b4255f,com/microsoft/azure/maven/webapp/handlers/FTPArtifactHandlerImplTest.java,59,5,15,45,0.02,1,5,0,0,0,0,0,4,0,0,0,0,0,0,0,0,3,0,0,4,0,0,False
890,microsoft/azure-maven-plugins,aa6bedf642aa0eb91bd25cd08d474774e7b4255f,com/microsoft/azure/maven/webapp/handlers/HandlerFactoryImplTest.java,53,3,7,14,0.15,8,3,2,0,0,0,0,2,0,0,0,0,0,0,0,0,0,0,0,2,0,0,False
891,microsoft/azure-maven-plugins,aa6bedf642aa0eb91bd25cd08d474774e7b4255f,com/microsoft/azure/maven/webapp/handlers/JavaRuntimeHandlerImplTest.java,24,3,8,15,0.04,1,3,0,0,0,0,1,2,1,0,0,0,0,0,0,0,1,0,0,2,0,0,False
892,microsoft/azure-maven-plugins,aa6bedf642aa0eb91bd25cd08d474774e7b4255f,com/microsoft/azure/maven/webapp/handlers/LinuxRuntimeHandlerImplTest.java,20,2,5,15,0.05,1,2,0,0,0,0,0,1,0,0,0,0,0,0,0,0,0,0,0,1,0,0,False
893,microsoft/azure-maven-plugins,aa6bedf642aa0eb91bd25cd08d474774e7b4255f,com/microsoft/azure/maven/webapp/handlers/NullRuntimeHandlerImplTest.java,24,3,8,8,0.08,2,3,0,0,0,0,0,2,0,0,0,0,0,0,0,0,0,0,0,2,0,0,False
894,microsoft/azure-maven-plugins,aa6bedf642aa0eb91bd25cd08d474774e7b4255f,com/microsoft/azure/maven/webapp/handlers/PrivateDockerHubRuntimeHandlerImplTest.java,31,3,8,18,0.0,0,3,0,0,0,0,1,2,1,0,0,0,0,0,0,0,2,0,0,2,0,0,False
895,microsoft/azure-maven-plugins,aa6bedf642aa0eb91bd25cd08d474774e7b4255f,com/microsoft/azure/maven/webapp/handlers/PrivateRegistryRuntimeHandlerImplTest.java,31,3,8,18,0.0,0,3,0,0,0,0,1,2,1,0,0,0,0,0,0,0,2,0,0,2,0,0,False
896,microsoft/azure-maven-plugins,aa6bedf642aa0eb91bd25cd08d474774e7b4255f,com/microsoft/azure/maven/webapp/handlers/PublicDockerHubRuntimeHandlerImplTest.java,24,3,8,15,0.0,0,3,0,0,0,0,1,2,1,0,0,0,0,0,0,0,2,0,0,2,0,0,False
897,microsoft/azure-maven-plugins,aa6bedf642aa0eb91bd25cd08d474774e7b4255f,com/microsoft/azure/maven/webapp/handlers/SettingsHandlerImplTest.java,24,3,9,17,0.0,0,3,0,0,0,0,0,2,0,0,0,0,0,0,0,0,2,0,0,2,0,0,False
898,microsoft/azure-maven-plugins,aa6bedf642aa0eb91bd25cd08d474774e7b4255f,com/microsoft/azure/maven/webapp/handlers/WarArtifactHandlerImplTest.java,75,7,19,55,0.13,10,7,2,0,0,0,0,4,0,4,0,0,1,0,0,1,1,0,5,6,0,0,False
899,microsoft/azure-maven-plugins,f5d10b1c55ee606ce3980420749268d77a2c392e,com/microsoft/azure/maven/function/AddMojoTest.java,44,7,15,24,0.11,5,7,1,0,0,0,0,6,0,1,0,0,0,0,0,0,0,0,2,6,0,0,False
900,microsoft/azure-maven-plugins,f5d10b1c55ee606ce3980420749268d77a2c392e,com/microsoft/azure/maven/function/DeployMojoTest.java,134,14,35,133,0.1,13,14,3,0,0,0,0,13,0,0,0,0,1,0,0,0,5,0,0,13,0,0,False
901,microsoft/azure-maven-plugins,f5d10b1c55ee606ce3980420749268d77a2c392e,com/microsoft/azure/maven/function/PackageMojoTest.java,40,5,14,39,0.1,4,5,1,0,0,0,0,4,0,0,0,0,1,0,0,0,2,0,0,4,0,0,False
902,microsoft/azure-maven-plugins,f5d10b1c55ee606ce3980420749268d77a2c392e,com/microsoft/azure/maven/function/RunMojoTest.java,51,5,15,48,0.04,2,5,0,1,0,0,0,4,0,0,0,0,0,0,0,0,3,0,0,4,0,0,False
903,microsoft/azure-maven-plugins,f5d10b1c55ee606ce3980420749268d77a2c392e,com/microsoft/azure/maven/function/handlers/AnnotationHandlerImplTest.java,69,6,14,15,0.06,4,6,1,0,0,0,0,2,0,0,0,0,0,0,0,0,0,0,0,2,0,0,False
904,microsoft/azure-maven-plugins,f5d10b1c55ee606ce3980420749268d77a2c392e,com/microsoft/azure/maven/function/handlers/FTPArtifactHandlerImplTest.java,36,2,6,24,0.03,1,2,0,0,0,0,0,2,0,0,0,0,0,0,0,0,1,0,0,2,0,0,False
905,microsoft/azure-maven-plugins,f5d10b1c55ee606ce3980420749268d77a2c392e,com/microsoft/azure/maven/function/handlers/MSDeployArtifactHandlerImplTest.java,104,8,24,85,0.04,4,8,0,0,0,0,0,7,0,2,0,0,0,0,0,0,3,0,1,7,0,0,False
906,microsoft/azure-maven-plugins,f5d10b1c55ee606ce3980420749268d77a2c392e,com/microsoft/azure/maven/AbstractAzureMojoTest.java,114,19,38,59,0.26,30,18,4,0,0,0,0,14,0,0,0,0,0,0,0,0,2,0,1,17,0,0,False
907,microsoft/azure-maven-plugins,f5d10b1c55ee606ce3980420749268d77a2c392e,com/microsoft/azure/maven/FTPUploaderTest.java,49,4,11,23,0.04,2,4,0,0,0,0,0,3,0,0,0,0,0,0,0,0,1,0,0,3,0,0,False
908,microsoft/azure-maven-plugins,f5d10b1c55ee606ce3980420749268d77a2c392e,com/microsoft/azure/maven/UtilsTest.java,44,4,8,27,0.18,8,4,2,0,0,0,0,1,0,0,0,0,0,0,0,1,1,0,0,3,0,0,False
909,microsoft/azure-maven-plugins,f5d10b1c55ee606ce3980420749268d77a2c392e,com/microsoft/azure/maven/auth/AzureAuthHelperTest.java,191,12,24,110,0.16,31,12,5,0,0,0,0,3,0,0,0,0,0,0,0,3,0,0,0,11,0,0,False
910,microsoft/azure-maven-plugins,f5d10b1c55ee606ce3980420749268d77a2c392e,com/microsoft/azure/maven/webapp/DeployMojoTest.java,145,20,55,119,0.15,22,15,3,0,0,0,0,11,0,0,0,0,0,0,0,0,7,0,0,11,0,0,False
911,microsoft/azure-maven-plugins,f5d10b1c55ee606ce3980420749268d77a2c392e,com/microsoft/azure/maven/webapp/WebAppUtilsTest.java,181,11,27,104,0.05,9,11,2,0,0,0,0,11,0,0,0,0,0,0,0,0,0,0,0,11,0,0,False
912,microsoft/azure-maven-plugins,f5d10b1c55ee606ce3980420749268d77a2c392e,com/microsoft/azure/maven/webapp/handlers/FTPArtifactHandlerImplTest.java,56,5,15,42,0.02,1,5,0,0,0,0,0,4,0,0,0,0,0,0,0,0,3,0,0,4,0,0,False
913,microsoft/azure-maven-plugins,f5d10b1c55ee606ce3980420749268d77a2c392e,com/microsoft/azure/maven/webapp/handlers/HandlerFactoryImplTest.java,53,3,7,14,0.15,8,3,2,0,0,0,0,2,0,0,0,0,0,0,0,0,0,0,0,2,0,0,False
914,microsoft/azure-maven-plugins,f5d10b1c55ee606ce3980420749268d77a2c392e,com/microsoft/azure/maven/webapp/handlers/JavaRuntimeHandlerImplTest.java,24,3,8,15,0.04,1,3,0,0,0,0,1,2,1,0,0,0,0,0,0,0,1,0,0,2,0,0,False
915,microsoft/azure-maven-plugins,f5d10b1c55ee606ce3980420749268d77a2c392e,com/microsoft/azure/maven/webapp/handlers/LinuxRuntimeHandlerImplTest.java,20,2,5,15,0.05,1,2,0,0,0,0,0,1,0,0,0,0,0,0,0,0,0,0,0,1,0,0,False
916,microsoft/azure-maven-plugins,f5d10b1c55ee606ce3980420749268d77a2c392e,com/microsoft/azure/maven/webapp/handlers/NullRuntimeHandlerImplTest.java,24,3,8,8,0.08,2,3,0,0,0,0,0,2,0,0,0,0,0,0,0,0,0,0,0,2,0,0,False
917,microsoft/azure-maven-plugins,f5d10b1c55ee606ce3980420749268d77a2c392e,com/microsoft/azure/maven/webapp/handlers/PrivateDockerHubRuntimeHandlerImplTest.java,31,3,8,18,0.0,0,3,0,0,0,0,1,2,1,0,0,0,0,0,0,0,2,0,0,2,0,0,False
918,microsoft/azure-maven-plugins,f5d10b1c55ee606ce3980420749268d77a2c392e,com/microsoft/azure/maven/webapp/handlers/PrivateRegistryRuntimeHandlerImplTest.java,31,3,8,18,0.0,0,3,0,0,0,0,1,2,1,0,0,0,0,0,0,0,2,0,0,2,0,0,False
919,microsoft/azure-maven-plugins,f5d10b1c55ee606ce3980420749268d77a2c392e,com/microsoft/azure/maven/webapp/handlers/PublicDockerHubRuntimeHandlerImplTest.java,24,3,8,15,0.0,0,3,0,0,0,0,1,2,1,0,0,0,0,0,0,0,2,0,0,2,0,0,False
920,microsoft/azure-maven-plugins,f5d10b1c55ee606ce3980420749268d77a2c392e,com/microsoft/azure/maven/webapp/handlers/SettingsHandlerImplTest.java,24,3,9,17,0.0,0,3,0,0,0,0,0,2,0,0,0,0,0,0,0,0,2,0,0,2,0,0,False
921,microsoft/azure-maven-plugins,31a930c2221de975d0920704736b95a54e20405c,com/microsoft/azure/maven/function/AddMojoTest.java,44,7,15,24,0.11,5,7,1,0,0,0,0,6,0,1,0,0,0,0,0,0,0,0,2,6,0,0,False
922,microsoft/azure-maven-plugins,31a930c2221de975d0920704736b95a54e20405c,com/microsoft/azure/maven/function/DeployMojoTest.java,134,14,35,133,0.1,13,14,3,0,0,0,0,13,0,0,0,0,1,0,0,0,5,0,0,13,0,0,False
923,microsoft/azure-maven-plugins,31a930c2221de975d0920704736b95a54e20405c,com/microsoft/azure/maven/function/PackageMojoTest.java,40,5,14,39,0.1,4,5,1,0,0,0,0,4,0,0,0,0,1,0,0,0,2,0,0,4,0,0,False
924,microsoft/azure-maven-plugins,31a930c2221de975d0920704736b95a54e20405c,com/microsoft/azure/maven/function/RunMojoTest.java,95,9,25,88,0.11,10,9,4,1,0,0,0,8,0,0,0,0,0,0,0,0,3,0,2,8,0,0,False
925,microsoft/azure-maven-plugins,31a930c2221de975d0920704736b95a54e20405c,com/microsoft/azure/maven/function/handlers/AnnotationHandlerImplTest.java,69,6,14,15,0.06,4,6,1,0,0,0,0,2,0,0,0,0,0,0,0,0,0,0,0,2,0,0,False
926,microsoft/azure-maven-plugins,31a930c2221de975d0920704736b95a54e20405c,com/microsoft/azure/maven/function/handlers/FTPArtifactHandlerImplTest.java,36,2,6,24,0.03,1,2,0,0,0,0,0,2,0,0,0,0,0,0,0,0,1,0,0,2,0,0,False
927,microsoft/azure-maven-plugins,31a930c2221de975d0920704736b95a54e20405c,com/microsoft/azure/maven/function/handlers/MSDeployArtifactHandlerImplTest.java,104,8,24,85,0.04,4,8,0,0,0,0,0,7,0,2,0,0,0,0,0,0,3,0,1,7,0,0,False
928,microsoft/azure-maven-plugins,31a930c2221de975d0920704736b95a54e20405c,com/microsoft/azure/maven/AbstractAzureMojoTest.java,114,19,38,59,0.26,30,18,4,0,0,0,0,14,0,0,0,0,0,0,0,0,2,0,1,17,0,0,False
929,microsoft/azure-maven-plugins,31a930c2221de975d0920704736b95a54e20405c,com/microsoft/azure/maven/FTPUploaderTest.java,49,4,11,23,0.04,2,4,0,0,0,0,0,3,0,0,0,0,0,0,0,0,1,0,0,3,0,0,False
930,microsoft/azure-maven-plugins,31a930c2221de975d0920704736b95a54e20405c,com/microsoft/azure/maven/UtilsTest.java,44,4,8,27,0.18,8,4,2,0,0,0,0,1,0,0,0,0,0,0,0,1,1,0,0,3,0,0,False
931,microsoft/azure-maven-plugins,31a930c2221de975d0920704736b95a54e20405c,com/microsoft/azure/maven/auth/AzureAuthHelperTest.java,191,12,24,110,0.16,31,12,5,0,0,0,0,3,0,0,0,0,0,0,0,3,0,0,0,11,0,0,False
932,microsoft/azure-maven-plugins,31a930c2221de975d0920704736b95a54e20405c,com/microsoft/azure/maven/webapp/DeployMojoTest.java,145,20,55,119,0.15,22,15,3,0,0,0,0,11,0,0,0,0,0,0,0,0,7,0,0,11,0,0,False
933,microsoft/azure-maven-plugins,31a930c2221de975d0920704736b95a54e20405c,com/microsoft/azure/maven/webapp/WebAppUtilsTest.java,50,3,8,19,0.14,7,3,1,0,0,0,0,3,0,0,0,0,0,0,0,0,0,0,0,3,0,0,False
934,microsoft/azure-maven-plugins,31a930c2221de975d0920704736b95a54e20405c,com/microsoft/azure/maven/webapp/handlers/FTPArtifactHandlerImplTest.java,56,5,15,42,0.02,1,5,0,0,0,0,0,4,0,0,0,0,0,0,0,0,3,0,0,4,0,0,False
935,microsoft/azure-maven-plugins,31a930c2221de975d0920704736b95a54e20405c,com/microsoft/azure/maven/webapp/handlers/HandlerFactoryImplTest.java,53,3,7,14,0.15,8,3,2,0,0,0,0,2,0,0,0,0,0,0,0,0,0,0,0,2,0,0,False
936,microsoft/azure-maven-plugins,31a930c2221de975d0920704736b95a54e20405c,com/microsoft/azure/maven/webapp/handlers/JavaRuntimeHandlerImplTest.java,24,3,8,15,0.04,1,3,0,0,0,0,1,2,1,0,0,0,0,0,0,0,1,0,0,2,0,0,False
937,microsoft/azure-maven-plugins,31a930c2221de975d0920704736b95a54e20405c,com/microsoft/azure/maven/webapp/handlers/NullRuntimeHandlerImplTest.java,24,3,8,8,0.08,2,3,0,0,0,0,0,2,0,0,0,0,0,0,0,0,0,0,0,2,0,0,False
938,microsoft/azure-maven-plugins,31a930c2221de975d0920704736b95a54e20405c,com/microsoft/azure/maven/webapp/handlers/PrivateDockerHubRuntimeHandlerImplTest.java,31,3,8,18,0.0,0,3,0,0,0,0,1,2,1,0,0,0,0,0,0,0,2,0,0,2,0,0,False
939,microsoft/azure-maven-plugins,31a930c2221de975d0920704736b95a54e20405c,com/microsoft/azure/maven/webapp/handlers/PrivateRegistryRuntimeHandlerImplTest.java,31,3,8,18,0.0,0,3,0,0,0,0,1,2,1,0,0,0,0,0,0,0,2,0,0,2,0,0,False
940,microsoft/azure-maven-plugins,31a930c2221de975d0920704736b95a54e20405c,com/microsoft/azure/maven/webapp/handlers/PublicDockerHubRuntimeHandlerImplTest.java,24,3,8,15,0.0,0,3,0,0,0,0,1,2,1,0,0,0,0,0,0,0,2,0,0,2,0,0,False
941,microsoft/azure-maven-plugins,31a930c2221de975d0920704736b95a54e20405c,com/microsoft/azure/maven/webapp/handlers/SettingsHandlerImplTest.java,24,3,9,17,0.0,0,3,0,0,0,0,0,2,0,0,0,0,0,0,0,0,2,0,0,2,0,0,False
942,microsoft/azure-maven-plugins,11fa83e44375d66e0881c0f6aeff025ec3a3ea05,com/microsoft/azure/maven/function/AddMojoTest.java,44,7,15,24,0.11,5,7,1,0,0,0,0,6,0,1,0,0,0,0,0,0,0,0,2,6,0,0,False
943,microsoft/azure-maven-plugins,11fa83e44375d66e0881c0f6aeff025ec3a3ea05,com/microsoft/azure/maven/function/DeployMojoTest.java,134,14,35,133,0.1,13,14,3,0,0,0,0,13,0,0,0,0,1,0,0,0,5,0,0,13,0,0,False
944,microsoft/azure-maven-plugins,11fa83e44375d66e0881c0f6aeff025ec3a3ea05,com/microsoft/azure/maven/function/PackageMojoTest.java,40,5,14,39,0.1,4,5,1,0,0,0,0,4,0,0,0,0,1,0,0,0,2,0,0,4,0,0,False
945,microsoft/azure-maven-plugins,11fa83e44375d66e0881c0f6aeff025ec3a3ea05,com/microsoft/azure/maven/function/RunMojoTest.java,95,9,25,88,0.11,10,9,4,1,0,0,0,8,0,0,0,0,0,0,0,0,3,0,2,8,0,0,False
946,microsoft/azure-maven-plugins,11fa83e44375d66e0881c0f6aeff025ec3a3ea05,com/microsoft/azure/maven/function/handlers/AnnotationHandlerImplTest.java,69,6,14,15,0.06,4,6,1,0,0,0,0,2,0,0,0,0,0,0,0,0,0,0,0,2,0,0,False
947,microsoft/azure-maven-plugins,11fa83e44375d66e0881c0f6aeff025ec3a3ea05,com/microsoft/azure/maven/function/handlers/FTPArtifactHandlerImplTest.java,36,2,6,24,0.03,1,2,0,0,0,0,0,2,0,0,0,0,0,0,0,0,1,0,0,2,0,0,False
948,microsoft/azure-maven-plugins,11fa83e44375d66e0881c0f6aeff025ec3a3ea05,com/microsoft/azure/maven/function/handlers/MSDeployArtifactHandlerImplTest.java,104,8,24,85,0.04,4,8,0,0,0,0,0,7,0,2,0,0,0,0,0,0,3,0,1,7,0,0,False
949,microsoft/azure-maven-plugins,11fa83e44375d66e0881c0f6aeff025ec3a3ea05,com/microsoft/azure/maven/AbstractAzureMojoTest.java,114,19,38,59,0.26,30,18,4,0,0,0,0,14,0,0,0,0,0,0,0,0,2,0,1,17,0,0,False
950,microsoft/azure-maven-plugins,11fa83e44375d66e0881c0f6aeff025ec3a3ea05,com/microsoft/azure/maven/FTPUploaderTest.java,49,4,11,23,0.04,2,4,0,0,0,0,0,3,0,0,0,0,0,0,0,0,1,0,0,3,0,0,False
951,microsoft/azure-maven-plugins,11fa83e44375d66e0881c0f6aeff025ec3a3ea05,com/microsoft/azure/maven/UtilsTest.java,44,4,8,27,0.18,8,4,2,0,0,0,0,1,0,0,0,0,0,0,0,1,1,0,0,3,0,0,False
952,microsoft/azure-maven-plugins,11fa83e44375d66e0881c0f6aeff025ec3a3ea05,com/microsoft/azure/maven/auth/AzureAuthHelperTest.java,191,12,24,110,0.16,31,12,5,0,0,0,0,3,0,0,0,0,0,0,0,3,0,0,0,11,0,0,False
953,microsoft/azure-maven-plugins,11fa83e44375d66e0881c0f6aeff025ec3a3ea05,com/microsoft/azure/maven/webapp/DeployMojoTest.java,144,20,55,119,0.15,21,15,3,0,0,0,0,11,0,0,0,0,0,0,0,0,7,0,0,11,0,0,False
954,microsoft/azure-maven-plugins,11fa83e44375d66e0881c0f6aeff025ec3a3ea05,com/microsoft/azure/maven/webapp/WebAppUtilsTest.java,50,3,8,19,0.14,7,3,1,0,0,0,0,3,0,0,0,0,0,0,0,0,0,0,0,3,0,0,False
955,microsoft/azure-maven-plugins,11fa83e44375d66e0881c0f6aeff025ec3a3ea05,com/microsoft/azure/maven/webapp/handlers/FTPArtifactHandlerImplTest.java,56,5,15,42,0.02,1,5,0,0,0,0,0,4,0,0,0,0,0,0,0,0,3,0,0,4,0,0,False
956,microsoft/azure-maven-plugins,11fa83e44375d66e0881c0f6aeff025ec3a3ea05,com/microsoft/azure/maven/webapp/handlers/HandlerFactoryImplTest.java,53,3,7,14,0.15,8,3,2,0,0,0,0,2,0,0,0,0,0,0,0,0,0,0,0,2,0,0,False
957,microsoft/azure-maven-plugins,11fa83e44375d66e0881c0f6aeff025ec3a3ea05,com/microsoft/azure/maven/webapp/handlers/JavaRuntimeHandlerImplTest.java,24,3,8,15,0.04,1,3,0,0,0,0,1,2,1,0,0,0,0,0,0,0,1,0,0,2,0,0,False
958,microsoft/azure-maven-plugins,11fa83e44375d66e0881c0f6aeff025ec3a3ea05,com/microsoft/azure/maven/webapp/handlers/NullRuntimeHandlerImplTest.java,26,3,8,9,0.08,2,3,0,0,0,0,0,2,0,0,0,0,0,0,0,0,0,0,0,2,0,0,False
959,microsoft/azure-maven-plugins,11fa83e44375d66e0881c0f6aeff025ec3a3ea05,com/microsoft/azure/maven/webapp/handlers/PrivateDockerHubRuntimeHandlerImplTest.java,31,3,8,18,0.0,0,3,0,0,0,0,1,2,1,0,0,0,0,0,0,0,2,0,0,2,0,0,False
960,microsoft/azure-maven-plugins,11fa83e44375d66e0881c0f6aeff025ec3a3ea05,com/microsoft/azure/maven/webapp/handlers/PrivateRegistryRuntimeHandlerImplTest.java,31,3,8,18,0.0,0,3,0,0,0,0,1,2,1,0,0,0,0,0,0,0,2,0,0,2,0,0,False
961,microsoft/azure-maven-plugins,11fa83e44375d66e0881c0f6aeff025ec3a3ea05,com/microsoft/azure/maven/webapp/handlers/PublicDockerHubRuntimeHandlerImplTest.java,24,3,8,15,0.0,0,3,0,0,0,0,1,2,1,0,0,0,0,0,0,0,2,0,0,2,0,0,False
962,microsoft/azure-maven-plugins,11fa83e44375d66e0881c0f6aeff025ec3a3ea05,com/microsoft/azure/maven/webapp/handlers/SettingsHandlerImplTest.java,24,3,9,17,0.0,0,3,0,0,0,0,0,2,0,0,0,0,0,0,0,0,2,0,0,2,0,0,False
963,microsoft/azure-maven-plugins,97d5b8422c241e9bb210ac249ccd6ce697e423a8,com/microsoft/azure/maven/function/AddMojoTest.java,26,4,9,16,0.19,5,4,1,0,0,0,0,3,0,1,0,0,0,0,0,0,0,0,1,3,0,0,False
964,microsoft/azure-maven-plugins,97d5b8422c241e9bb210ac249ccd6ce697e423a8,com/microsoft/azure/maven/function/DeployMojoTest.java,134,14,35,133,0.1,13,14,3,0,0,0,0,13,0,0,0,0,1,0,0,0,5,0,0,13,0,0,False
965,microsoft/azure-maven-plugins,97d5b8422c241e9bb210ac249ccd6ce697e423a8,com/microsoft/azure/maven/function/PackageMojoTest.java,40,5,14,39,0.1,4,5,1,0,0,0,0,4,0,0,0,0,1,0,0,0,2,0,0,4,0,0,False
966,microsoft/azure-maven-plugins,97d5b8422c241e9bb210ac249ccd6ce697e423a8,com/microsoft/azure/maven/function/RunMojoTest.java,95,9,25,88,0.11,10,9,4,1,0,0,0,8,0,0,0,0,0,0,0,0,3,0,2,8,0,0,False
967,microsoft/azure-maven-plugins,97d5b8422c241e9bb210ac249ccd6ce697e423a8,com/microsoft/azure/maven/function/handlers/AnnotationHandlerImplTest.java,69,6,14,15,0.06,4,6,1,0,0,0,0,2,0,0,0,0,0,0,0,0,0,0,0,2,0,0,False
968,microsoft/azure-maven-plugins,97d5b8422c241e9bb210ac249ccd6ce697e423a8,com/microsoft/azure/maven/function/handlers/FTPArtifactHandlerImplTest.java,36,2,6,24,0.03,1,2,0,0,0,0,0,2,0,0,0,0,0,0,0,0,1,0,0,2,0,0,False
969,microsoft/azure-maven-plugins,97d5b8422c241e9bb210ac249ccd6ce697e423a8,com/microsoft/azure/maven/function/handlers/MSDeployArtifactHandlerImplTest.java,104,8,24,85,0.04,4,8,0,0,0,0,0,7,0,2,0,0,0,0,0,0,3,0,1,7,0,0,False
970,microsoft/azure-maven-plugins,97d5b8422c241e9bb210ac249ccd6ce697e423a8,com/microsoft/azure/maven/AbstractAzureMojoTest.java,106,18,36,52,0.25,26,17,3,0,0,0,0,13,0,0,0,0,0,0,0,0,2,0,1,16,0,0,False
971,microsoft/azure-maven-plugins,97d5b8422c241e9bb210ac249ccd6ce697e423a8,com/microsoft/azure/maven/FTPUploaderTest.java,49,4,11,23,0.04,2,4,0,0,0,0,0,3,0,0,0,0,0,0,0,0,1,0,0,3,0,0,False
972,microsoft/azure-maven-plugins,97d5b8422c241e9bb210ac249ccd6ce697e423a8,com/microsoft/azure/maven/UtilsTest.java,44,4,8,27,0.18,8,4,2,0,0,0,0,1,0,0,0,0,0,0,0,1,1,0,0,3,0,0,False
973,microsoft/azure-maven-plugins,97d5b8422c241e9bb210ac249ccd6ce697e423a8,com/microsoft/azure/maven/auth/AzureAuthHelperTest.java,191,12,24,110,0.16,31,12,5,0,0,0,0,3,0,0,0,0,0,0,0,3,0,0,0,11,0,0,False
974,microsoft/azure-maven-plugins,97d5b8422c241e9bb210ac249ccd6ce697e423a8,com/microsoft/azure/maven/webapp/DeployMojoTest.java,144,20,55,119,0.15,21,15,3,0,0,0,0,11,0,0,0,0,0,0,0,0,7,0,0,11,0,0,False
975,microsoft/azure-maven-plugins,97d5b8422c241e9bb210ac249ccd6ce697e423a8,com/microsoft/azure/maven/webapp/WebAppUtilsTest.java,50,3,8,19,0.14,7,3,1,0,0,0,0,3,0,0,0,0,0,0,0,0,0,0,0,3,0,0,False
976,microsoft/azure-maven-plugins,97d5b8422c241e9bb210ac249ccd6ce697e423a8,com/microsoft/azure/maven/webapp/handlers/FTPArtifactHandlerImplTest.java,56,5,15,42,0.02,1,5,0,0,0,0,0,4,0,0,0,0,0,0,0,0,3,0,0,4,0,0,False
977,microsoft/azure-maven-plugins,97d5b8422c241e9bb210ac249ccd6ce697e423a8,com/microsoft/azure/maven/webapp/handlers/HandlerFactoryImplTest.java,53,3,7,14,0.15,8,3,2,0,0,0,0,2,0,0,0,0,0,0,0,0,0,0,0,2,0,0,False
978,microsoft/azure-maven-plugins,97d5b8422c241e9bb210ac249ccd6ce697e423a8,com/microsoft/azure/maven/webapp/handlers/JavaRuntimeHandlerImplTest.java,24,3,8,15,0.04,1,3,0,0,0,0,1,2,1,0,0,0,0,0,0,0,1,0,0,2,0,0,False
979,microsoft/azure-maven-plugins,97d5b8422c241e9bb210ac249ccd6ce697e423a8,com/microsoft/azure/maven/webapp/handlers/NullRuntimeHandlerImplTest.java,26,3,8,9,0.08,2,3,0,0,0,0,0,2,0,0,0,0,0,0,0,0,0,0,0,2,0,0,False
980,microsoft/azure-maven-plugins,97d5b8422c241e9bb210ac249ccd6ce697e423a8,com/microsoft/azure/maven/webapp/handlers/PrivateDockerHubRuntimeHandlerImplTest.java,31,3,8,18,0.0,0,3,0,0,0,0,1,2,1,0,0,0,0,0,0,0,2,0,0,2,0,0,False
981,microsoft/azure-maven-plugins,97d5b8422c241e9bb210ac249ccd6ce697e423a8,com/microsoft/azure/maven/webapp/handlers/PrivateRegistryRuntimeHandlerImplTest.java,31,3,8,18,0.0,0,3,0,0,0,0,1,2,1,0,0,0,0,0,0,0,2,0,0,2,0,0,False
982,microsoft/azure-maven-plugins,97d5b8422c241e9bb210ac249ccd6ce697e423a8,com/microsoft/azure/maven/webapp/handlers/PublicDockerHubRuntimeHandlerImplTest.java,24,3,8,15,0.0,0,3,0,0,0,0,1,2,1,0,0,0,0,0,0,0,2,0,0,2,0,0,False
983,microsoft/azure-maven-plugins,97d5b8422c241e9bb210ac249ccd6ce697e423a8,com/microsoft/azure/maven/webapp/handlers/SettingsHandlerImplTest.java,24,3,9,17,0.0,0,3,0,0,0,0,0,2,0,0,0,0,0,0,0,0,2,0,0,2,0,0,False
984,microsoft/azure-maven-plugins,c5ba303da4c7a0aabd7db9d2b0edfa1220eadc00,com/microsoft/azure/maven/function/BuildMojoTest.java,41,6,15,31,0.12,5,4,1,0,0,0,0,3,0,0,0,0,0,0,0,0,0,0,0,3,0,0,False
985,microsoft/azure-maven-plugins,c5ba303da4c7a0aabd7db9d2b0edfa1220eadc00,com/microsoft/azure/maven/function/DeployMojoTest.java,56,8,19,46,0.18,10,6,2,0,0,0,0,5,0,0,0,0,1,0,0,0,0,0,0,5,0,0,False
986,microsoft/azure-maven-plugins,c5ba303da4c7a0aabd7db9d2b0edfa1220eadc00,com/microsoft/azure/maven/function/FunctionConfigurationTest.java,13,1,2,10,0.31,4,1,1,0,0,0,0,1,0,0,0,0,0,0,0,0,0,0,0,1,0,0,False
987,microsoft/azure-maven-plugins,c5ba303da4c7a0aabd7db9d2b0edfa1220eadc00,com/microsoft/azure/maven/function/handlers/AnnotationHandlerImplTest.java,32,4,10,4,0.0,0,4,2,0,0,0,0,2,0,0,0,0,0,0,0,0,0,0,0,2,0,0,False
988,microsoft/azure-maven-plugins,c5ba303da4c7a0aabd7db9d2b0edfa1220eadc00,com/microsoft/azure/maven/function/handlers/FTPArtifactHandlerImplTest.java,35,2,6,23,0.03,1,2,0,0,0,0,0,2,0,0,0,0,0,0,0,0,1,0,0,2,0,0,False
989,microsoft/azure-maven-plugins,c5ba303da4c7a0aabd7db9d2b0edfa1220eadc00,com/microsoft/azure/maven/AbstractAzureMojoTest.java,80,15,30,39,0.19,15,14,1,0,0,0,0,10,0,0,0,0,0,0,0,0,1,0,0,13,0,0,False
990,microsoft/azure-maven-plugins,c5ba303da4c7a0aabd7db9d2b0edfa1220eadc00,com/microsoft/azure/maven/FTPUploaderTest.java,44,4,10,27,0.05,2,4,0,0,0,0,0,3,0,0,0,0,0,0,0,0,1,0,0,3,0,0,False
991,microsoft/azure-maven-plugins,c5ba303da4c7a0aabd7db9d2b0edfa1220eadc00,com/microsoft/azure/maven/UtilsTest.java,44,4,8,27,0.18,8,4,2,0,0,0,0,1,0,0,0,0,0,0,0,1,1,0,0,3,0,0,False
992,microsoft/azure-maven-plugins,c5ba303da4c7a0aabd7db9d2b0edfa1220eadc00,com/microsoft/azure/maven/auth/AzureAuthHelperTest.java,191,12,24,110,0.16,31,12,5,0,0,0,0,3,0,0,0,0,0,0,0,3,0,0,0,11,0,0,False
993,microsoft/azure-maven-plugins,c5ba303da4c7a0aabd7db9d2b0edfa1220eadc00,com/microsoft/azure/maven/webapp/DeployFacadeBaseImplTest.java,89,9,25,38,0.1,9,6,2,0,0,0,0,4,0,0,0,0,0,0,0,0,1,0,0,4,0,0,False
994,microsoft/azure-maven-plugins,c5ba303da4c7a0aabd7db9d2b0edfa1220eadc00,com/microsoft/azure/maven/webapp/DeployFacadeImplWithCreateTest.java,33,4,12,31,0.0,0,4,0,0,0,0,0,3,0,0,0,0,0,0,0,0,3,0,0,3,0,0,False
995,microsoft/azure-maven-plugins,c5ba303da4c7a0aabd7db9d2b0edfa1220eadc00,com/microsoft/azure/maven/webapp/DeployFacadeImplWithUpdateTest.java,31,4,12,28,0.0,0,4,0,0,0,0,0,3,0,0,0,0,0,0,0,0,3,0,0,3,0,0,False
996,microsoft/azure-maven-plugins,c5ba303da4c7a0aabd7db9d2b0edfa1220eadc00,com/microsoft/azure/maven/webapp/DeployMojoTest.java,77,14,37,48,0.27,21,8,4,0,0,0,0,5,0,0,0,0,0,0,0,0,0,0,0,5,0,0,False
997,microsoft/azure-maven-plugins,c5ba303da4c7a0aabd7db9d2b0edfa1220eadc00,com/microsoft/azure/maven/webapp/WebAppUtilsTest.java,62,5,12,29,0.18,11,5,3,0,0,0,0,5,0,0,0,0,0,0,0,3,0,0,0,5,0,0,False
998,microsoft/azure-maven-plugins,c5ba303da4c7a0aabd7db9d2b0edfa1220eadc00,com/microsoft/azure/maven/webapp/handlers/FTPArtifactHandlerImplTest.java,56,5,15,43,0.02,1,5,0,0,0,0,0,4,0,0,0,0,0,0,0,0,3,0,0,4,0,0,False
999,microsoft/azure-maven-plugins,c5ba303da4c7a0aabd7db9d2b0edfa1220eadc00,com/microsoft/azure/maven/webapp/handlers/JavaRuntimeHandlerImplTest.java,25,3,8,16,0.04,1,3,0,0,0,0,1,2,1,0,0,0,0,0,0,0,1,0,0,2,0,0,False
1000,microsoft/azure-maven-plugins,c5ba303da4c7a0aabd7db9d2b0edfa1220eadc00,com/microsoft/azure/maven/webapp/handlers/NullRuntimeHandlerImplTest.java,29,3,8,11,0.07,2,3,0,0,0,0,0,2,0,0,0,0,0,0,0,0,0,0,0,2,0,0,False
1001,microsoft/azure-maven-plugins,c5ba303da4c7a0aabd7db9d2b0edfa1220eadc00,com/microsoft/azure/maven/webapp/handlers/PrivateDockerHubRuntimeHandlerImplTest.java,32,3,8,18,0.0,0,3,0,0,0,0,1,2,1,0,0,0,0,0,0,0,2,0,0,2,0,0,False
1002,microsoft/azure-maven-plugins,c5ba303da4c7a0aabd7db9d2b0edfa1220eadc00,com/microsoft/azure/maven/webapp/handlers/PrivateRegistryRuntimeHandlerImplTest.java,32,3,8,18,0.0,0,3,0,0,0,0,1,2,1,0,0,0,0,0,0,0,2,0,0,2,0,0,False
1003,microsoft/azure-maven-plugins,c5ba303da4c7a0aabd7db9d2b0edfa1220eadc00,com/microsoft/azure/maven/webapp/handlers/PublicDockerHubRuntimeHandlerImplTest.java,25,3,8,16,0.0,0,3,0,0,0,0,1,2,1,0,0,0,0,0,0,0,2,0,0,2,0,0,False
1004,microsoft/azure-maven-plugins,c5ba303da4c7a0aabd7db9d2b0edfa1220eadc00,com/microsoft/azure/maven/webapp/handlers/SettingsHandlerImplTest.java,27,3,9,20,0.0,0,3,0,0,0,0,0,2,0,0,0,0,0,0,0,0,2,0,0,2,0,0,False
1005,microsoft/azure-maven-plugins,2b1cde5d2e1e93f2db79450a983ea5cae71b82ee,com/microsoft/azure/maven/function/BuildMojoTest.java,41,6,15,31,0.12,5,4,1,0,0,0,0,3,0,0,0,0,0,0,0,0,0,0,0,3,0,0,False
1006,microsoft/azure-maven-plugins,2b1cde5d2e1e93f2db79450a983ea5cae71b82ee,com/microsoft/azure/maven/function/DeployMojoTest.java,56,8,19,46,0.18,10,6,2,0,0,0,0,5,0,0,0,0,1,0,0,0,0,0,0,5,0,0,False
1007,microsoft/azure-maven-plugins,2b1cde5d2e1e93f2db79450a983ea5cae71b82ee,com/microsoft/azure/maven/function/FunctionConfigurationTest.java,13,1,2,10,0.31,4,1,1,0,0,0,0,1,0,0,0,0,0,0,0,0,0,0,0,1,0,0,False
1008,microsoft/azure-maven-plugins,2b1cde5d2e1e93f2db79450a983ea5cae71b82ee,com/microsoft/azure/maven/function/handlers/AnnotationHandlerImplTest.java,32,4,10,4,0.0,0,4,2,0,0,0,0,2,0,0,0,0,0,0,0,0,0,0,0,2,0,0,False
1009,microsoft/azure-maven-plugins,2b1cde5d2e1e93f2db79450a983ea5cae71b82ee,com/microsoft/azure/maven/function/handlers/FTPArtifactHandlerImplTest.java,35,2,6,23,0.03,1,2,0,0,0,0,0,2,0,0,0,0,0,0,0,0,1,0,0,2,0,0,False
1010,microsoft/azure-maven-plugins,2b1cde5d2e1e93f2db79450a983ea5cae71b82ee,com/microsoft/azure/maven/AbstractAzureMojoTest.java,80,15,30,39,0.19,15,14,1,0,0,0,0,10,0,0,0,0,0,0,0,0,1,0,0,13,0,0,False
1011,microsoft/azure-maven-plugins,2b1cde5d2e1e93f2db79450a983ea5cae71b82ee,com/microsoft/azure/maven/FTPUploaderTest.java,44,4,10,27,0.05,2,4,0,0,0,0,0,3,0,0,0,0,0,0,0,0,1,0,0,3,0,0,False
1012,microsoft/azure-maven-plugins,2b1cde5d2e1e93f2db79450a983ea5cae71b82ee,com/microsoft/azure/maven/UtilsTest.java,44,4,8,27,0.18,8,4,2,0,0,0,0,1,0,0,0,0,0,0,0,1,1,0,0,3,0,0,False
1013,microsoft/azure-maven-plugins,2b1cde5d2e1e93f2db79450a983ea5cae71b82ee,com/microsoft/azure/maven/auth/AzureAuthHelperTest.java,191,12,24,110,0.16,31,12,5,0,0,0,0,3,0,0,0,0,0,0,0,3,0,0,0,11,0,0,False
1014,microsoft/azure-maven-plugins,2b1cde5d2e1e93f2db79450a983ea5cae71b82ee,com/microsoft/azure/maven/webapp/DeployFacadeBaseImplTest.java,89,9,25,38,0.1,9,6,2,0,0,0,0,4,0,0,0,0,0,0,0,0,1,0,0,4,0,0,False
1015,microsoft/azure-maven-plugins,2b1cde5d2e1e93f2db79450a983ea5cae71b82ee,com/microsoft/azure/maven/webapp/DeployFacadeImplWithCreateTest.java,33,4,12,31,0.0,0,4,0,0,0,0,0,3,0,0,0,0,0,0,0,0,3,0,0,3,0,0,False
1016,microsoft/azure-maven-plugins,2b1cde5d2e1e93f2db79450a983ea5cae71b82ee,com/microsoft/azure/maven/webapp/DeployFacadeImplWithUpdateTest.java,31,4,12,28,0.0,0,4,0,0,0,0,0,3,0,0,0,0,0,0,0,0,3,0,0,3,0,0,False
1017,microsoft/azure-maven-plugins,2b1cde5d2e1e93f2db79450a983ea5cae71b82ee,com/microsoft/azure/maven/webapp/DeployMojoTest.java,77,14,37,48,0.27,21,8,4,0,0,0,0,5,0,0,0,0,0,0,0,0,0,0,0,5,0,0,False
1018,microsoft/azure-maven-plugins,2b1cde5d2e1e93f2db79450a983ea5cae71b82ee,com/microsoft/azure/maven/webapp/WebAppUtilsTest.java,62,5,12,29,0.18,11,5,3,0,0,0,0,5,0,0,0,0,0,0,0,3,0,0,0,5,0,0,False
1019,microsoft/azure-maven-plugins,2b1cde5d2e1e93f2db79450a983ea5cae71b82ee,com/microsoft/azure/maven/webapp/handlers/FTPArtifactHandlerImplTest.java,56,5,15,43,0.02,1,5,0,0,0,0,0,4,0,0,0,0,0,0,0,0,3,0,0,4,0,0,False
1020,microsoft/azure-maven-plugins,2b1cde5d2e1e93f2db79450a983ea5cae71b82ee,com/microsoft/azure/maven/webapp/handlers/JavaRuntimeHandlerImplTest.java,25,3,8,16,0.04,1,3,0,0,0,0,1,2,1,0,0,0,0,0,0,0,1,0,0,2,0,0,False
1021,microsoft/azure-maven-plugins,2b1cde5d2e1e93f2db79450a983ea5cae71b82ee,com/microsoft/azure/maven/webapp/handlers/NullRuntimeHandlerImplTest.java,27,3,8,10,0.07,2,3,0,0,0,0,0,2,0,0,0,0,0,0,0,0,0,0,0,2,0,0,False
1022,microsoft/azure-maven-plugins,2b1cde5d2e1e93f2db79450a983ea5cae71b82ee,com/microsoft/azure/maven/webapp/handlers/PrivateDockerHubRuntimeHandlerImplTest.java,32,3,8,18,0.0,0,3,0,0,0,0,1,2,1,0,0,0,0,0,0,0,2,0,0,2,0,0,False
1023,microsoft/azure-maven-plugins,2b1cde5d2e1e93f2db79450a983ea5cae71b82ee,com/microsoft/azure/maven/webapp/handlers/PrivateRegistryRuntimeHandlerImplTest.java,32,3,8,18,0.0,0,3,0,0,0,0,1,2,1,0,0,0,0,0,0,0,2,0,0,2,0,0,False
1024,microsoft/azure-maven-plugins,2b1cde5d2e1e93f2db79450a983ea5cae71b82ee,com/microsoft/azure/maven/webapp/handlers/PublicDockerHubRuntimeHandlerImplTest.java,25,3,8,16,0.0,0,3,0,0,0,0,1,2,1,0,0,0,0,0,0,0,2,0,0,2,0,0,False
1025,microsoft/azure-maven-plugins,2b1cde5d2e1e93f2db79450a983ea5cae71b82ee,com/microsoft/azure/maven/webapp/handlers/SettingsHandlerImplTest.java,27,3,9,20,0.0,0,3,0,0,0,0,0,2,0,0,0,0,0,0,0,0,2,0,0,2,0,0,False
1026,microsoft/azure-maven-plugins,29a544114f9483edc8afc54eb25d2224343cb27a,com/microsoft/azure/maven/function/AddMojoTest.java,44,7,15,24,0.11,5,7,1,0,0,0,0,6,0,1,0,0,0,0,0,0,0,0,2,6,0,0,False
1027,microsoft/azure-maven-plugins,29a544114f9483edc8afc54eb25d2224343cb27a,com/microsoft/azure/maven/function/DeployMojoTest.java,156,16,43,139,0.12,19,16,7,0,0,0,0,14,14,0,0,0,0,0,0,1,4,0,0,14,0,0,False
1028,microsoft/azure-maven-plugins,29a544114f9483edc8afc54eb25d2224343cb27a,com/microsoft/azure/maven/function/ListMojoTest.java,15,2,6,12,0.0,0,2,0,0,0,0,0,1,0,0,0,0,0,0,0,0,1,0,0,1,0,0,False
1029,microsoft/azure-maven-plugins,29a544114f9483edc8afc54eb25d2224343cb27a,com/microsoft/azure/maven/function/PackageMojoTest.java,44,5,13,43,0.09,4,5,1,0,0,0,0,4,0,0,0,0,0,0,0,0,2,0,0,4,0,0,False
1030,microsoft/azure-maven-plugins,29a544114f9483edc8afc54eb25d2224343cb27a,com/microsoft/azure/maven/function/RunMojoTest.java,57,8,20,60,0.07,4,8,1,0,0,0,0,7,0,0,0,0,0,0,0,0,1,0,0,7,0,0,False
1031,microsoft/azure-maven-plugins,29a544114f9483edc8afc54eb25d2224343cb27a,com/microsoft/azure/maven/AbstractAppServiceMojoTest.java,17,2,3,10,0.06,1,1,0,0,0,0,0,0,0,0,0,0,1,0,0,0,0,0,0,1,0,0,False
1032,microsoft/azure-maven-plugins,29a544114f9483edc8afc54eb25d2224343cb27a,com/microsoft/azure/maven/AbstractAzureMojoTest.java,96,17,34,48,0.26,25,16,3,0,0,0,0,12,0,0,0,0,0,0,0,0,1,0,0,15,0,0,False
1033,microsoft/azure-maven-plugins,29a544114f9483edc8afc54eb25d2224343cb27a,com/microsoft/azure/maven/webapp/DeployMojoTest.java,163,20,53,126,0.15,25,14,3,0,0,0,0,11,0,0,0,0,0,0,0,0,0,0,3,11,0,0,False
1034,microsoft/azure-maven-plugins,29a544114f9483edc8afc54eb25d2224343cb27a,com/microsoft/azure/maven/webapp/handlers/artifact/ArtifactHandlerImplV2Test.java,105,10,27,86,0.04,4,10,1,0,0,0,1,8,0,4,0,0,0,0,0,1,2,0,5,8,0,0,False
1035,microsoft/azure-maven-plugins,29a544114f9483edc8afc54eb25d2224343cb27a,com/microsoft/azure/maven/webapp/handlers/artifact/JarArtifactHandlerImplTest.java,76,11,24,59,0.04,3,11,1,0,0,0,2,7,0,3,0,0,0,0,0,1,4,0,4,9,0,0,False
1036,microsoft/azure-maven-plugins,29a544114f9483edc8afc54eb25d2224343cb27a,com/microsoft/azure/maven/webapp/handlers/artifact/WarArtifactHandlerImplTest.java,138,12,26,111,0.08,11,12,2,0,0,0,0,8,0,8,0,0,1,0,0,1,2,0,9,10,0,0,False
1037,microsoft/azure-maven-plugins,29a544114f9483edc8afc54eb25d2224343cb27a,com/microsoft/azure/maven/webapp/handlers/DeploymentSlotHandlerTest.java,87,9,24,71,0.0,0,9,0,0,0,0,0,8,0,0,0,0,0,0,0,0,4,0,0,8,0,0,False
1038,microsoft/azure-maven-plugins,29a544114f9483edc8afc54eb25d2224343cb27a,com/microsoft/azure/maven/webapp/handlers/HandlerFactoryImplTest.java,89,8,22,54,0.16,14,8,3,0,0,0,0,7,3,0,0,0,0,0,0,0,0,0,0,7,0,0,False
1039,microsoft/azure-maven-plugins,29a544114f9483edc8afc54eb25d2224343cb27a,com/microsoft/azure/maven/webapp/handlers/SettingsHandlerImplTest.java,24,3,9,17,0.0,0,3,0,0,0,0,0,2,0,0,0,0,0,0,0,0,2,0,0,2,0,0,False
1040,microsoft/azure-maven-plugins,29a544114f9483edc8afc54eb25d2224343cb27a,com/microsoft/azure/maven/webapp/handlers/runtime/LinuxRuntimeHandlerImplTest.java,41,5,10,60,0.05,2,5,0,0,0,0,0,2,0,0,0,0,0,0,0,0,0,0,0,2,0,0,False
1041,microsoft/azure-maven-plugins,29a544114f9483edc8afc54eb25d2224343cb27a,com/microsoft/azure/maven/webapp/handlers/runtime/NullRuntimeHandlerImplTest.java,22,3,7,5,0.09,2,3,0,0,0,0,0,1,0,0,0,0,0,0,0,0,0,0,0,2,0,0,False
1042,microsoft/azure-maven-plugins,29a544114f9483edc8afc54eb25d2224343cb27a,com/microsoft/azure/maven/webapp/handlers/runtime/PrivateDockerHubRuntimeHandlerImplTest.java,62,5,12,80,0.0,0,5,0,0,0,0,0,2,0,0,0,0,0,0,0,0,2,0,0,2,0,0,False
1043,microsoft/azure-maven-plugins,29a544114f9483edc8afc54eb25d2224343cb27a,com/microsoft/azure/maven/webapp/handlers/runtime/PrivateRegistryRuntimeHandlerImplTest.java,63,5,12,81,0.0,0,5,0,0,0,0,0,2,0,0,0,0,0,0,0,0,2,0,0,2,0,0,False
1044,microsoft/azure-maven-plugins,29a544114f9483edc8afc54eb25d2224343cb27a,com/microsoft/azure/maven/webapp/handlers/runtime/PublicDockerHubRuntimeHandlerImplTest.java,41,5,10,64,0.0,0,5,0,0,0,0,0,2,0,0,0,0,0,0,0,0,2,0,0,2,0,0,False
1045,microsoft/azure-maven-plugins,29a544114f9483edc8afc54eb25d2224343cb27a,com/microsoft/azure/maven/webapp/handlers/runtime/WindowsRuntimeHandlerImplTest.java,46,5,10,68,0.04,2,5,0,0,0,0,0,2,0,0,0,0,0,0,0,0,0,0,0,2,0,0,False
1046,microsoft/azure-maven-plugins,29a544114f9483edc8afc54eb25d2224343cb27a,com/microsoft/azure/maven/webapp/parser/ConfigurationParserTest.java,138,21,44,39,0.18,25,5,3,0,0,0,0,3,0,0,0,0,0,0,0,0,0,0,0,3,0,0,False
1047,microsoft/azure-maven-plugins,29a544114f9483edc8afc54eb25d2224343cb27a,com/microsoft/azure/maven/webapp/parser/V1ConfigurationParserTest.java,120,9,23,56,0.23,27,9,8,0,0,0,0,6,0,0,0,0,0,0,0,0,0,0,0,8,0,0,False
1048,microsoft/azure-maven-plugins,29a544114f9483edc8afc54eb25d2224343cb27a,com/microsoft/azure/maven/webapp/parser/V2ConfigurationParserTest.java,146,10,22,68,0.19,28,10,9,0,0,0,0,6,0,0,0,0,0,0,0,1,0,0,0,9,0,0,False
1049,microsoft/azure-maven-plugins,29a544114f9483edc8afc54eb25d2224343cb27a,com/microsoft/azure/maven/webapp/utils/RuntimeStackUtilsTest.java,13,2,2,4,0.54,7,2,2,0,0,0,0,0,0,0,0,0,0,0,0,0,0,0,0,2,0,0,False
1050,microsoft/azure-maven-plugins,29a544114f9483edc8afc54eb25d2224343cb27a,com/microsoft/azure/maven/webapp/utils/TestUtils.java,52,6,20,29,0.0,0,6,0,0,0,0,0,0,0,0,0,0,0,0,0,0,0,0,0,0,0,0,False
1051,microsoft/azure-maven-plugins,29a544114f9483edc8afc54eb25d2224343cb27a,com/microsoft/azure/maven/webapp/WebAppUtilsTest.java,149,8,20,90,0.05,7,8,1,0,0,0,0,7,0,0,0,0,0,0,0,0,0,0,0,8,0,0,False
1052,microsoft/azure-maven-plugins,10945b4e509c361913069de29982aceee4f736b8,com/microsoft/azure/maven/function/AddMojoTest.java,44,7,15,24,0.11,5,7,1,0,0,0,0,6,0,1,0,0,0,0,0,0,0,0,2,6,0,0,False
1053,microsoft/azure-maven-plugins,10945b4e509c361913069de29982aceee4f736b8,com/microsoft/azure/maven/function/DeployMojoTest.java,156,16,43,139,0.12,19,16,7,0,0,0,0,14,14,0,0,0,0,0,0,1,4,0,0,14,0,0,False
1054,microsoft/azure-maven-plugins,10945b4e509c361913069de29982aceee4f736b8,com/microsoft/azure/maven/function/ListMojoTest.java,15,2,6,12,0.0,0,2,0,0,0,0,0,1,0,0,0,0,0,0,0,0,1,0,0,1,0,0,False
1055,microsoft/azure-maven-plugins,10945b4e509c361913069de29982aceee4f736b8,com/microsoft/azure/maven/function/PackageMojoTest.java,44,5,13,43,0.09,4,5,1,0,0,0,0,4,0,0,0,0,0,0,0,0,2,0,0,4,0,0,False
1056,microsoft/azure-maven-plugins,10945b4e509c361913069de29982aceee4f736b8,com/microsoft/azure/maven/function/RunMojoTest.java,57,8,20,60,0.07,4,8,1,0,0,0,0,7,0,0,0,0,0,0,0,0,1,0,0,7,0,0,False
1057,microsoft/azure-maven-plugins,10945b4e509c361913069de29982aceee4f736b8,com/microsoft/azure/maven/AbstractAppServiceMojoTest.java,17,2,3,10,0.06,1,1,0,0,0,0,0,0,0,0,0,0,1,0,0,0,0,0,0,1,0,0,False
1058,microsoft/azure-maven-plugins,10945b4e509c361913069de29982aceee4f736b8,com/microsoft/azure/maven/AbstractAzureMojoTest.java,96,17,34,48,0.26,25,16,3,0,0,0,0,12,0,0,0,0,0,0,0,0,1,0,0,15,0,0,False
1059,microsoft/azure-maven-plugins,10945b4e509c361913069de29982aceee4f736b8,com/microsoft/azure/maven/webapp/DeployMojoTest.java,163,20,53,126,0.15,25,14,3,0,0,0,0,11,0,0,0,0,0,0,0,0,0,0,3,11,0,0,False
1060,microsoft/azure-maven-plugins,10945b4e509c361913069de29982aceee4f736b8,com/microsoft/azure/maven/webapp/handlers/artifact/ArtifactHandlerImplV2Test.java,105,10,27,86,0.04,4,10,1,0,0,0,1,8,0,4,0,0,0,0,0,1,2,0,5,8,0,0,False
1061,microsoft/azure-maven-plugins,10945b4e509c361913069de29982aceee4f736b8,com/microsoft/azure/maven/webapp/handlers/artifact/JarArtifactHandlerImplTest.java,76,11,24,59,0.04,3,11,1,0,0,0,2,7,0,3,0,0,0,0,0,1,4,0,4,9,0,0,False
1062,microsoft/azure-maven-plugins,10945b4e509c361913069de29982aceee4f736b8,com/microsoft/azure/maven/webapp/handlers/artifact/WarArtifactHandlerImplTest.java,138,12,26,111,0.08,11,12,2,0,0,0,0,8,0,8,0,0,1,0,0,1,2,0,9,10,0,0,False
1063,microsoft/azure-maven-plugins,10945b4e509c361913069de29982aceee4f736b8,com/microsoft/azure/maven/webapp/handlers/DeploymentSlotHandlerTest.java,87,9,24,71,0.0,0,9,0,0,0,0,0,8,0,0,0,0,0,0,0,0,4,0,0,8,0,0,False
1064,microsoft/azure-maven-plugins,10945b4e509c361913069de29982aceee4f736b8,com/microsoft/azure/maven/webapp/handlers/HandlerFactoryImplTest.java,89,8,22,54,0.16,14,8,3,0,0,0,0,7,3,0,0,0,0,0,0,0,0,0,0,7,0,0,False
1065,microsoft/azure-maven-plugins,10945b4e509c361913069de29982aceee4f736b8,com/microsoft/azure/maven/webapp/handlers/SettingsHandlerImplTest.java,24,3,9,17,0.0,0,3,0,0,0,0,0,2,0,0,0,0,0,0,0,0,2,0,0,2,0,0,False
1066,microsoft/azure-maven-plugins,10945b4e509c361913069de29982aceee4f736b8,com/microsoft/azure/maven/webapp/handlers/runtime/LinuxRuntimeHandlerImplTest.java,41,5,10,60,0.05,2,5,0,0,0,0,0,2,0,0,0,0,0,0,0,0,0,0,0,2,0,0,False
1067,microsoft/azure-maven-plugins,10945b4e509c361913069de29982aceee4f736b8,com/microsoft/azure/maven/webapp/handlers/runtime/NullRuntimeHandlerImplTest.java,22,3,7,5,0.09,2,3,0,0,0,0,0,1,0,0,0,0,0,0,0,0,0,0,0,2,0,0,False
1068,microsoft/azure-maven-plugins,10945b4e509c361913069de29982aceee4f736b8,com/microsoft/azure/maven/webapp/handlers/runtime/PrivateDockerHubRuntimeHandlerImplTest.java,62,5,12,80,0.0,0,5,0,0,0,0,0,2,0,0,0,0,0,0,0,0,2,0,0,2,0,0,False
1069,microsoft/azure-maven-plugins,10945b4e509c361913069de29982aceee4f736b8,com/microsoft/azure/maven/webapp/handlers/runtime/PrivateRegistryRuntimeHandlerImplTest.java,63,5,12,81,0.0,0,5,0,0,0,0,0,2,0,0,0,0,0,0,0,0,2,0,0,2,0,0,False
1070,microsoft/azure-maven-plugins,10945b4e509c361913069de29982aceee4f736b8,com/microsoft/azure/maven/webapp/handlers/runtime/PublicDockerHubRuntimeHandlerImplTest.java,41,5,10,64,0.0,0,5,0,0,0,0,0,2,0,0,0,0,0,0,0,0,2,0,0,2,0,0,False
1071,microsoft/azure-maven-plugins,10945b4e509c361913069de29982aceee4f736b8,com/microsoft/azure/maven/webapp/handlers/runtime/WindowsRuntimeHandlerImplTest.java,46,5,10,68,0.04,2,5,0,0,0,0,0,2,0,0,0,0,0,0,0,0,0,0,0,2,0,0,False
1072,microsoft/azure-maven-plugins,10945b4e509c361913069de29982aceee4f736b8,com/microsoft/azure/maven/webapp/parser/ConfigurationParserTest.java,138,21,44,39,0.18,25,5,3,0,0,0,0,3,0,0,0,0,0,0,0,0,0,0,0,3,0,0,False
1073,microsoft/azure-maven-plugins,10945b4e509c361913069de29982aceee4f736b8,com/microsoft/azure/maven/webapp/parser/V1ConfigurationParserTest.java,120,9,23,56,0.23,27,9,8,0,0,0,0,6,0,0,0,0,0,0,0,0,0,0,0,8,0,0,False
1074,microsoft/azure-maven-plugins,10945b4e509c361913069de29982aceee4f736b8,com/microsoft/azure/maven/webapp/parser/V2ConfigurationParserTest.java,146,10,22,68,0.19,28,10,9,0,0,0,0,6,0,0,0,0,0,0,0,1,0,0,0,9,0,0,False
1075,microsoft/azure-maven-plugins,10945b4e509c361913069de29982aceee4f736b8,com/microsoft/azure/maven/webapp/utils/RuntimeStackUtilsTest.java,13,2,2,4,0.54,7,2,2,0,0,0,0,0,0,0,0,0,0,0,0,0,0,0,0,2,0,0,False
1076,microsoft/azure-maven-plugins,10945b4e509c361913069de29982aceee4f736b8,com/microsoft/azure/maven/webapp/utils/TestUtils.java,52,6,20,29,0.0,0,6,0,0,0,0,0,0,0,0,0,0,0,0,0,0,0,0,0,0,0,0,False
1077,microsoft/azure-maven-plugins,10945b4e509c361913069de29982aceee4f736b8,com/microsoft/azure/maven/webapp/WebAppUtilsTest.java,149,8,20,90,0.05,7,8,1,0,0,0,0,7,0,0,0,0,0,0,0,0,0,0,0,8,0,0,False
1078,microsoft/azure-maven-plugins,4f8edec2b831ea9d29165dcaf09daef10e7653e5,com/microsoft/azure/maven/function/AddMojoTest.java,44,7,15,24,0.11,5,7,1,0,0,0,0,6,0,1,0,0,0,0,0,0,0,0,2,6,0,0,False
1079,microsoft/azure-maven-plugins,4f8edec2b831ea9d29165dcaf09daef10e7653e5,com/microsoft/azure/maven/function/DeployMojoTest.java,156,16,43,139,0.12,19,16,7,0,0,0,0,14,14,0,0,0,0,0,0,1,4,0,0,14,0,0,False
1080,microsoft/azure-maven-plugins,4f8edec2b831ea9d29165dcaf09daef10e7653e5,com/microsoft/azure/maven/function/ListMojoTest.java,15,2,6,12,0.0,0,2,0,0,0,0,0,1,0,0,0,0,0,0,0,0,1,0,0,1,0,0,False
1081,microsoft/azure-maven-plugins,4f8edec2b831ea9d29165dcaf09daef10e7653e5,com/microsoft/azure/maven/function/PackageMojoTest.java,44,5,13,43,0.09,4,5,1,0,0,0,0,4,0,0,0,0,0,0,0,0,2,0,0,4,0,0,False
1082,microsoft/azure-maven-plugins,4f8edec2b831ea9d29165dcaf09daef10e7653e5,com/microsoft/azure/maven/function/RunMojoTest.java,57,8,20,60,0.07,4,8,1,0,0,0,0,7,0,0,0,0,0,0,0,0,1,0,0,7,0,0,False
1083,microsoft/azure-maven-plugins,4f8edec2b831ea9d29165dcaf09daef10e7653e5,com/microsoft/azure/maven/AbstractAppServiceMojoTest.java,17,2,3,10,0.06,1,1,0,0,0,0,0,0,0,0,0,0,1,0,0,0,0,0,0,1,0,0,False
1084,microsoft/azure-maven-plugins,4f8edec2b831ea9d29165dcaf09daef10e7653e5,com/microsoft/azure/maven/AbstractAzureMojoTest.java,96,17,34,48,0.26,25,16,3,0,0,0,0,12,0,0,0,0,0,0,0,0,1,0,0,15,0,0,False
1085,microsoft/azure-maven-plugins,4f8edec2b831ea9d29165dcaf09daef10e7653e5,com/microsoft/azure/maven/webapp/DeployMojoTest.java,163,20,53,126,0.15,25,14,3,0,0,0,0,11,0,0,0,0,0,0,0,0,0,0,3,11,0,0,False
1086,microsoft/azure-maven-plugins,4f8edec2b831ea9d29165dcaf09daef10e7653e5,com/microsoft/azure/maven/webapp/handlers/artifact/ArtifactHandlerImplV2Test.java,105,10,27,86,0.04,4,10,1,0,0,0,1,8,0,4,0,0,0,0,0,1,2,0,5,8,0,0,False
1087,microsoft/azure-maven-plugins,4f8edec2b831ea9d29165dcaf09daef10e7653e5,com/microsoft/azure/maven/webapp/handlers/artifact/JarArtifactHandlerImplTest.java,76,11,24,59,0.04,3,11,1,0,0,0,2,7,0,3,0,0,0,0,0,1,4,0,4,9,0,0,False
1088,microsoft/azure-maven-plugins,4f8edec2b831ea9d29165dcaf09daef10e7653e5,com/microsoft/azure/maven/webapp/handlers/artifact/WarArtifactHandlerImplTest.java,138,12,26,111,0.08,11,12,2,0,0,0,0,8,0,8,0,0,1,0,0,1,2,0,9,10,0,0,False
1089,microsoft/azure-maven-plugins,4f8edec2b831ea9d29165dcaf09daef10e7653e5,com/microsoft/azure/maven/webapp/handlers/DeploymentSlotHandlerTest.java,87,9,24,71,0.0,0,9,0,0,0,0,0,8,0,0,0,0,0,0,0,0,4,0,0,8,0,0,False
1090,microsoft/azure-maven-plugins,4f8edec2b831ea9d29165dcaf09daef10e7653e5,com/microsoft/azure/maven/webapp/handlers/HandlerFactoryImplTest.java,89,8,22,54,0.16,14,8,3,0,0,0,0,7,3,0,0,0,0,0,0,0,0,0,0,7,0,0,False
1091,microsoft/azure-maven-plugins,4f8edec2b831ea9d29165dcaf09daef10e7653e5,com/microsoft/azure/maven/webapp/handlers/SettingsHandlerImplTest.java,24,3,9,17,0.0,0,3,0,0,0,0,0,2,0,0,0,0,0,0,0,0,2,0,0,2,0,0,False
1092,microsoft/azure-maven-plugins,4f8edec2b831ea9d29165dcaf09daef10e7653e5,com/microsoft/azure/maven/webapp/handlers/runtime/LinuxRuntimeHandlerImplTest.java,41,5,10,60,0.05,2,5,0,0,0,0,0,2,0,0,0,0,0,0,0,0,0,0,0,2,0,0,False
1093,microsoft/azure-maven-plugins,4f8edec2b831ea9d29165dcaf09daef10e7653e5,com/microsoft/azure/maven/webapp/handlers/runtime/NullRuntimeHandlerImplTest.java,22,3,7,5,0.09,2,3,0,0,0,0,0,1,0,0,0,0,0,0,0,0,0,0,0,2,0,0,False
1094,microsoft/azure-maven-plugins,4f8edec2b831ea9d29165dcaf09daef10e7653e5,com/microsoft/azure/maven/webapp/handlers/runtime/PrivateDockerHubRuntimeHandlerImplTest.java,62,5,12,80,0.0,0,5,0,0,0,0,0,2,0,0,0,0,0,0,0,0,2,0,0,2,0,0,False
1095,microsoft/azure-maven-plugins,4f8edec2b831ea9d29165dcaf09daef10e7653e5,com/microsoft/azure/maven/webapp/handlers/runtime/PrivateRegistryRuntimeHandlerImplTest.java,63,5,12,81,0.0,0,5,0,0,0,0,0,2,0,0,0,0,0,0,0,0,2,0,0,2,0,0,False
1096,microsoft/azure-maven-plugins,4f8edec2b831ea9d29165dcaf09daef10e7653e5,com/microsoft/azure/maven/webapp/handlers/runtime/PublicDockerHubRuntimeHandlerImplTest.java,41,5,10,64,0.0,0,5,0,0,0,0,0,2,0,0,0,0,0,0,0,0,2,0,0,2,0,0,False
1097,microsoft/azure-maven-plugins,4f8edec2b831ea9d29165dcaf09daef10e7653e5,com/microsoft/azure/maven/webapp/handlers/runtime/WindowsRuntimeHandlerImplTest.java,46,5,10,68,0.04,2,5,0,0,0,0,0,2,0,0,0,0,0,0,0,0,0,0,0,2,0,0,False
1098,microsoft/azure-maven-plugins,4f8edec2b831ea9d29165dcaf09daef10e7653e5,com/microsoft/azure/maven/webapp/parser/ConfigurationParserTest.java,138,21,44,39,0.18,25,5,3,0,0,0,0,3,0,0,0,0,0,0,0,0,0,0,0,3,0,0,False
1099,microsoft/azure-maven-plugins,4f8edec2b831ea9d29165dcaf09daef10e7653e5,com/microsoft/azure/maven/webapp/parser/V1ConfigurationParserTest.java,120,9,23,56,0.23,27,9,8,0,0,0,0,6,0,0,0,0,0,0,0,0,0,0,0,8,0,0,False
1100,microsoft/azure-maven-plugins,4f8edec2b831ea9d29165dcaf09daef10e7653e5,com/microsoft/azure/maven/webapp/parser/V2ConfigurationParserTest.java,146,10,22,68,0.19,28,10,9,0,0,0,0,6,0,0,0,0,0,0,0,1,0,0,0,9,0,0,False
1101,microsoft/azure-maven-plugins,4f8edec2b831ea9d29165dcaf09daef10e7653e5,com/microsoft/azure/maven/webapp/utils/RuntimeStackUtilsTest.java,13,2,2,4,0.54,7,2,2,0,0,0,0,0,0,0,0,0,0,0,0,0,0,0,0,2,0,0,False
1102,microsoft/azure-maven-plugins,4f8edec2b831ea9d29165dcaf09daef10e7653e5,com/microsoft/azure/maven/webapp/utils/TestUtils.java,52,6,20,29,0.0,0,6,0,0,0,0,0,0,0,0,0,0,0,0,0,0,0,0,0,0,0,0,False
1103,microsoft/azure-maven-plugins,4f8edec2b831ea9d29165dcaf09daef10e7653e5,com/microsoft/azure/maven/webapp/WebAppUtilsTest.java,149,8,20,90,0.05,7,8,1,0,0,0,0,7,0,0,0,0,0,0,0,0,0,0,0,8,0,0,False
1104,microsoft/azure-maven-plugins,0234d542e72658acbe01cc5d6bd387928ded1e8d,com/microsoft/azure/maven/appservice/AbstractAppServiceMojoTest.java,17,2,3,10,0.06,1,1,0,0,0,0,0,0,0,0,0,0,1,0,0,0,0,0,0,1,0,0,False
1105,microsoft/azure-maven-plugins,0234d542e72658acbe01cc5d6bd387928ded1e8d,com/microsoft/azure/maven/function/AddMojoTest.java,44,7,15,24,0.11,5,7,1,0,0,0,0,4,0,0,0,0,0,0,0,0,0,2,0,4,0,0,False
1106,microsoft/azure-maven-plugins,0234d542e72658acbe01cc5d6bd387928ded1e8d,com/microsoft/azure/maven/function/DeployMojoTest.java,18,3,7,8,0.22,4,3,1,0,0,0,0,0,1,0,0,0,0,0,0,0,0,0,0,1,0,0,False
1107,microsoft/azure-maven-plugins,0234d542e72658acbe01cc5d6bd387928ded1e8d,com/microsoft/azure/maven/function/ListMojoTest.java,12,2,6,8,0.0,0,2,0,0,0,0,0,1,0,0,0,0,0,0,0,0,1,0,0,1,0,0,False
1108,microsoft/azure-maven-plugins,0234d542e72658acbe01cc5d6bd387928ded1e8d,com/microsoft/azure/maven/function/PackageMojoTest.java,43,5,13,42,0.09,4,5,1,0,0,0,0,4,0,0,0,0,0,0,0,0,2,0,0,4,0,0,False
1109,microsoft/azure-maven-plugins,0234d542e72658acbe01cc5d6bd387928ded1e8d,com/microsoft/azure/maven/function/RunMojoTest.java,57,8,21,61,0.07,4,8,1,0,0,0,0,7,0,0,0,0,0,0,0,0,1,0,0,7,0,0,False
1110,microsoft/azure-maven-plugins,0234d542e72658acbe01cc5d6bd387928ded1e8d,com/microsoft/azure/maven/AbstractAzureMojoTest.java,85,14,29,43,0.26,22,13,3,0,0,0,0,10,0,0,0,0,0,0,0,0,1,0,0,12,0,0,False
1111,microsoft/azure-maven-plugins,0234d542e72658acbe01cc5d6bd387928ded1e8d,com/microsoft/azure/maven/prompt/DefaultPrompterTest.java,54,13,27,17,0.22,12,13,8,4,0,0,0,12,0,0,0,0,0,0,0,4,1,0,0,12,0,0,False
1112,microsoft/azure-maven-plugins,0234d542e72658acbe01cc5d6bd387928ded1e8d,com/microsoft/azure/maven/prompt/InputValidateResultTest.java,15,2,2,12,0.4,6,2,2,0,0,0,0,0,0,0,0,0,0,0,0,0,0,0,0,2,0,0,False
1113,microsoft/azure-maven-plugins,0234d542e72658acbe01cc5d6bd387928ded1e8d,com/microsoft/azure/maven/prompt/SchemaValidatorTest.java,66,6,15,17,0.18,12,6,1,0,0,0,0,5,1,0,1,0,0,0,0,2,0,0,0,5,0,0,False
1114,microsoft/azure-maven-plugins,0234d542e72658acbe01cc5d6bd387928ded1e8d,com/microsoft/azure/maven/utils/MavenUtilsTest.java,34,3,6,39,0.32,11,3,2,0,0,0,0,3,0,3,0,0,0,0,0,0,0,0,3,3,0,0,False
1115,microsoft/azure-maven-plugins,0234d542e72658acbe01cc5d6bd387928ded1e8d,com/microsoft/azure/maven/utils/XmlUtilsTest.java,49,6,10,30,0.33,16,6,4,0,0,0,0,1,0,0,0,0,0,0,0,0,0,0,0,5,0,0,False
1116,microsoft/azure-maven-plugins,0234d542e72658acbe01cc5d6bd387928ded1e8d,com/microsoft/azure/maven/springcloud/DeployMojoTest.java,16,1,3,8,0.13,2,1,1,0,0,0,0,1,0,0,0,0,0,0,0,0,0,0,0,1,0,0,False
1117,microsoft/azure-maven-plugins,0234d542e72658acbe01cc5d6bd387928ded1e8d,com/microsoft/azure/maven/springcloud/TemplateUtilsTest.java,43,7,8,25,0.23,10,7,2,0,0,0,0,0,0,0,0,0,0,0,0,1,0,0,0,7,0,0,False
1118,microsoft/azure-maven-plugins,0234d542e72658acbe01cc5d6bd387928ded1e8d,com/microsoft/azure/maven/springcloud/configuration/AppDeploymentMavenConfigTest.java,38,7,7,27,0.21,8,7,1,0,0,0,0,0,0,0,0,0,0,0,0,0,0,0,0,7,0,0,False
1119,microsoft/azure-maven-plugins,0234d542e72658acbe01cc5d6bd387928ded1e8d,com/microsoft/azure/maven/springcloud/prompt/ConfigurationPrompterTest.java,183,16,37,75,0.09,16,16,8,1,0,0,0,14,12,0,0,0,2,0,0,7,1,0,1,15,0,0,False
1120,microsoft/azure-maven-plugins,0234d542e72658acbe01cc5d6bd387928ded1e8d,com/microsoft/azure/maven/webapp/DeployMojoTest.java,53,7,16,37,0.34,18,5,3,0,0,0,0,3,0,0,0,0,0,0,0,0,0,0,0,3,0,0,False
1121,microsoft/azure-maven-plugins,0234d542e72658acbe01cc5d6bd387928ded1e8d,com/microsoft/azure/maven/webapp/parser/ConfigParserTest.java,80,5,7,49,0.29,23,5,4,0,0,0,0,1,4,0,0,0,0,0,0,0,0,0,0,4,0,0,False
1122,microsoft/azure-maven-plugins,0234d542e72658acbe01cc5d6bd387928ded1e8d,com/microsoft/azure/maven/webapp/utils/TestUtils.java,52,6,20,29,0.0,0,6,0,0,0,0,0,0,0,0,0,0,0,0,0,0,0,0,0,0,0,0,False
1123,microsoft/azure-maven-plugins,baf2c6d177e52caf22187e02bfeeee3c1911c243,com/microsoft/azure/maven/appservice/AbstractAppServiceMojoTest.java,17,2,3,10,0.06,1,1,0,0,0,0,0,0,0,0,0,0,1,0,0,0,0,0,0,1,0,0,False
1124,microsoft/azure-maven-plugins,baf2c6d177e52caf22187e02bfeeee3c1911c243,com/microsoft/azure/maven/function/AddMojoTest.java,44,7,15,24,0.11,5,7,1,0,0,0,0,4,0,0,0,0,0,0,0,0,0,2,0,4,0,0,False
1125,microsoft/azure-maven-plugins,baf2c6d177e52caf22187e02bfeeee3c1911c243,com/microsoft/azure/maven/function/DeployMojoTest.java,18,3,7,8,0.22,4,3,1,0,0,0,0,0,1,0,0,0,0,0,0,0,0,0,0,1,0,0,False
1126,microsoft/azure-maven-plugins,baf2c6d177e52caf22187e02bfeeee3c1911c243,com/microsoft/azure/maven/function/ListMojoTest.java,12,2,6,8,0.0,0,2,0,0,0,0,0,1,0,0,0,0,0,0,0,0,1,0,0,1,0,0,False
1127,microsoft/azure-maven-plugins,baf2c6d177e52caf22187e02bfeeee3c1911c243,com/microsoft/azure/maven/function/PackageMojoTest.java,43,5,13,42,0.09,4,5,1,0,0,0,0,4,0,0,0,0,0,0,0,0,2,0,0,4,0,0,False
1128,microsoft/azure-maven-plugins,baf2c6d177e52caf22187e02bfeeee3c1911c243,com/microsoft/azure/maven/function/RunMojoTest.java,57,8,21,61,0.07,4,8,1,0,0,0,0,7,0,0,0,0,0,0,0,0,1,0,0,7,0,0,False
1129,microsoft/azure-maven-plugins,baf2c6d177e52caf22187e02bfeeee3c1911c243,com/microsoft/azure/maven/AbstractAzureMojoTest.java,85,14,29,43,0.26,22,13,3,0,0,0,0,10,0,0,0,0,0,0,0,0,1,0,0,12,0,0,False
1130,microsoft/azure-maven-plugins,baf2c6d177e52caf22187e02bfeeee3c1911c243,com/microsoft/azure/maven/prompt/DefaultPrompterTest.java,54,13,27,17,0.22,12,13,8,4,0,0,0,12,0,0,0,0,0,0,0,4,1,0,0,12,0,0,False
1131,microsoft/azure-maven-plugins,baf2c6d177e52caf22187e02bfeeee3c1911c243,com/microsoft/azure/maven/prompt/InputValidateResultTest.java,15,2,2,12,0.4,6,2,2,0,0,0,0,0,0,0,0,0,0,0,0,0,0,0,0,2,0,0,False
1132,microsoft/azure-maven-plugins,baf2c6d177e52caf22187e02bfeeee3c1911c243,com/microsoft/azure/maven/prompt/SchemaValidatorTest.java,66,6,15,17,0.18,12,6,1,0,0,0,0,5,1,0,1,0,0,0,0,2,0,0,0,5,0,0,False
1133,microsoft/azure-maven-plugins,baf2c6d177e52caf22187e02bfeeee3c1911c243,com/microsoft/azure/maven/utils/MavenUtilsTest.java,34,3,6,39,0.32,11,3,2,0,0,0,0,3,0,3,0,0,0,0,0,0,0,0,3,3,0,0,False
1134,microsoft/azure-maven-plugins,baf2c6d177e52caf22187e02bfeeee3c1911c243,com/microsoft/azure/maven/utils/XmlUtilsTest.java,49,6,10,30,0.33,16,6,4,0,0,0,0,1,0,0,0,0,0,0,0,0,0,0,0,5,0,0,False
1135,microsoft/azure-maven-plugins,baf2c6d177e52caf22187e02bfeeee3c1911c243,com/microsoft/azure/maven/springcloud/DeployMojoTest.java,16,1,3,8,0.13,2,1,1,0,0,0,0,1,0,0,0,0,0,0,0,0,0,0,0,1,0,0,False
1136,microsoft/azure-maven-plugins,baf2c6d177e52caf22187e02bfeeee3c1911c243,com/microsoft/azure/maven/springcloud/TemplateUtilsTest.java,43,7,8,25,0.23,10,7,2,0,0,0,0,0,0,0,0,0,0,0,0,1,0,0,0,7,0,0,False
1137,microsoft/azure-maven-plugins,baf2c6d177e52caf22187e02bfeeee3c1911c243,com/microsoft/azure/maven/springcloud/configuration/AppDeploymentMavenConfigTest.java,38,7,7,27,0.21,8,7,1,0,0,0,0,0,0,0,0,0,0,0,0,0,0,0,0,7,0,0,False
1138,microsoft/azure-maven-plugins,baf2c6d177e52caf22187e02bfeeee3c1911c243,com/microsoft/azure/maven/springcloud/prompt/ConfigurationPrompterTest.java,183,16,37,75,0.09,16,16,8,1,0,0,0,14,12,0,0,0,2,0,0,7,1,0,1,15,0,0,False
1139,microsoft/azure-maven-plugins,baf2c6d177e52caf22187e02bfeeee3c1911c243,com/microsoft/azure/maven/webapp/DeployMojoTest.java,53,7,16,37,0.34,18,5,3,0,0,0,0,3,0,0,0,0,0,0,0,0,0,0,0,3,0,0,False
1140,microsoft/azure-maven-plugins,baf2c6d177e52caf22187e02bfeeee3c1911c243,com/microsoft/azure/maven/webapp/parser/ConfigParserTest.java,80,5,7,49,0.29,23,5,4,0,0,0,0,1,4,0,0,0,0,0,0,0,0,0,0,4,0,0,False
1141,microsoft/azure-maven-plugins,baf2c6d177e52caf22187e02bfeeee3c1911c243,com/microsoft/azure/maven/webapp/utils/TestUtils.java,52,6,20,29,0.0,0,6,0,0,0,0,0,0,0,0,0,0,0,0,0,0,0,0,0,0,0,0,False
1142,microsoft/azure-maven-plugins,175b3180324ed8be16eeaf998e0138dfa5ae1037,com/microsoft/azure/maven/appservice/AbstractAppServiceMojoTest.java,17,2,3,10,0.06,1,1,0,0,0,0,0,0,0,0,0,0,1,0,0,0,0,0,0,1,0,0,False
1143,microsoft/azure-maven-plugins,175b3180324ed8be16eeaf998e0138dfa5ae1037,com/microsoft/azure/maven/function/AddMojoTest.java,44,7,15,24,0.11,5,7,1,0,0,0,0,4,0,0,0,0,0,0,0,0,0,2,0,4,0,0,False
1144,microsoft/azure-maven-plugins,175b3180324ed8be16eeaf998e0138dfa5ae1037,com/microsoft/azure/maven/function/DeployMojoTest.java,18,3,7,8,0.22,4,3,1,0,0,0,0,0,1,0,0,0,0,0,0,0,0,0,0,1,0,0,False
1145,microsoft/azure-maven-plugins,175b3180324ed8be16eeaf998e0138dfa5ae1037,com/microsoft/azure/maven/function/ListMojoTest.java,12,2,6,8,0.0,0,2,0,0,0,0,0,1,0,0,0,0,0,0,0,0,1,0,0,1,0,0,False
1146,microsoft/azure-maven-plugins,175b3180324ed8be16eeaf998e0138dfa5ae1037,com/microsoft/azure/maven/function/PackageMojoTest.java,43,5,13,42,0.09,4,5,1,0,0,0,0,4,0,0,0,0,0,0,0,0,2,0,0,4,0,0,False
1147,microsoft/azure-maven-plugins,175b3180324ed8be16eeaf998e0138dfa5ae1037,com/microsoft/azure/maven/function/RunMojoTest.java,57,8,21,61,0.07,4,8,1,0,0,0,0,7,0,0,0,0,0,0,0,0,1,0,0,7,0,0,False
1148,microsoft/azure-maven-plugins,175b3180324ed8be16eeaf998e0138dfa5ae1037,com/microsoft/azure/maven/AbstractAzureMojoTest.java,85,14,29,43,0.26,22,13,3,0,0,0,0,10,0,0,0,0,0,0,0,0,1,0,0,12,0,0,False
1149,microsoft/azure-maven-plugins,175b3180324ed8be16eeaf998e0138dfa5ae1037,com/microsoft/azure/maven/prompt/DefaultPrompterTest.java,54,13,27,17,0.22,12,13,8,4,0,0,0,12,0,0,0,0,0,0,0,4,1,0,0,12,0,0,False
1150,microsoft/azure-maven-plugins,175b3180324ed8be16eeaf998e0138dfa5ae1037,com/microsoft/azure/maven/prompt/InputValidateResultTest.java,15,2,2,12,0.4,6,2,2,0,0,0,0,0,0,0,0,0,0,0,0,0,0,0,0,2,0,0,False
1151,microsoft/azure-maven-plugins,175b3180324ed8be16eeaf998e0138dfa5ae1037,com/microsoft/azure/maven/prompt/SchemaValidatorTest.java,66,6,15,17,0.18,12,6,1,0,0,0,0,5,1,0,1,0,0,0,0,2,0,0,0,5,0,0,False
1152,microsoft/azure-maven-plugins,175b3180324ed8be16eeaf998e0138dfa5ae1037,com/microsoft/azure/maven/utils/MavenUtilsTest.java,34,3,6,39,0.32,11,3,2,0,0,0,0,3,0,3,0,0,0,0,0,0,0,0,3,3,0,0,False
1153,microsoft/azure-maven-plugins,175b3180324ed8be16eeaf998e0138dfa5ae1037,com/microsoft/azure/maven/utils/XmlUtilsTest.java,49,6,10,30,0.33,16,6,4,0,0,0,0,1,0,0,0,0,0,0,0,0,0,0,0,5,0,0,False
1154,microsoft/azure-maven-plugins,175b3180324ed8be16eeaf998e0138dfa5ae1037,com/microsoft/azure/maven/springcloud/DeployMojoTest.java,16,1,3,8,0.13,2,1,1,0,0,0,0,1,0,0,0,0,0,0,0,0,0,0,0,1,0,0,False
1155,microsoft/azure-maven-plugins,175b3180324ed8be16eeaf998e0138dfa5ae1037,com/microsoft/azure/maven/springcloud/TemplateUtilsTest.java,43,7,8,25,0.23,10,7,2,0,0,0,0,0,0,0,0,0,0,0,0,1,0,0,0,7,0,0,False
1156,microsoft/azure-maven-plugins,175b3180324ed8be16eeaf998e0138dfa5ae1037,com/microsoft/azure/maven/springcloud/configuration/AppDeploymentMavenConfigTest.java,38,7,7,27,0.21,8,7,1,0,0,0,0,0,0,0,0,0,0,0,0,0,0,0,0,7,0,0,False
1157,microsoft/azure-maven-plugins,175b3180324ed8be16eeaf998e0138dfa5ae1037,com/microsoft/azure/maven/springcloud/prompt/ConfigurationPrompterTest.java,185,16,37,75,0.09,16,16,8,1,0,0,0,14,15,0,0,0,2,0,0,7,1,0,1,15,0,0,False
1158,microsoft/azure-maven-plugins,175b3180324ed8be16eeaf998e0138dfa5ae1037,com/microsoft/azure/maven/webapp/DeployMojoTest.java,53,7,16,37,0.34,18,5,3,0,0,0,0,3,0,0,0,0,0,0,0,0,0,0,0,3,0,0,False
1159,microsoft/azure-maven-plugins,175b3180324ed8be16eeaf998e0138dfa5ae1037,com/microsoft/azure/maven/webapp/parser/ConfigParserTest.java,80,5,7,49,0.29,23,5,4,0,0,0,0,1,4,0,0,0,0,0,0,0,0,0,0,4,0,0,False
1160,microsoft/azure-maven-plugins,175b3180324ed8be16eeaf998e0138dfa5ae1037,com/microsoft/azure/maven/webapp/utils/TestUtils.java,52,6,20,29,0.0,0,6,0,0,0,0,0,0,0,0,0,0,0,0,0,0,0,0,0,0,0,0,False
1161,microsoft/azure-maven-plugins,8fb4954d731021ec8551b2e7866aa70477441374,com/microsoft/azure/maven/appservice/AbstractAppServiceMojoTest.java,17,2,3,10,0.06,1,1,0,0,0,0,0,0,0,0,0,0,1,0,0,0,0,0,0,1,0,0,False
1162,microsoft/azure-maven-plugins,8fb4954d731021ec8551b2e7866aa70477441374,com/microsoft/azure/maven/function/AddMojoTest.java,44,7,15,24,0.11,5,7,1,0,0,0,0,4,0,0,0,0,0,0,0,0,0,2,0,4,0,0,False
1163,microsoft/azure-maven-plugins,8fb4954d731021ec8551b2e7866aa70477441374,com/microsoft/azure/maven/function/DeployMojoTest.java,18,3,7,8,0.22,4,3,1,0,0,0,0,0,1,0,0,0,0,0,0,0,0,0,0,1,0,0,False
1164,microsoft/azure-maven-plugins,8fb4954d731021ec8551b2e7866aa70477441374,com/microsoft/azure/maven/function/ListMojoTest.java,12,2,6,8,0.0,0,2,0,0,0,0,0,1,0,0,0,0,0,0,0,0,1,0,0,1,0,0,False
1165,microsoft/azure-maven-plugins,8fb4954d731021ec8551b2e7866aa70477441374,com/microsoft/azure/maven/function/PackageMojoTest.java,43,5,13,42,0.09,4,5,1,0,0,0,0,4,0,0,0,0,0,0,0,0,2,0,0,4,0,0,False
1166,microsoft/azure-maven-plugins,8fb4954d731021ec8551b2e7866aa70477441374,com/microsoft/azure/maven/function/RunMojoTest.java,57,8,21,61,0.07,4,8,1,0,0,0,0,7,0,0,0,0,0,0,0,0,1,0,0,7,0,0,False
1167,microsoft/azure-maven-plugins,8fb4954d731021ec8551b2e7866aa70477441374,com/microsoft/azure/maven/AbstractAzureMojoTest.java,85,14,29,43,0.26,22,13,3,0,0,0,0,10,0,0,0,0,0,0,0,0,1,0,0,12,0,0,False
1168,microsoft/azure-maven-plugins,8fb4954d731021ec8551b2e7866aa70477441374,com/microsoft/azure/maven/prompt/DefaultPrompterTest.java,54,13,27,17,0.22,12,13,8,4,0,0,0,12,0,0,0,0,0,0,0,4,1,0,0,12,0,0,False
1169,microsoft/azure-maven-plugins,8fb4954d731021ec8551b2e7866aa70477441374,com/microsoft/azure/maven/prompt/InputValidateResultTest.java,15,2,2,12,0.4,6,2,2,0,0,0,0,0,0,0,0,0,0,0,0,0,0,0,0,2,0,0,False
1170,microsoft/azure-maven-plugins,8fb4954d731021ec8551b2e7866aa70477441374,com/microsoft/azure/maven/prompt/SchemaValidatorTest.java,66,6,15,17,0.18,12,6,1,0,0,0,0,5,1,0,1,0,0,0,0,2,0,0,0,5,0,0,False
1171,microsoft/azure-maven-plugins,8fb4954d731021ec8551b2e7866aa70477441374,com/microsoft/azure/maven/utils/MavenUtilsTest.java,34,3,6,39,0.32,11,3,2,0,0,0,0,3,0,3,0,0,0,0,0,0,0,0,3,3,0,0,False
1172,microsoft/azure-maven-plugins,8fb4954d731021ec8551b2e7866aa70477441374,com/microsoft/azure/maven/utils/TemplateUtilsTest.java,54,8,10,28,0.19,10,8,2,0,0,0,0,1,0,0,0,0,0,0,0,1,0,0,0,8,0,0,False
1173,microsoft/azure-maven-plugins,8fb4954d731021ec8551b2e7866aa70477441374,com/microsoft/azure/maven/utils/XmlUtilsTest.java,49,6,10,30,0.33,16,6,4,0,0,0,0,1,0,0,0,0,0,0,0,0,0,0,0,5,0,0,False
1174,microsoft/azure-maven-plugins,8fb4954d731021ec8551b2e7866aa70477441374,com/microsoft/azure/maven/springcloud/DeployMojoTest.java,16,1,3,8,0.13,2,1,1,0,0,0,0,1,0,0,0,0,0,0,0,0,0,0,0,1,0,0,False
1175,microsoft/azure-maven-plugins,8fb4954d731021ec8551b2e7866aa70477441374,com/microsoft/azure/maven/springcloud/configuration/AppDeploymentMavenConfigTest.java,38,7,7,27,0.21,8,7,1,0,0,0,0,0,0,0,0,0,0,0,0,0,0,0,0,7,0,0,False
1176,microsoft/azure-maven-plugins,8fb4954d731021ec8551b2e7866aa70477441374,com/microsoft/azure/maven/springcloud/prompt/ConfigurationPrompterTest.java,185,16,37,75,0.09,16,16,8,1,0,0,0,14,15,0,0,0,2,0,0,7,1,0,1,15,0,0,False
1177,microsoft/azure-maven-plugins,8fb4954d731021ec8551b2e7866aa70477441374,com/microsoft/azure/maven/webapp/DeployMojoTest.java,53,7,16,37,0.34,18,5,3,0,0,0,0,3,0,0,0,0,0,0,0,0,0,0,0,3,0,0,False
1178,microsoft/azure-maven-plugins,8fb4954d731021ec8551b2e7866aa70477441374,com/microsoft/azure/maven/webapp/parser/ConfigParserTest.java,80,5,7,49,0.29,23,5,4,0,0,0,0,1,4,0,0,0,0,0,0,0,0,0,0,4,0,0,False
1179,microsoft/azure-maven-plugins,8fb4954d731021ec8551b2e7866aa70477441374,com/microsoft/azure/maven/webapp/utils/TestUtils.java,52,6,20,29,0.0,0,6,0,0,0,0,0,0,0,0,0,0,0,0,0,0,0,0,0,0,0,0,False
1180,microsoft/azure-maven-plugins,874b7ec9c3156a38d10aa87799792278666a3955,com/microsoft/azure/maven/appservice/AbstractAppServiceMojoTest.java,17,2,3,10,0.06,1,1,0,0,0,0,0,0,0,0,0,0,1,0,0,0,0,0,0,1,0,0,False
1181,microsoft/azure-maven-plugins,874b7ec9c3156a38d10aa87799792278666a3955,com/microsoft/azure/maven/function/AddMojoTest.java,44,7,15,24,0.11,5,7,1,0,0,0,0,4,0,0,0,0,0,0,0,0,0,2,0,4,0,0,False
1182,microsoft/azure-maven-plugins,874b7ec9c3156a38d10aa87799792278666a3955,com/microsoft/azure/maven/function/DeployMojoTest.java,18,3,7,8,0.22,4,3,1,0,0,0,0,0,1,0,0,0,0,0,0,0,0,0,0,1,0,0,False
1183,microsoft/azure-maven-plugins,874b7ec9c3156a38d10aa87799792278666a3955,com/microsoft/azure/maven/function/ListMojoTest.java,12,2,6,8,0.0,0,2,0,0,0,0,0,1,0,0,0,0,0,0,0,0,1,0,0,1,0,0,False
1184,microsoft/azure-maven-plugins,874b7ec9c3156a38d10aa87799792278666a3955,com/microsoft/azure/maven/function/PackageMojoTest.java,43,5,13,42,0.09,4,5,1,0,0,0,0,4,0,0,0,0,0,0,0,0,2,0,0,4,0,0,False
1185,microsoft/azure-maven-plugins,874b7ec9c3156a38d10aa87799792278666a3955,com/microsoft/azure/maven/function/RunMojoTest.java,57,8,21,61,0.07,4,8,1,0,0,0,0,7,0,0,0,0,0,0,0,0,1,0,0,7,0,0,False
1186,microsoft/azure-maven-plugins,874b7ec9c3156a38d10aa87799792278666a3955,com/microsoft/azure/maven/AbstractAzureMojoTest.java,85,14,29,43,0.26,22,13,3,0,0,0,0,10,0,0,0,0,0,0,0,0,1,0,0,12,0,0,False
1187,microsoft/azure-maven-plugins,874b7ec9c3156a38d10aa87799792278666a3955,com/microsoft/azure/maven/prompt/DefaultPrompterTest.java,54,13,27,17,0.22,12,13,8,4,0,0,0,12,0,0,0,0,0,0,0,4,1,0,0,12,0,0,False
1188,microsoft/azure-maven-plugins,874b7ec9c3156a38d10aa87799792278666a3955,com/microsoft/azure/maven/prompt/InputValidateResultTest.java,15,2,2,12,0.4,6,2,2,0,0,0,0,0,0,0,0,0,0,0,0,0,0,0,0,2,0,0,False
1189,microsoft/azure-maven-plugins,874b7ec9c3156a38d10aa87799792278666a3955,com/microsoft/azure/maven/prompt/SchemaValidatorTest.java,66,6,15,17,0.18,12,6,1,0,0,0,0,5,1,0,1,0,0,0,0,2,0,0,0,5,0,0,False
1190,microsoft/azure-maven-plugins,874b7ec9c3156a38d10aa87799792278666a3955,com/microsoft/azure/maven/utils/MavenUtilsTest.java,34,3,6,39,0.32,11,3,2,0,0,0,0,3,0,3,0,0,0,0,0,0,0,0,3,3,0,0,False
1191,microsoft/azure-maven-plugins,874b7ec9c3156a38d10aa87799792278666a3955,com/microsoft/azure/maven/utils/TemplateUtilsTest.java,54,8,10,28,0.19,10,8,2,0,0,0,0,1,0,0,0,0,0,0,0,1,0,0,0,8,0,0,False
1192,microsoft/azure-maven-plugins,874b7ec9c3156a38d10aa87799792278666a3955,com/microsoft/azure/maven/utils/XmlUtilsTest.java,49,6,10,30,0.33,16,6,4,0,0,0,0,1,0,0,0,0,0,0,0,0,0,0,0,5,0,0,False
1193,microsoft/azure-maven-plugins,874b7ec9c3156a38d10aa87799792278666a3955,com/microsoft/azure/maven/springcloud/DeployMojoTest.java,16,1,3,8,0.13,2,1,1,0,0,0,0,1,0,0,0,0,0,0,0,0,0,0,0,1,0,0,False
1194,microsoft/azure-maven-plugins,874b7ec9c3156a38d10aa87799792278666a3955,com/microsoft/azure/maven/springcloud/configuration/AppDeploymentMavenConfigTest.java,38,7,7,27,0.21,8,7,1,0,0,0,0,0,0,0,0,0,0,0,0,0,0,0,0,7,0,0,False
1195,microsoft/azure-maven-plugins,874b7ec9c3156a38d10aa87799792278666a3955,com/microsoft/azure/maven/springcloud/prompt/ConfigurationPrompterTest.java,185,16,37,75,0.09,16,16,8,1,0,0,0,14,15,0,0,0,2,0,0,7,1,0,1,15,0,0,False
1196,microsoft/azure-maven-plugins,874b7ec9c3156a38d10aa87799792278666a3955,com/microsoft/azure/maven/webapp/DeployMojoTest.java,53,7,16,36,0.34,18,5,3,0,0,0,0,3,0,0,0,0,0,0,0,0,0,0,0,3,0,0,False
1197,microsoft/azure-maven-plugins,874b7ec9c3156a38d10aa87799792278666a3955,com/microsoft/azure/maven/webapp/parser/ConfigParserTest.java,80,5,7,49,0.29,23,5,4,0,0,0,0,1,4,0,0,0,0,0,0,0,0,0,0,4,0,0,False
1198,microsoft/azure-maven-plugins,874b7ec9c3156a38d10aa87799792278666a3955,com/microsoft/azure/maven/webapp/utils/TestUtils.java,52,6,20,29,0.0,0,6,0,0,0,0,0,0,0,0,0,0,0,0,0,0,0,0,0,0,0,0,False
1199,microsoft/azure-maven-plugins,607c6c049f9e860b585397fe70e7184dcbc8965b,com/microsoft/azure/maven/appservice/AbstractAppServiceMojoTest.java,17,2,3,10,0.06,1,1,0,0,0,0,0,0,0,0,0,0,1,0,0,0,0,0,0,1,0,0,False
1200,microsoft/azure-maven-plugins,607c6c049f9e860b585397fe70e7184dcbc8965b,com/microsoft/azure/maven/function/AddMojoTest.java,44,7,15,24,0.11,5,7,1,0,0,0,0,4,0,0,0,0,0,0,0,0,0,2,0,4,0,0,False
1201,microsoft/azure-maven-plugins,607c6c049f9e860b585397fe70e7184dcbc8965b,com/microsoft/azure/maven/function/DeployMojoTest.java,18,3,7,8,0.22,4,3,1,0,0,0,0,0,1,0,0,0,0,0,0,0,0,0,0,1,0,0,False
1202,microsoft/azure-maven-plugins,607c6c049f9e860b585397fe70e7184dcbc8965b,com/microsoft/azure/maven/function/ListMojoTest.java,12,2,6,8,0.0,0,2,0,0,0,0,0,1,0,0,0,0,0,0,0,0,1,0,0,1,0,0,False
1203,microsoft/azure-maven-plugins,607c6c049f9e860b585397fe70e7184dcbc8965b,com/microsoft/azure/maven/function/PackageMojoTest.java,42,5,13,41,0.1,4,5,1,0,0,0,0,4,0,0,0,0,0,0,0,0,2,0,0,4,0,0,False
1204,microsoft/azure-maven-plugins,607c6c049f9e860b585397fe70e7184dcbc8965b,com/microsoft/azure/maven/function/RunMojoTest.java,57,8,20,60,0.07,4,8,1,0,0,0,0,7,0,0,0,0,0,0,0,0,1,0,0,7,0,0,False
1205,microsoft/azure-maven-plugins,607c6c049f9e860b585397fe70e7184dcbc8965b,com/microsoft/azure/maven/AbstractAzureMojoTest.java,85,14,29,43,0.26,22,13,3,0,0,0,0,10,0,0,0,0,0,0,0,0,1,0,0,12,0,0,False
1206,microsoft/azure-maven-plugins,607c6c049f9e860b585397fe70e7184dcbc8965b,com/microsoft/azure/maven/prompt/DefaultPrompterTest.java,54,13,27,17,0.22,12,13,8,4,0,0,0,12,0,0,0,0,0,0,0,4,1,0,0,12,0,0,False
1207,microsoft/azure-maven-plugins,607c6c049f9e860b585397fe70e7184dcbc8965b,com/microsoft/azure/maven/prompt/InputValidateResultTest.java,15,2,2,12,0.4,6,2,2,0,0,0,0,0,0,0,0,0,0,0,0,0,0,0,0,2,0,0,False
1208,microsoft/azure-maven-plugins,607c6c049f9e860b585397fe70e7184dcbc8965b,com/microsoft/azure/maven/prompt/SchemaValidatorTest.java,66,6,15,17,0.18,12,6,1,0,0,0,0,5,1,0,1,0,0,0,0,2,0,0,0,5,0,0,False
1209,microsoft/azure-maven-plugins,607c6c049f9e860b585397fe70e7184dcbc8965b,com/microsoft/azure/maven/utils/MavenUtilsTest.java,34,3,6,39,0.32,11,3,2,0,0,0,0,3,0,3,0,0,0,0,0,0,0,0,3,3,0,0,False
1210,microsoft/azure-maven-plugins,607c6c049f9e860b585397fe70e7184dcbc8965b,com/microsoft/azure/maven/utils/TemplateUtilsTest.java,54,8,10,28,0.19,10,8,2,0,0,0,0,1,0,0,0,0,0,0,0,1,0,0,0,8,0,0,False
1211,microsoft/azure-maven-plugins,607c6c049f9e860b585397fe70e7184dcbc8965b,com/microsoft/azure/maven/utils/XmlUtilsTest.java,49,6,10,30,0.33,16,6,4,0,0,0,0,1,0,0,0,0,0,0,0,0,0,0,0,5,0,0,False
1212,microsoft/azure-maven-plugins,607c6c049f9e860b585397fe70e7184dcbc8965b,com/microsoft/azure/maven/springcloud/DeployMojoTest.java,16,1,3,8,0.13,2,1,1,0,0,0,0,1,0,0,0,0,0,0,0,0,0,0,0,1,0,0,False
1213,microsoft/azure-maven-plugins,607c6c049f9e860b585397fe70e7184dcbc8965b,com/microsoft/azure/maven/springcloud/configuration/AppDeploymentMavenConfigTest.java,38,7,7,27,0.21,8,7,1,0,0,0,0,0,0,0,0,0,0,0,0,0,0,0,0,7,0,0,False
1214,microsoft/azure-maven-plugins,607c6c049f9e860b585397fe70e7184dcbc8965b,com/microsoft/azure/maven/springcloud/prompt/ConfigurationPrompterTest.java,185,16,37,75,0.09,16,16,8,1,0,0,0,14,15,0,0,0,2,0,0,7,1,0,1,15,0,0,False
1215,microsoft/azure-maven-plugins,607c6c049f9e860b585397fe70e7184dcbc8965b,com/microsoft/azure/maven/webapp/DeployMojoTest.java,53,7,16,36,0.34,18,5,3,0,0,0,0,3,0,0,0,0,0,0,0,0,0,0,0,3,0,0,False
1216,microsoft/azure-maven-plugins,607c6c049f9e860b585397fe70e7184dcbc8965b,com/microsoft/azure/maven/webapp/parser/ConfigParserTest.java,80,5,7,49,0.29,23,5,4,0,0,0,0,1,4,0,0,0,0,0,0,0,0,0,0,4,0,0,False
1217,microsoft/azure-maven-plugins,607c6c049f9e860b585397fe70e7184dcbc8965b,com/microsoft/azure/maven/webapp/utils/TestUtils.java,52,6,20,29,0.0,0,6,0,0,0,0,0,0,0,0,0,0,0,0,0,0,0,0,0,0,0,0,False
1218,microsoft/azure-maven-plugins,0bd51ab1da4f1ac3d39c9b8cfdf15feb5c40ab98,com/microsoft/azure/maven/appservice/AbstractAppServiceMojoTest.java,17,2,3,10,0.06,1,1,0,0,0,0,0,0,0,0,0,0,1,0,0,0,0,0,0,1,0,0,False
1219,microsoft/azure-maven-plugins,0bd51ab1da4f1ac3d39c9b8cfdf15feb5c40ab98,com/microsoft/azure/maven/function/AddMojoTest.java,44,7,15,24,0.11,5,7,1,0,0,0,0,4,0,0,0,0,0,0,0,0,0,2,0,4,0,0,False
1220,microsoft/azure-maven-plugins,0bd51ab1da4f1ac3d39c9b8cfdf15feb5c40ab98,com/microsoft/azure/maven/function/DeployMojoTest.java,18,3,7,8,0.22,4,3,1,0,0,0,0,0,1,0,0,0,0,0,0,0,0,0,0,1,0,0,False
1221,microsoft/azure-maven-plugins,0bd51ab1da4f1ac3d39c9b8cfdf15feb5c40ab98,com/microsoft/azure/maven/function/ListMojoTest.java,12,2,6,8,0.0,0,2,0,0,0,0,0,1,0,0,0,0,0,0,0,0,1,0,0,1,0,0,False
1222,microsoft/azure-maven-plugins,0bd51ab1da4f1ac3d39c9b8cfdf15feb5c40ab98,com/microsoft/azure/maven/function/PackageMojoTest.java,42,5,13,41,0.1,4,5,1,0,0,0,0,4,0,0,0,0,0,0,0,0,2,0,0,4,0,0,False
1223,microsoft/azure-maven-plugins,0bd51ab1da4f1ac3d39c9b8cfdf15feb5c40ab98,com/microsoft/azure/maven/function/RunMojoTest.java,57,8,20,60,0.07,4,8,1,0,0,0,0,7,0,0,0,0,0,0,0,0,1,0,0,7,0,0,False
1224,microsoft/azure-maven-plugins,0bd51ab1da4f1ac3d39c9b8cfdf15feb5c40ab98,com/microsoft/azure/maven/AbstractAzureMojoTest.java,85,14,29,43,0.26,22,13,3,0,0,0,0,10,0,0,0,0,0,0,0,0,1,0,0,12,0,0,False
1225,microsoft/azure-maven-plugins,0bd51ab1da4f1ac3d39c9b8cfdf15feb5c40ab98,com/microsoft/azure/maven/prompt/DefaultPrompterTest.java,54,13,27,17,0.22,12,13,8,4,0,0,0,12,0,0,0,0,0,0,0,4,1,0,0,12,0,0,False
1226,microsoft/azure-maven-plugins,0bd51ab1da4f1ac3d39c9b8cfdf15feb5c40ab98,com/microsoft/azure/maven/prompt/InputValidateResultTest.java,15,2,2,12,0.4,6,2,2,0,0,0,0,0,0,0,0,0,0,0,0,0,0,0,0,2,0,0,False
1227,microsoft/azure-maven-plugins,0bd51ab1da4f1ac3d39c9b8cfdf15feb5c40ab98,com/microsoft/azure/maven/prompt/SchemaValidatorTest.java,66,6,15,17,0.18,12,6,1,0,0,0,0,5,1,0,1,0,0,0,0,2,0,0,0,5,0,0,False
1228,microsoft/azure-maven-plugins,0bd51ab1da4f1ac3d39c9b8cfdf15feb5c40ab98,com/microsoft/azure/maven/utils/MavenUtilsTest.java,34,3,6,39,0.32,11,3,2,0,0,0,0,3,0,3,0,0,0,0,0,0,0,0,3,3,0,0,False
1229,microsoft/azure-maven-plugins,0bd51ab1da4f1ac3d39c9b8cfdf15feb5c40ab98,com/microsoft/azure/maven/utils/TemplateUtilsTest.java,54,8,10,28,0.19,10,8,2,0,0,0,0,1,0,0,0,0,0,0,0,1,0,0,0,8,0,0,False
1230,microsoft/azure-maven-plugins,0bd51ab1da4f1ac3d39c9b8cfdf15feb5c40ab98,com/microsoft/azure/maven/utils/XmlUtilsTest.java,49,6,10,30,0.33,16,6,4,0,0,0,0,1,0,0,0,0,0,0,0,0,0,0,0,5,0,0,False
1231,microsoft/azure-maven-plugins,0bd51ab1da4f1ac3d39c9b8cfdf15feb5c40ab98,com/microsoft/azure/maven/springcloud/DeployMojoTest.java,16,1,3,8,0.13,2,1,1,0,0,0,0,1,0,0,0,0,0,0,0,0,0,0,0,1,0,0,False
1232,microsoft/azure-maven-plugins,0bd51ab1da4f1ac3d39c9b8cfdf15feb5c40ab98,com/microsoft/azure/maven/springcloud/configuration/AppDeploymentMavenConfigTest.java,38,7,7,27,0.21,8,7,1,0,0,0,0,0,0,0,0,0,0,0,0,0,0,0,0,7,0,0,False
1233,microsoft/azure-maven-plugins,0bd51ab1da4f1ac3d39c9b8cfdf15feb5c40ab98,com/microsoft/azure/maven/springcloud/prompt/ConfigurationPrompterTest.java,185,16,37,75,0.09,16,16,8,1,0,0,0,14,15,0,0,0,2,0,0,7,1,0,1,15,0,0,False
1234,microsoft/azure-maven-plugins,0bd51ab1da4f1ac3d39c9b8cfdf15feb5c40ab98,com/microsoft/azure/maven/webapp/DeployMojoTest.java,53,7,16,36,0.34,18,5,3,0,0,0,0,3,0,0,0,0,0,0,0,0,0,0,0,3,0,0,False
1235,microsoft/azure-maven-plugins,0bd51ab1da4f1ac3d39c9b8cfdf15feb5c40ab98,com/microsoft/azure/maven/webapp/parser/ConfigParserTest.java,80,5,7,49,0.29,23,5,4,0,0,0,0,1,4,0,0,0,0,0,0,0,0,0,0,4,0,0,False
1236,microsoft/azure-maven-plugins,0bd51ab1da4f1ac3d39c9b8cfdf15feb5c40ab98,com/microsoft/azure/maven/webapp/utils/TestUtils.java,52,6,20,29,0.0,0,6,0,0,0,0,0,0,0,0,0,0,0,0,0,0,0,0,0,0,0,0,False
1237,microsoft/azure-maven-plugins,b4f50aa9ff35c6a4557f9bb5bd1126c938a989dd,com/microsoft/azure/maven/appservice/AbstractAppServiceMojoTest.java,17,2,3,10,0.06,1,1,0,0,0,0,0,0,0,0,0,0,1,0,0,0,0,0,0,1,0,0,False
1238,microsoft/azure-maven-plugins,b4f50aa9ff35c6a4557f9bb5bd1126c938a989dd,com/microsoft/azure/maven/function/AddMojoTest.java,44,7,15,24,0.11,5,7,1,0,0,0,0,4,0,0,0,0,0,0,0,0,0,2,0,4,0,0,False
1239,microsoft/azure-maven-plugins,b4f50aa9ff35c6a4557f9bb5bd1126c938a989dd,com/microsoft/azure/maven/function/DeployMojoTest.java,18,3,7,8,0.22,4,3,1,0,0,0,0,0,1,0,0,0,0,0,0,0,0,0,0,1,0,0,False
1240,microsoft/azure-maven-plugins,b4f50aa9ff35c6a4557f9bb5bd1126c938a989dd,com/microsoft/azure/maven/function/ListMojoTest.java,12,2,6,8,0.0,0,2,0,0,0,0,0,1,0,0,0,0,0,0,0,0,1,0,0,1,0,0,False
1241,microsoft/azure-maven-plugins,b4f50aa9ff35c6a4557f9bb5bd1126c938a989dd,com/microsoft/azure/maven/function/PackageMojoTest.java,42,5,13,41,0.1,4,5,1,0,0,0,0,4,0,0,0,0,0,0,0,0,2,0,0,4,0,0,False
1242,microsoft/azure-maven-plugins,b4f50aa9ff35c6a4557f9bb5bd1126c938a989dd,com/microsoft/azure/maven/function/RunMojoTest.java,57,8,20,60,0.07,4,8,1,0,0,0,0,7,0,0,0,0,0,0,0,0,1,0,0,7,0,0,False
1243,microsoft/azure-maven-plugins,b4f50aa9ff35c6a4557f9bb5bd1126c938a989dd,com/microsoft/azure/maven/AbstractAzureMojoTest.java,85,14,29,43,0.26,22,13,3,0,0,0,0,10,0,0,0,0,0,0,0,0,1,0,0,12,0,0,False
1244,microsoft/azure-maven-plugins,b4f50aa9ff35c6a4557f9bb5bd1126c938a989dd,com/microsoft/azure/maven/prompt/DefaultPrompterTest.java,54,13,27,17,0.22,12,13,8,4,0,0,0,12,0,0,0,0,0,0,0,4,1,0,0,12,0,0,False
1245,microsoft/azure-maven-plugins,b4f50aa9ff35c6a4557f9bb5bd1126c938a989dd,com/microsoft/azure/maven/prompt/InputValidateResultTest.java,15,2,2,12,0.4,6,2,2,0,0,0,0,0,0,0,0,0,0,0,0,0,0,0,0,2,0,0,False
1246,microsoft/azure-maven-plugins,b4f50aa9ff35c6a4557f9bb5bd1126c938a989dd,com/microsoft/azure/maven/prompt/SchemaValidatorTest.java,66,6,15,17,0.18,12,6,1,0,0,0,0,5,1,0,1,0,0,0,0,2,0,0,0,5,0,0,False
1247,microsoft/azure-maven-plugins,b4f50aa9ff35c6a4557f9bb5bd1126c938a989dd,com/microsoft/azure/maven/utils/MavenUtilsTest.java,34,3,6,39,0.32,11,3,2,0,0,0,0,3,0,3,0,0,0,0,0,0,0,0,3,3,0,0,False
1248,microsoft/azure-maven-plugins,b4f50aa9ff35c6a4557f9bb5bd1126c938a989dd,com/microsoft/azure/maven/utils/TemplateUtilsTest.java,54,8,10,28,0.19,10,8,2,0,0,0,0,1,0,0,0,0,0,0,0,1,0,0,0,8,0,0,False
1249,microsoft/azure-maven-plugins,b4f50aa9ff35c6a4557f9bb5bd1126c938a989dd,com/microsoft/azure/maven/utils/XmlUtilsTest.java,49,6,10,30,0.33,16,6,4,0,0,0,0,1,0,0,0,0,0,0,0,0,0,0,0,5,0,0,False
1250,microsoft/azure-maven-plugins,b4f50aa9ff35c6a4557f9bb5bd1126c938a989dd,com/microsoft/azure/maven/springcloud/DeployMojoTest.java,16,1,3,8,0.13,2,1,1,0,0,0,0,1,0,0,0,0,0,0,0,0,0,0,0,1,0,0,False
1251,microsoft/azure-maven-plugins,b4f50aa9ff35c6a4557f9bb5bd1126c938a989dd,com/microsoft/azure/maven/springcloud/configuration/AppDeploymentMavenConfigTest.java,38,7,7,27,0.21,8,7,1,0,0,0,0,0,0,0,0,0,0,0,0,0,0,0,0,7,0,0,False
1252,microsoft/azure-maven-plugins,b4f50aa9ff35c6a4557f9bb5bd1126c938a989dd,com/microsoft/azure/maven/springcloud/prompt/ConfigurationPrompterTest.java,185,16,37,75,0.09,16,16,8,1,0,0,0,14,15,0,0,0,2,0,0,7,1,0,1,15,0,0,False
1253,microsoft/azure-maven-plugins,b4f50aa9ff35c6a4557f9bb5bd1126c938a989dd,com/microsoft/azure/maven/webapp/DeployMojoTest.java,53,7,16,36,0.34,18,5,3,0,0,0,0,3,0,0,0,0,0,0,0,0,0,0,0,3,0,0,False
1254,microsoft/azure-maven-plugins,b4f50aa9ff35c6a4557f9bb5bd1126c938a989dd,com/microsoft/azure/maven/webapp/parser/ConfigParserTest.java,80,5,7,49,0.29,23,5,4,0,0,0,0,1,4,0,0,0,0,0,0,0,0,0,0,4,0,0,False
1255,microsoft/azure-maven-plugins,b4f50aa9ff35c6a4557f9bb5bd1126c938a989dd,com/microsoft/azure/maven/webapp/utils/TestUtils.java,52,6,20,29,0.0,0,6,0,0,0,0,0,0,0,0,0,0,0,0,0,0,0,0,0,0,0,0,False
1256,microsoft/azure-maven-plugins,8f246bad57fffcb008f1bea90bec4428927e991a,com/microsoft/azure/maven/appservice/AbstractAppServiceMojoTest.java,17,2,3,10,0.06,1,1,0,0,0,0,0,0,0,0,0,0,1,0,0,0,0,0,0,1,0,0,False
1257,microsoft/azure-maven-plugins,8f246bad57fffcb008f1bea90bec4428927e991a,com/microsoft/azure/maven/function/AddMojoTest.java,44,7,15,24,0.11,5,7,1,0,0,0,0,4,0,0,0,0,0,0,0,0,0,2,0,4,0,0,False
1258,microsoft/azure-maven-plugins,8f246bad57fffcb008f1bea90bec4428927e991a,com/microsoft/azure/maven/function/DeployMojoTest.java,18,3,7,8,0.22,4,3,1,0,0,0,0,0,1,0,0,0,0,0,0,0,0,0,0,1,0,0,False
1259,microsoft/azure-maven-plugins,8f246bad57fffcb008f1bea90bec4428927e991a,com/microsoft/azure/maven/function/ListMojoTest.java,12,2,6,8,0.0,0,2,0,0,0,0,0,1,0,0,0,0,0,0,0,0,1,0,0,1,0,0,False
1260,microsoft/azure-maven-plugins,8f246bad57fffcb008f1bea90bec4428927e991a,com/microsoft/azure/maven/function/PackageMojoTest.java,42,5,13,41,0.1,4,5,1,0,0,0,0,4,0,0,0,0,0,0,0,0,2,0,0,4,0,0,False
1261,microsoft/azure-maven-plugins,8f246bad57fffcb008f1bea90bec4428927e991a,com/microsoft/azure/maven/function/RunMojoTest.java,57,8,20,60,0.07,4,8,1,0,0,0,0,7,0,0,0,0,0,0,0,0,1,0,0,7,0,0,False
1262,microsoft/azure-maven-plugins,8f246bad57fffcb008f1bea90bec4428927e991a,com/microsoft/azure/maven/AbstractAzureMojoTest.java,85,14,29,43,0.26,22,13,3,0,0,0,0,10,0,0,0,0,0,0,0,0,1,0,0,12,0,0,False
1263,microsoft/azure-maven-plugins,8f246bad57fffcb008f1bea90bec4428927e991a,com/microsoft/azure/maven/prompt/DefaultPrompterTest.java,54,13,27,17,0.22,12,13,8,4,0,0,0,12,0,0,0,0,0,0,0,4,1,0,0,12,0,0,False
1264,microsoft/azure-maven-plugins,8f246bad57fffcb008f1bea90bec4428927e991a,com/microsoft/azure/maven/prompt/InputValidateResultTest.java,15,2,2,12,0.4,6,2,2,0,0,0,0,0,0,0,0,0,0,0,0,0,0,0,0,2,0,0,False
1265,microsoft/azure-maven-plugins,8f246bad57fffcb008f1bea90bec4428927e991a,com/microsoft/azure/maven/prompt/SchemaValidatorTest.java,66,6,15,17,0.18,12,6,1,0,0,0,0,5,1,0,1,0,0,0,0,2,0,0,0,5,0,0,False
1266,microsoft/azure-maven-plugins,8f246bad57fffcb008f1bea90bec4428927e991a,com/microsoft/azure/maven/utils/MavenUtilsTest.java,34,3,6,39,0.32,11,3,2,0,0,0,0,3,0,3,0,0,0,0,0,0,0,0,3,3,0,0,False
1267,microsoft/azure-maven-plugins,8f246bad57fffcb008f1bea90bec4428927e991a,com/microsoft/azure/maven/utils/TemplateUtilsTest.java,54,8,10,28,0.19,10,8,2,0,0,0,0,1,0,0,0,0,0,0,0,1,0,0,0,8,0,0,False
1268,microsoft/azure-maven-plugins,8f246bad57fffcb008f1bea90bec4428927e991a,com/microsoft/azure/maven/utils/XmlUtilsTest.java,49,6,10,30,0.33,16,6,4,0,0,0,0,1,0,0,0,0,0,0,0,0,0,0,0,5,0,0,False
1269,microsoft/azure-maven-plugins,8f246bad57fffcb008f1bea90bec4428927e991a,com/microsoft/azure/maven/springcloud/DeployMojoTest.java,16,1,3,8,0.13,2,1,1,0,0,0,0,1,0,0,0,0,0,0,0,0,0,0,0,1,0,0,False
1270,microsoft/azure-maven-plugins,8f246bad57fffcb008f1bea90bec4428927e991a,com/microsoft/azure/maven/springcloud/configuration/AppDeploymentMavenConfigTest.java,38,7,7,27,0.21,8,7,1,0,0,0,0,0,0,0,0,0,0,0,0,0,0,0,0,7,0,0,False
1271,microsoft/azure-maven-plugins,8f246bad57fffcb008f1bea90bec4428927e991a,com/microsoft/azure/maven/springcloud/prompt/ConfigurationPrompterTest.java,185,16,37,75,0.09,16,16,8,1,0,0,0,14,15,0,0,0,2,0,0,7,1,0,1,15,0,0,False
1272,microsoft/azure-maven-plugins,8f246bad57fffcb008f1bea90bec4428927e991a,com/microsoft/azure/maven/webapp/DeployMojoTest.java,53,7,16,36,0.34,18,5,3,0,0,0,0,3,0,0,0,0,0,0,0,0,0,0,0,3,0,0,False
1273,microsoft/azure-maven-plugins,8f246bad57fffcb008f1bea90bec4428927e991a,com/microsoft/azure/maven/webapp/parser/ConfigParserTest.java,80,5,7,49,0.29,23,5,4,0,0,0,0,1,4,0,0,0,0,0,0,0,0,0,0,4,0,0,False
1274,microsoft/azure-maven-plugins,8f246bad57fffcb008f1bea90bec4428927e991a,com/microsoft/azure/maven/webapp/utils/TestUtils.java,52,6,20,29,0.0,0,6,0,0,0,0,0,0,0,0,0,0,0,0,0,0,0,0,0,0,0,0,False
1275,microsoft/azure-maven-plugins,babedd8c07b5029cc2f11e1d3db2cc25ae66c79c,com/microsoft/azure/maven/appservice/AbstractAppServiceMojoTest.java,17,2,3,10,0.06,1,1,0,0,0,0,0,0,0,0,0,0,1,0,0,0,0,0,0,1,0,0,False
1276,microsoft/azure-maven-plugins,babedd8c07b5029cc2f11e1d3db2cc25ae66c79c,com/microsoft/azure/maven/function/AddMojoTest.java,44,7,15,24,0.11,5,7,1,0,0,0,0,4,0,0,0,0,0,0,0,0,0,2,0,4,0,0,False
1277,microsoft/azure-maven-plugins,babedd8c07b5029cc2f11e1d3db2cc25ae66c79c,com/microsoft/azure/maven/function/DeployMojoTest.java,18,3,7,8,0.22,4,3,1,0,0,0,0,0,1,0,0,0,0,0,0,0,0,0,0,1,0,0,False
1278,microsoft/azure-maven-plugins,babedd8c07b5029cc2f11e1d3db2cc25ae66c79c,com/microsoft/azure/maven/function/ListMojoTest.java,12,2,6,8,0.0,0,2,0,0,0,0,0,1,0,0,0,0,0,0,0,0,1,0,0,1,0,0,False
1279,microsoft/azure-maven-plugins,babedd8c07b5029cc2f11e1d3db2cc25ae66c79c,com/microsoft/azure/maven/function/PackageMojoTest.java,42,5,13,41,0.1,4,5,1,0,0,0,0,4,0,0,0,0,0,0,0,0,2,0,0,4,0,0,False
1280,microsoft/azure-maven-plugins,babedd8c07b5029cc2f11e1d3db2cc25ae66c79c,com/microsoft/azure/maven/function/RunMojoTest.java,57,8,20,60,0.07,4,8,1,0,0,0,0,7,0,0,0,0,0,0,0,0,1,0,0,7,0,0,False
1281,microsoft/azure-maven-plugins,babedd8c07b5029cc2f11e1d3db2cc25ae66c79c,com/microsoft/azure/maven/AbstractAzureMojoTest.java,85,14,29,43,0.26,22,13,3,0,0,0,0,10,0,0,0,0,0,0,0,0,1,0,0,12,0,0,False
1282,microsoft/azure-maven-plugins,babedd8c07b5029cc2f11e1d3db2cc25ae66c79c,com/microsoft/azure/maven/prompt/DefaultPrompterTest.java,54,13,27,17,0.22,12,13,8,4,0,0,0,12,0,0,0,0,0,0,0,4,1,0,0,12,0,0,False
1283,microsoft/azure-maven-plugins,babedd8c07b5029cc2f11e1d3db2cc25ae66c79c,com/microsoft/azure/maven/prompt/InputValidateResultTest.java,15,2,2,12,0.4,6,2,2,0,0,0,0,0,0,0,0,0,0,0,0,0,0,0,0,2,0,0,False
1284,microsoft/azure-maven-plugins,babedd8c07b5029cc2f11e1d3db2cc25ae66c79c,com/microsoft/azure/maven/prompt/SchemaValidatorTest.java,66,6,15,17,0.18,12,6,1,0,0,0,0,5,1,0,1,0,0,0,0,2,0,0,0,5,0,0,False
1285,microsoft/azure-maven-plugins,babedd8c07b5029cc2f11e1d3db2cc25ae66c79c,com/microsoft/azure/maven/utils/MavenUtilsTest.java,34,3,6,39,0.32,11,3,2,0,0,0,0,3,0,3,0,0,0,0,0,0,0,0,3,3,0,0,False
1286,microsoft/azure-maven-plugins,babedd8c07b5029cc2f11e1d3db2cc25ae66c79c,com/microsoft/azure/maven/utils/TemplateUtilsTest.java,54,8,10,28,0.19,10,8,2,0,0,0,0,1,0,0,0,0,0,0,0,1,0,0,0,8,0,0,False
1287,microsoft/azure-maven-plugins,babedd8c07b5029cc2f11e1d3db2cc25ae66c79c,com/microsoft/azure/maven/utils/XmlUtilsTest.java,49,6,10,30,0.33,16,6,4,0,0,0,0,1,0,0,0,0,0,0,0,0,0,0,0,5,0,0,False
1288,microsoft/azure-maven-plugins,babedd8c07b5029cc2f11e1d3db2cc25ae66c79c,com/microsoft/azure/maven/springcloud/DeployMojoTest.java,16,1,3,8,0.13,2,1,1,0,0,0,0,1,0,0,0,0,0,0,0,0,0,0,0,1,0,0,False
1289,microsoft/azure-maven-plugins,babedd8c07b5029cc2f11e1d3db2cc25ae66c79c,com/microsoft/azure/maven/springcloud/configuration/AppDeploymentMavenConfigTest.java,38,7,7,27,0.21,8,7,1,0,0,0,0,0,0,0,0,0,0,0,0,0,0,0,0,7,0,0,False
1290,microsoft/azure-maven-plugins,babedd8c07b5029cc2f11e1d3db2cc25ae66c79c,com/microsoft/azure/maven/springcloud/prompt/ConfigurationPrompterTest.java,185,16,37,75,0.09,16,16,8,1,0,0,0,14,15,0,0,0,2,0,0,7,1,0,1,15,0,0,False
1291,microsoft/azure-maven-plugins,babedd8c07b5029cc2f11e1d3db2cc25ae66c79c,com/microsoft/azure/maven/webapp/DeployMojoTest.java,53,7,16,36,0.34,18,5,3,0,0,0,0,3,0,0,0,0,0,0,0,0,0,0,0,3,0,0,False
1292,microsoft/azure-maven-plugins,babedd8c07b5029cc2f11e1d3db2cc25ae66c79c,com/microsoft/azure/maven/webapp/parser/ConfigParserTest.java,80,5,7,49,0.29,23,5,4,0,0,0,0,1,4,0,0,0,0,0,0,0,0,0,0,4,0,0,False
1293,microsoft/azure-maven-plugins,babedd8c07b5029cc2f11e1d3db2cc25ae66c79c,com/microsoft/azure/maven/webapp/utils/TestUtils.java,52,6,20,29,0.0,0,6,0,0,0,0,0,0,0,0,0,0,0,0,0,0,0,0,0,0,0,0,False
1294,microsoft/azure-maven-plugins,e7936823df6c477575bbca3801b76d2f4da8ea82,com/microsoft/azure/maven/appservice/AbstractAppServiceMojoTest.java,17,2,3,10,0.06,1,1,0,0,0,0,0,0,0,0,0,0,1,0,0,0,0,0,0,1,0,0,False
1295,microsoft/azure-maven-plugins,e7936823df6c477575bbca3801b76d2f4da8ea82,com/microsoft/azure/maven/function/AddMojoTest.java,44,7,15,24,0.11,5,7,1,0,0,0,0,4,0,0,0,0,0,0,0,0,0,2,0,4,0,0,False
1296,microsoft/azure-maven-plugins,e7936823df6c477575bbca3801b76d2f4da8ea82,com/microsoft/azure/maven/function/DeployMojoTest.java,18,3,7,8,0.22,4,3,1,0,0,0,0,0,1,0,0,0,0,0,0,0,0,0,0,1,0,0,False
1297,microsoft/azure-maven-plugins,e7936823df6c477575bbca3801b76d2f4da8ea82,com/microsoft/azure/maven/function/ListMojoTest.java,12,2,6,8,0.0,0,2,0,0,0,0,0,1,0,0,0,0,0,0,0,0,1,0,0,1,0,0,False
1298,microsoft/azure-maven-plugins,e7936823df6c477575bbca3801b76d2f4da8ea82,com/microsoft/azure/maven/function/PackageMojoTest.java,42,5,13,41,0.1,4,5,1,0,0,0,0,4,0,0,0,0,0,0,0,0,2,0,0,4,0,0,False
1299,microsoft/azure-maven-plugins,e7936823df6c477575bbca3801b76d2f4da8ea82,com/microsoft/azure/maven/function/RunMojoTest.java,57,8,20,60,0.07,4,8,1,0,0,0,0,7,0,0,0,0,0,0,0,0,1,0,0,7,0,0,False
1300,microsoft/azure-maven-plugins,e7936823df6c477575bbca3801b76d2f4da8ea82,com/microsoft/azure/maven/AbstractAzureMojoTest.java,85,14,29,43,0.26,22,13,3,0,0,0,0,10,0,0,0,0,0,0,0,0,1,0,0,12,0,0,False
1301,microsoft/azure-maven-plugins,e7936823df6c477575bbca3801b76d2f4da8ea82,com/microsoft/azure/maven/prompt/DefaultPrompterTest.java,54,13,27,17,0.22,12,13,8,4,0,0,0,12,0,0,0,0,0,0,0,4,1,0,0,12,0,0,False
1302,microsoft/azure-maven-plugins,e7936823df6c477575bbca3801b76d2f4da8ea82,com/microsoft/azure/maven/prompt/InputValidateResultTest.java,15,2,2,12,0.4,6,2,2,0,0,0,0,0,0,0,0,0,0,0,0,0,0,0,0,2,0,0,False
1303,microsoft/azure-maven-plugins,e7936823df6c477575bbca3801b76d2f4da8ea82,com/microsoft/azure/maven/prompt/SchemaValidatorTest.java,66,6,15,17,0.18,12,6,1,0,0,0,0,5,1,0,1,0,0,0,0,2,0,0,0,5,0,0,False
1304,microsoft/azure-maven-plugins,e7936823df6c477575bbca3801b76d2f4da8ea82,com/microsoft/azure/maven/utils/MavenUtilsTest.java,34,3,6,39,0.32,11,3,2,0,0,0,0,3,0,3,0,0,0,0,0,0,0,0,3,3,0,0,False
1305,microsoft/azure-maven-plugins,e7936823df6c477575bbca3801b76d2f4da8ea82,com/microsoft/azure/maven/utils/TemplateUtilsTest.java,54,8,10,28,0.19,10,8,2,0,0,0,0,1,0,0,0,0,0,0,0,1,0,0,0,8,0,0,False
1306,microsoft/azure-maven-plugins,e7936823df6c477575bbca3801b76d2f4da8ea82,com/microsoft/azure/maven/utils/XmlUtilsTest.java,49,6,10,30,0.33,16,6,4,0,0,0,0,1,0,0,0,0,0,0,0,0,0,0,0,5,0,0,False
1307,microsoft/azure-maven-plugins,e7936823df6c477575bbca3801b76d2f4da8ea82,com/microsoft/azure/maven/springcloud/DeployMojoTest.java,16,1,3,8,0.13,2,1,1,0,0,0,0,1,0,0,0,0,0,0,0,0,0,0,0,1,0,0,False
1308,microsoft/azure-maven-plugins,e7936823df6c477575bbca3801b76d2f4da8ea82,com/microsoft/azure/maven/springcloud/configuration/AppDeploymentMavenConfigTest.java,38,7,7,27,0.21,8,7,1,0,0,0,0,0,0,0,0,0,0,0,0,0,0,0,0,7,0,0,False
1309,microsoft/azure-maven-plugins,e7936823df6c477575bbca3801b76d2f4da8ea82,com/microsoft/azure/maven/springcloud/prompt/ConfigurationPrompterTest.java,185,16,37,75,0.09,16,16,8,1,0,0,0,14,15,0,0,0,2,0,0,7,1,0,1,15,0,0,False
1310,microsoft/azure-maven-plugins,e7936823df6c477575bbca3801b76d2f4da8ea82,com/microsoft/azure/maven/webapp/DeployMojoTest.java,53,7,16,36,0.34,18,5,3,0,0,0,0,3,0,0,0,0,0,0,0,0,0,0,0,3,0,0,False
1311,microsoft/azure-maven-plugins,e7936823df6c477575bbca3801b76d2f4da8ea82,com/microsoft/azure/maven/webapp/parser/ConfigParserTest.java,80,5,7,49,0.29,23,5,4,0,0,0,0,1,4,0,0,0,0,0,0,0,0,0,0,4,0,0,False
1312,microsoft/azure-maven-plugins,e7936823df6c477575bbca3801b76d2f4da8ea82,com/microsoft/azure/maven/webapp/utils/TestUtils.java,52,6,20,29,0.0,0,6,0,0,0,0,0,0,0,0,0,0,0,0,0,0,0,0,0,0,0,0,False
1313,microsoft/azure-maven-plugins,b61d487ad9532f73cb8f50e1e41ba7eaa907f207,com/microsoft/azure/maven/appservice/AbstractAppServiceMojoTest.java,17,2,3,10,0.06,1,1,0,0,0,0,0,0,0,0,0,0,1,0,0,0,0,0,0,1,0,0,False
1314,microsoft/azure-maven-plugins,b61d487ad9532f73cb8f50e1e41ba7eaa907f207,com/microsoft/azure/maven/function/AddMojoTest.java,44,7,15,24,0.11,5,7,1,0,0,0,0,4,0,0,0,0,0,0,0,0,0,2,0,4,0,0,False
1315,microsoft/azure-maven-plugins,b61d487ad9532f73cb8f50e1e41ba7eaa907f207,com/microsoft/azure/maven/function/DeployMojoTest.java,18,3,7,8,0.22,4,3,1,0,0,0,0,0,1,0,0,0,0,0,0,0,0,0,0,1,0,0,False
1316,microsoft/azure-maven-plugins,b61d487ad9532f73cb8f50e1e41ba7eaa907f207,com/microsoft/azure/maven/function/ListMojoTest.java,12,2,6,8,0.0,0,2,0,0,0,0,0,1,0,0,0,0,0,0,0,0,1,0,0,1,0,0,False
1317,microsoft/azure-maven-plugins,b61d487ad9532f73cb8f50e1e41ba7eaa907f207,com/microsoft/azure/maven/function/PackageMojoTest.java,42,5,13,41,0.1,4,5,1,0,0,0,0,4,0,0,0,0,0,0,0,0,2,0,0,4,0,0,False
1318,microsoft/azure-maven-plugins,b61d487ad9532f73cb8f50e1e41ba7eaa907f207,com/microsoft/azure/maven/function/RunMojoTest.java,57,8,20,60,0.07,4,8,1,0,0,0,0,7,0,0,0,0,0,0,0,0,1,0,0,7,0,0,False
1319,microsoft/azure-maven-plugins,b61d487ad9532f73cb8f50e1e41ba7eaa907f207,com/microsoft/azure/maven/AbstractAzureMojoTest.java,85,14,29,43,0.26,22,13,3,0,0,0,0,10,0,0,0,0,0,0,0,0,1,0,0,12,0,0,False
1320,microsoft/azure-maven-plugins,b61d487ad9532f73cb8f50e1e41ba7eaa907f207,com/microsoft/azure/maven/prompt/DefaultPrompterTest.java,54,13,27,17,0.22,12,13,8,4,0,0,0,12,0,0,0,0,0,0,0,4,1,0,0,12,0,0,False
1321,microsoft/azure-maven-plugins,b61d487ad9532f73cb8f50e1e41ba7eaa907f207,com/microsoft/azure/maven/prompt/InputValidateResultTest.java,15,2,2,12,0.4,6,2,2,0,0,0,0,0,0,0,0,0,0,0,0,0,0,0,0,2,0,0,False
1322,microsoft/azure-maven-plugins,b61d487ad9532f73cb8f50e1e41ba7eaa907f207,com/microsoft/azure/maven/prompt/SchemaValidatorTest.java,66,6,15,17,0.18,12,6,1,0,0,0,0,5,1,0,1,0,0,0,0,2,0,0,0,5,0,0,False
1323,microsoft/azure-maven-plugins,b61d487ad9532f73cb8f50e1e41ba7eaa907f207,com/microsoft/azure/maven/utils/MavenUtilsTest.java,34,3,6,39,0.32,11,3,2,0,0,0,0,3,0,3,0,0,0,0,0,0,0,0,3,3,0,0,False
1324,microsoft/azure-maven-plugins,b61d487ad9532f73cb8f50e1e41ba7eaa907f207,com/microsoft/azure/maven/utils/TemplateUtilsTest.java,54,8,10,28,0.19,10,8,2,0,0,0,0,1,0,0,0,0,0,0,0,1,0,0,0,8,0,0,False
1325,microsoft/azure-maven-plugins,b61d487ad9532f73cb8f50e1e41ba7eaa907f207,com/microsoft/azure/maven/utils/XmlUtilsTest.java,49,6,10,30,0.33,16,6,4,0,0,0,0,1,0,0,0,0,0,0,0,0,0,0,0,5,0,0,False
1326,microsoft/azure-maven-plugins,b61d487ad9532f73cb8f50e1e41ba7eaa907f207,com/microsoft/azure/maven/springcloud/DeployMojoTest.java,16,1,3,8,0.13,2,1,1,0,0,0,0,1,0,0,0,0,0,0,0,0,0,0,0,1,0,0,False
1327,microsoft/azure-maven-plugins,b61d487ad9532f73cb8f50e1e41ba7eaa907f207,com/microsoft/azure/maven/springcloud/configuration/AppDeploymentMavenConfigTest.java,38,7,7,27,0.21,8,7,1,0,0,0,0,0,0,0,0,0,0,0,0,0,0,0,0,7,0,0,False
1328,microsoft/azure-maven-plugins,b61d487ad9532f73cb8f50e1e41ba7eaa907f207,com/microsoft/azure/maven/springcloud/prompt/ConfigurationPrompterTest.java,185,16,37,75,0.09,16,16,8,1,0,0,0,14,15,0,0,0,2,0,0,7,1,0,1,15,0,0,False
1329,microsoft/azure-maven-plugins,b61d487ad9532f73cb8f50e1e41ba7eaa907f207,com/microsoft/azure/maven/webapp/DeployMojoTest.java,53,7,16,36,0.34,18,5,3,0,0,0,0,3,0,0,0,0,0,0,0,0,0,0,0,3,0,0,False
1330,microsoft/azure-maven-plugins,b61d487ad9532f73cb8f50e1e41ba7eaa907f207,com/microsoft/azure/maven/webapp/parser/ConfigParserTest.java,80,5,7,49,0.29,23,5,4,0,0,0,0,1,4,0,0,0,0,0,0,0,0,0,0,4,0,0,False
1331,microsoft/azure-maven-plugins,b61d487ad9532f73cb8f50e1e41ba7eaa907f207,com/microsoft/azure/maven/webapp/utils/TestUtils.java,52,6,20,29,0.0,0,6,0,0,0,0,0,0,0,0,0,0,0,0,0,0,0,0,0,0,0,0,False
1332,microsoft/azure-maven-plugins,acc5aaa3d1433bdeb939da931e8572f29b110795,com/microsoft/azure/maven/appservice/AbstractAppServiceMojoTest.java,17,2,3,10,0.06,1,1,0,0,0,0,0,0,0,0,0,0,1,0,0,0,0,0,0,1,0,0,False
1333,microsoft/azure-maven-plugins,acc5aaa3d1433bdeb939da931e8572f29b110795,com/microsoft/azure/maven/function/AddMojoTest.java,44,7,15,24,0.11,5,7,1,0,0,0,0,4,0,0,0,0,0,0,0,0,0,2,0,4,0,0,False
1334,microsoft/azure-maven-plugins,acc5aaa3d1433bdeb939da931e8572f29b110795,com/microsoft/azure/maven/function/DeployMojoTest.java,18,3,7,8,0.22,4,3,1,0,0,0,0,0,1,0,0,0,0,0,0,0,0,0,0,1,0,0,False
1335,microsoft/azure-maven-plugins,acc5aaa3d1433bdeb939da931e8572f29b110795,com/microsoft/azure/maven/function/ListMojoTest.java,12,2,6,8,0.0,0,2,0,0,0,0,0,1,0,0,0,0,0,0,0,0,1,0,0,1,0,0,False
1336,microsoft/azure-maven-plugins,acc5aaa3d1433bdeb939da931e8572f29b110795,com/microsoft/azure/maven/function/PackageMojoTest.java,42,5,13,41,0.1,4,5,1,0,0,0,0,4,0,0,0,0,0,0,0,0,2,0,0,4,0,0,False
1337,microsoft/azure-maven-plugins,acc5aaa3d1433bdeb939da931e8572f29b110795,com/microsoft/azure/maven/function/RunMojoTest.java,57,8,20,60,0.07,4,8,1,0,0,0,0,7,0,0,0,0,0,0,0,0,1,0,0,7,0,0,False
1338,microsoft/azure-maven-plugins,acc5aaa3d1433bdeb939da931e8572f29b110795,com/microsoft/azure/maven/AbstractAzureMojoTest.java,85,14,29,43,0.26,22,13,3,0,0,0,0,10,0,0,0,0,0,0,0,0,1,0,0,12,0,0,False
1339,microsoft/azure-maven-plugins,acc5aaa3d1433bdeb939da931e8572f29b110795,com/microsoft/azure/maven/prompt/DefaultPrompterTest.java,54,13,27,17,0.22,12,13,8,4,0,0,0,12,0,0,0,0,0,0,0,4,1,0,0,12,0,0,False
1340,microsoft/azure-maven-plugins,acc5aaa3d1433bdeb939da931e8572f29b110795,com/microsoft/azure/maven/prompt/InputValidateResultTest.java,15,2,2,12,0.4,6,2,2,0,0,0,0,0,0,0,0,0,0,0,0,0,0,0,0,2,0,0,False
1341,microsoft/azure-maven-plugins,acc5aaa3d1433bdeb939da931e8572f29b110795,com/microsoft/azure/maven/prompt/SchemaValidatorTest.java,66,6,15,17,0.18,12,6,1,0,0,0,0,5,1,0,1,0,0,0,0,2,0,0,0,5,0,0,False
1342,microsoft/azure-maven-plugins,acc5aaa3d1433bdeb939da931e8572f29b110795,com/microsoft/azure/maven/utils/MavenUtilsTest.java,34,3,6,39,0.32,11,3,2,0,0,0,0,3,0,3,0,0,0,0,0,0,0,0,3,3,0,0,False
1343,microsoft/azure-maven-plugins,acc5aaa3d1433bdeb939da931e8572f29b110795,com/microsoft/azure/maven/utils/TemplateUtilsTest.java,54,8,10,28,0.19,10,8,2,0,0,0,0,1,0,0,0,0,0,0,0,1,0,0,0,8,0,0,False
1344,microsoft/azure-maven-plugins,acc5aaa3d1433bdeb939da931e8572f29b110795,com/microsoft/azure/maven/utils/XmlUtilsTest.java,49,6,10,30,0.33,16,6,4,0,0,0,0,1,0,0,0,0,0,0,0,0,0,0,0,5,0,0,False
1345,microsoft/azure-maven-plugins,acc5aaa3d1433bdeb939da931e8572f29b110795,com/microsoft/azure/maven/springcloud/DeployMojoTest.java,16,1,3,8,0.13,2,1,1,0,0,0,0,1,0,0,0,0,0,0,0,0,0,0,0,1,0,0,False
1346,microsoft/azure-maven-plugins,acc5aaa3d1433bdeb939da931e8572f29b110795,com/microsoft/azure/maven/springcloud/configuration/AppDeploymentMavenConfigTest.java,38,7,7,27,0.21,8,7,1,0,0,0,0,0,0,0,0,0,0,0,0,0,0,0,0,7,0,0,False
1347,microsoft/azure-maven-plugins,acc5aaa3d1433bdeb939da931e8572f29b110795,com/microsoft/azure/maven/springcloud/prompt/ConfigurationPrompterTest.java,185,16,37,75,0.09,16,16,8,1,0,0,0,14,15,0,0,0,2,0,0,7,1,0,1,15,0,0,False
1348,microsoft/azure-maven-plugins,acc5aaa3d1433bdeb939da931e8572f29b110795,com/microsoft/azure/maven/webapp/DeployMojoTest.java,53,7,16,36,0.34,18,5,3,0,0,0,0,3,0,0,0,0,0,0,0,0,0,0,0,3,0,0,False
1349,microsoft/azure-maven-plugins,acc5aaa3d1433bdeb939da931e8572f29b110795,com/microsoft/azure/maven/webapp/parser/ConfigParserTest.java,80,5,7,49,0.29,23,5,4,0,0,0,0,1,4,0,0,0,0,0,0,0,0,0,0,4,0,0,False
1350,microsoft/azure-maven-plugins,acc5aaa3d1433bdeb939da931e8572f29b110795,com/microsoft/azure/maven/webapp/utils/TestUtils.java,52,6,20,29,0.0,0,6,0,0,0,0,0,0,0,0,0,0,0,0,0,0,0,0,0,0,0,0,False
1351,microsoft/azure-maven-plugins,750ad7686f81a0e51b0dab03d2974ba0781adf39,com/microsoft/azure/maven/function/AddMojoTest.java,44,7,15,24,0.11,5,7,1,0,0,0,0,4,0,0,0,0,0,0,0,0,0,2,0,4,0,0,False
1352,microsoft/azure-maven-plugins,750ad7686f81a0e51b0dab03d2974ba0781adf39,com/microsoft/azure/maven/function/DeployMojoTest.java,18,3,7,8,0.22,4,3,1,0,0,0,0,0,1,0,0,0,0,0,0,0,0,0,0,1,0,0,False
1353,microsoft/azure-maven-plugins,750ad7686f81a0e51b0dab03d2974ba0781adf39,com/microsoft/azure/maven/function/ListMojoTest.java,12,2,6,8,0.0,0,2,0,0,0,0,0,1,0,0,0,0,0,0,0,0,1,0,0,1,0,0,False
1354,microsoft/azure-maven-plugins,750ad7686f81a0e51b0dab03d2974ba0781adf39,com/microsoft/azure/maven/function/PackageMojoTest.java,42,5,13,41,0.1,4,5,1,0,0,0,0,4,0,0,0,0,0,0,0,0,2,0,0,4,0,0,False
1355,microsoft/azure-maven-plugins,750ad7686f81a0e51b0dab03d2974ba0781adf39,com/microsoft/azure/maven/function/RunMojoTest.java,57,8,20,60,0.07,4,8,1,0,0,0,0,7,0,0,0,0,0,0,0,0,1,0,0,7,0,0,False
1356,microsoft/azure-maven-plugins,750ad7686f81a0e51b0dab03d2974ba0781adf39,com/microsoft/azure/maven/AbstractAppServiceMojoTest.java,17,2,3,10,0.06,1,1,0,0,0,0,0,0,0,0,0,0,1,0,0,0,0,0,0,1,0,0,False
1357,microsoft/azure-maven-plugins,750ad7686f81a0e51b0dab03d2974ba0781adf39,com/microsoft/azure/maven/AbstractAzureMojoTest.java,85,14,29,43,0.26,22,13,3,0,0,0,0,10,0,0,0,0,0,0,0,0,1,0,0,12,0,0,False
1358,microsoft/azure-maven-plugins,750ad7686f81a0e51b0dab03d2974ba0781adf39,com/microsoft/azure/maven/prompt/DefaultPrompterTest.java,54,13,27,17,0.22,12,13,8,4,0,0,0,12,0,0,0,0,0,0,0,4,1,0,0,12,0,0,False
1359,microsoft/azure-maven-plugins,750ad7686f81a0e51b0dab03d2974ba0781adf39,com/microsoft/azure/maven/prompt/InputValidateResultTest.java,15,2,2,12,0.4,6,2,2,0,0,0,0,0,0,0,0,0,0,0,0,0,0,0,0,2,0,0,False
1360,microsoft/azure-maven-plugins,750ad7686f81a0e51b0dab03d2974ba0781adf39,com/microsoft/azure/maven/prompt/SchemaValidatorTest.java,66,6,15,17,0.18,12,6,1,0,0,0,0,5,1,0,1,0,0,0,0,2,0,0,0,5,0,0,False
1361,microsoft/azure-maven-plugins,750ad7686f81a0e51b0dab03d2974ba0781adf39,com/microsoft/azure/maven/utils/MavenUtilsTest.java,34,3,6,39,0.32,11,3,2,0,0,0,0,3,0,3,0,0,0,0,0,0,0,0,3,3,0,0,False
1362,microsoft/azure-maven-plugins,750ad7686f81a0e51b0dab03d2974ba0781adf39,com/microsoft/azure/maven/utils/TemplateUtilsTest.java,54,8,10,28,0.19,10,8,2,0,0,0,0,1,0,0,0,0,0,0,0,1,0,0,0,8,0,0,False
1363,microsoft/azure-maven-plugins,750ad7686f81a0e51b0dab03d2974ba0781adf39,com/microsoft/azure/maven/utils/XmlUtilsTest.java,49,6,10,30,0.33,16,6,4,0,0,0,0,1,0,0,0,0,0,0,0,0,0,0,0,5,0,0,False
1364,microsoft/azure-maven-plugins,750ad7686f81a0e51b0dab03d2974ba0781adf39,com/microsoft/azure/maven/webapp/DeployMojoTest.java,51,7,16,36,0.31,16,5,3,0,0,0,0,3,0,0,0,0,0,0,0,0,0,0,0,3,0,0,False
1365,microsoft/azure-maven-plugins,750ad7686f81a0e51b0dab03d2974ba0781adf39,com/microsoft/azure/maven/webapp/parser/ConfigParserTest.java,80,5,7,49,0.29,23,5,4,0,0,0,0,1,4,0,0,0,0,0,0,0,0,0,0,4,0,0,False
1366,microsoft/azure-maven-plugins,750ad7686f81a0e51b0dab03d2974ba0781adf39,com/microsoft/azure/maven/webapp/utils/TestUtils.java,52,6,20,29,0.0,0,6,0,0,0,0,0,0,0,0,0,0,0,0,0,0,0,0,0,0,0,0,False
1367,microsoft/azure-maven-plugins,4b7d143f1875359b58b5f85e2134c3f4909264e1,com/microsoft/azure/maven/function/AddMojoTest.java,44,7,15,24,0.11,5,7,1,0,0,0,0,4,0,0,0,0,0,0,0,0,0,2,0,4,0,0,False
1368,microsoft/azure-maven-plugins,4b7d143f1875359b58b5f85e2134c3f4909264e1,com/microsoft/azure/maven/function/DeployMojoTest.java,18,3,7,8,0.22,4,3,1,0,0,0,0,0,1,0,0,0,0,0,0,0,0,0,0,1,0,0,False
1369,microsoft/azure-maven-plugins,4b7d143f1875359b58b5f85e2134c3f4909264e1,com/microsoft/azure/maven/function/ListMojoTest.java,12,2,6,8,0.0,0,2,0,0,0,0,0,1,0,0,0,0,0,0,0,0,1,0,0,1,0,0,False
1370,microsoft/azure-maven-plugins,4b7d143f1875359b58b5f85e2134c3f4909264e1,com/microsoft/azure/maven/function/PackageMojoTest.java,42,5,13,41,0.1,4,5,1,0,0,0,0,4,0,0,0,0,0,0,0,0,2,0,0,4,0,0,False
1371,microsoft/azure-maven-plugins,4b7d143f1875359b58b5f85e2134c3f4909264e1,com/microsoft/azure/maven/function/RunMojoTest.java,57,8,20,60,0.07,4,8,1,0,0,0,0,7,0,0,0,0,0,0,0,0,1,0,0,7,0,0,False
1372,microsoft/azure-maven-plugins,4b7d143f1875359b58b5f85e2134c3f4909264e1,com/microsoft/azure/maven/AbstractAppServiceMojoTest.java,17,2,3,10,0.06,1,1,0,0,0,0,0,0,0,0,0,0,1,0,0,0,0,0,0,1,0,0,False
1373,microsoft/azure-maven-plugins,4b7d143f1875359b58b5f85e2134c3f4909264e1,com/microsoft/azure/maven/AbstractAzureMojoTest.java,85,14,29,43,0.26,22,13,3,0,0,0,0,10,0,0,0,0,0,0,0,0,1,0,0,12,0,0,False
1374,microsoft/azure-maven-plugins,4b7d143f1875359b58b5f85e2134c3f4909264e1,com/microsoft/azure/maven/prompt/DefaultPrompterTest.java,54,13,27,17,0.22,12,13,8,4,0,0,0,12,0,0,0,0,0,0,0,4,1,0,0,12,0,0,False
1375,microsoft/azure-maven-plugins,4b7d143f1875359b58b5f85e2134c3f4909264e1,com/microsoft/azure/maven/prompt/InputValidateResultTest.java,15,2,2,12,0.4,6,2,2,0,0,0,0,0,0,0,0,0,0,0,0,0,0,0,0,2,0,0,False
1376,microsoft/azure-maven-plugins,4b7d143f1875359b58b5f85e2134c3f4909264e1,com/microsoft/azure/maven/prompt/SchemaValidatorTest.java,66,6,15,17,0.18,12,6,1,0,0,0,0,5,1,0,1,0,0,0,0,2,0,0,0,5,0,0,False
1377,microsoft/azure-maven-plugins,4b7d143f1875359b58b5f85e2134c3f4909264e1,com/microsoft/azure/maven/utils/MavenUtilsTest.java,34,3,6,39,0.32,11,3,2,0,0,0,0,3,0,3,0,0,0,0,0,0,0,0,3,3,0,0,False
1378,microsoft/azure-maven-plugins,4b7d143f1875359b58b5f85e2134c3f4909264e1,com/microsoft/azure/maven/utils/TemplateUtilsTest.java,54,8,10,28,0.19,10,8,2,0,0,0,0,1,0,0,0,0,0,0,0,1,0,0,0,8,0,0,False
1379,microsoft/azure-maven-plugins,4b7d143f1875359b58b5f85e2134c3f4909264e1,com/microsoft/azure/maven/utils/XmlUtilsTest.java,49,6,10,30,0.33,16,6,4,0,0,0,0,1,0,0,0,0,0,0,0,0,0,0,0,5,0,0,False
1380,microsoft/azure-maven-plugins,4b7d143f1875359b58b5f85e2134c3f4909264e1,com/microsoft/azure/maven/webapp/DeployMojoTest.java,51,7,16,36,0.31,16,5,3,0,0,0,0,3,0,0,0,0,0,0,0,0,0,0,0,3,0,0,False
1381,microsoft/azure-maven-plugins,4b7d143f1875359b58b5f85e2134c3f4909264e1,com/microsoft/azure/maven/webapp/parser/ConfigParserTest.java,80,5,7,49,0.29,23,5,4,0,0,0,0,1,4,0,0,0,0,0,0,0,0,0,0,4,0,0,False
1382,microsoft/azure-maven-plugins,4b7d143f1875359b58b5f85e2134c3f4909264e1,com/microsoft/azure/maven/webapp/utils/TestUtils.java,52,6,20,29,0.0,0,6,0,0,0,0,0,0,0,0,0,0,0,0,0,0,0,0,0,0,0,0,False
1383,microsoft/azure-maven-plugins,d4b45a64d86ae609f74704428b63c1480d131a50,com/microsoft/azure/maven/function/AddMojoTest.java,44,7,15,24,0.11,5,7,1,0,0,0,0,4,0,0,0,0,0,0,0,0,0,2,0,4,0,0,False
1384,microsoft/azure-maven-plugins,d4b45a64d86ae609f74704428b63c1480d131a50,com/microsoft/azure/maven/function/DeployMojoTest.java,18,3,7,8,0.22,4,3,1,0,0,0,0,0,1,0,0,0,0,0,0,0,0,0,0,1,0,0,False
1385,microsoft/azure-maven-plugins,d4b45a64d86ae609f74704428b63c1480d131a50,com/microsoft/azure/maven/function/ListMojoTest.java,12,2,6,8,0.0,0,2,0,0,0,0,0,1,0,0,0,0,0,0,0,0,1,0,0,1,0,0,False
1386,microsoft/azure-maven-plugins,d4b45a64d86ae609f74704428b63c1480d131a50,com/microsoft/azure/maven/function/PackageMojoTest.java,42,5,13,41,0.1,4,5,1,0,0,0,0,4,0,0,0,0,0,0,0,0,2,0,0,4,0,0,False
1387,microsoft/azure-maven-plugins,d4b45a64d86ae609f74704428b63c1480d131a50,com/microsoft/azure/maven/function/RunMojoTest.java,57,8,20,60,0.07,4,8,1,0,0,0,0,7,0,0,0,0,0,0,0,0,1,0,0,7,0,0,False
1388,microsoft/azure-maven-plugins,d4b45a64d86ae609f74704428b63c1480d131a50,com/microsoft/azure/maven/AbstractAppServiceMojoTest.java,17,2,3,10,0.06,1,1,0,0,0,0,0,0,0,0,0,0,1,0,0,0,0,0,0,1,0,0,False
1389,microsoft/azure-maven-plugins,d4b45a64d86ae609f74704428b63c1480d131a50,com/microsoft/azure/maven/AbstractAzureMojoTest.java,85,14,29,43,0.26,22,13,3,0,0,0,0,10,0,0,0,0,0,0,0,0,1,0,0,12,0,0,False
1390,microsoft/azure-maven-plugins,d4b45a64d86ae609f74704428b63c1480d131a50,com/microsoft/azure/maven/prompt/DefaultPrompterTest.java,54,13,27,17,0.22,12,13,8,4,0,0,0,12,0,0,0,0,0,0,0,4,1,0,0,12,0,0,False
1391,microsoft/azure-maven-plugins,d4b45a64d86ae609f74704428b63c1480d131a50,com/microsoft/azure/maven/prompt/InputValidateResultTest.java,15,2,2,12,0.4,6,2,2,0,0,0,0,0,0,0,0,0,0,0,0,0,0,0,0,2,0,0,False
1392,microsoft/azure-maven-plugins,d4b45a64d86ae609f74704428b63c1480d131a50,com/microsoft/azure/maven/prompt/SchemaValidatorTest.java,66,6,15,17,0.18,12,6,1,0,0,0,0,5,1,0,1,0,0,0,0,2,0,0,0,5,0,0,False
1393,microsoft/azure-maven-plugins,d4b45a64d86ae609f74704428b63c1480d131a50,com/microsoft/azure/maven/utils/MavenUtilsTest.java,34,3,6,39,0.32,11,3,2,0,0,0,0,3,0,3,0,0,0,0,0,0,0,0,3,3,0,0,False
1394,microsoft/azure-maven-plugins,d4b45a64d86ae609f74704428b63c1480d131a50,com/microsoft/azure/maven/utils/TemplateUtilsTest.java,54,8,10,28,0.19,10,8,2,0,0,0,0,1,0,0,0,0,0,0,0,1,0,0,0,8,0,0,False
1395,microsoft/azure-maven-plugins,d4b45a64d86ae609f74704428b63c1480d131a50,com/microsoft/azure/maven/utils/XmlUtilsTest.java,49,6,10,30,0.33,16,6,4,0,0,0,0,1,0,0,0,0,0,0,0,0,0,0,0,5,0,0,False
1396,microsoft/azure-maven-plugins,d4b45a64d86ae609f74704428b63c1480d131a50,com/microsoft/azure/maven/webapp/DeployMojoTest.java,51,7,16,36,0.31,16,5,3,0,0,0,0,3,0,0,0,0,0,0,0,0,0,0,0,3,0,0,False
1397,microsoft/azure-maven-plugins,d4b45a64d86ae609f74704428b63c1480d131a50,com/microsoft/azure/maven/webapp/parser/ConfigParserTest.java,80,5,7,49,0.29,23,5,4,0,0,0,0,1,4,0,0,0,0,0,0,0,0,0,0,4,0,0,False
1398,microsoft/azure-maven-plugins,d4b45a64d86ae609f74704428b63c1480d131a50,com/microsoft/azure/maven/webapp/utils/TestUtils.java,52,6,20,29,0.0,0,6,0,0,0,0,0,0,0,0,0,0,0,0,0,0,0,0,0,0,0,0,False
1399,microsoft/azure-maven-plugins,499009279334c7c6685ba33ba6f02b7b68f5ddf8,com/microsoft/azure/maven/function/AddMojoTest.java,44,7,15,24,0.11,5,7,1,0,0,0,0,4,0,0,0,0,0,0,0,0,0,2,0,4,0,0,False
1400,microsoft/azure-maven-plugins,499009279334c7c6685ba33ba6f02b7b68f5ddf8,com/microsoft/azure/maven/function/DeployMojoTest.java,18,3,7,8,0.22,4,3,1,0,0,0,0,0,1,0,0,0,0,0,0,0,0,0,0,1,0,0,False
1401,microsoft/azure-maven-plugins,499009279334c7c6685ba33ba6f02b7b68f5ddf8,com/microsoft/azure/maven/function/ListMojoTest.java,12,2,6,8,0.0,0,2,0,0,0,0,0,1,0,0,0,0,0,0,0,0,1,0,0,1,0,0,False
1402,microsoft/azure-maven-plugins,499009279334c7c6685ba33ba6f02b7b68f5ddf8,com/microsoft/azure/maven/function/PackageMojoTest.java,42,5,13,41,0.1,4,5,1,0,0,0,0,4,0,0,0,0,0,0,0,0,2,0,0,4,0,0,False
1403,microsoft/azure-maven-plugins,499009279334c7c6685ba33ba6f02b7b68f5ddf8,com/microsoft/azure/maven/function/RunMojoTest.java,57,8,20,60,0.07,4,8,1,0,0,0,0,7,0,0,0,0,0,0,0,0,1,0,0,7,0,0,False
1404,microsoft/azure-maven-plugins,499009279334c7c6685ba33ba6f02b7b68f5ddf8,com/microsoft/azure/maven/AbstractAppServiceMojoTest.java,17,2,3,10,0.06,1,1,0,0,0,0,0,0,0,0,0,0,1,0,0,0,0,0,0,1,0,0,False
1405,microsoft/azure-maven-plugins,499009279334c7c6685ba33ba6f02b7b68f5ddf8,com/microsoft/azure/maven/AbstractAzureMojoTest.java,85,14,29,43,0.26,22,13,3,0,0,0,0,10,0,0,0,0,0,0,0,0,1,0,0,12,0,0,False
1406,microsoft/azure-maven-plugins,499009279334c7c6685ba33ba6f02b7b68f5ddf8,com/microsoft/azure/maven/prompt/DefaultPrompterTest.java,54,13,27,17,0.22,12,13,8,4,0,0,0,12,0,0,0,0,0,0,0,4,1,0,0,12,0,0,False
1407,microsoft/azure-maven-plugins,499009279334c7c6685ba33ba6f02b7b68f5ddf8,com/microsoft/azure/maven/prompt/InputValidateResultTest.java,15,2,2,12,0.4,6,2,2,0,0,0,0,0,0,0,0,0,0,0,0,0,0,0,0,2,0,0,False
1408,microsoft/azure-maven-plugins,499009279334c7c6685ba33ba6f02b7b68f5ddf8,com/microsoft/azure/maven/prompt/SchemaValidatorTest.java,66,6,15,17,0.18,12,6,1,0,0,0,0,5,1,0,1,0,0,0,0,2,0,0,0,5,0,0,False
1409,microsoft/azure-maven-plugins,499009279334c7c6685ba33ba6f02b7b68f5ddf8,com/microsoft/azure/maven/utils/MavenUtilsTest.java,34,3,6,39,0.32,11,3,2,0,0,0,0,3,0,3,0,0,0,0,0,0,0,0,3,3,0,0,False
1410,microsoft/azure-maven-plugins,499009279334c7c6685ba33ba6f02b7b68f5ddf8,com/microsoft/azure/maven/utils/TemplateUtilsTest.java,54,8,10,28,0.19,10,8,2,0,0,0,0,1,0,0,0,0,0,0,0,1,0,0,0,8,0,0,False
1411,microsoft/azure-maven-plugins,499009279334c7c6685ba33ba6f02b7b68f5ddf8,com/microsoft/azure/maven/utils/XmlUtilsTest.java,49,6,10,30,0.33,16,6,4,0,0,0,0,1,0,0,0,0,0,0,0,0,0,0,0,5,0,0,False
1412,microsoft/azure-maven-plugins,499009279334c7c6685ba33ba6f02b7b68f5ddf8,com/microsoft/azure/maven/webapp/DeployMojoTest.java,51,7,16,36,0.31,16,5,3,0,0,0,0,3,0,0,0,0,0,0,0,0,0,0,0,3,0,0,False
1413,microsoft/azure-maven-plugins,499009279334c7c6685ba33ba6f02b7b68f5ddf8,com/microsoft/azure/maven/webapp/parser/ConfigParserTest.java,80,5,7,49,0.29,23,5,4,0,0,0,0,1,4,0,0,0,0,0,0,0,0,0,0,4,0,0,False
1414,microsoft/azure-maven-plugins,499009279334c7c6685ba33ba6f02b7b68f5ddf8,com/microsoft/azure/maven/webapp/utils/TestUtils.java,52,6,20,29,0.0,0,6,0,0,0,0,0,0,0,0,0,0,0,0,0,0,0,0,0,0,0,0,False
1415,microsoft/azure-maven-plugins,b851b03df984b2de22aafdb620f0f81f10f0e09c,com/microsoft/azure/maven/function/AddMojoTest.java,44,7,15,24,0.11,5,7,1,0,0,0,0,4,0,0,0,0,0,0,0,0,0,2,0,4,0,0,False
1416,microsoft/azure-maven-plugins,b851b03df984b2de22aafdb620f0f81f10f0e09c,com/microsoft/azure/maven/function/DeployMojoTest.java,18,3,7,8,0.22,4,3,1,0,0,0,0,0,1,0,0,0,0,0,0,0,0,0,0,1,0,0,False
1417,microsoft/azure-maven-plugins,b851b03df984b2de22aafdb620f0f81f10f0e09c,com/microsoft/azure/maven/function/ListMojoTest.java,12,2,6,8,0.0,0,2,0,0,0,0,0,1,0,0,0,0,0,0,0,0,1,0,0,1,0,0,False
1418,microsoft/azure-maven-plugins,b851b03df984b2de22aafdb620f0f81f10f0e09c,com/microsoft/azure/maven/function/PackageMojoTest.java,42,5,13,41,0.1,4,5,1,0,0,0,0,4,0,0,0,0,0,0,0,0,2,0,0,4,0,0,False
1419,microsoft/azure-maven-plugins,b851b03df984b2de22aafdb620f0f81f10f0e09c,com/microsoft/azure/maven/function/RunMojoTest.java,57,8,20,60,0.07,4,8,1,0,0,0,0,7,0,0,0,0,0,0,0,0,1,0,0,7,0,0,False
1420,microsoft/azure-maven-plugins,b851b03df984b2de22aafdb620f0f81f10f0e09c,com/microsoft/azure/maven/AbstractAppServiceMojoTest.java,17,2,3,10,0.06,1,1,0,0,0,0,0,0,0,0,0,0,1,0,0,0,0,0,0,1,0,0,False
1421,microsoft/azure-maven-plugins,b851b03df984b2de22aafdb620f0f81f10f0e09c,com/microsoft/azure/maven/AbstractAzureMojoTest.java,85,14,29,43,0.26,22,13,3,0,0,0,0,10,0,0,0,0,0,0,0,0,1,0,0,12,0,0,False
1422,microsoft/azure-maven-plugins,b851b03df984b2de22aafdb620f0f81f10f0e09c,com/microsoft/azure/maven/prompt/DefaultPrompterTest.java,54,13,27,17,0.22,12,13,8,4,0,0,0,12,0,0,0,0,0,0,0,4,1,0,0,12,0,0,False
1423,microsoft/azure-maven-plugins,b851b03df984b2de22aafdb620f0f81f10f0e09c,com/microsoft/azure/maven/prompt/InputValidateResultTest.java,15,2,2,12,0.4,6,2,2,0,0,0,0,0,0,0,0,0,0,0,0,0,0,0,0,2,0,0,False
1424,microsoft/azure-maven-plugins,b851b03df984b2de22aafdb620f0f81f10f0e09c,com/microsoft/azure/maven/prompt/SchemaValidatorTest.java,66,6,15,17,0.18,12,6,1,0,0,0,0,5,1,0,1,0,0,0,0,2,0,0,0,5,0,0,False
1425,microsoft/azure-maven-plugins,b851b03df984b2de22aafdb620f0f81f10f0e09c,com/microsoft/azure/maven/utils/MavenUtilsTest.java,34,3,6,39,0.32,11,3,2,0,0,0,0,3,0,3,0,0,0,0,0,0,0,0,3,3,0,0,False
1426,microsoft/azure-maven-plugins,b851b03df984b2de22aafdb620f0f81f10f0e09c,com/microsoft/azure/maven/utils/TemplateUtilsTest.java,54,8,10,28,0.19,10,8,2,0,0,0,0,1,0,0,0,0,0,0,0,1,0,0,0,8,0,0,False
1427,microsoft/azure-maven-plugins,b851b03df984b2de22aafdb620f0f81f10f0e09c,com/microsoft/azure/maven/utils/XmlUtilsTest.java,49,6,10,30,0.33,16,6,4,0,0,0,0,1,0,0,0,0,0,0,0,0,0,0,0,5,0,0,False
1428,microsoft/azure-maven-plugins,b851b03df984b2de22aafdb620f0f81f10f0e09c,com/microsoft/azure/maven/webapp/DeployMojoTest.java,53,7,16,37,0.34,18,5,3,0,0,0,0,3,0,0,0,0,0,0,0,0,0,0,0,3,0,0,False
1429,microsoft/azure-maven-plugins,b851b03df984b2de22aafdb620f0f81f10f0e09c,com/microsoft/azure/maven/webapp/parser/ConfigParserTest.java,80,5,7,49,0.29,23,5,4,0,0,0,0,1,4,0,0,0,0,0,0,0,0,0,0,4,0,0,False
1430,microsoft/azure-maven-plugins,b851b03df984b2de22aafdb620f0f81f10f0e09c,com/microsoft/azure/maven/webapp/utils/TestUtils.java,52,6,20,29,0.0,0,6,0,0,0,0,0,0,0,0,0,0,0,0,0,0,0,0,0,0,0,0,False
1431,microsoft/azure-maven-plugins,4d8c96fd51cbf5e356c48e47642f2ed67b747527,com/microsoft/azure/maven/function/AddMojoTest.java,44,7,15,24,0.11,5,7,1,0,0,0,0,4,0,0,0,0,0,0,0,0,0,2,0,4,0,0,False
1432,microsoft/azure-maven-plugins,4d8c96fd51cbf5e356c48e47642f2ed67b747527,com/microsoft/azure/maven/function/DeployMojoTest.java,18,3,7,8,0.22,4,3,1,0,0,0,0,0,1,0,0,0,0,0,0,0,0,0,0,1,0,0,False
1433,microsoft/azure-maven-plugins,4d8c96fd51cbf5e356c48e47642f2ed67b747527,com/microsoft/azure/maven/function/ListMojoTest.java,12,2,6,8,0.0,0,2,0,0,0,0,0,1,0,0,0,0,0,0,0,0,1,0,0,1,0,0,False
1434,microsoft/azure-maven-plugins,4d8c96fd51cbf5e356c48e47642f2ed67b747527,com/microsoft/azure/maven/function/PackageMojoTest.java,42,5,13,41,0.1,4,5,1,0,0,0,0,4,0,0,0,0,0,0,0,0,2,0,0,4,0,0,False
1435,microsoft/azure-maven-plugins,4d8c96fd51cbf5e356c48e47642f2ed67b747527,com/microsoft/azure/maven/function/RunMojoTest.java,57,8,20,60,0.07,4,8,1,0,0,0,0,7,0,0,0,0,0,0,0,0,1,0,0,7,0,0,False
1436,microsoft/azure-maven-plugins,4d8c96fd51cbf5e356c48e47642f2ed67b747527,com/microsoft/azure/maven/AbstractAppServiceMojoTest.java,17,2,3,10,0.06,1,1,0,0,0,0,0,0,0,0,0,0,1,0,0,0,0,0,0,1,0,0,False
1437,microsoft/azure-maven-plugins,4d8c96fd51cbf5e356c48e47642f2ed67b747527,com/microsoft/azure/maven/AbstractAzureMojoTest.java,85,14,29,43,0.26,22,13,3,0,0,0,0,10,0,0,0,0,0,0,0,0,1,0,0,12,0,0,False
1438,microsoft/azure-maven-plugins,4d8c96fd51cbf5e356c48e47642f2ed67b747527,com/microsoft/azure/maven/prompt/DefaultPrompterTest.java,54,13,27,17,0.22,12,13,8,4,0,0,0,12,0,0,0,0,0,0,0,4,1,0,0,12,0,0,False
1439,microsoft/azure-maven-plugins,4d8c96fd51cbf5e356c48e47642f2ed67b747527,com/microsoft/azure/maven/prompt/InputValidateResultTest.java,15,2,2,12,0.4,6,2,2,0,0,0,0,0,0,0,0,0,0,0,0,0,0,0,0,2,0,0,False
1440,microsoft/azure-maven-plugins,4d8c96fd51cbf5e356c48e47642f2ed67b747527,com/microsoft/azure/maven/prompt/SchemaValidatorTest.java,66,6,15,17,0.18,12,6,1,0,0,0,0,5,1,0,1,0,0,0,0,2,0,0,0,5,0,0,False
1441,microsoft/azure-maven-plugins,4d8c96fd51cbf5e356c48e47642f2ed67b747527,com/microsoft/azure/maven/utils/MavenUtilsTest.java,34,3,6,39,0.32,11,3,2,0,0,0,0,3,0,3,0,0,0,0,0,0,0,0,3,3,0,0,False
1442,microsoft/azure-maven-plugins,4d8c96fd51cbf5e356c48e47642f2ed67b747527,com/microsoft/azure/maven/utils/TemplateUtilsTest.java,54,8,10,28,0.19,10,8,2,0,0,0,0,1,0,0,0,0,0,0,0,1,0,0,0,8,0,0,False
1443,microsoft/azure-maven-plugins,4d8c96fd51cbf5e356c48e47642f2ed67b747527,com/microsoft/azure/maven/utils/XmlUtilsTest.java,49,6,10,30,0.33,16,6,4,0,0,0,0,1,0,0,0,0,0,0,0,0,0,0,0,5,0,0,False
1444,microsoft/azure-maven-plugins,4d8c96fd51cbf5e356c48e47642f2ed67b747527,com/microsoft/azure/maven/webapp/DeployMojoTest.java,53,7,16,37,0.34,18,5,3,0,0,0,0,3,0,0,0,0,0,0,0,0,0,0,0,3,0,0,False
1445,microsoft/azure-maven-plugins,4d8c96fd51cbf5e356c48e47642f2ed67b747527,com/microsoft/azure/maven/webapp/parser/ConfigParserTest.java,80,5,7,49,0.29,23,5,4,0,0,0,0,1,4,0,0,0,0,0,0,0,0,0,0,4,0,0,False
1446,microsoft/azure-maven-plugins,4d8c96fd51cbf5e356c48e47642f2ed67b747527,com/microsoft/azure/maven/webapp/utils/TestUtils.java,52,6,20,29,0.0,0,6,0,0,0,0,0,0,0,0,0,0,0,0,0,0,0,0,0,0,0,0,False
1447,microsoft/azure-maven-plugins,af08bf3623d4a4127bfbf3ee0a52c0d52b0b9267,com/microsoft/azure/maven/function/AddMojoTest.java,44,7,15,24,0.11,5,7,1,0,0,0,0,4,0,0,0,0,0,0,0,0,0,2,0,4,0,0,False
1448,microsoft/azure-maven-plugins,af08bf3623d4a4127bfbf3ee0a52c0d52b0b9267,com/microsoft/azure/maven/function/DeployMojoTest.java,18,3,7,8,0.22,4,3,1,0,0,0,0,0,1,0,0,0,0,0,0,0,0,0,0,1,0,0,False
1449,microsoft/azure-maven-plugins,af08bf3623d4a4127bfbf3ee0a52c0d52b0b9267,com/microsoft/azure/maven/function/ListMojoTest.java,12,2,6,8,0.0,0,2,0,0,0,0,0,1,0,0,0,0,0,0,0,0,1,0,0,1,0,0,False
1450,microsoft/azure-maven-plugins,af08bf3623d4a4127bfbf3ee0a52c0d52b0b9267,com/microsoft/azure/maven/function/PackageMojoTest.java,42,5,13,41,0.1,4,5,1,0,0,0,0,4,0,0,0,0,0,0,0,0,2,0,0,4,0,0,False
1451,microsoft/azure-maven-plugins,af08bf3623d4a4127bfbf3ee0a52c0d52b0b9267,com/microsoft/azure/maven/function/RunMojoTest.java,57,8,20,60,0.07,4,8,1,0,0,0,0,7,0,0,0,0,0,0,0,0,1,0,0,7,0,0,False
1452,microsoft/azure-maven-plugins,af08bf3623d4a4127bfbf3ee0a52c0d52b0b9267,com/microsoft/azure/maven/AbstractAppServiceMojoTest.java,17,2,3,10,0.06,1,1,0,0,0,0,0,0,0,0,0,0,1,0,0,0,0,0,0,1,0,0,False
1453,microsoft/azure-maven-plugins,af08bf3623d4a4127bfbf3ee0a52c0d52b0b9267,com/microsoft/azure/maven/AbstractAzureMojoTest.java,85,14,29,43,0.26,22,13,3,0,0,0,0,10,0,0,0,0,0,0,0,0,1,0,0,12,0,0,False
1454,microsoft/azure-maven-plugins,af08bf3623d4a4127bfbf3ee0a52c0d52b0b9267,com/microsoft/azure/maven/prompt/DefaultPrompterTest.java,54,13,27,17,0.22,12,13,8,4,0,0,0,12,0,0,0,0,0,0,0,4,1,0,0,12,0,0,False
1455,microsoft/azure-maven-plugins,af08bf3623d4a4127bfbf3ee0a52c0d52b0b9267,com/microsoft/azure/maven/prompt/InputValidateResultTest.java,15,2,2,12,0.4,6,2,2,0,0,0,0,0,0,0,0,0,0,0,0,0,0,0,0,2,0,0,False
1456,microsoft/azure-maven-plugins,af08bf3623d4a4127bfbf3ee0a52c0d52b0b9267,com/microsoft/azure/maven/prompt/SchemaValidatorTest.java,66,6,15,17,0.18,12,6,1,0,0,0,0,5,1,0,1,0,0,0,0,2,0,0,0,5,0,0,False
1457,microsoft/azure-maven-plugins,af08bf3623d4a4127bfbf3ee0a52c0d52b0b9267,com/microsoft/azure/maven/utils/MavenUtilsTest.java,34,3,6,39,0.32,11,3,2,0,0,0,0,3,0,3,0,0,0,0,0,0,0,0,3,3,0,0,False
1458,microsoft/azure-maven-plugins,af08bf3623d4a4127bfbf3ee0a52c0d52b0b9267,com/microsoft/azure/maven/utils/TemplateUtilsTest.java,54,8,10,28,0.19,10,8,2,0,0,0,0,1,0,0,0,0,0,0,0,1,0,0,0,8,0,0,False
1459,microsoft/azure-maven-plugins,af08bf3623d4a4127bfbf3ee0a52c0d52b0b9267,com/microsoft/azure/maven/utils/XmlUtilsTest.java,49,6,10,30,0.33,16,6,4,0,0,0,0,1,0,0,0,0,0,0,0,0,0,0,0,5,0,0,False
1460,microsoft/azure-maven-plugins,af08bf3623d4a4127bfbf3ee0a52c0d52b0b9267,com/microsoft/azure/maven/webapp/DeployMojoTest.java,53,7,16,37,0.34,18,5,3,0,0,0,0,3,0,0,0,0,0,0,0,0,0,0,0,3,0,0,False
1461,microsoft/azure-maven-plugins,af08bf3623d4a4127bfbf3ee0a52c0d52b0b9267,com/microsoft/azure/maven/webapp/parser/ConfigParserTest.java,80,5,7,49,0.29,23,5,4,0,0,0,0,1,4,0,0,0,0,0,0,0,0,0,0,4,0,0,False
1462,microsoft/azure-maven-plugins,af08bf3623d4a4127bfbf3ee0a52c0d52b0b9267,com/microsoft/azure/maven/webapp/utils/TestUtils.java,52,6,20,29,0.0,0,6,0,0,0,0,0,0,0,0,0,0,0,0,0,0,0,0,0,0,0,0,False
1463,microsoft/azure-maven-plugins,8bec9377229474d4a71c261b9337caa5973ee132,com/microsoft/azure/maven/function/AddMojoTest.java,44,7,15,24,0.11,5,7,1,0,0,0,0,4,0,0,0,0,0,0,0,0,0,2,0,4,0,0,False
1464,microsoft/azure-maven-plugins,8bec9377229474d4a71c261b9337caa5973ee132,com/microsoft/azure/maven/function/DeployMojoTest.java,18,3,7,8,0.22,4,3,1,0,0,0,0,0,1,0,0,0,0,0,0,0,0,0,0,1,0,0,False
1465,microsoft/azure-maven-plugins,8bec9377229474d4a71c261b9337caa5973ee132,com/microsoft/azure/maven/function/ListMojoTest.java,12,2,6,8,0.0,0,2,0,0,0,0,0,1,0,0,0,0,0,0,0,0,1,0,0,1,0,0,False
1466,microsoft/azure-maven-plugins,8bec9377229474d4a71c261b9337caa5973ee132,com/microsoft/azure/maven/function/PackageMojoTest.java,42,5,13,41,0.1,4,5,1,0,0,0,0,4,0,0,0,0,0,0,0,0,2,0,0,4,0,0,False
1467,microsoft/azure-maven-plugins,8bec9377229474d4a71c261b9337caa5973ee132,com/microsoft/azure/maven/function/RunMojoTest.java,57,8,20,60,0.07,4,8,1,0,0,0,0,7,0,0,0,0,0,0,0,0,1,0,0,7,0,0,False
1468,microsoft/azure-maven-plugins,8bec9377229474d4a71c261b9337caa5973ee132,com/microsoft/azure/maven/AbstractAppServiceMojoTest.java,17,2,3,10,0.06,1,1,0,0,0,0,0,0,0,0,0,0,1,0,0,0,0,0,0,1,0,0,False
1469,microsoft/azure-maven-plugins,8bec9377229474d4a71c261b9337caa5973ee132,com/microsoft/azure/maven/AbstractAzureMojoTest.java,85,14,29,43,0.26,22,13,3,0,0,0,0,10,0,0,0,0,0,0,0,0,1,0,0,12,0,0,False
1470,microsoft/azure-maven-plugins,8bec9377229474d4a71c261b9337caa5973ee132,com/microsoft/azure/maven/prompt/DefaultPrompterTest.java,54,13,27,17,0.22,12,13,8,4,0,0,0,12,0,0,0,0,0,0,0,4,1,0,0,12,0,0,False
1471,microsoft/azure-maven-plugins,8bec9377229474d4a71c261b9337caa5973ee132,com/microsoft/azure/maven/prompt/InputValidateResultTest.java,15,2,2,12,0.4,6,2,2,0,0,0,0,0,0,0,0,0,0,0,0,0,0,0,0,2,0,0,False
1472,microsoft/azure-maven-plugins,8bec9377229474d4a71c261b9337caa5973ee132,com/microsoft/azure/maven/prompt/SchemaValidatorTest.java,66,6,15,17,0.18,12,6,1,0,0,0,0,5,1,0,1,0,0,0,0,2,0,0,0,5,0,0,False
1473,microsoft/azure-maven-plugins,8bec9377229474d4a71c261b9337caa5973ee132,com/microsoft/azure/maven/utils/MavenUtilsTest.java,34,3,6,39,0.32,11,3,2,0,0,0,0,3,0,3,0,0,0,0,0,0,0,0,3,3,0,0,False
1474,microsoft/azure-maven-plugins,8bec9377229474d4a71c261b9337caa5973ee132,com/microsoft/azure/maven/utils/TemplateUtilsTest.java,54,8,10,28,0.19,10,8,2,0,0,0,0,1,0,0,0,0,0,0,0,1,0,0,0,8,0,0,False
1475,microsoft/azure-maven-plugins,8bec9377229474d4a71c261b9337caa5973ee132,com/microsoft/azure/maven/utils/XmlUtilsTest.java,49,6,10,30,0.33,16,6,4,0,0,0,0,1,0,0,0,0,0,0,0,0,0,0,0,5,0,0,False
1476,microsoft/azure-maven-plugins,8bec9377229474d4a71c261b9337caa5973ee132,com/microsoft/azure/maven/webapp/DeployMojoTest.java,53,7,16,37,0.34,18,5,3,0,0,0,0,3,0,0,0,0,0,0,0,0,0,0,0,3,0,0,False
1477,microsoft/azure-maven-plugins,8bec9377229474d4a71c261b9337caa5973ee132,com/microsoft/azure/maven/webapp/parser/ConfigParserTest.java,80,5,7,49,0.29,23,5,4,0,0,0,0,1,4,0,0,0,0,0,0,0,0,0,0,4,0,0,False
1478,microsoft/azure-maven-plugins,8bec9377229474d4a71c261b9337caa5973ee132,com/microsoft/azure/maven/webapp/utils/TestUtils.java,52,6,20,29,0.0,0,6,0,0,0,0,0,0,0,0,0,0,0,0,0,0,0,0,0,0,0,0,False
1479,microsoft/azure-maven-plugins,8bec9377229474d4a71c261b9337caa5973ee132,com/microsoft/azure/maven/function/AddMojoTest.java,44,7,15,24,0.11,5,7,1,0,0,0,0,4,0,0,0,0,0,0,0,0,0,2,0,4,0,0,False
1480,microsoft/azure-maven-plugins,8bec9377229474d4a71c261b9337caa5973ee132,com/microsoft/azure/maven/function/DeployMojoTest.java,18,3,7,8,0.22,4,3,1,0,0,0,0,0,1,0,0,0,0,0,0,0,0,0,0,1,0,0,False
1481,microsoft/azure-maven-plugins,8bec9377229474d4a71c261b9337caa5973ee132,com/microsoft/azure/maven/function/ListMojoTest.java,12,2,6,8,0.0,0,2,0,0,0,0,0,1,0,0,0,0,0,0,0,0,1,0,0,1,0,0,False
1482,microsoft/azure-maven-plugins,8bec9377229474d4a71c261b9337caa5973ee132,com/microsoft/azure/maven/function/PackageMojoTest.java,42,5,13,41,0.1,4,5,1,0,0,0,0,4,0,0,0,0,0,0,0,0,2,0,0,4,0,0,False
1483,microsoft/azure-maven-plugins,8bec9377229474d4a71c261b9337caa5973ee132,com/microsoft/azure/maven/function/RunMojoTest.java,57,8,20,60,0.07,4,8,1,0,0,0,0,7,0,0,0,0,0,0,0,0,1,0,0,7,0,0,False
1484,microsoft/azure-maven-plugins,8bec9377229474d4a71c261b9337caa5973ee132,com/microsoft/azure/maven/AbstractAppServiceMojoTest.java,17,2,3,10,0.06,1,1,0,0,0,0,0,0,0,0,0,0,1,0,0,0,0,0,0,1,0,0,False
1485,microsoft/azure-maven-plugins,8bec9377229474d4a71c261b9337caa5973ee132,com/microsoft/azure/maven/AbstractAzureMojoTest.java,85,14,29,43,0.26,22,13,3,0,0,0,0,10,0,0,0,0,0,0,0,0,1,0,0,12,0,0,False
1486,microsoft/azure-maven-plugins,8bec9377229474d4a71c261b9337caa5973ee132,com/microsoft/azure/maven/prompt/DefaultPrompterTest.java,54,13,27,17,0.22,12,13,8,4,0,0,0,12,0,0,0,0,0,0,0,4,1,0,0,12,0,0,False
1487,microsoft/azure-maven-plugins,8bec9377229474d4a71c261b9337caa5973ee132,com/microsoft/azure/maven/prompt/InputValidateResultTest.java,15,2,2,12,0.4,6,2,2,0,0,0,0,0,0,0,0,0,0,0,0,0,0,0,0,2,0,0,False
1488,microsoft/azure-maven-plugins,8bec9377229474d4a71c261b9337caa5973ee132,com/microsoft/azure/maven/prompt/SchemaValidatorTest.java,66,6,15,17,0.18,12,6,1,0,0,0,0,5,1,0,1,0,0,0,0,2,0,0,0,5,0,0,False
1489,microsoft/azure-maven-plugins,8bec9377229474d4a71c261b9337caa5973ee132,com/microsoft/azure/maven/utils/MavenUtilsTest.java,34,3,6,39,0.32,11,3,2,0,0,0,0,3,0,3,0,0,0,0,0,0,0,0,3,3,0,0,False
1490,microsoft/azure-maven-plugins,8bec9377229474d4a71c261b9337caa5973ee132,com/microsoft/azure/maven/utils/TemplateUtilsTest.java,54,8,10,28,0.19,10,8,2,0,0,0,0,1,0,0,0,0,0,0,0,1,0,0,0,8,0,0,False
1491,microsoft/azure-maven-plugins,8bec9377229474d4a71c261b9337caa5973ee132,com/microsoft/azure/maven/utils/XmlUtilsTest.java,49,6,10,30,0.33,16,6,4,0,0,0,0,1,0,0,0,0,0,0,0,0,0,0,0,5,0,0,False
1492,microsoft/azure-maven-plugins,8bec9377229474d4a71c261b9337caa5973ee132,com/microsoft/azure/maven/webapp/DeployMojoTest.java,53,7,16,37,0.34,18,5,3,0,0,0,0,3,0,0,0,0,0,0,0,0,0,0,0,3,0,0,False
1493,microsoft/azure-maven-plugins,8bec9377229474d4a71c261b9337caa5973ee132,com/microsoft/azure/maven/webapp/parser/ConfigParserTest.java,80,5,7,49,0.29,23,5,4,0,0,0,0,1,4,0,0,0,0,0,0,0,0,0,0,4,0,0,False
1494,microsoft/azure-maven-plugins,8bec9377229474d4a71c261b9337caa5973ee132,com/microsoft/azure/maven/webapp/utils/TestUtils.java,52,6,20,29,0.0,0,6,0,0,0,0,0,0,0,0,0,0,0,0,0,0,0,0,0,0,0,0,False
1495,microsoft/azure-maven-plugins,ce76dc3aca5c6df01971a140497a5eef240ab15b,com/microsoft/azure/maven/function/AddMojoTest.java,44,7,15,24,0.11,5,7,1,0,0,0,0,4,0,0,0,0,0,0,0,0,0,2,0,4,0,0,False
1496,microsoft/azure-maven-plugins,ce76dc3aca5c6df01971a140497a5eef240ab15b,com/microsoft/azure/maven/function/DeployMojoTest.java,18,3,7,8,0.22,4,3,1,0,0,0,0,0,1,0,0,0,0,0,0,0,0,0,0,1,0,0,False
1497,microsoft/azure-maven-plugins,ce76dc3aca5c6df01971a140497a5eef240ab15b,com/microsoft/azure/maven/function/ListMojoTest.java,12,2,6,8,0.0,0,2,0,0,0,0,0,1,0,0,0,0,0,0,0,0,1,0,0,1,0,0,False
1498,microsoft/azure-maven-plugins,ce76dc3aca5c6df01971a140497a5eef240ab15b,com/microsoft/azure/maven/function/PackageMojoTest.java,42,5,13,41,0.1,4,5,1,0,0,0,0,4,0,0,0,0,0,0,0,0,2,0,0,4,0,0,False
1499,microsoft/azure-maven-plugins,ce76dc3aca5c6df01971a140497a5eef240ab15b,com/microsoft/azure/maven/function/RunMojoTest.java,57,8,20,60,0.07,4,8,1,0,0,0,0,7,0,0,0,0,0,0,0,0,1,0,0,7,0,0,False
1500,microsoft/azure-maven-plugins,ce76dc3aca5c6df01971a140497a5eef240ab15b,com/microsoft/azure/maven/AbstractAppServiceMojoTest.java,17,2,3,10,0.06,1,1,0,0,0,0,0,0,0,0,0,0,1,0,0,0,0,0,0,1,0,0,False
1501,microsoft/azure-maven-plugins,ce76dc3aca5c6df01971a140497a5eef240ab15b,com/microsoft/azure/maven/AbstractAzureMojoTest.java,85,14,29,43,0.26,22,13,3,0,0,0,0,10,0,0,0,0,0,0,0,0,1,0,0,12,0,0,False
1502,microsoft/azure-maven-plugins,ce76dc3aca5c6df01971a140497a5eef240ab15b,com/microsoft/azure/maven/prompt/DefaultPrompterTest.java,54,13,27,17,0.22,12,13,8,4,0,0,0,12,0,0,0,0,0,0,0,4,1,0,0,12,0,0,False
1503,microsoft/azure-maven-plugins,ce76dc3aca5c6df01971a140497a5eef240ab15b,com/microsoft/azure/maven/prompt/InputValidateResultTest.java,15,2,2,12,0.4,6,2,2,0,0,0,0,0,0,0,0,0,0,0,0,0,0,0,0,2,0,0,False
1504,microsoft/azure-maven-plugins,ce76dc3aca5c6df01971a140497a5eef240ab15b,com/microsoft/azure/maven/prompt/SchemaValidatorTest.java,66,6,15,17,0.18,12,6,1,0,0,0,0,5,1,0,1,0,0,0,0,2,0,0,0,5,0,0,False
1505,microsoft/azure-maven-plugins,ce76dc3aca5c6df01971a140497a5eef240ab15b,com/microsoft/azure/maven/utils/MavenUtilsTest.java,34,3,6,39,0.32,11,3,2,0,0,0,0,3,0,3,0,0,0,0,0,0,0,0,3,3,0,0,False
1506,microsoft/azure-maven-plugins,ce76dc3aca5c6df01971a140497a5eef240ab15b,com/microsoft/azure/maven/utils/TemplateUtilsTest.java,54,8,10,28,0.19,10,8,2,0,0,0,0,1,0,0,0,0,0,0,0,1,0,0,0,8,0,0,False
1507,microsoft/azure-maven-plugins,ce76dc3aca5c6df01971a140497a5eef240ab15b,com/microsoft/azure/maven/utils/XmlUtilsTest.java,49,6,10,30,0.33,16,6,4,0,0,0,0,1,0,0,0,0,0,0,0,0,0,0,0,5,0,0,False
1508,microsoft/azure-maven-plugins,ce76dc3aca5c6df01971a140497a5eef240ab15b,com/microsoft/azure/maven/webapp/DeployMojoTest.java,53,7,16,37,0.34,18,5,3,0,0,0,0,3,0,0,0,0,0,0,0,0,0,0,0,3,0,0,False
1509,microsoft/azure-maven-plugins,ce76dc3aca5c6df01971a140497a5eef240ab15b,com/microsoft/azure/maven/webapp/parser/ConfigParserTest.java,80,5,7,49,0.29,23,5,4,0,0,0,0,1,4,0,0,0,0,0,0,0,0,0,0,4,0,0,False
1510,microsoft/azure-maven-plugins,ce76dc3aca5c6df01971a140497a5eef240ab15b,com/microsoft/azure/maven/webapp/utils/TestUtils.java,52,6,20,29,0.0,0,6,0,0,0,0,0,0,0,0,0,0,0,0,0,0,0,0,0,0,0,0,False
1511,microsoft/azure-maven-plugins,04ff0ead9dcb743fb1d3525e9197da1872d33373,com/microsoft/azure/maven/function/AddMojoTest.java,44,7,15,24,0.11,5,7,1,0,0,0,0,4,0,0,0,0,0,0,0,0,0,2,0,4,0,0,False
1512,microsoft/azure-maven-plugins,04ff0ead9dcb743fb1d3525e9197da1872d33373,com/microsoft/azure/maven/function/DeployMojoTest.java,18,3,7,8,0.22,4,3,1,0,0,0,0,0,1,0,0,0,0,0,0,0,0,0,0,1,0,0,False
1513,microsoft/azure-maven-plugins,04ff0ead9dcb743fb1d3525e9197da1872d33373,com/microsoft/azure/maven/function/ListMojoTest.java,12,2,6,8,0.0,0,2,0,0,0,0,0,1,0,0,0,0,0,0,0,0,1,0,0,1,0,0,False
1514,microsoft/azure-maven-plugins,04ff0ead9dcb743fb1d3525e9197da1872d33373,com/microsoft/azure/maven/function/PackageMojoTest.java,42,5,13,41,0.1,4,5,1,0,0,0,0,4,0,0,0,0,0,0,0,0,2,0,0,4,0,0,False
1515,microsoft/azure-maven-plugins,04ff0ead9dcb743fb1d3525e9197da1872d33373,com/microsoft/azure/maven/function/RunMojoTest.java,57,8,20,60,0.07,4,8,1,0,0,0,0,7,0,0,0,0,0,0,0,0,1,0,0,7,0,0,False
1516,microsoft/azure-maven-plugins,04ff0ead9dcb743fb1d3525e9197da1872d33373,com/microsoft/azure/maven/AbstractAppServiceMojoTest.java,17,2,3,10,0.06,1,1,0,0,0,0,0,0,0,0,0,0,1,0,0,0,0,0,0,1,0,0,False
1517,microsoft/azure-maven-plugins,04ff0ead9dcb743fb1d3525e9197da1872d33373,com/microsoft/azure/maven/AbstractAzureMojoTest.java,85,14,29,43,0.26,22,13,3,0,0,0,0,10,0,0,0,0,0,0,0,0,1,0,0,12,0,0,False
1518,microsoft/azure-maven-plugins,04ff0ead9dcb743fb1d3525e9197da1872d33373,com/microsoft/azure/maven/prompt/DefaultPrompterTest.java,54,13,27,17,0.22,12,13,8,4,0,0,0,12,0,0,0,0,0,0,0,4,1,0,0,12,0,0,False
1519,microsoft/azure-maven-plugins,04ff0ead9dcb743fb1d3525e9197da1872d33373,com/microsoft/azure/maven/prompt/InputValidateResultTest.java,15,2,2,12,0.4,6,2,2,0,0,0,0,0,0,0,0,0,0,0,0,0,0,0,0,2,0,0,False
1520,microsoft/azure-maven-plugins,04ff0ead9dcb743fb1d3525e9197da1872d33373,com/microsoft/azure/maven/prompt/SchemaValidatorTest.java,66,6,15,17,0.18,12,6,1,0,0,0,0,5,1,0,1,0,0,0,0,2,0,0,0,5,0,0,False
1521,microsoft/azure-maven-plugins,04ff0ead9dcb743fb1d3525e9197da1872d33373,com/microsoft/azure/maven/utils/MavenUtilsTest.java,34,3,6,39,0.32,11,3,2,0,0,0,0,3,0,3,0,0,0,0,0,0,0,0,3,3,0,0,False
1522,microsoft/azure-maven-plugins,04ff0ead9dcb743fb1d3525e9197da1872d33373,com/microsoft/azure/maven/utils/TemplateUtilsTest.java,54,8,10,28,0.19,10,8,2,0,0,0,0,1,0,0,0,0,0,0,0,1,0,0,0,8,0,0,False
1523,microsoft/azure-maven-plugins,04ff0ead9dcb743fb1d3525e9197da1872d33373,com/microsoft/azure/maven/utils/XmlUtilsTest.java,49,6,10,30,0.33,16,6,4,0,0,0,0,1,0,0,0,0,0,0,0,0,0,0,0,5,0,0,False
1524,microsoft/azure-maven-plugins,04ff0ead9dcb743fb1d3525e9197da1872d33373,com/microsoft/azure/maven/webapp/DeployMojoTest.java,53,7,16,37,0.34,18,5,3,0,0,0,0,3,0,0,0,0,0,0,0,0,0,0,0,3,0,0,False
1525,microsoft/azure-maven-plugins,04ff0ead9dcb743fb1d3525e9197da1872d33373,com/microsoft/azure/maven/webapp/parser/ConfigParserTest.java,80,5,7,49,0.29,23,5,4,0,0,0,0,1,4,0,0,0,0,0,0,0,0,0,0,4,0,0,False
1526,microsoft/azure-maven-plugins,04ff0ead9dcb743fb1d3525e9197da1872d33373,com/microsoft/azure/maven/webapp/utils/TestUtils.java,52,6,20,29,0.0,0,6,0,0,0,0,0,0,0,0,0,0,0,0,0,0,0,0,0,0,0,0,False
1527,microsoft/azure-maven-plugins,7ca45846f89a5fc421a3c4dff690d88ca1f4ebc6,com/microsoft/azure/maven/function/AddMojoTest.java,44,7,15,24,0.11,5,7,1,0,0,0,0,4,0,0,0,0,0,0,0,0,0,2,0,4,0,0,False
1528,microsoft/azure-maven-plugins,7ca45846f89a5fc421a3c4dff690d88ca1f4ebc6,com/microsoft/azure/maven/function/DeployMojoTest.java,25,4,9,14,0.16,4,4,1,0,0,0,0,0,1,0,0,0,0,0,0,0,0,1,0,1,0,0,False
1529,microsoft/azure-maven-plugins,7ca45846f89a5fc421a3c4dff690d88ca1f4ebc6,com/microsoft/azure/maven/function/ListMojoTest.java,12,2,6,8,0.0,0,2,0,0,0,0,0,1,0,0,0,0,0,0,0,0,1,0,0,1,0,0,False
1530,microsoft/azure-maven-plugins,7ca45846f89a5fc421a3c4dff690d88ca1f4ebc6,com/microsoft/azure/maven/function/PackageMojoTest.java,42,5,13,41,0.1,4,5,1,0,0,0,0,4,0,0,0,0,0,0,0,0,2,0,0,4,0,0,False
1531,microsoft/azure-maven-plugins,7ca45846f89a5fc421a3c4dff690d88ca1f4ebc6,com/microsoft/azure/maven/function/RunMojoTest.java,57,8,20,60,0.07,4,8,1,0,0,0,0,7,0,0,0,0,0,0,0,0,1,0,0,7,0,0,False
1532,microsoft/azure-maven-plugins,7ca45846f89a5fc421a3c4dff690d88ca1f4ebc6,com/microsoft/azure/maven/AbstractAppServiceMojoTest.java,17,2,3,10,0.06,1,1,0,0,0,0,0,0,0,0,0,0,1,0,0,0,0,0,0,1,0,0,False
1533,microsoft/azure-maven-plugins,7ca45846f89a5fc421a3c4dff690d88ca1f4ebc6,com/microsoft/azure/maven/AbstractAzureMojoTest.java,85,14,29,43,0.26,22,13,3,0,0,0,0,10,0,0,0,0,0,0,0,0,1,0,0,12,0,0,False
1534,microsoft/azure-maven-plugins,7ca45846f89a5fc421a3c4dff690d88ca1f4ebc6,com/microsoft/azure/maven/prompt/DefaultPrompterTest.java,54,13,27,17,0.22,12,13,8,4,0,0,0,12,0,0,0,0,0,0,0,4,1,0,0,12,0,0,False
1535,microsoft/azure-maven-plugins,7ca45846f89a5fc421a3c4dff690d88ca1f4ebc6,com/microsoft/azure/maven/prompt/InputValidateResultTest.java,15,2,2,12,0.4,6,2,2,0,0,0,0,0,0,0,0,0,0,0,0,0,0,0,0,2,0,0,False
1536,microsoft/azure-maven-plugins,7ca45846f89a5fc421a3c4dff690d88ca1f4ebc6,com/microsoft/azure/maven/prompt/SchemaValidatorTest.java,66,6,15,17,0.18,12,6,1,0,0,0,0,5,1,0,1,0,0,0,0,2,0,0,0,5,0,0,False
1537,microsoft/azure-maven-plugins,7ca45846f89a5fc421a3c4dff690d88ca1f4ebc6,com/microsoft/azure/maven/utils/MavenUtilsTest.java,34,3,6,39,0.32,11,3,2,0,0,0,0,3,0,3,0,0,0,0,0,0,0,0,3,3,0,0,False
1538,microsoft/azure-maven-plugins,7ca45846f89a5fc421a3c4dff690d88ca1f4ebc6,com/microsoft/azure/maven/utils/TemplateUtilsTest.java,54,8,10,28,0.19,10,8,2,0,0,0,0,1,0,0,0,0,0,0,0,1,0,0,0,8,0,0,False
1539,microsoft/azure-maven-plugins,7ca45846f89a5fc421a3c4dff690d88ca1f4ebc6,com/microsoft/azure/maven/utils/XmlUtilsTest.java,49,6,10,30,0.33,16,6,4,0,0,0,0,1,0,0,0,0,0,0,0,0,0,0,0,5,0,0,False
1540,microsoft/azure-maven-plugins,7ca45846f89a5fc421a3c4dff690d88ca1f4ebc6,com/microsoft/azure/maven/webapp/DeployMojoTest.java,53,7,16,37,0.34,18,5,3,0,0,0,0,3,0,0,0,0,0,0,0,0,0,0,0,3,0,0,False
1541,microsoft/azure-maven-plugins,7ca45846f89a5fc421a3c4dff690d88ca1f4ebc6,com/microsoft/azure/maven/webapp/parser/ConfigParserTest.java,80,5,7,49,0.29,23,5,4,0,0,0,0,1,4,0,0,0,0,0,0,0,0,0,0,4,0,0,False
1542,microsoft/azure-maven-plugins,7ca45846f89a5fc421a3c4dff690d88ca1f4ebc6,com/microsoft/azure/maven/webapp/utils/TestUtils.java,52,6,20,29,0.0,0,6,0,0,0,0,0,0,0,0,0,0,0,0,0,0,0,0,0,0,0,0,False
1543,microsoft/azure-maven-plugins,dc9a60481c4f52b96502925966c2235ebc127430,com/microsoft/azure/maven/function/AddMojoTest.java,44,7,15,24,0.11,5,7,1,0,0,0,0,4,0,0,0,0,0,0,0,0,0,2,0,4,0,0,False
1544,microsoft/azure-maven-plugins,dc9a60481c4f52b96502925966c2235ebc127430,com/microsoft/azure/maven/function/DeployMojoTest.java,25,4,9,14,0.16,4,4,1,0,0,0,0,0,1,0,0,0,0,0,0,0,0,1,0,1,0,0,False
1545,microsoft/azure-maven-plugins,dc9a60481c4f52b96502925966c2235ebc127430,com/microsoft/azure/maven/function/ListMojoTest.java,12,2,6,8,0.0,0,2,0,0,0,0,0,1,0,0,0,0,0,0,0,0,1,0,0,1,0,0,False
1546,microsoft/azure-maven-plugins,dc9a60481c4f52b96502925966c2235ebc127430,com/microsoft/azure/maven/function/PackageMojoTest.java,42,5,13,41,0.1,4,5,1,0,0,0,0,4,0,0,0,0,0,0,0,0,2,0,0,4,0,0,False
1547,microsoft/azure-maven-plugins,dc9a60481c4f52b96502925966c2235ebc127430,com/microsoft/azure/maven/function/RunMojoTest.java,57,8,20,60,0.07,4,8,1,0,0,0,0,7,0,0,0,0,0,0,0,0,1,0,0,7,0,0,False
1548,microsoft/azure-maven-plugins,dc9a60481c4f52b96502925966c2235ebc127430,com/microsoft/azure/maven/AbstractAppServiceMojoTest.java,17,2,3,10,0.06,1,1,0,0,0,0,0,0,0,0,0,0,1,0,0,0,0,0,0,1,0,0,False
1549,microsoft/azure-maven-plugins,dc9a60481c4f52b96502925966c2235ebc127430,com/microsoft/azure/maven/AbstractAzureMojoTest.java,85,14,29,43,0.26,22,13,3,0,0,0,0,10,0,0,0,0,0,0,0,0,1,0,0,12,0,0,False
1550,microsoft/azure-maven-plugins,dc9a60481c4f52b96502925966c2235ebc127430,com/microsoft/azure/maven/prompt/DefaultPrompterTest.java,54,13,27,17,0.22,12,13,8,4,0,0,0,12,0,0,0,0,0,0,0,4,1,0,0,12,0,0,False
1551,microsoft/azure-maven-plugins,dc9a60481c4f52b96502925966c2235ebc127430,com/microsoft/azure/maven/prompt/InputValidateResultTest.java,15,2,2,12,0.4,6,2,2,0,0,0,0,0,0,0,0,0,0,0,0,0,0,0,0,2,0,0,False
1552,microsoft/azure-maven-plugins,dc9a60481c4f52b96502925966c2235ebc127430,com/microsoft/azure/maven/prompt/SchemaValidatorTest.java,66,6,15,17,0.18,12,6,1,0,0,0,0,5,1,0,1,0,0,0,0,2,0,0,0,5,0,0,False
1553,microsoft/azure-maven-plugins,dc9a60481c4f52b96502925966c2235ebc127430,com/microsoft/azure/maven/utils/MavenUtilsTest.java,34,3,6,39,0.32,11,3,2,0,0,0,0,3,0,3,0,0,0,0,0,0,0,0,3,3,0,0,False
1554,microsoft/azure-maven-plugins,dc9a60481c4f52b96502925966c2235ebc127430,com/microsoft/azure/maven/utils/TemplateUtilsTest.java,54,8,10,28,0.19,10,8,2,0,0,0,0,1,0,0,0,0,0,0,0,1,0,0,0,8,0,0,False
1555,microsoft/azure-maven-plugins,dc9a60481c4f52b96502925966c2235ebc127430,com/microsoft/azure/maven/utils/XmlUtilsTest.java,49,6,10,30,0.33,16,6,4,0,0,0,0,1,0,0,0,0,0,0,0,0,0,0,0,5,0,0,False
1556,microsoft/azure-maven-plugins,dc9a60481c4f52b96502925966c2235ebc127430,com/microsoft/azure/maven/webapp/DeployMojoTest.java,53,7,16,37,0.34,18,5,3,0,0,0,0,3,0,0,0,0,0,0,0,0,0,0,0,3,0,0,False
1557,microsoft/azure-maven-plugins,dc9a60481c4f52b96502925966c2235ebc127430,com/microsoft/azure/maven/webapp/parser/ConfigParserTest.java,80,5,7,49,0.29,23,5,4,0,0,0,0,1,4,0,0,0,0,0,0,0,0,0,0,4,0,0,False
1558,microsoft/azure-maven-plugins,dc9a60481c4f52b96502925966c2235ebc127430,com/microsoft/azure/maven/webapp/utils/TestUtils.java,52,6,20,29,0.0,0,6,0,0,0,0,0,0,0,0,0,0,0,0,0,0,0,0,0,0,0,0,False
1559,microsoft/azure-maven-plugins,6647d111314d8202368ff8f16b278b95f834da8c,com/microsoft/azure/maven/function/AddMojoTest.java,44,7,15,24,0.11,5,7,1,0,0,0,0,4,0,0,0,0,0,0,0,0,0,2,0,4,0,0,False
1560,microsoft/azure-maven-plugins,6647d111314d8202368ff8f16b278b95f834da8c,com/microsoft/azure/maven/function/DeployMojoTest.java,25,4,9,14,0.16,4,4,1,0,0,0,0,0,1,0,0,0,0,0,0,0,0,1,0,1,0,0,False
1561,microsoft/azure-maven-plugins,6647d111314d8202368ff8f16b278b95f834da8c,com/microsoft/azure/maven/function/ListMojoTest.java,12,2,6,8,0.0,0,2,0,0,0,0,0,1,0,0,0,0,0,0,0,0,1,0,0,1,0,0,False
1562,microsoft/azure-maven-plugins,6647d111314d8202368ff8f16b278b95f834da8c,com/microsoft/azure/maven/function/PackageMojoTest.java,42,5,13,41,0.1,4,5,1,0,0,0,0,4,0,0,0,0,0,0,0,0,2,0,0,4,0,0,False
1563,microsoft/azure-maven-plugins,6647d111314d8202368ff8f16b278b95f834da8c,com/microsoft/azure/maven/function/RunMojoTest.java,57,8,20,60,0.07,4,8,1,0,0,0,0,7,0,0,0,0,0,0,0,0,1,0,0,7,0,0,False
1564,microsoft/azure-maven-plugins,6647d111314d8202368ff8f16b278b95f834da8c,com/microsoft/azure/maven/AbstractAppServiceMojoTest.java,17,2,3,10,0.06,1,1,0,0,0,0,0,0,0,0,0,0,1,0,0,0,0,0,0,1,0,0,False
1565,microsoft/azure-maven-plugins,6647d111314d8202368ff8f16b278b95f834da8c,com/microsoft/azure/maven/AbstractAzureMojoTest.java,85,14,29,43,0.26,22,13,3,0,0,0,0,10,0,0,0,0,0,0,0,0,1,0,0,12,0,0,False
1566,microsoft/azure-maven-plugins,6647d111314d8202368ff8f16b278b95f834da8c,com/microsoft/azure/maven/prompt/DefaultPrompterTest.java,54,13,27,17,0.22,12,13,8,4,0,0,0,12,0,0,0,0,0,0,0,4,1,0,0,12,0,0,False
1567,microsoft/azure-maven-plugins,6647d111314d8202368ff8f16b278b95f834da8c,com/microsoft/azure/maven/prompt/InputValidateResultTest.java,15,2,2,12,0.4,6,2,2,0,0,0,0,0,0,0,0,0,0,0,0,0,0,0,0,2,0,0,False
1568,microsoft/azure-maven-plugins,6647d111314d8202368ff8f16b278b95f834da8c,com/microsoft/azure/maven/prompt/SchemaValidatorTest.java,66,6,15,17,0.18,12,6,1,0,0,0,0,5,1,0,1,0,0,0,0,2,0,0,0,5,0,0,False
1569,microsoft/azure-maven-plugins,6647d111314d8202368ff8f16b278b95f834da8c,com/microsoft/azure/maven/utils/MavenUtilsTest.java,34,3,6,39,0.32,11,3,2,0,0,0,0,3,0,3,0,0,0,0,0,0,0,0,3,3,0,0,False
1570,microsoft/azure-maven-plugins,6647d111314d8202368ff8f16b278b95f834da8c,com/microsoft/azure/maven/utils/TemplateUtilsTest.java,54,8,10,28,0.19,10,8,2,0,0,0,0,1,0,0,0,0,0,0,0,1,0,0,0,8,0,0,False
1571,microsoft/azure-maven-plugins,6647d111314d8202368ff8f16b278b95f834da8c,com/microsoft/azure/maven/utils/XmlUtilsTest.java,49,6,10,30,0.33,16,6,4,0,0,0,0,1,0,0,0,0,0,0,0,0,0,0,0,5,0,0,False
1572,microsoft/azure-maven-plugins,6647d111314d8202368ff8f16b278b95f834da8c,com/microsoft/azure/maven/webapp/DeployMojoTest.java,53,7,18,36,0.34,18,5,3,0,0,0,0,3,0,0,0,0,0,0,0,0,0,0,0,3,0,0,False
1573,microsoft/azure-maven-plugins,6647d111314d8202368ff8f16b278b95f834da8c,com/microsoft/azure/maven/webapp/parser/ConfigurationParserTest.java,135,20,42,39,0.19,25,5,3,0,0,0,0,3,0,0,0,0,1,0,0,1,0,0,0,3,0,0,False
1574,microsoft/azure-maven-plugins,6647d111314d8202368ff8f16b278b95f834da8c,com/microsoft/azure/maven/webapp/parser/V2ConfigParserTest.java,59,6,13,32,0.17,10,6,3,0,0,0,0,5,5,0,0,0,0,0,0,0,0,0,0,5,0,0,False
1575,microsoft/azure-maven-plugins,6647d111314d8202368ff8f16b278b95f834da8c,com/microsoft/azure/maven/webapp/parser/V2ConfigurationParserTest.java,133,9,22,67,0.17,23,9,8,0,0,0,0,5,0,0,0,0,0,0,0,0,0,0,0,8,0,0,False
1576,microsoft/azure-maven-plugins,6647d111314d8202368ff8f16b278b95f834da8c,com/microsoft/azure/maven/webapp/utils/TestUtils.java,52,6,20,29,0.0,0,6,0,0,0,0,0,0,0,0,0,0,0,0,0,0,0,0,0,0,0,0,False
1577,microsoft/azure-maven-plugins,6aa372c76a6f80c74bd213aa99b7ec47ca6650b2,com/microsoft/azure/maven/function/AddMojoTest.java,44,7,15,24,0.11,5,7,1,0,0,0,0,4,0,0,0,0,0,0,0,0,0,2,0,4,0,0,False
1578,microsoft/azure-maven-plugins,6aa372c76a6f80c74bd213aa99b7ec47ca6650b2,com/microsoft/azure/maven/function/DeployMojoTest.java,44,6,15,32,0.09,4,6,1,0,0,0,0,1,1,0,0,0,0,0,0,0,0,3,0,1,0,0,False
1579,microsoft/azure-maven-plugins,6aa372c76a6f80c74bd213aa99b7ec47ca6650b2,com/microsoft/azure/maven/function/ListMojoTest.java,12,2,6,8,0.0,0,2,0,0,0,0,0,1,0,0,0,0,0,0,0,0,1,0,0,1,0,0,False
1580,microsoft/azure-maven-plugins,6aa372c76a6f80c74bd213aa99b7ec47ca6650b2,com/microsoft/azure/maven/function/PackageMojoTest.java,42,5,13,41,0.1,4,5,1,0,0,0,0,4,0,0,0,0,0,0,0,0,2,0,0,4,0,0,False
1581,microsoft/azure-maven-plugins,6aa372c76a6f80c74bd213aa99b7ec47ca6650b2,com/microsoft/azure/maven/function/RunMojoTest.java,57,8,20,60,0.07,4,8,1,0,0,0,0,7,0,0,0,0,0,0,0,0,1,0,0,7,0,0,False
1582,microsoft/azure-maven-plugins,6aa372c76a6f80c74bd213aa99b7ec47ca6650b2,com/microsoft/azure/maven/AbstractAppServiceMojoTest.java,17,2,3,10,0.06,1,1,0,0,0,0,0,0,0,0,0,0,1,0,0,0,0,0,0,1,0,0,False
1583,microsoft/azure-maven-plugins,6aa372c76a6f80c74bd213aa99b7ec47ca6650b2,com/microsoft/azure/maven/AbstractAzureMojoTest.java,93,16,33,47,0.26,24,15,3,0,0,0,0,12,0,0,0,0,0,0,0,0,1,0,0,14,0,0,False
1584,microsoft/azure-maven-plugins,6aa372c76a6f80c74bd213aa99b7ec47ca6650b2,com/microsoft/azure/maven/prompt/DefaultPrompterTest.java,54,13,27,17,0.22,12,13,8,4,0,0,0,12,0,0,0,0,0,0,0,4,1,0,0,12,0,0,False
1585,microsoft/azure-maven-plugins,6aa372c76a6f80c74bd213aa99b7ec47ca6650b2,com/microsoft/azure/maven/prompt/InputValidateResultTest.java,15,2,2,12,0.4,6,2,2,0,0,0,0,0,0,0,0,0,0,0,0,0,0,0,0,2,0,0,False
1586,microsoft/azure-maven-plugins,6aa372c76a6f80c74bd213aa99b7ec47ca6650b2,com/microsoft/azure/maven/prompt/SchemaValidatorTest.java,66,6,15,17,0.18,12,6,1,0,0,0,0,5,1,0,1,0,0,0,0,2,0,0,0,5,0,0,False
1587,microsoft/azure-maven-plugins,6aa372c76a6f80c74bd213aa99b7ec47ca6650b2,com/microsoft/azure/maven/utils/MavenUtilsTest.java,34,3,6,39,0.32,11,3,2,0,0,0,0,3,0,3,0,0,0,0,0,0,0,0,3,3,0,0,False
1588,microsoft/azure-maven-plugins,6aa372c76a6f80c74bd213aa99b7ec47ca6650b2,com/microsoft/azure/maven/utils/TemplateUtilsTest.java,54,8,10,28,0.19,10,8,2,0,0,0,0,1,0,0,0,0,0,0,0,1,0,0,0,8,0,0,False
1589,microsoft/azure-maven-plugins,6aa372c76a6f80c74bd213aa99b7ec47ca6650b2,com/microsoft/azure/maven/utils/XmlUtilsTest.java,49,6,10,30,0.33,16,6,4,0,0,0,0,1,0,0,0,0,0,0,0,0,0,0,0,5,0,0,False
1590,microsoft/azure-maven-plugins,6aa372c76a6f80c74bd213aa99b7ec47ca6650b2,com/microsoft/azure/maven/webapp/DeployMojoTest.java,85,12,29,61,0.29,25,10,3,0,0,0,0,8,0,0,0,0,0,0,0,0,0,0,0,8,0,0,False
1591,microsoft/azure-maven-plugins,6aa372c76a6f80c74bd213aa99b7ec47ca6650b2,com/microsoft/azure/maven/webapp/parser/ConfigurationParserTest.java,138,21,44,39,0.18,25,5,3,0,0,0,0,3,0,0,0,0,0,0,0,0,0,0,0,3,0,0,False
1592,microsoft/azure-maven-plugins,6aa372c76a6f80c74bd213aa99b7ec47ca6650b2,com/microsoft/azure/maven/webapp/parser/V1ConfigParserTest.java,24,3,7,13,0.17,4,3,2,0,0,0,0,2,2,0,0,0,0,0,0,0,0,0,0,2,0,0,False
1593,microsoft/azure-maven-plugins,6aa372c76a6f80c74bd213aa99b7ec47ca6650b2,com/microsoft/azure/maven/webapp/parser/V1ConfigurationParserTest.java,120,9,23,56,0.23,27,9,8,0,0,0,0,6,0,0,0,0,0,0,0,0,0,0,0,8,0,0,False
1594,microsoft/azure-maven-plugins,6aa372c76a6f80c74bd213aa99b7ec47ca6650b2,com/microsoft/azure/maven/webapp/parser/V2ConfigParserTest.java,59,6,13,32,0.17,10,6,3,0,0,0,0,5,5,0,0,0,0,0,0,0,0,0,0,5,0,0,False
1595,microsoft/azure-maven-plugins,6aa372c76a6f80c74bd213aa99b7ec47ca6650b2,com/microsoft/azure/maven/webapp/parser/V2ConfigurationParserTest.java,148,10,24,76,0.19,28,10,9,0,0,0,0,6,0,0,0,0,0,0,0,1,0,0,0,9,0,0,False
1596,microsoft/azure-maven-plugins,6aa372c76a6f80c74bd213aa99b7ec47ca6650b2,com/microsoft/azure/maven/webapp/utils/RuntimeStackUtilsTest.java,13,2,2,4,0.54,7,2,2,0,0,0,0,0,0,0,0,0,0,0,0,0,0,0,0,2,0,0,False
1597,microsoft/azure-maven-plugins,6aa372c76a6f80c74bd213aa99b7ec47ca6650b2,com/microsoft/azure/maven/webapp/utils/TestUtils.java,52,6,20,29,0.0,0,6,0,0,0,0,0,0,0,0,0,0,0,0,0,0,0,0,0,0,0,0,False
1598,microsoft/azure-maven-plugins,6aa372c76a6f80c74bd213aa99b7ec47ca6650b2,com/microsoft/azure/maven/webapp/WebAppUtilsTest.java,149,8,20,90,0.05,7,8,1,0,0,0,0,7,0,0,0,0,0,0,0,0,0,0,0,8,0,0,False
1599,microsoft/azure-maven-plugins,8fb4954d731021ec8551b2e7866aa70477441374,com/microsoft/azure/maven/appservice/AbstractAppServiceMojoTest.java,17,2,3,10,0.06,1,1,0,0,0,0,0,0,0,0,0,0,1,0,0,0,0,0,0,1,0,0,False
1600,microsoft/azure-maven-plugins,8fb4954d731021ec8551b2e7866aa70477441374,com/microsoft/azure/maven/function/AddMojoTest.java,44,7,15,24,0.11,5,7,1,0,0,0,0,4,0,0,0,0,0,0,0,0,0,2,0,4,0,0,False
1601,microsoft/azure-maven-plugins,8fb4954d731021ec8551b2e7866aa70477441374,com/microsoft/azure/maven/function/DeployMojoTest.java,18,3,7,8,0.22,4,3,1,0,0,0,0,0,1,0,0,0,0,0,0,0,0,0,0,1,0,0,False
1602,microsoft/azure-maven-plugins,8fb4954d731021ec8551b2e7866aa70477441374,com/microsoft/azure/maven/function/ListMojoTest.java,12,2,6,8,0.0,0,2,0,0,0,0,0,1,0,0,0,0,0,0,0,0,1,0,0,1,0,0,False
1603,microsoft/azure-maven-plugins,8fb4954d731021ec8551b2e7866aa70477441374,com/microsoft/azure/maven/function/PackageMojoTest.java,43,5,13,42,0.09,4,5,1,0,0,0,0,4,0,0,0,0,0,0,0,0,2,0,0,4,0,0,False
1604,microsoft/azure-maven-plugins,8fb4954d731021ec8551b2e7866aa70477441374,com/microsoft/azure/maven/function/RunMojoTest.java,57,8,21,61,0.07,4,8,1,0,0,0,0,7,0,0,0,0,0,0,0,0,1,0,0,7,0,0,False
1605,microsoft/azure-maven-plugins,8fb4954d731021ec8551b2e7866aa70477441374,com/microsoft/azure/maven/AbstractAzureMojoTest.java,85,14,29,43,0.26,22,13,3,0,0,0,0,10,0,0,0,0,0,0,0,0,1,0,0,12,0,0,False
1606,microsoft/azure-maven-plugins,8fb4954d731021ec8551b2e7866aa70477441374,com/microsoft/azure/maven/prompt/DefaultPrompterTest.java,54,13,27,17,0.22,12,13,8,4,0,0,0,12,0,0,0,0,0,0,0,4,1,0,0,12,0,0,False
1607,microsoft/azure-maven-plugins,8fb4954d731021ec8551b2e7866aa70477441374,com/microsoft/azure/maven/prompt/InputValidateResultTest.java,15,2,2,12,0.4,6,2,2,0,0,0,0,0,0,0,0,0,0,0,0,0,0,0,0,2,0,0,False
1608,microsoft/azure-maven-plugins,8fb4954d731021ec8551b2e7866aa70477441374,com/microsoft/azure/maven/prompt/SchemaValidatorTest.java,66,6,15,17,0.18,12,6,1,0,0,0,0,5,1,0,1,0,0,0,0,2,0,0,0,5,0,0,False
1609,microsoft/azure-maven-plugins,8fb4954d731021ec8551b2e7866aa70477441374,com/microsoft/azure/maven/utils/MavenUtilsTest.java,34,3,6,39,0.32,11,3,2,0,0,0,0,3,0,3,0,0,0,0,0,0,0,0,3,3,0,0,False
1610,microsoft/azure-maven-plugins,8fb4954d731021ec8551b2e7866aa70477441374,com/microsoft/azure/maven/utils/TemplateUtilsTest.java,54,8,10,28,0.19,10,8,2,0,0,0,0,1,0,0,0,0,0,0,0,1,0,0,0,8,0,0,False
1611,microsoft/azure-maven-plugins,8fb4954d731021ec8551b2e7866aa70477441374,com/microsoft/azure/maven/utils/XmlUtilsTest.java,49,6,10,30,0.33,16,6,4,0,0,0,0,1,0,0,0,0,0,0,0,0,0,0,0,5,0,0,False
1612,microsoft/azure-maven-plugins,8fb4954d731021ec8551b2e7866aa70477441374,com/microsoft/azure/maven/springcloud/DeployMojoTest.java,16,1,3,8,0.13,2,1,1,0,0,0,0,1,0,0,0,0,0,0,0,0,0,0,0,1,0,0,False
1613,microsoft/azure-maven-plugins,8fb4954d731021ec8551b2e7866aa70477441374,com/microsoft/azure/maven/springcloud/configuration/AppDeploymentMavenConfigTest.java,38,7,7,27,0.21,8,7,1,0,0,0,0,0,0,0,0,0,0,0,0,0,0,0,0,7,0,0,False
1614,microsoft/azure-maven-plugins,8fb4954d731021ec8551b2e7866aa70477441374,com/microsoft/azure/maven/springcloud/prompt/ConfigurationPrompterTest.java,185,16,37,75,0.09,16,16,8,1,0,0,0,14,15,0,0,0,2,0,0,7,1,0,1,15,0,0,False
1615,microsoft/azure-maven-plugins,8fb4954d731021ec8551b2e7866aa70477441374,com/microsoft/azure/maven/webapp/DeployMojoTest.java,53,7,16,37,0.34,18,5,3,0,0,0,0,3,0,0,0,0,0,0,0,0,0,0,0,3,0,0,False
1616,microsoft/azure-maven-plugins,8fb4954d731021ec8551b2e7866aa70477441374,com/microsoft/azure/maven/webapp/parser/ConfigParserTest.java,80,5,7,49,0.29,23,5,4,0,0,0,0,1,4,0,0,0,0,0,0,0,0,0,0,4,0,0,False
1617,microsoft/azure-maven-plugins,8fb4954d731021ec8551b2e7866aa70477441374,com/microsoft/azure/maven/webapp/utils/TestUtils.java,52,6,20,29,0.0,0,6,0,0,0,0,0,0,0,0,0,0,0,0,0,0,0,0,0,0,0,0,False
1618,microsoft/azure-maven-plugins,6b4932adfc91ce3901e8ee75182cf900a8a1a637,com/microsoft/azure/maven/appservice/AbstractAppServiceMojoTest.java,17,2,3,10,0.06,1,1,0,0,0,0,0,0,0,0,0,0,1,0,0,0,0,0,0,1,0,0,False
1619,microsoft/azure-maven-plugins,6b4932adfc91ce3901e8ee75182cf900a8a1a637,com/microsoft/azure/maven/function/AddMojoTest.java,44,7,15,24,0.11,5,7,1,0,0,0,0,4,0,0,0,0,0,0,0,0,0,2,0,4,0,0,False
1620,microsoft/azure-maven-plugins,6b4932adfc91ce3901e8ee75182cf900a8a1a637,com/microsoft/azure/maven/function/DeployMojoTest.java,18,3,7,8,0.22,4,3,1,0,0,0,0,0,1,0,0,0,0,0,0,0,0,0,0,1,0,0,False
1621,microsoft/azure-maven-plugins,6b4932adfc91ce3901e8ee75182cf900a8a1a637,com/microsoft/azure/maven/function/ListMojoTest.java,12,2,6,8,0.0,0,2,0,0,0,0,0,1,0,0,0,0,0,0,0,0,1,0,0,1,0,0,False
1622,microsoft/azure-maven-plugins,6b4932adfc91ce3901e8ee75182cf900a8a1a637,com/microsoft/azure/maven/function/PackageMojoTest.java,42,5,13,41,0.1,4,5,1,0,0,0,0,4,0,0,0,0,0,0,0,0,2,0,0,4,0,0,False
1623,microsoft/azure-maven-plugins,6b4932adfc91ce3901e8ee75182cf900a8a1a637,com/microsoft/azure/maven/function/RunMojoTest.java,57,8,20,60,0.07,4,8,1,0,0,0,0,7,0,0,0,0,0,0,0,0,1,0,0,7,0,0,False
1624,microsoft/azure-maven-plugins,6b4932adfc91ce3901e8ee75182cf900a8a1a637,com/microsoft/azure/maven/AbstractAzureMojoTest.java,85,14,29,43,0.26,22,13,3,0,0,0,0,10,0,0,0,0,0,0,0,0,1,0,0,12,0,0,False
1625,microsoft/azure-maven-plugins,6b4932adfc91ce3901e8ee75182cf900a8a1a637,com/microsoft/azure/maven/prompt/DefaultPrompterTest.java,54,13,27,17,0.22,12,13,8,4,0,0,0,12,0,0,0,0,0,0,0,4,1,0,0,12,0,0,False
1626,microsoft/azure-maven-plugins,6b4932adfc91ce3901e8ee75182cf900a8a1a637,com/microsoft/azure/maven/prompt/InputValidateResultTest.java,15,2,2,12,0.4,6,2,2,0,0,0,0,0,0,0,0,0,0,0,0,0,0,0,0,2,0,0,False
1627,microsoft/azure-maven-plugins,6b4932adfc91ce3901e8ee75182cf900a8a1a637,com/microsoft/azure/maven/prompt/SchemaValidatorTest.java,66,6,15,17,0.18,12,6,1,0,0,0,0,5,1,0,1,0,0,0,0,2,0,0,0,5,0,0,False
1628,microsoft/azure-maven-plugins,6b4932adfc91ce3901e8ee75182cf900a8a1a637,com/microsoft/azure/maven/utils/MavenUtilsTest.java,34,3,6,39,0.32,11,3,2,0,0,0,0,3,0,3,0,0,0,0,0,0,0,0,3,3,0,0,False
1629,microsoft/azure-maven-plugins,6b4932adfc91ce3901e8ee75182cf900a8a1a637,com/microsoft/azure/maven/utils/TemplateUtilsTest.java,54,8,10,28,0.19,10,8,2,0,0,0,0,1,0,0,0,0,0,0,0,1,0,0,0,8,0,0,False
1630,microsoft/azure-maven-plugins,6b4932adfc91ce3901e8ee75182cf900a8a1a637,com/microsoft/azure/maven/utils/XmlUtilsTest.java,49,6,10,30,0.33,16,6,4,0,0,0,0,1,0,0,0,0,0,0,0,0,0,0,0,5,0,0,False
1631,microsoft/azure-maven-plugins,6b4932adfc91ce3901e8ee75182cf900a8a1a637,com/microsoft/azure/maven/webapp/DeployMojoTest.java,53,7,16,36,0.34,18,5,3,0,0,0,0,3,0,0,0,0,0,0,0,0,0,0,0,3,0,0,False
1632,microsoft/azure-maven-plugins,6b4932adfc91ce3901e8ee75182cf900a8a1a637,com/microsoft/azure/maven/webapp/parser/ConfigParserTest.java,80,5,7,49,0.29,23,5,4,0,0,0,0,1,4,0,0,0,0,0,0,0,0,0,0,4,0,0,False
1633,microsoft/azure-maven-plugins,6b4932adfc91ce3901e8ee75182cf900a8a1a637,com/microsoft/azure/maven/webapp/utils/TestUtils.java,52,6,20,29,0.0,0,6,0,0,0,0,0,0,0,0,0,0,0,0,0,0,0,0,0,0,0,0,False
1634,microsoft/azure-maven-plugins,4b7d143f1875359b58b5f85e2134c3f4909264e1,com/microsoft/azure/maven/function/AddMojoTest.java,44,7,15,24,0.11,5,7,1,0,0,0,0,4,0,0,0,0,0,0,0,0,0,2,0,4,0,0,False
1635,microsoft/azure-maven-plugins,4b7d143f1875359b58b5f85e2134c3f4909264e1,com/microsoft/azure/maven/function/DeployMojoTest.java,18,3,7,8,0.22,4,3,1,0,0,0,0,0,1,0,0,0,0,0,0,0,0,0,0,1,0,0,False
1636,microsoft/azure-maven-plugins,4b7d143f1875359b58b5f85e2134c3f4909264e1,com/microsoft/azure/maven/function/ListMojoTest.java,12,2,6,8,0.0,0,2,0,0,0,0,0,1,0,0,0,0,0,0,0,0,1,0,0,1,0,0,False
1637,microsoft/azure-maven-plugins,4b7d143f1875359b58b5f85e2134c3f4909264e1,com/microsoft/azure/maven/function/PackageMojoTest.java,42,5,13,41,0.1,4,5,1,0,0,0,0,4,0,0,0,0,0,0,0,0,2,0,0,4,0,0,False
1638,microsoft/azure-maven-plugins,4b7d143f1875359b58b5f85e2134c3f4909264e1,com/microsoft/azure/maven/function/RunMojoTest.java,57,8,20,60,0.07,4,8,1,0,0,0,0,7,0,0,0,0,0,0,0,0,1,0,0,7,0,0,False
1639,microsoft/azure-maven-plugins,4b7d143f1875359b58b5f85e2134c3f4909264e1,com/microsoft/azure/maven/AbstractAppServiceMojoTest.java,17,2,3,10,0.06,1,1,0,0,0,0,0,0,0,0,0,0,1,0,0,0,0,0,0,1,0,0,False
1640,microsoft/azure-maven-plugins,4b7d143f1875359b58b5f85e2134c3f4909264e1,com/microsoft/azure/maven/AbstractAzureMojoTest.java,85,14,29,43,0.26,22,13,3,0,0,0,0,10,0,0,0,0,0,0,0,0,1,0,0,12,0,0,False
1641,microsoft/azure-maven-plugins,4b7d143f1875359b58b5f85e2134c3f4909264e1,com/microsoft/azure/maven/prompt/DefaultPrompterTest.java,54,13,27,17,0.22,12,13,8,4,0,0,0,12,0,0,0,0,0,0,0,4,1,0,0,12,0,0,False
1642,microsoft/azure-maven-plugins,4b7d143f1875359b58b5f85e2134c3f4909264e1,com/microsoft/azure/maven/prompt/InputValidateResultTest.java,15,2,2,12,0.4,6,2,2,0,0,0,0,0,0,0,0,0,0,0,0,0,0,0,0,2,0,0,False
1643,microsoft/azure-maven-plugins,4b7d143f1875359b58b5f85e2134c3f4909264e1,com/microsoft/azure/maven/prompt/SchemaValidatorTest.java,66,6,15,17,0.18,12,6,1,0,0,0,0,5,1,0,1,0,0,0,0,2,0,0,0,5,0,0,False
1644,microsoft/azure-maven-plugins,4b7d143f1875359b58b5f85e2134c3f4909264e1,com/microsoft/azure/maven/utils/MavenUtilsTest.java,34,3,6,39,0.32,11,3,2,0,0,0,0,3,0,3,0,0,0,0,0,0,0,0,3,3,0,0,False
1645,microsoft/azure-maven-plugins,4b7d143f1875359b58b5f85e2134c3f4909264e1,com/microsoft/azure/maven/utils/TemplateUtilsTest.java,54,8,10,28,0.19,10,8,2,0,0,0,0,1,0,0,0,0,0,0,0,1,0,0,0,8,0,0,False
1646,microsoft/azure-maven-plugins,4b7d143f1875359b58b5f85e2134c3f4909264e1,com/microsoft/azure/maven/utils/XmlUtilsTest.java,49,6,10,30,0.33,16,6,4,0,0,0,0,1,0,0,0,0,0,0,0,0,0,0,0,5,0,0,False
1647,microsoft/azure-maven-plugins,4b7d143f1875359b58b5f85e2134c3f4909264e1,com/microsoft/azure/maven/webapp/DeployMojoTest.java,51,7,16,36,0.31,16,5,3,0,0,0,0,3,0,0,0,0,0,0,0,0,0,0,0,3,0,0,False
1648,microsoft/azure-maven-plugins,4b7d143f1875359b58b5f85e2134c3f4909264e1,com/microsoft/azure/maven/webapp/parser/ConfigParserTest.java,80,5,7,49,0.29,23,5,4,0,0,0,0,1,4,0,0,0,0,0,0,0,0,0,0,4,0,0,False
1649,microsoft/azure-maven-plugins,4b7d143f1875359b58b5f85e2134c3f4909264e1,com/microsoft/azure/maven/webapp/utils/TestUtils.java,52,6,20,29,0.0,0,6,0,0,0,0,0,0,0,0,0,0,0,0,0,0,0,0,0,0,0,0,False
1650,microsoft/azure-maven-plugins,499009279334c7c6685ba33ba6f02b7b68f5ddf8,com/microsoft/azure/maven/function/AddMojoTest.java,44,7,15,24,0.11,5,7,1,0,0,0,0,4,0,0,0,0,0,0,0,0,0,2,0,4,0,0,False
1651,microsoft/azure-maven-plugins,499009279334c7c6685ba33ba6f02b7b68f5ddf8,com/microsoft/azure/maven/function/DeployMojoTest.java,18,3,7,8,0.22,4,3,1,0,0,0,0,0,1,0,0,0,0,0,0,0,0,0,0,1,0,0,False
1652,microsoft/azure-maven-plugins,499009279334c7c6685ba33ba6f02b7b68f5ddf8,com/microsoft/azure/maven/function/ListMojoTest.java,12,2,6,8,0.0,0,2,0,0,0,0,0,1,0,0,0,0,0,0,0,0,1,0,0,1,0,0,False
1653,microsoft/azure-maven-plugins,499009279334c7c6685ba33ba6f02b7b68f5ddf8,com/microsoft/azure/maven/function/PackageMojoTest.java,42,5,13,41,0.1,4,5,1,0,0,0,0,4,0,0,0,0,0,0,0,0,2,0,0,4,0,0,False
1654,microsoft/azure-maven-plugins,499009279334c7c6685ba33ba6f02b7b68f5ddf8,com/microsoft/azure/maven/function/RunMojoTest.java,57,8,20,60,0.07,4,8,1,0,0,0,0,7,0,0,0,0,0,0,0,0,1,0,0,7,0,0,False
1655,microsoft/azure-maven-plugins,499009279334c7c6685ba33ba6f02b7b68f5ddf8,com/microsoft/azure/maven/AbstractAppServiceMojoTest.java,17,2,3,10,0.06,1,1,0,0,0,0,0,0,0,0,0,0,1,0,0,0,0,0,0,1,0,0,False
1656,microsoft/azure-maven-plugins,499009279334c7c6685ba33ba6f02b7b68f5ddf8,com/microsoft/azure/maven/AbstractAzureMojoTest.java,85,14,29,43,0.26,22,13,3,0,0,0,0,10,0,0,0,0,0,0,0,0,1,0,0,12,0,0,False
1657,microsoft/azure-maven-plugins,499009279334c7c6685ba33ba6f02b7b68f5ddf8,com/microsoft/azure/maven/prompt/DefaultPrompterTest.java,54,13,27,17,0.22,12,13,8,4,0,0,0,12,0,0,0,0,0,0,0,4,1,0,0,12,0,0,False
1658,microsoft/azure-maven-plugins,499009279334c7c6685ba33ba6f02b7b68f5ddf8,com/microsoft/azure/maven/prompt/InputValidateResultTest.java,15,2,2,12,0.4,6,2,2,0,0,0,0,0,0,0,0,0,0,0,0,0,0,0,0,2,0,0,False
1659,microsoft/azure-maven-plugins,499009279334c7c6685ba33ba6f02b7b68f5ddf8,com/microsoft/azure/maven/prompt/SchemaValidatorTest.java,66,6,15,17,0.18,12,6,1,0,0,0,0,5,1,0,1,0,0,0,0,2,0,0,0,5,0,0,False
1660,microsoft/azure-maven-plugins,499009279334c7c6685ba33ba6f02b7b68f5ddf8,com/microsoft/azure/maven/utils/MavenUtilsTest.java,34,3,6,39,0.32,11,3,2,0,0,0,0,3,0,3,0,0,0,0,0,0,0,0,3,3,0,0,False
1661,microsoft/azure-maven-plugins,499009279334c7c6685ba33ba6f02b7b68f5ddf8,com/microsoft/azure/maven/utils/TemplateUtilsTest.java,54,8,10,28,0.19,10,8,2,0,0,0,0,1,0,0,0,0,0,0,0,1,0,0,0,8,0,0,False
1662,microsoft/azure-maven-plugins,499009279334c7c6685ba33ba6f02b7b68f5ddf8,com/microsoft/azure/maven/utils/XmlUtilsTest.java,49,6,10,30,0.33,16,6,4,0,0,0,0,1,0,0,0,0,0,0,0,0,0,0,0,5,0,0,False
1663,microsoft/azure-maven-plugins,499009279334c7c6685ba33ba6f02b7b68f5ddf8,com/microsoft/azure/maven/webapp/DeployMojoTest.java,51,7,16,36,0.31,16,5,3,0,0,0,0,3,0,0,0,0,0,0,0,0,0,0,0,3,0,0,False
1664,microsoft/azure-maven-plugins,499009279334c7c6685ba33ba6f02b7b68f5ddf8,com/microsoft/azure/maven/webapp/parser/ConfigParserTest.java,80,5,7,49,0.29,23,5,4,0,0,0,0,1,4,0,0,0,0,0,0,0,0,0,0,4,0,0,False
1665,microsoft/azure-maven-plugins,499009279334c7c6685ba33ba6f02b7b68f5ddf8,com/microsoft/azure/maven/webapp/utils/TestUtils.java,52,6,20,29,0.0,0,6,0,0,0,0,0,0,0,0,0,0,0,0,0,0,0,0,0,0,0,0,False
1666,microsoft/azure-maven-plugins,dc9a60481c4f52b96502925966c2235ebc127430,com/microsoft/azure/maven/function/AddMojoTest.java,44,7,15,24,0.11,5,7,1,0,0,0,0,4,0,0,0,0,0,0,0,0,0,2,0,4,0,0,False
1667,microsoft/azure-maven-plugins,dc9a60481c4f52b96502925966c2235ebc127430,com/microsoft/azure/maven/function/DeployMojoTest.java,25,4,9,14,0.16,4,4,1,0,0,0,0,0,1,0,0,0,0,0,0,0,0,1,0,1,0,0,False
1668,microsoft/azure-maven-plugins,dc9a60481c4f52b96502925966c2235ebc127430,com/microsoft/azure/maven/function/ListMojoTest.java,12,2,6,8,0.0,0,2,0,0,0,0,0,1,0,0,0,0,0,0,0,0,1,0,0,1,0,0,False
1669,microsoft/azure-maven-plugins,dc9a60481c4f52b96502925966c2235ebc127430,com/microsoft/azure/maven/function/PackageMojoTest.java,42,5,13,41,0.1,4,5,1,0,0,0,0,4,0,0,0,0,0,0,0,0,2,0,0,4,0,0,False
1670,microsoft/azure-maven-plugins,dc9a60481c4f52b96502925966c2235ebc127430,com/microsoft/azure/maven/function/RunMojoTest.java,57,8,20,60,0.07,4,8,1,0,0,0,0,7,0,0,0,0,0,0,0,0,1,0,0,7,0,0,False
1671,microsoft/azure-maven-plugins,dc9a60481c4f52b96502925966c2235ebc127430,com/microsoft/azure/maven/AbstractAppServiceMojoTest.java,17,2,3,10,0.06,1,1,0,0,0,0,0,0,0,0,0,0,1,0,0,0,0,0,0,1,0,0,False
1672,microsoft/azure-maven-plugins,dc9a60481c4f52b96502925966c2235ebc127430,com/microsoft/azure/maven/AbstractAzureMojoTest.java,85,14,29,43,0.26,22,13,3,0,0,0,0,10,0,0,0,0,0,0,0,0,1,0,0,12,0,0,False
1673,microsoft/azure-maven-plugins,dc9a60481c4f52b96502925966c2235ebc127430,com/microsoft/azure/maven/prompt/DefaultPrompterTest.java,54,13,27,17,0.22,12,13,8,4,0,0,0,12,0,0,0,0,0,0,0,4,1,0,0,12,0,0,False
1674,microsoft/azure-maven-plugins,dc9a60481c4f52b96502925966c2235ebc127430,com/microsoft/azure/maven/prompt/InputValidateResultTest.java,15,2,2,12,0.4,6,2,2,0,0,0,0,0,0,0,0,0,0,0,0,0,0,0,0,2,0,0,False
1675,microsoft/azure-maven-plugins,dc9a60481c4f52b96502925966c2235ebc127430,com/microsoft/azure/maven/prompt/SchemaValidatorTest.java,66,6,15,17,0.18,12,6,1,0,0,0,0,5,1,0,1,0,0,0,0,2,0,0,0,5,0,0,False
1676,microsoft/azure-maven-plugins,dc9a60481c4f52b96502925966c2235ebc127430,com/microsoft/azure/maven/utils/MavenUtilsTest.java,34,3,6,39,0.32,11,3,2,0,0,0,0,3,0,3,0,0,0,0,0,0,0,0,3,3,0,0,False
1677,microsoft/azure-maven-plugins,dc9a60481c4f52b96502925966c2235ebc127430,com/microsoft/azure/maven/utils/TemplateUtilsTest.java,54,8,10,28,0.19,10,8,2,0,0,0,0,1,0,0,0,0,0,0,0,1,0,0,0,8,0,0,False
1678,microsoft/azure-maven-plugins,dc9a60481c4f52b96502925966c2235ebc127430,com/microsoft/azure/maven/utils/XmlUtilsTest.java,49,6,10,30,0.33,16,6,4,0,0,0,0,1,0,0,0,0,0,0,0,0,0,0,0,5,0,0,False
1679,microsoft/azure-maven-plugins,dc9a60481c4f52b96502925966c2235ebc127430,com/microsoft/azure/maven/webapp/DeployMojoTest.java,53,7,16,37,0.34,18,5,3,0,0,0,0,3,0,0,0,0,0,0,0,0,0,0,0,3,0,0,False
1680,microsoft/azure-maven-plugins,dc9a60481c4f52b96502925966c2235ebc127430,com/microsoft/azure/maven/webapp/parser/ConfigParserTest.java,80,5,7,49,0.29,23,5,4,0,0,0,0,1,4,0,0,0,0,0,0,0,0,0,0,4,0,0,False
1681,microsoft/azure-maven-plugins,dc9a60481c4f52b96502925966c2235ebc127430,com/microsoft/azure/maven/webapp/utils/TestUtils.java,52,6,20,29,0.0,0,6,0,0,0,0,0,0,0,0,0,0,0,0,0,0,0,0,0,0,0,0,False
1682,microsoft/azure-maven-plugins,6aa372c76a6f80c74bd213aa99b7ec47ca6650b2,com/microsoft/azure/maven/function/AddMojoTest.java,44,7,15,24,0.11,5,7,1,0,0,0,0,4,0,0,0,0,0,0,0,0,0,2,0,4,0,0,False
1683,microsoft/azure-maven-plugins,6aa372c76a6f80c74bd213aa99b7ec47ca6650b2,com/microsoft/azure/maven/function/DeployMojoTest.java,44,6,15,32,0.09,4,6,1,0,0,0,0,1,1,0,0,0,0,0,0,0,0,3,0,1,0,0,False
1684,microsoft/azure-maven-plugins,6aa372c76a6f80c74bd213aa99b7ec47ca6650b2,com/microsoft/azure/maven/function/ListMojoTest.java,12,2,6,8,0.0,0,2,0,0,0,0,0,1,0,0,0,0,0,0,0,0,1,0,0,1,0,0,False
1685,microsoft/azure-maven-plugins,6aa372c76a6f80c74bd213aa99b7ec47ca6650b2,com/microsoft/azure/maven/function/PackageMojoTest.java,42,5,13,41,0.1,4,5,1,0,0,0,0,4,0,0,0,0,0,0,0,0,2,0,0,4,0,0,False
1686,microsoft/azure-maven-plugins,6aa372c76a6f80c74bd213aa99b7ec47ca6650b2,com/microsoft/azure/maven/function/RunMojoTest.java,57,8,20,60,0.07,4,8,1,0,0,0,0,7,0,0,0,0,0,0,0,0,1,0,0,7,0,0,False
1687,microsoft/azure-maven-plugins,6aa372c76a6f80c74bd213aa99b7ec47ca6650b2,com/microsoft/azure/maven/AbstractAppServiceMojoTest.java,17,2,3,10,0.06,1,1,0,0,0,0,0,0,0,0,0,0,1,0,0,0,0,0,0,1,0,0,False
1688,microsoft/azure-maven-plugins,6aa372c76a6f80c74bd213aa99b7ec47ca6650b2,com/microsoft/azure/maven/AbstractAzureMojoTest.java,93,16,33,47,0.26,24,15,3,0,0,0,0,12,0,0,0,0,0,0,0,0,1,0,0,14,0,0,False
1689,microsoft/azure-maven-plugins,6aa372c76a6f80c74bd213aa99b7ec47ca6650b2,com/microsoft/azure/maven/prompt/DefaultPrompterTest.java,54,13,27,17,0.22,12,13,8,4,0,0,0,12,0,0,0,0,0,0,0,4,1,0,0,12,0,0,False
1690,microsoft/azure-maven-plugins,6aa372c76a6f80c74bd213aa99b7ec47ca6650b2,com/microsoft/azure/maven/prompt/InputValidateResultTest.java,15,2,2,12,0.4,6,2,2,0,0,0,0,0,0,0,0,0,0,0,0,0,0,0,0,2,0,0,False
1691,microsoft/azure-maven-plugins,6aa372c76a6f80c74bd213aa99b7ec47ca6650b2,com/microsoft/azure/maven/prompt/SchemaValidatorTest.java,66,6,15,17,0.18,12,6,1,0,0,0,0,5,1,0,1,0,0,0,0,2,0,0,0,5,0,0,False
1692,microsoft/azure-maven-plugins,6aa372c76a6f80c74bd213aa99b7ec47ca6650b2,com/microsoft/azure/maven/utils/MavenUtilsTest.java,34,3,6,39,0.32,11,3,2,0,0,0,0,3,0,3,0,0,0,0,0,0,0,0,3,3,0,0,False
1693,microsoft/azure-maven-plugins,6aa372c76a6f80c74bd213aa99b7ec47ca6650b2,com/microsoft/azure/maven/utils/TemplateUtilsTest.java,54,8,10,28,0.19,10,8,2,0,0,0,0,1,0,0,0,0,0,0,0,1,0,0,0,8,0,0,False
1694,microsoft/azure-maven-plugins,6aa372c76a6f80c74bd213aa99b7ec47ca6650b2,com/microsoft/azure/maven/utils/XmlUtilsTest.java,49,6,10,30,0.33,16,6,4,0,0,0,0,1,0,0,0,0,0,0,0,0,0,0,0,5,0,0,False
1695,microsoft/azure-maven-plugins,6aa372c76a6f80c74bd213aa99b7ec47ca6650b2,com/microsoft/azure/maven/webapp/DeployMojoTest.java,85,12,29,61,0.29,25,10,3,0,0,0,0,8,0,0,0,0,0,0,0,0,0,0,0,8,0,0,False
1696,microsoft/azure-maven-plugins,6aa372c76a6f80c74bd213aa99b7ec47ca6650b2,com/microsoft/azure/maven/webapp/parser/ConfigurationParserTest.java,138,21,44,39,0.18,25,5,3,0,0,0,0,3,0,0,0,0,0,0,0,0,0,0,0,3,0,0,False
1697,microsoft/azure-maven-plugins,6aa372c76a6f80c74bd213aa99b7ec47ca6650b2,com/microsoft/azure/maven/webapp/parser/V1ConfigParserTest.java,24,3,7,13,0.17,4,3,2,0,0,0,0,2,2,0,0,0,0,0,0,0,0,0,0,2,0,0,False
1698,microsoft/azure-maven-plugins,6aa372c76a6f80c74bd213aa99b7ec47ca6650b2,com/microsoft/azure/maven/webapp/parser/V1ConfigurationParserTest.java,120,9,23,56,0.23,27,9,8,0,0,0,0,6,0,0,0,0,0,0,0,0,0,0,0,8,0,0,False
1699,microsoft/azure-maven-plugins,6aa372c76a6f80c74bd213aa99b7ec47ca6650b2,com/microsoft/azure/maven/webapp/parser/V2ConfigParserTest.java,59,6,13,32,0.17,10,6,3,0,0,0,0,5,5,0,0,0,0,0,0,0,0,0,0,5,0,0,False
1700,microsoft/azure-maven-plugins,6aa372c76a6f80c74bd213aa99b7ec47ca6650b2,com/microsoft/azure/maven/webapp/parser/V2ConfigurationParserTest.java,148,10,24,76,0.19,28,10,9,0,0,0,0,6,0,0,0,0,0,0,0,1,0,0,0,9,0,0,False
1701,microsoft/azure-maven-plugins,6aa372c76a6f80c74bd213aa99b7ec47ca6650b2,com/microsoft/azure/maven/webapp/utils/RuntimeStackUtilsTest.java,13,2,2,4,0.54,7,2,2,0,0,0,0,0,0,0,0,0,0,0,0,0,0,0,0,2,0,0,False
1702,microsoft/azure-maven-plugins,6aa372c76a6f80c74bd213aa99b7ec47ca6650b2,com/microsoft/azure/maven/webapp/utils/TestUtils.java,52,6,20,29,0.0,0,6,0,0,0,0,0,0,0,0,0,0,0,0,0,0,0,0,0,0,0,0,False
1703,microsoft/azure-maven-plugins,6aa372c76a6f80c74bd213aa99b7ec47ca6650b2,com/microsoft/azure/maven/webapp/WebAppUtilsTest.java,149,8,20,90,0.05,7,8,1,0,0,0,0,7,0,0,0,0,0,0,0,0,0,0,0,8,0,0,False
1704,microsoft/azure-maven-plugins,22ec87cedec0b4a30f96fc60d201a782c97198fe,com/microsoft/azure/maven/function/AddMojoTest.java,47,7,15,30,0.11,5,7,1,0,0,0,0,6,0,1,0,0,0,0,0,0,0,0,2,6,0,0,False
1705,microsoft/azure-maven-plugins,22ec87cedec0b4a30f96fc60d201a782c97198fe,com/microsoft/azure/maven/function/DeployMojoTest.java,120,14,38,109,0.12,14,14,5,0,0,0,0,12,12,0,0,0,0,0,0,1,4,0,0,12,0,0,False
1706,microsoft/azure-maven-plugins,22ec87cedec0b4a30f96fc60d201a782c97198fe,com/microsoft/azure/maven/function/ListMojoTest.java,12,2,6,8,0.0,0,2,0,0,0,0,0,1,0,0,0,0,0,0,0,0,1,0,0,1,0,0,False
1707,microsoft/azure-maven-plugins,22ec87cedec0b4a30f96fc60d201a782c97198fe,com/microsoft/azure/maven/function/PackageMojoTest.java,42,5,13,41,0.1,4,5,1,0,0,0,0,4,0,0,0,0,0,0,0,0,2,0,0,4,0,0,False
1708,microsoft/azure-maven-plugins,22ec87cedec0b4a30f96fc60d201a782c97198fe,com/microsoft/azure/maven/function/RunMojoTest.java,57,8,20,60,0.07,4,8,1,0,0,0,0,7,0,0,0,0,0,0,0,0,1,0,0,7,0,0,False
1709,microsoft/azure-maven-plugins,22ec87cedec0b4a30f96fc60d201a782c97198fe,com/microsoft/azure/maven/AbstractAppServiceMojoTest.java,17,2,3,10,0.06,1,1,0,0,0,0,0,0,0,0,0,0,1,0,0,0,0,0,0,1,0,0,False
1710,microsoft/azure-maven-plugins,22ec87cedec0b4a30f96fc60d201a782c97198fe,com/microsoft/azure/maven/AbstractAzureMojoTest.java,96,17,34,48,0.26,25,16,3,0,0,0,0,12,0,0,0,0,0,0,0,0,1,0,0,15,0,0,False
1711,microsoft/azure-maven-plugins,22ec87cedec0b4a30f96fc60d201a782c97198fe,com/microsoft/azure/maven/utils/MavenUtilsTest.java,34,3,6,39,0.32,11,3,2,0,0,0,0,3,0,3,0,0,0,0,0,0,0,0,3,3,0,0,False
1712,microsoft/azure-maven-plugins,22ec87cedec0b4a30f96fc60d201a782c97198fe,com/microsoft/azure/maven/utils/TemplateUtilsTest.java,54,8,10,28,0.19,10,8,2,0,0,0,0,1,0,0,0,0,0,0,0,1,0,0,0,8,0,0,False
1713,microsoft/azure-maven-plugins,22ec87cedec0b4a30f96fc60d201a782c97198fe,com/microsoft/azure/maven/utils/XmlUtilsTest.java,49,6,10,30,0.33,16,6,4,0,0,0,0,1,0,0,0,0,0,0,0,0,0,0,0,5,0,0,False
1714,microsoft/azure-maven-plugins,22ec87cedec0b4a30f96fc60d201a782c97198fe,com/microsoft/azure/maven/webapp/DeployMojoTest.java,85,12,29,61,0.29,25,10,3,0,0,0,0,8,0,0,0,0,0,0,0,0,0,0,0,8,0,0,False
1715,microsoft/azure-maven-plugins,22ec87cedec0b4a30f96fc60d201a782c97198fe,com/microsoft/azure/maven/webapp/parser/ConfigurationParserTest.java,138,21,44,39,0.18,25,5,3,0,0,0,0,3,0,0,0,0,0,0,0,0,0,0,0,3,0,0,False
1716,microsoft/azure-maven-plugins,22ec87cedec0b4a30f96fc60d201a782c97198fe,com/microsoft/azure/maven/webapp/parser/V1ConfigParserTest.java,24,3,7,13,0.17,4,3,2,0,0,0,0,2,2,0,0,0,0,0,0,0,0,0,0,2,0,0,False
1717,microsoft/azure-maven-plugins,22ec87cedec0b4a30f96fc60d201a782c97198fe,com/microsoft/azure/maven/webapp/parser/V1ConfigurationParserTest.java,120,9,23,56,0.23,27,9,8,0,0,0,0,6,0,0,0,0,0,0,0,0,0,0,0,8,0,0,False
1718,microsoft/azure-maven-plugins,22ec87cedec0b4a30f96fc60d201a782c97198fe,com/microsoft/azure/maven/webapp/parser/V2ConfigParserTest.java,43,4,9,25,0.12,5,4,2,0,0,0,0,3,3,0,0,0,0,0,0,0,0,0,0,3,0,0,False
1719,microsoft/azure-maven-plugins,22ec87cedec0b4a30f96fc60d201a782c97198fe,com/microsoft/azure/maven/webapp/parser/V2ConfigurationParserTest.java,148,10,24,76,0.19,28,10,9,0,0,0,0,6,0,0,0,0,0,0,0,1,0,0,0,9,0,0,False
1720,microsoft/azure-maven-plugins,22ec87cedec0b4a30f96fc60d201a782c97198fe,com/microsoft/azure/maven/webapp/utils/RuntimeStackUtilsTest.java,13,2,2,4,0.54,7,2,2,0,0,0,0,0,0,0,0,0,0,0,0,0,0,0,0,2,0,0,False
1721,microsoft/azure-maven-plugins,22ec87cedec0b4a30f96fc60d201a782c97198fe,com/microsoft/azure/maven/webapp/utils/TestUtils.java,52,6,20,29,0.0,0,6,0,0,0,0,0,0,0,0,0,0,0,0,0,0,0,0,0,0,0,0,False
1722,microsoft/azure-maven-plugins,22ec87cedec0b4a30f96fc60d201a782c97198fe,com/microsoft/azure/maven/webapp/WebAppUtilsTest.java,149,8,20,90,0.05,7,8,1,0,0,0,0,7,0,0,0,0,0,0,0,0,0,0,0,8,0,0,False
1723,microsoft/azure-maven-plugins,0bf705551bbec7d3fba089a8eed3662eb9d0b716,com/microsoft/azure/maven/function/AddMojoTest.java,44,7,15,24,0.11,5,7,1,0,0,0,0,6,0,1,0,0,0,0,0,0,0,0,2,6,0,0,False
1724,microsoft/azure-maven-plugins,0bf705551bbec7d3fba089a8eed3662eb9d0b716,com/microsoft/azure/maven/function/DeployMojoTest.java,161,16,43,143,0.11,18,16,7,0,0,0,0,14,14,0,0,0,0,0,0,1,4,0,0,14,0,0,False
1725,microsoft/azure-maven-plugins,0bf705551bbec7d3fba089a8eed3662eb9d0b716,com/microsoft/azure/maven/function/ListMojoTest.java,15,2,6,12,0.0,0,2,0,0,0,0,0,1,0,0,0,0,0,0,0,0,1,0,0,1,0,0,False
1726,microsoft/azure-maven-plugins,0bf705551bbec7d3fba089a8eed3662eb9d0b716,com/microsoft/azure/maven/function/PackageMojoTest.java,44,5,13,43,0.09,4,5,1,0,0,0,0,4,0,0,0,0,0,0,0,0,2,0,0,4,0,0,False
1727,microsoft/azure-maven-plugins,0bf705551bbec7d3fba089a8eed3662eb9d0b716,com/microsoft/azure/maven/function/RunMojoTest.java,57,8,20,60,0.07,4,8,1,0,0,0,0,7,0,0,0,0,0,0,0,0,1,0,0,7,0,0,False
1728,microsoft/azure-maven-plugins,0bf705551bbec7d3fba089a8eed3662eb9d0b716,com/microsoft/azure/maven/AbstractAppServiceMojoTest.java,17,2,3,10,0.06,1,1,0,0,0,0,0,0,0,0,0,0,1,0,0,0,0,0,0,1,0,0,False
1729,microsoft/azure-maven-plugins,0bf705551bbec7d3fba089a8eed3662eb9d0b716,com/microsoft/azure/maven/AbstractAzureMojoTest.java,96,17,34,48,0.26,25,16,3,0,0,0,0,12,0,0,0,0,0,0,0,0,1,0,0,15,0,0,False
1730,microsoft/azure-maven-plugins,0bf705551bbec7d3fba089a8eed3662eb9d0b716,com/microsoft/azure/maven/utils/MavenUtilsTest.java,34,3,6,39,0.32,11,3,2,0,0,0,0,3,0,3,0,0,0,0,0,0,0,0,3,3,0,0,False
1731,microsoft/azure-maven-plugins,0bf705551bbec7d3fba089a8eed3662eb9d0b716,com/microsoft/azure/maven/utils/TemplateUtilsTest.java,54,8,10,28,0.19,10,8,2,0,0,0,0,1,0,0,0,0,0,0,0,1,0,0,0,8,0,0,False
1732,microsoft/azure-maven-plugins,0bf705551bbec7d3fba089a8eed3662eb9d0b716,com/microsoft/azure/maven/utils/XmlUtilsTest.java,49,6,10,30,0.33,16,6,4,0,0,0,0,1,0,0,0,0,0,0,0,0,0,0,0,5,0,0,False
1733,microsoft/azure-maven-plugins,0bf705551bbec7d3fba089a8eed3662eb9d0b716,com/microsoft/azure/maven/webapp/DeployMojoTest.java,176,20,54,133,0.14,25,14,3,0,0,0,0,11,0,0,0,0,0,0,0,0,0,0,3,11,0,0,False
1734,microsoft/azure-maven-plugins,0bf705551bbec7d3fba089a8eed3662eb9d0b716,com/microsoft/azure/maven/webapp/handlers/artifact/ArtifactHandlerImplV2Test.java,105,10,27,86,0.04,4,10,1,0,0,0,1,8,0,4,0,0,0,0,0,1,2,0,5,8,0,0,False
1735,microsoft/azure-maven-plugins,0bf705551bbec7d3fba089a8eed3662eb9d0b716,com/microsoft/azure/maven/webapp/handlers/artifact/JarArtifactHandlerImplTest.java,76,11,24,59,0.04,3,11,1,0,0,0,2,7,0,3,0,0,0,0,0,1,4,0,4,9,0,0,False
1736,microsoft/azure-maven-plugins,0bf705551bbec7d3fba089a8eed3662eb9d0b716,com/microsoft/azure/maven/webapp/handlers/artifact/WarArtifactHandlerImplTest.java,138,12,26,111,0.08,11,12,2,0,0,0,0,8,0,8,0,0,1,0,0,1,2,0,9,10,0,0,False
1737,microsoft/azure-maven-plugins,0bf705551bbec7d3fba089a8eed3662eb9d0b716,com/microsoft/azure/maven/webapp/handlers/DeploymentSlotHandlerTest.java,87,9,24,71,0.0,0,9,0,0,0,0,0,8,0,0,0,0,0,0,0,0,4,0,0,8,0,0,False
1738,microsoft/azure-maven-plugins,0bf705551bbec7d3fba089a8eed3662eb9d0b716,com/microsoft/azure/maven/webapp/handlers/HandlerFactoryImplTest.java,89,8,22,54,0.16,14,8,3,0,0,0,0,7,3,0,0,0,0,0,0,0,0,0,0,7,0,0,False
1739,microsoft/azure-maven-plugins,0bf705551bbec7d3fba089a8eed3662eb9d0b716,com/microsoft/azure/maven/webapp/handlers/SettingsHandlerImplTest.java,24,3,9,17,0.0,0,3,0,0,0,0,0,2,0,0,0,0,0,0,0,0,2,0,0,2,0,0,False
1740,microsoft/azure-maven-plugins,0bf705551bbec7d3fba089a8eed3662eb9d0b716,com/microsoft/azure/maven/webapp/handlers/runtime/LinuxRuntimeHandlerImplTest.java,41,5,10,60,0.05,2,5,0,0,0,0,0,2,0,0,0,0,0,0,0,0,0,0,0,2,0,0,False
1741,microsoft/azure-maven-plugins,0bf705551bbec7d3fba089a8eed3662eb9d0b716,com/microsoft/azure/maven/webapp/handlers/runtime/NullRuntimeHandlerImplTest.java,22,3,7,5,0.09,2,3,0,0,0,0,0,1,0,0,0,0,0,0,0,0,0,0,0,2,0,0,False
1742,microsoft/azure-maven-plugins,0bf705551bbec7d3fba089a8eed3662eb9d0b716,com/microsoft/azure/maven/webapp/handlers/runtime/PrivateDockerHubRuntimeHandlerImplTest.java,62,5,12,80,0.0,0,5,0,0,0,0,0,2,0,0,0,0,0,0,0,0,2,0,0,2,0,0,False
1743,microsoft/azure-maven-plugins,0bf705551bbec7d3fba089a8eed3662eb9d0b716,com/microsoft/azure/maven/webapp/handlers/runtime/PrivateRegistryRuntimeHandlerImplTest.java,63,5,12,81,0.0,0,5,0,0,0,0,0,2,0,0,0,0,0,0,0,0,2,0,0,2,0,0,False
1744,microsoft/azure-maven-plugins,0bf705551bbec7d3fba089a8eed3662eb9d0b716,com/microsoft/azure/maven/webapp/handlers/runtime/PublicDockerHubRuntimeHandlerImplTest.java,41,5,10,64,0.0,0,5,0,0,0,0,0,2,0,0,0,0,0,0,0,0,2,0,0,2,0,0,False
1745,microsoft/azure-maven-plugins,0bf705551bbec7d3fba089a8eed3662eb9d0b716,com/microsoft/azure/maven/webapp/handlers/runtime/WindowsRuntimeHandlerImplTest.java,46,5,10,68,0.04,2,5,0,0,0,0,0,2,0,0,0,0,0,0,0,0,0,0,0,2,0,0,False
1746,microsoft/azure-maven-plugins,0bf705551bbec7d3fba089a8eed3662eb9d0b716,com/microsoft/azure/maven/webapp/parser/ConfigurationParserTest.java,138,21,44,39,0.18,25,5,3,0,0,0,0,3,0,0,0,0,0,0,0,0,0,0,0,3,0,0,False
1747,microsoft/azure-maven-plugins,0bf705551bbec7d3fba089a8eed3662eb9d0b716,com/microsoft/azure/maven/webapp/parser/V1ConfigurationParserTest.java,120,9,23,56,0.23,27,9,8,0,0,0,0,6,0,0,0,0,0,0,0,0,0,0,0,8,0,0,False
1748,microsoft/azure-maven-plugins,0bf705551bbec7d3fba089a8eed3662eb9d0b716,com/microsoft/azure/maven/webapp/parser/V2ConfigurationParserTest.java,146,10,22,68,0.19,28,10,9,0,0,0,0,6,0,0,0,0,0,0,0,1,0,0,0,9,0,0,False
1749,microsoft/azure-maven-plugins,0bf705551bbec7d3fba089a8eed3662eb9d0b716,com/microsoft/azure/maven/webapp/utils/RuntimeStackUtilsTest.java,13,2,2,4,0.54,7,2,2,0,0,0,0,0,0,0,0,0,0,0,0,0,0,0,0,2,0,0,False
1750,microsoft/azure-maven-plugins,0bf705551bbec7d3fba089a8eed3662eb9d0b716,com/microsoft/azure/maven/webapp/utils/TestUtils.java,52,6,20,29,0.0,0,6,0,0,0,0,0,0,0,0,0,0,0,0,0,0,0,0,0,0,0,0,False
1751,microsoft/azure-maven-plugins,0bf705551bbec7d3fba089a8eed3662eb9d0b716,com/microsoft/azure/maven/webapp/WebAppUtilsTest.java,149,8,20,90,0.05,7,8,1,0,0,0,0,7,0,0,0,0,0,0,0,0,0,0,0,8,0,0,False
1752,microsoft/azure-maven-plugins,4f8edec2b831ea9d29165dcaf09daef10e7653e5,com/microsoft/azure/maven/function/AddMojoTest.java,44,7,15,24,0.11,5,7,1,0,0,0,0,6,0,1,0,0,0,0,0,0,0,0,2,6,0,0,False
1753,microsoft/azure-maven-plugins,4f8edec2b831ea9d29165dcaf09daef10e7653e5,com/microsoft/azure/maven/function/DeployMojoTest.java,156,16,43,139,0.12,19,16,7,0,0,0,0,14,14,0,0,0,0,0,0,1,4,0,0,14,0,0,False
1754,microsoft/azure-maven-plugins,4f8edec2b831ea9d29165dcaf09daef10e7653e5,com/microsoft/azure/maven/function/ListMojoTest.java,15,2,6,12,0.0,0,2,0,0,0,0,0,1,0,0,0,0,0,0,0,0,1,0,0,1,0,0,False
1755,microsoft/azure-maven-plugins,4f8edec2b831ea9d29165dcaf09daef10e7653e5,com/microsoft/azure/maven/function/PackageMojoTest.java,44,5,13,43,0.09,4,5,1,0,0,0,0,4,0,0,0,0,0,0,0,0,2,0,0,4,0,0,False
1756,microsoft/azure-maven-plugins,4f8edec2b831ea9d29165dcaf09daef10e7653e5,com/microsoft/azure/maven/function/RunMojoTest.java,57,8,20,60,0.07,4,8,1,0,0,0,0,7,0,0,0,0,0,0,0,0,1,0,0,7,0,0,False
1757,microsoft/azure-maven-plugins,4f8edec2b831ea9d29165dcaf09daef10e7653e5,com/microsoft/azure/maven/AbstractAppServiceMojoTest.java,17,2,3,10,0.06,1,1,0,0,0,0,0,0,0,0,0,0,1,0,0,0,0,0,0,1,0,0,False
1758,microsoft/azure-maven-plugins,4f8edec2b831ea9d29165dcaf09daef10e7653e5,com/microsoft/azure/maven/AbstractAzureMojoTest.java,96,17,34,48,0.26,25,16,3,0,0,0,0,12,0,0,0,0,0,0,0,0,1,0,0,15,0,0,False
1759,microsoft/azure-maven-plugins,4f8edec2b831ea9d29165dcaf09daef10e7653e5,com/microsoft/azure/maven/webapp/DeployMojoTest.java,163,20,53,126,0.15,25,14,3,0,0,0,0,11,0,0,0,0,0,0,0,0,0,0,3,11,0,0,False
1760,microsoft/azure-maven-plugins,4f8edec2b831ea9d29165dcaf09daef10e7653e5,com/microsoft/azure/maven/webapp/handlers/artifact/ArtifactHandlerImplV2Test.java,105,10,27,86,0.04,4,10,1,0,0,0,1,8,0,4,0,0,0,0,0,1,2,0,5,8,0,0,False
1761,microsoft/azure-maven-plugins,4f8edec2b831ea9d29165dcaf09daef10e7653e5,com/microsoft/azure/maven/webapp/handlers/artifact/JarArtifactHandlerImplTest.java,76,11,24,59,0.04,3,11,1,0,0,0,2,7,0,3,0,0,0,0,0,1,4,0,4,9,0,0,False
1762,microsoft/azure-maven-plugins,4f8edec2b831ea9d29165dcaf09daef10e7653e5,com/microsoft/azure/maven/webapp/handlers/artifact/WarArtifactHandlerImplTest.java,138,12,26,111,0.08,11,12,2,0,0,0,0,8,0,8,0,0,1,0,0,1,2,0,9,10,0,0,False
1763,microsoft/azure-maven-plugins,4f8edec2b831ea9d29165dcaf09daef10e7653e5,com/microsoft/azure/maven/webapp/handlers/DeploymentSlotHandlerTest.java,87,9,24,71,0.0,0,9,0,0,0,0,0,8,0,0,0,0,0,0,0,0,4,0,0,8,0,0,False
1764,microsoft/azure-maven-plugins,4f8edec2b831ea9d29165dcaf09daef10e7653e5,com/microsoft/azure/maven/webapp/handlers/HandlerFactoryImplTest.java,89,8,22,54,0.16,14,8,3,0,0,0,0,7,3,0,0,0,0,0,0,0,0,0,0,7,0,0,False
1765,microsoft/azure-maven-plugins,4f8edec2b831ea9d29165dcaf09daef10e7653e5,com/microsoft/azure/maven/webapp/handlers/SettingsHandlerImplTest.java,24,3,9,17,0.0,0,3,0,0,0,0,0,2,0,0,0,0,0,0,0,0,2,0,0,2,0,0,False
1766,microsoft/azure-maven-plugins,4f8edec2b831ea9d29165dcaf09daef10e7653e5,com/microsoft/azure/maven/webapp/handlers/runtime/LinuxRuntimeHandlerImplTest.java,41,5,10,60,0.05,2,5,0,0,0,0,0,2,0,0,0,0,0,0,0,0,0,0,0,2,0,0,False
1767,microsoft/azure-maven-plugins,4f8edec2b831ea9d29165dcaf09daef10e7653e5,com/microsoft/azure/maven/webapp/handlers/runtime/NullRuntimeHandlerImplTest.java,22,3,7,5,0.09,2,3,0,0,0,0,0,1,0,0,0,0,0,0,0,0,0,0,0,2,0,0,False
1768,microsoft/azure-maven-plugins,4f8edec2b831ea9d29165dcaf09daef10e7653e5,com/microsoft/azure/maven/webapp/handlers/runtime/PrivateDockerHubRuntimeHandlerImplTest.java,62,5,12,80,0.0,0,5,0,0,0,0,0,2,0,0,0,0,0,0,0,0,2,0,0,2,0,0,False
1769,microsoft/azure-maven-plugins,4f8edec2b831ea9d29165dcaf09daef10e7653e5,com/microsoft/azure/maven/webapp/handlers/runtime/PrivateRegistryRuntimeHandlerImplTest.java,63,5,12,81,0.0,0,5,0,0,0,0,0,2,0,0,0,0,0,0,0,0,2,0,0,2,0,0,False
1770,microsoft/azure-maven-plugins,4f8edec2b831ea9d29165dcaf09daef10e7653e5,com/microsoft/azure/maven/webapp/handlers/runtime/PublicDockerHubRuntimeHandlerImplTest.java,41,5,10,64,0.0,0,5,0,0,0,0,0,2,0,0,0,0,0,0,0,0,2,0,0,2,0,0,False
1771,microsoft/azure-maven-plugins,4f8edec2b831ea9d29165dcaf09daef10e7653e5,com/microsoft/azure/maven/webapp/handlers/runtime/WindowsRuntimeHandlerImplTest.java,46,5,10,68,0.04,2,5,0,0,0,0,0,2,0,0,0,0,0,0,0,0,0,0,0,2,0,0,False
1772,microsoft/azure-maven-plugins,4f8edec2b831ea9d29165dcaf09daef10e7653e5,com/microsoft/azure/maven/webapp/parser/ConfigurationParserTest.java,138,21,44,39,0.18,25,5,3,0,0,0,0,3,0,0,0,0,0,0,0,0,0,0,0,3,0,0,False
1773,microsoft/azure-maven-plugins,4f8edec2b831ea9d29165dcaf09daef10e7653e5,com/microsoft/azure/maven/webapp/parser/V1ConfigurationParserTest.java,120,9,23,56,0.23,27,9,8,0,0,0,0,6,0,0,0,0,0,0,0,0,0,0,0,8,0,0,False
1774,microsoft/azure-maven-plugins,4f8edec2b831ea9d29165dcaf09daef10e7653e5,com/microsoft/azure/maven/webapp/parser/V2ConfigurationParserTest.java,146,10,22,68,0.19,28,10,9,0,0,0,0,6,0,0,0,0,0,0,0,1,0,0,0,9,0,0,False
1775,microsoft/azure-maven-plugins,4f8edec2b831ea9d29165dcaf09daef10e7653e5,com/microsoft/azure/maven/webapp/utils/RuntimeStackUtilsTest.java,13,2,2,4,0.54,7,2,2,0,0,0,0,0,0,0,0,0,0,0,0,0,0,0,0,2,0,0,False
1776,microsoft/azure-maven-plugins,4f8edec2b831ea9d29165dcaf09daef10e7653e5,com/microsoft/azure/maven/webapp/utils/TestUtils.java,52,6,20,29,0.0,0,6,0,0,0,0,0,0,0,0,0,0,0,0,0,0,0,0,0,0,0,0,False
1777,microsoft/azure-maven-plugins,4f8edec2b831ea9d29165dcaf09daef10e7653e5,com/microsoft/azure/maven/webapp/WebAppUtilsTest.java,149,8,20,90,0.05,7,8,1,0,0,0,0,7,0,0,0,0,0,0,0,0,0,0,0,8,0,0,False
1778,microsoft/azure-maven-plugins,110a8c61f57fa63cb1990afee7a830ed03fdd554,com/microsoft/azure/maven/function/AddMojoTest.java,44,7,15,24,0.11,5,7,1,0,0,0,0,6,0,1,0,0,0,0,0,0,0,0,2,6,0,0,False
1779,microsoft/azure-maven-plugins,110a8c61f57fa63cb1990afee7a830ed03fdd554,com/microsoft/azure/maven/function/DeployMojoTest.java,114,14,37,102,0.17,19,14,7,0,0,0,0,12,12,0,0,0,0,0,0,1,4,0,0,12,0,0,False
1780,microsoft/azure-maven-plugins,110a8c61f57fa63cb1990afee7a830ed03fdd554,com/microsoft/azure/maven/function/ListMojoTest.java,15,2,6,12,0.0,0,2,0,0,0,0,0,1,0,0,0,0,0,0,0,0,1,0,0,1,0,0,False
1781,microsoft/azure-maven-plugins,110a8c61f57fa63cb1990afee7a830ed03fdd554,com/microsoft/azure/maven/function/PackageMojoTest.java,44,5,13,43,0.09,4,5,1,0,0,0,0,4,0,0,0,0,0,0,0,0,2,0,0,4,0,0,False
1782,microsoft/azure-maven-plugins,110a8c61f57fa63cb1990afee7a830ed03fdd554,com/microsoft/azure/maven/function/RunMojoTest.java,57,8,20,60,0.07,4,8,1,0,0,0,0,7,0,0,0,0,0,0,0,0,1,0,0,7,0,0,False
1783,microsoft/azure-maven-plugins,110a8c61f57fa63cb1990afee7a830ed03fdd554,com/microsoft/azure/maven/AbstractAppServiceMojoTest.java,17,2,3,10,0.06,1,1,0,0,0,0,0,0,0,0,0,0,1,0,0,0,0,0,0,1,0,0,False
1784,microsoft/azure-maven-plugins,110a8c61f57fa63cb1990afee7a830ed03fdd554,com/microsoft/azure/maven/AbstractAzureMojoTest.java,96,17,34,48,0.26,25,16,3,0,0,0,0,12,0,0,0,0,0,0,0,0,1,0,0,15,0,0,False
1785,microsoft/azure-maven-plugins,110a8c61f57fa63cb1990afee7a830ed03fdd554,com/microsoft/azure/maven/webapp/DeployMojoTest.java,163,20,53,126,0.15,25,14,3,0,0,0,0,11,0,0,0,0,0,0,0,0,0,0,3,11,0,0,False
1786,microsoft/azure-maven-plugins,110a8c61f57fa63cb1990afee7a830ed03fdd554,com/microsoft/azure/maven/webapp/handlers/artifact/ArtifactHandlerImplV2Test.java,105,10,27,86,0.04,4,10,1,0,0,0,1,8,0,4,0,0,0,0,0,1,2,0,5,8,0,0,False
1787,microsoft/azure-maven-plugins,110a8c61f57fa63cb1990afee7a830ed03fdd554,com/microsoft/azure/maven/webapp/handlers/artifact/JarArtifactHandlerImplTest.java,76,11,24,59,0.04,3,11,1,0,0,0,2,7,0,3,0,0,0,0,0,1,4,0,4,9,0,0,False
1788,microsoft/azure-maven-plugins,110a8c61f57fa63cb1990afee7a830ed03fdd554,com/microsoft/azure/maven/webapp/handlers/artifact/WarArtifactHandlerImplTest.java,138,12,26,111,0.08,11,12,2,0,0,0,0,8,0,8,0,0,1,0,0,1,2,0,9,10,0,0,False
1789,microsoft/azure-maven-plugins,110a8c61f57fa63cb1990afee7a830ed03fdd554,com/microsoft/azure/maven/webapp/handlers/DeploymentSlotHandlerTest.java,87,9,24,71,0.0,0,9,0,0,0,0,0,8,0,0,0,0,0,0,0,0,4,0,0,8,0,0,False
1790,microsoft/azure-maven-plugins,110a8c61f57fa63cb1990afee7a830ed03fdd554,com/microsoft/azure/maven/webapp/handlers/HandlerFactoryImplTest.java,89,8,22,54,0.16,14,8,3,0,0,0,0,7,3,0,0,0,0,0,0,0,0,0,0,7,0,0,False
1791,microsoft/azure-maven-plugins,110a8c61f57fa63cb1990afee7a830ed03fdd554,com/microsoft/azure/maven/webapp/handlers/SettingsHandlerImplTest.java,24,3,9,17,0.0,0,3,0,0,0,0,0,2,0,0,0,0,0,0,0,0,2,0,0,2,0,0,False
1792,microsoft/azure-maven-plugins,110a8c61f57fa63cb1990afee7a830ed03fdd554,com/microsoft/azure/maven/webapp/handlers/runtime/LinuxRuntimeHandlerImplTest.java,41,5,10,60,0.05,2,5,0,0,0,0,0,2,0,0,0,0,0,0,0,0,0,0,0,2,0,0,False
1793,microsoft/azure-maven-plugins,110a8c61f57fa63cb1990afee7a830ed03fdd554,com/microsoft/azure/maven/webapp/handlers/runtime/NullRuntimeHandlerImplTest.java,22,3,7,5,0.09,2,3,0,0,0,0,0,1,0,0,0,0,0,0,0,0,0,0,0,2,0,0,False
1794,microsoft/azure-maven-plugins,110a8c61f57fa63cb1990afee7a830ed03fdd554,com/microsoft/azure/maven/webapp/handlers/runtime/PrivateDockerHubRuntimeHandlerImplTest.java,62,5,12,80,0.0,0,5,0,0,0,0,0,2,0,0,0,0,0,0,0,0,2,0,0,2,0,0,False
1795,microsoft/azure-maven-plugins,110a8c61f57fa63cb1990afee7a830ed03fdd554,com/microsoft/azure/maven/webapp/handlers/runtime/PrivateRegistryRuntimeHandlerImplTest.java,63,5,12,81,0.0,0,5,0,0,0,0,0,2,0,0,0,0,0,0,0,0,2,0,0,2,0,0,False
1796,microsoft/azure-maven-plugins,110a8c61f57fa63cb1990afee7a830ed03fdd554,com/microsoft/azure/maven/webapp/handlers/runtime/PublicDockerHubRuntimeHandlerImplTest.java,41,5,10,64,0.0,0,5,0,0,0,0,0,2,0,0,0,0,0,0,0,0,2,0,0,2,0,0,False
1797,microsoft/azure-maven-plugins,110a8c61f57fa63cb1990afee7a830ed03fdd554,com/microsoft/azure/maven/webapp/handlers/runtime/WindowsRuntimeHandlerImplTest.java,46,5,10,68,0.04,2,5,0,0,0,0,0,2,0,0,0,0,0,0,0,0,0,0,0,2,0,0,False
1798,microsoft/azure-maven-plugins,110a8c61f57fa63cb1990afee7a830ed03fdd554,com/microsoft/azure/maven/webapp/parser/ConfigurationParserTest.java,138,21,44,39,0.18,25,5,3,0,0,0,0,3,0,0,0,0,0,0,0,0,0,0,0,3,0,0,False
1799,microsoft/azure-maven-plugins,110a8c61f57fa63cb1990afee7a830ed03fdd554,com/microsoft/azure/maven/webapp/parser/V1ConfigurationParserTest.java,120,9,23,56,0.23,27,9,8,0,0,0,0,6,0,0,0,0,0,0,0,0,0,0,0,8,0,0,False
1800,microsoft/azure-maven-plugins,110a8c61f57fa63cb1990afee7a830ed03fdd554,com/microsoft/azure/maven/webapp/parser/V2ConfigurationParserTest.java,146,10,22,68,0.19,28,10,9,0,0,0,0,6,0,0,0,0,0,0,0,1,0,0,0,9,0,0,False
1801,microsoft/azure-maven-plugins,110a8c61f57fa63cb1990afee7a830ed03fdd554,com/microsoft/azure/maven/webapp/utils/RuntimeStackUtilsTest.java,13,2,2,4,0.54,7,2,2,0,0,0,0,0,0,0,0,0,0,0,0,0,0,0,0,2,0,0,False
1802,microsoft/azure-maven-plugins,110a8c61f57fa63cb1990afee7a830ed03fdd554,com/microsoft/azure/maven/webapp/utils/TestUtils.java,52,6,20,29,0.0,0,6,0,0,0,0,0,0,0,0,0,0,0,0,0,0,0,0,0,0,0,0,False
1803,microsoft/azure-maven-plugins,110a8c61f57fa63cb1990afee7a830ed03fdd554,com/microsoft/azure/maven/webapp/WebAppUtilsTest.java,149,8,20,90,0.05,7,8,1,0,0,0,0,7,0,0,0,0,0,0,0,0,0,0,0,8,0,0,False
1804,microsoft/azure-maven-plugins,db5fa60c30d2acbd7354929dd21092ef8d2a1f10,com/microsoft/azure/maven/function/AddMojoTest.java,44,7,15,24,0.11,5,7,1,0,0,0,0,6,0,1,0,0,0,0,0,0,0,0,2,6,0,0,False
1805,microsoft/azure-maven-plugins,db5fa60c30d2acbd7354929dd21092ef8d2a1f10,com/microsoft/azure/maven/function/DeployMojoTest.java,116,15,38,91,0.2,23,15,8,0,0,0,0,12,13,0,0,0,0,0,0,2,4,0,0,13,0,0,False
1806,microsoft/azure-maven-plugins,db5fa60c30d2acbd7354929dd21092ef8d2a1f10,com/microsoft/azure/maven/function/ListMojoTest.java,15,2,6,12,0.0,0,2,0,0,0,0,0,1,0,0,0,0,0,0,0,0,1,0,0,1,0,0,False
1807,microsoft/azure-maven-plugins,db5fa60c30d2acbd7354929dd21092ef8d2a1f10,com/microsoft/azure/maven/function/PackageMojoTest.java,43,5,13,42,0.09,4,5,1,0,0,0,0,4,0,0,0,0,0,0,0,0,2,0,0,4,0,0,False
1808,microsoft/azure-maven-plugins,db5fa60c30d2acbd7354929dd21092ef8d2a1f10,com/microsoft/azure/maven/function/RunMojoTest.java,57,8,20,60,0.07,4,8,1,0,0,0,0,7,0,0,0,0,0,0,0,0,1,0,0,7,0,0,False
1809,microsoft/azure-maven-plugins,db5fa60c30d2acbd7354929dd21092ef8d2a1f10,com/microsoft/azure/maven/AbstractAppServiceMojoTest.java,17,2,3,10,0.06,1,1,0,0,0,0,0,0,0,0,0,0,1,0,0,0,0,0,0,1,0,0,False
1810,microsoft/azure-maven-plugins,db5fa60c30d2acbd7354929dd21092ef8d2a1f10,com/microsoft/azure/maven/AbstractAzureMojoTest.java,96,17,34,48,0.26,25,16,3,0,0,0,0,12,0,0,0,0,0,0,0,0,1,0,0,15,0,0,False
1811,microsoft/azure-maven-plugins,db5fa60c30d2acbd7354929dd21092ef8d2a1f10,com/microsoft/azure/maven/webapp/DeployMojoTest.java,163,20,53,126,0.15,25,14,3,0,0,0,0,11,0,0,0,0,0,0,0,0,0,0,3,11,0,0,False
1812,microsoft/azure-maven-plugins,db5fa60c30d2acbd7354929dd21092ef8d2a1f10,com/microsoft/azure/maven/webapp/handlers/artifact/ArtifactHandlerImplV2Test.java,105,10,27,86,0.04,4,10,1,0,0,0,1,8,0,4,0,0,0,0,0,1,2,0,5,8,0,0,False
1813,microsoft/azure-maven-plugins,db5fa60c30d2acbd7354929dd21092ef8d2a1f10,com/microsoft/azure/maven/webapp/handlers/artifact/JarArtifactHandlerImplTest.java,76,11,24,59,0.04,3,11,1,0,0,0,2,7,0,3,0,0,0,0,0,1,4,0,4,9,0,0,False
1814,microsoft/azure-maven-plugins,db5fa60c30d2acbd7354929dd21092ef8d2a1f10,com/microsoft/azure/maven/webapp/handlers/artifact/WarArtifactHandlerImplTest.java,138,12,26,111,0.08,11,12,2,0,0,0,0,8,0,8,0,0,1,0,0,1,2,0,9,10,0,0,False
1815,microsoft/azure-maven-plugins,db5fa60c30d2acbd7354929dd21092ef8d2a1f10,com/microsoft/azure/maven/webapp/handlers/DeploymentSlotHandlerTest.java,87,9,24,71,0.0,0,9,0,0,0,0,0,8,0,0,0,0,0,0,0,0,4,0,0,8,0,0,False
1816,microsoft/azure-maven-plugins,db5fa60c30d2acbd7354929dd21092ef8d2a1f10,com/microsoft/azure/maven/webapp/handlers/HandlerFactoryImplTest.java,89,8,22,54,0.16,14,8,3,0,0,0,0,7,3,0,0,0,0,0,0,0,0,0,0,7,0,0,False
1817,microsoft/azure-maven-plugins,db5fa60c30d2acbd7354929dd21092ef8d2a1f10,com/microsoft/azure/maven/webapp/handlers/SettingsHandlerImplTest.java,24,3,9,17,0.0,0,3,0,0,0,0,0,2,0,0,0,0,0,0,0,0,2,0,0,2,0,0,False
1818,microsoft/azure-maven-plugins,db5fa60c30d2acbd7354929dd21092ef8d2a1f10,com/microsoft/azure/maven/webapp/handlers/runtime/LinuxRuntimeHandlerImplTest.java,41,5,10,60,0.05,2,5,0,0,0,0,0,2,0,0,0,0,0,0,0,0,0,0,0,2,0,0,False
1819,microsoft/azure-maven-plugins,db5fa60c30d2acbd7354929dd21092ef8d2a1f10,com/microsoft/azure/maven/webapp/handlers/runtime/NullRuntimeHandlerImplTest.java,22,3,7,5,0.09,2,3,0,0,0,0,0,1,0,0,0,0,0,0,0,0,0,0,0,2,0,0,False
1820,microsoft/azure-maven-plugins,db5fa60c30d2acbd7354929dd21092ef8d2a1f10,com/microsoft/azure/maven/webapp/handlers/runtime/PrivateDockerHubRuntimeHandlerImplTest.java,62,5,12,80,0.0,0,5,0,0,0,0,0,2,0,0,0,0,0,0,0,0,2,0,0,2,0,0,False
1821,microsoft/azure-maven-plugins,db5fa60c30d2acbd7354929dd21092ef8d2a1f10,com/microsoft/azure/maven/webapp/handlers/runtime/PrivateRegistryRuntimeHandlerImplTest.java,63,5,12,81,0.0,0,5,0,0,0,0,0,2,0,0,0,0,0,0,0,0,2,0,0,2,0,0,False
1822,microsoft/azure-maven-plugins,db5fa60c30d2acbd7354929dd21092ef8d2a1f10,com/microsoft/azure/maven/webapp/handlers/runtime/PublicDockerHubRuntimeHandlerImplTest.java,41,5,10,64,0.0,0,5,0,0,0,0,0,2,0,0,0,0,0,0,0,0,2,0,0,2,0,0,False
1823,microsoft/azure-maven-plugins,db5fa60c30d2acbd7354929dd21092ef8d2a1f10,com/microsoft/azure/maven/webapp/handlers/runtime/WindowsRuntimeHandlerImplTest.java,46,5,10,68,0.04,2,5,0,0,0,0,0,2,0,0,0,0,0,0,0,0,0,0,0,2,0,0,False
1824,microsoft/azure-maven-plugins,db5fa60c30d2acbd7354929dd21092ef8d2a1f10,com/microsoft/azure/maven/webapp/parser/ConfigurationParserTest.java,138,21,44,39,0.18,25,5,3,0,0,0,0,3,0,0,0,0,0,0,0,0,0,0,0,3,0,0,False
1825,microsoft/azure-maven-plugins,db5fa60c30d2acbd7354929dd21092ef8d2a1f10,com/microsoft/azure/maven/webapp/parser/V1ConfigurationParserTest.java,122,9,23,56,0.23,28,9,8,0,0,0,0,6,0,0,0,0,0,0,0,0,0,0,0,8,0,0,False
1826,microsoft/azure-maven-plugins,db5fa60c30d2acbd7354929dd21092ef8d2a1f10,com/microsoft/azure/maven/webapp/parser/V2ConfigurationParserTest.java,146,10,22,68,0.19,28,10,9,0,0,0,0,6,0,0,0,0,0,0,0,1,0,0,0,9,0,0,False
1827,microsoft/azure-maven-plugins,db5fa60c30d2acbd7354929dd21092ef8d2a1f10,com/microsoft/azure/maven/webapp/utils/RuntimeStackUtilsTest.java,13,2,2,4,0.54,7,2,2,0,0,0,0,0,0,0,0,0,0,0,0,0,0,0,0,2,0,0,False
1828,microsoft/azure-maven-plugins,db5fa60c30d2acbd7354929dd21092ef8d2a1f10,com/microsoft/azure/maven/webapp/utils/TestUtils.java,52,6,20,29,0.0,0,6,0,0,0,0,0,0,0,0,0,0,0,0,0,0,0,0,0,0,0,0,False
1829,microsoft/azure-maven-plugins,db5fa60c30d2acbd7354929dd21092ef8d2a1f10,com/microsoft/azure/maven/webapp/WebAppUtilsTest.java,149,8,20,90,0.05,7,8,1,0,0,0,0,7,0,0,0,0,0,0,0,0,0,0,0,8,0,0,False
1830,microsoft/azure-maven-plugins,fa442c73dbfbe12baee6362404a428cd9e278d55,com/microsoft/azure/maven/function/AddMojoTest.java,44,7,15,24,0.11,5,7,1,0,0,0,0,6,0,1,0,0,0,0,0,0,0,0,2,6,0,0,False
1831,microsoft/azure-maven-plugins,fa442c73dbfbe12baee6362404a428cd9e278d55,com/microsoft/azure/maven/function/DeployMojoTest.java,166,18,48,154,0.08,13,18,4,0,0,0,0,15,15,0,0,0,0,0,0,0,7,0,0,15,0,0,False
1832,microsoft/azure-maven-plugins,fa442c73dbfbe12baee6362404a428cd9e278d55,com/microsoft/azure/maven/function/ListMojoTest.java,22,2,6,14,0.05,1,2,0,0,0,0,0,1,0,0,0,0,0,0,0,0,1,0,0,1,0,0,False
1833,microsoft/azure-maven-plugins,fa442c73dbfbe12baee6362404a428cd9e278d55,com/microsoft/azure/maven/function/PackageMojoTest.java,42,5,13,42,0.1,4,5,1,0,0,0,0,4,0,0,0,0,1,0,0,0,2,0,0,4,0,0,False
1834,microsoft/azure-maven-plugins,fa442c73dbfbe12baee6362404a428cd9e278d55,com/microsoft/azure/maven/function/RunMojoTest.java,57,8,20,60,0.07,4,8,1,0,0,0,0,7,0,0,0,0,0,0,0,0,1,0,0,7,0,0,False
1835,microsoft/azure-maven-plugins,fa442c73dbfbe12baee6362404a428cd9e278d55,com/microsoft/azure/maven/function/handlers/AnnotationHandlerImplTest.java,90,7,17,13,0.03,3,7,2,0,0,0,0,2,0,0,0,0,0,0,0,0,0,0,0,2,0,0,False
1836,microsoft/azure-maven-plugins,fa442c73dbfbe12baee6362404a428cd9e278d55,com/microsoft/azure/maven/function/handlers/CommandHandlerImplTest.java,20,3,4,14,0.15,3,3,1,0,0,0,0,1,0,0,0,0,0,0,0,0,0,0,0,3,0,0,False
1837,microsoft/azure-maven-plugins,fa442c73dbfbe12baee6362404a428cd9e278d55,com/microsoft/azure/maven/function/handlers/FunctionCoreToolsHandlerImplTest.java,76,7,18,83,0.03,2,7,0,0,0,0,0,6,0,0,0,0,0,0,0,0,3,0,0,7,0,0,False
1838,microsoft/azure-maven-plugins,fa442c73dbfbe12baee6362404a428cd9e278d55,com/microsoft/azure/maven/function/handlers/MSDeployArtifactHandlerImplTest.java,122,9,21,101,0.03,4,9,0,0,0,0,0,7,0,3,0,0,0,0,0,0,3,0,2,7,0,0,False
1839,microsoft/azure-maven-plugins,fa442c73dbfbe12baee6362404a428cd9e278d55,com/microsoft/azure/maven/function/utils/CommandUtilsTest.java,12,3,4,9,0.33,4,3,1,0,0,0,0,1,0,0,0,0,0,0,0,0,0,0,0,3,0,0,False
1840,microsoft/azure-maven-plugins,fa442c73dbfbe12baee6362404a428cd9e278d55,com/microsoft/azure/maven/AbstractAppServiceMojoTest.java,17,2,3,10,0.06,1,1,0,0,0,0,0,0,0,0,0,0,1,0,0,0,0,0,0,1,0,0,False
1841,microsoft/azure-maven-plugins,fa442c73dbfbe12baee6362404a428cd9e278d55,com/microsoft/azure/maven/AbstractAzureMojoTest.java,113,19,38,59,0.27,30,18,4,0,0,0,0,14,0,0,0,0,0,0,0,0,2,0,1,17,0,0,False
1842,microsoft/azure-maven-plugins,fa442c73dbfbe12baee6362404a428cd9e278d55,com/microsoft/azure/maven/FTPUploaderTest.java,49,4,11,23,0.04,2,4,0,0,0,0,0,3,0,0,0,0,0,0,0,0,1,0,0,3,0,0,False
1843,microsoft/azure-maven-plugins,fa442c73dbfbe12baee6362404a428cd9e278d55,com/microsoft/azure/maven/UtilsTest.java,44,4,8,27,0.18,8,4,2,0,0,0,0,1,0,0,0,0,0,0,0,1,1,0,0,3,0,0,False
1844,microsoft/azure-maven-plugins,fa442c73dbfbe12baee6362404a428cd9e278d55,com/microsoft/azure/maven/artifacthandler/ArtifactHandlerBaseTest.java,51,8,18,40,0.0,0,5,0,0,0,0,0,4,0,0,0,0,0,0,0,0,1,0,0,4,0,0,False
1845,microsoft/azure-maven-plugins,fa442c73dbfbe12baee6362404a428cd9e278d55,com/microsoft/azure/maven/artifacthandler/FTPArtifactHandlerImplTest.java,96,7,16,75,0.03,3,7,1,0,0,0,0,4,0,0,0,0,0,0,0,1,4,0,0,5,0,0,False
1846,microsoft/azure-maven-plugins,fa442c73dbfbe12baee6362404a428cd9e278d55,com/microsoft/azure/maven/artifacthandler/ZIPArtifactHandlerImplTest.java,73,7,14,55,0.04,3,7,0,0,0,0,0,3,0,3,0,0,0,0,0,0,1,0,3,5,0,0,False
1847,microsoft/azure-maven-plugins,fa442c73dbfbe12baee6362404a428cd9e278d55,com/microsoft/azure/maven/webapp/DeployMojoTest.java,147,22,57,104,0.18,26,16,3,0,0,0,0,12,0,0,0,0,0,0,0,0,0,0,0,12,0,0,False
1848,microsoft/azure-maven-plugins,fa442c73dbfbe12baee6362404a428cd9e278d55,com/microsoft/azure/maven/webapp/handlers/artifact/ArtifactHandlerImplV2Test.java,171,11,30,147,0.02,4,11,1,0,0,0,0,8,0,4,0,0,0,0,0,1,3,0,6,9,0,0,False
1849,microsoft/azure-maven-plugins,fa442c73dbfbe12baee6362404a428cd9e278d55,com/microsoft/azure/maven/webapp/handlers/artifact/JarArtifactHandlerImplTest.java,70,11,23,54,0.04,3,11,1,0,0,0,2,7,0,3,0,0,0,0,0,1,4,0,4,9,0,0,False
1850,microsoft/azure-maven-plugins,fa442c73dbfbe12baee6362404a428cd9e278d55,com/microsoft/azure/maven/webapp/handlers/artifact/WarArtifactHandlerImplTest.java,149,12,26,121,0.07,11,12,2,0,0,0,0,8,0,8,0,0,1,0,0,1,2,0,9,10,0,0,False
1851,microsoft/azure-maven-plugins,fa442c73dbfbe12baee6362404a428cd9e278d55,com/microsoft/azure/maven/webapp/handlers/DeploymentSlotHandlerTest.java,93,9,24,74,0.0,0,9,0,0,0,0,0,8,0,0,0,0,0,0,0,0,4,0,0,8,0,0,False
1852,microsoft/azure-maven-plugins,fa442c73dbfbe12baee6362404a428cd9e278d55,com/microsoft/azure/maven/webapp/handlers/HandlerFactoryImplTest.java,92,8,21,57,0.15,14,8,3,0,0,0,0,7,0,0,0,0,0,0,0,0,0,0,0,7,0,0,False
1853,microsoft/azure-maven-plugins,fa442c73dbfbe12baee6362404a428cd9e278d55,com/microsoft/azure/maven/webapp/handlers/SettingsHandlerImplTest.java,24,3,9,17,0.0,0,3,0,0,0,0,0,2,0,0,0,0,0,0,0,0,2,0,0,2,0,0,False
1854,microsoft/azure-maven-plugins,fa442c73dbfbe12baee6362404a428cd9e278d55,com/microsoft/azure/maven/webapp/handlers/runtime/LinuxRuntimeHandlerImplTest.java,42,5,10,62,0.05,2,5,0,0,0,0,0,2,0,0,0,0,0,0,0,0,0,0,0,2,0,0,False
1855,microsoft/azure-maven-plugins,fa442c73dbfbe12baee6362404a428cd9e278d55,com/microsoft/azure/maven/webapp/handlers/runtime/NullRuntimeHandlerImplTest.java,22,3,7,5,0.09,2,3,0,0,0,0,0,1,0,0,0,0,0,0,0,0,0,0,0,2,0,0,False
1856,microsoft/azure-maven-plugins,fa442c73dbfbe12baee6362404a428cd9e278d55,com/microsoft/azure/maven/webapp/handlers/runtime/PrivateDockerHubRuntimeHandlerImplTest.java,57,5,10,82,0.0,0,5,0,0,0,0,0,2,0,0,0,0,0,0,0,0,2,0,0,2,0,0,False
1857,microsoft/azure-maven-plugins,fa442c73dbfbe12baee6362404a428cd9e278d55,com/microsoft/azure/maven/webapp/handlers/runtime/PrivateRegistryRuntimeHandlerImplTest.java,58,5,10,83,0.0,0,5,0,0,0,0,0,2,0,0,0,0,0,0,0,0,2,0,0,2,0,0,False
1858,microsoft/azure-maven-plugins,fa442c73dbfbe12baee6362404a428cd9e278d55,com/microsoft/azure/maven/webapp/handlers/runtime/PublicDockerHubRuntimeHandlerImplTest.java,42,5,10,70,0.0,0,5,0,0,0,0,0,2,0,0,0,0,0,0,0,0,2,0,0,2,0,0,False
1859,microsoft/azure-maven-plugins,fa442c73dbfbe12baee6362404a428cd9e278d55,com/microsoft/azure/maven/webapp/handlers/runtime/WindowsRuntimeHandlerImplTest.java,47,5,10,70,0.04,2,5,0,0,0,0,0,2,0,0,0,0,0,0,0,0,0,0,0,2,0,0,False
1860,microsoft/azure-maven-plugins,fa442c73dbfbe12baee6362404a428cd9e278d55,com/microsoft/azure/maven/webapp/parser/ConfigurationParserTest.java,138,21,44,39,0.18,25,5,3,0,0,0,0,3,0,0,0,0,0,0,0,0,0,0,0,3,0,0,False
1861,microsoft/azure-maven-plugins,fa442c73dbfbe12baee6362404a428cd9e278d55,com/microsoft/azure/maven/webapp/parser/V1ConfigurationParserTest.java,122,9,23,56,0.23,28,9,8,0,0,0,0,6,0,0,0,0,0,0,0,0,0,0,0,8,0,0,False
1862,microsoft/azure-maven-plugins,fa442c73dbfbe12baee6362404a428cd9e278d55,com/microsoft/azure/maven/webapp/parser/V2ConfigurationParserTest.java,146,10,22,68,0.19,28,10,9,0,0,0,0,6,0,0,0,0,0,0,0,1,0,0,0,9,0,0,False
1863,microsoft/azure-maven-plugins,fa442c73dbfbe12baee6362404a428cd9e278d55,com/microsoft/azure/maven/webapp/utils/RuntimeStackUtilsTest.java,13,2,2,4,0.54,7,2,2,0,0,0,0,0,0,0,0,0,0,0,0,0,0,0,0,2,0,0,False
1864,microsoft/azure-maven-plugins,fa442c73dbfbe12baee6362404a428cd9e278d55,com/microsoft/azure/maven/webapp/utils/TestUtils.java,32,4,13,11,0.0,0,4,0,0,0,0,0,0,0,0,0,0,0,0,0,0,0,0,0,0,0,0,False
1865,microsoft/azure-maven-plugins,fa442c73dbfbe12baee6362404a428cd9e278d55,com/microsoft/azure/maven/webapp/WebAppUtilsTest.java,151,8,20,92,0.05,7,8,1,0,0,0,0,7,0,0,0,0,0,0,0,0,0,0,0,8,0,0,False
1866,microsoft/azure-maven-plugins,0234d542e72658acbe01cc5d6bd387928ded1e8d,com/microsoft/azure/maven/appservice/AbstractAppServiceMojoTest.java,17,2,3,10,0.06,1,1,0,0,0,0,0,0,0,0,0,0,1,0,0,0,0,0,0,1,0,0,False
1867,microsoft/azure-maven-plugins,0234d542e72658acbe01cc5d6bd387928ded1e8d,com/microsoft/azure/maven/function/AddMojoTest.java,44,7,15,24,0.11,5,7,1,0,0,0,0,4,0,0,0,0,0,0,0,0,0,2,0,4,0,0,False
1868,microsoft/azure-maven-plugins,0234d542e72658acbe01cc5d6bd387928ded1e8d,com/microsoft/azure/maven/function/DeployMojoTest.java,18,3,7,8,0.22,4,3,1,0,0,0,0,0,1,0,0,0,0,0,0,0,0,0,0,1,0,0,False
1869,microsoft/azure-maven-plugins,0234d542e72658acbe01cc5d6bd387928ded1e8d,com/microsoft/azure/maven/function/ListMojoTest.java,12,2,6,8,0.0,0,2,0,0,0,0,0,1,0,0,0,0,0,0,0,0,1,0,0,1,0,0,False
1870,microsoft/azure-maven-plugins,0234d542e72658acbe01cc5d6bd387928ded1e8d,com/microsoft/azure/maven/function/PackageMojoTest.java,43,5,13,42,0.09,4,5,1,0,0,0,0,4,0,0,0,0,0,0,0,0,2,0,0,4,0,0,False
1871,microsoft/azure-maven-plugins,0234d542e72658acbe01cc5d6bd387928ded1e8d,com/microsoft/azure/maven/function/RunMojoTest.java,57,8,21,61,0.07,4,8,1,0,0,0,0,7,0,0,0,0,0,0,0,0,1,0,0,7,0,0,False
1872,microsoft/azure-maven-plugins,0234d542e72658acbe01cc5d6bd387928ded1e8d,com/microsoft/azure/maven/AbstractAzureMojoTest.java,85,14,29,43,0.26,22,13,3,0,0,0,0,10,0,0,0,0,0,0,0,0,1,0,0,12,0,0,False
1873,microsoft/azure-maven-plugins,0234d542e72658acbe01cc5d6bd387928ded1e8d,com/microsoft/azure/maven/prompt/DefaultPrompterTest.java,54,13,27,17,0.22,12,13,8,4,0,0,0,12,0,0,0,0,0,0,0,4,1,0,0,12,0,0,False
1874,microsoft/azure-maven-plugins,0234d542e72658acbe01cc5d6bd387928ded1e8d,com/microsoft/azure/maven/prompt/InputValidateResultTest.java,15,2,2,12,0.4,6,2,2,0,0,0,0,0,0,0,0,0,0,0,0,0,0,0,0,2,0,0,False
1875,microsoft/azure-maven-plugins,0234d542e72658acbe01cc5d6bd387928ded1e8d,com/microsoft/azure/maven/prompt/SchemaValidatorTest.java,66,6,15,17,0.18,12,6,1,0,0,0,0,5,1,0,1,0,0,0,0,2,0,0,0,5,0,0,False
1876,microsoft/azure-maven-plugins,0234d542e72658acbe01cc5d6bd387928ded1e8d,com/microsoft/azure/maven/utils/MavenUtilsTest.java,34,3,6,39,0.32,11,3,2,0,0,0,0,3,0,3,0,0,0,0,0,0,0,0,3,3,0,0,False
1877,microsoft/azure-maven-plugins,0234d542e72658acbe01cc5d6bd387928ded1e8d,com/microsoft/azure/maven/utils/XmlUtilsTest.java,49,6,10,30,0.33,16,6,4,0,0,0,0,1,0,0,0,0,0,0,0,0,0,0,0,5,0,0,False
1878,microsoft/azure-maven-plugins,0234d542e72658acbe01cc5d6bd387928ded1e8d,com/microsoft/azure/maven/springcloud/DeployMojoTest.java,16,1,3,8,0.13,2,1,1,0,0,0,0,1,0,0,0,0,0,0,0,0,0,0,0,1,0,0,False
1879,microsoft/azure-maven-plugins,0234d542e72658acbe01cc5d6bd387928ded1e8d,com/microsoft/azure/maven/springcloud/TemplateUtilsTest.java,43,7,8,25,0.23,10,7,2,0,0,0,0,0,0,0,0,0,0,0,0,1,0,0,0,7,0,0,False
1880,microsoft/azure-maven-plugins,0234d542e72658acbe01cc5d6bd387928ded1e8d,com/microsoft/azure/maven/springcloud/configuration/AppDeploymentMavenConfigTest.java,38,7,7,27,0.21,8,7,1,0,0,0,0,0,0,0,0,0,0,0,0,0,0,0,0,7,0,0,False
1881,microsoft/azure-maven-plugins,0234d542e72658acbe01cc5d6bd387928ded1e8d,com/microsoft/azure/maven/springcloud/prompt/ConfigurationPrompterTest.java,183,16,37,75,0.09,16,16,8,1,0,0,0,14,12,0,0,0,2,0,0,7,1,0,1,15,0,0,False
1882,microsoft/azure-maven-plugins,0234d542e72658acbe01cc5d6bd387928ded1e8d,com/microsoft/azure/maven/webapp/DeployMojoTest.java,53,7,16,37,0.34,18,5,3,0,0,0,0,3,0,0,0,0,0,0,0,0,0,0,0,3,0,0,False
1883,microsoft/azure-maven-plugins,0234d542e72658acbe01cc5d6bd387928ded1e8d,com/microsoft/azure/maven/webapp/parser/ConfigParserTest.java,80,5,7,49,0.29,23,5,4,0,0,0,0,1,4,0,0,0,0,0,0,0,0,0,0,4,0,0,False
1884,microsoft/azure-maven-plugins,0234d542e72658acbe01cc5d6bd387928ded1e8d,com/microsoft/azure/maven/webapp/utils/TestUtils.java,52,6,20,29,0.0,0,6,0,0,0,0,0,0,0,0,0,0,0,0,0,0,0,0,0,0,0,0,False
1885,microsoft/azure-maven-plugins,baf2c6d177e52caf22187e02bfeeee3c1911c243,com/microsoft/azure/maven/appservice/AbstractAppServiceMojoTest.java,17,2,3,10,0.06,1,1,0,0,0,0,0,0,0,0,0,0,1,0,0,0,0,0,0,1,0,0,False
1886,microsoft/azure-maven-plugins,baf2c6d177e52caf22187e02bfeeee3c1911c243,com/microsoft/azure/maven/function/AddMojoTest.java,44,7,15,24,0.11,5,7,1,0,0,0,0,4,0,0,0,0,0,0,0,0,0,2,0,4,0,0,False
1887,microsoft/azure-maven-plugins,baf2c6d177e52caf22187e02bfeeee3c1911c243,com/microsoft/azure/maven/function/DeployMojoTest.java,18,3,7,8,0.22,4,3,1,0,0,0,0,0,1,0,0,0,0,0,0,0,0,0,0,1,0,0,False
1888,microsoft/azure-maven-plugins,baf2c6d177e52caf22187e02bfeeee3c1911c243,com/microsoft/azure/maven/function/ListMojoTest.java,12,2,6,8,0.0,0,2,0,0,0,0,0,1,0,0,0,0,0,0,0,0,1,0,0,1,0,0,False
1889,microsoft/azure-maven-plugins,baf2c6d177e52caf22187e02bfeeee3c1911c243,com/microsoft/azure/maven/function/PackageMojoTest.java,43,5,13,42,0.09,4,5,1,0,0,0,0,4,0,0,0,0,0,0,0,0,2,0,0,4,0,0,False
1890,microsoft/azure-maven-plugins,baf2c6d177e52caf22187e02bfeeee3c1911c243,com/microsoft/azure/maven/function/RunMojoTest.java,57,8,21,61,0.07,4,8,1,0,0,0,0,7,0,0,0,0,0,0,0,0,1,0,0,7,0,0,False
1891,microsoft/azure-maven-plugins,baf2c6d177e52caf22187e02bfeeee3c1911c243,com/microsoft/azure/maven/AbstractAzureMojoTest.java,85,14,29,43,0.26,22,13,3,0,0,0,0,10,0,0,0,0,0,0,0,0,1,0,0,12,0,0,False
1892,microsoft/azure-maven-plugins,baf2c6d177e52caf22187e02bfeeee3c1911c243,com/microsoft/azure/maven/prompt/DefaultPrompterTest.java,54,13,27,17,0.22,12,13,8,4,0,0,0,12,0,0,0,0,0,0,0,4,1,0,0,12,0,0,False
1893,microsoft/azure-maven-plugins,baf2c6d177e52caf22187e02bfeeee3c1911c243,com/microsoft/azure/maven/prompt/InputValidateResultTest.java,15,2,2,12,0.4,6,2,2,0,0,0,0,0,0,0,0,0,0,0,0,0,0,0,0,2,0,0,False
1894,microsoft/azure-maven-plugins,baf2c6d177e52caf22187e02bfeeee3c1911c243,com/microsoft/azure/maven/prompt/SchemaValidatorTest.java,66,6,15,17,0.18,12,6,1,0,0,0,0,5,1,0,1,0,0,0,0,2,0,0,0,5,0,0,False
1895,microsoft/azure-maven-plugins,baf2c6d177e52caf22187e02bfeeee3c1911c243,com/microsoft/azure/maven/utils/MavenUtilsTest.java,34,3,6,39,0.32,11,3,2,0,0,0,0,3,0,3,0,0,0,0,0,0,0,0,3,3,0,0,False
1896,microsoft/azure-maven-plugins,baf2c6d177e52caf22187e02bfeeee3c1911c243,com/microsoft/azure/maven/utils/XmlUtilsTest.java,49,6,10,30,0.33,16,6,4,0,0,0,0,1,0,0,0,0,0,0,0,0,0,0,0,5,0,0,False
1897,microsoft/azure-maven-plugins,baf2c6d177e52caf22187e02bfeeee3c1911c243,com/microsoft/azure/maven/springcloud/DeployMojoTest.java,16,1,3,8,0.13,2,1,1,0,0,0,0,1,0,0,0,0,0,0,0,0,0,0,0,1,0,0,False
1898,microsoft/azure-maven-plugins,baf2c6d177e52caf22187e02bfeeee3c1911c243,com/microsoft/azure/maven/springcloud/TemplateUtilsTest.java,43,7,8,25,0.23,10,7,2,0,0,0,0,0,0,0,0,0,0,0,0,1,0,0,0,7,0,0,False
1899,microsoft/azure-maven-plugins,baf2c6d177e52caf22187e02bfeeee3c1911c243,com/microsoft/azure/maven/springcloud/configuration/AppDeploymentMavenConfigTest.java,38,7,7,27,0.21,8,7,1,0,0,0,0,0,0,0,0,0,0,0,0,0,0,0,0,7,0,0,False
1900,microsoft/azure-maven-plugins,baf2c6d177e52caf22187e02bfeeee3c1911c243,com/microsoft/azure/maven/springcloud/prompt/ConfigurationPrompterTest.java,183,16,37,75,0.09,16,16,8,1,0,0,0,14,12,0,0,0,2,0,0,7,1,0,1,15,0,0,False
1901,microsoft/azure-maven-plugins,baf2c6d177e52caf22187e02bfeeee3c1911c243,com/microsoft/azure/maven/webapp/DeployMojoTest.java,53,7,16,37,0.34,18,5,3,0,0,0,0,3,0,0,0,0,0,0,0,0,0,0,0,3,0,0,False
1902,microsoft/azure-maven-plugins,baf2c6d177e52caf22187e02bfeeee3c1911c243,com/microsoft/azure/maven/webapp/parser/ConfigParserTest.java,80,5,7,49,0.29,23,5,4,0,0,0,0,1,4,0,0,0,0,0,0,0,0,0,0,4,0,0,False
1903,microsoft/azure-maven-plugins,baf2c6d177e52caf22187e02bfeeee3c1911c243,com/microsoft/azure/maven/webapp/utils/TestUtils.java,52,6,20,29,0.0,0,6,0,0,0,0,0,0,0,0,0,0,0,0,0,0,0,0,0,0,0,0,False
1904,microsoft/azure-maven-plugins,175b3180324ed8be16eeaf998e0138dfa5ae1037,com/microsoft/azure/maven/appservice/AbstractAppServiceMojoTest.java,17,2,3,10,0.06,1,1,0,0,0,0,0,0,0,0,0,0,1,0,0,0,0,0,0,1,0,0,False
1905,microsoft/azure-maven-plugins,175b3180324ed8be16eeaf998e0138dfa5ae1037,com/microsoft/azure/maven/function/AddMojoTest.java,44,7,15,24,0.11,5,7,1,0,0,0,0,4,0,0,0,0,0,0,0,0,0,2,0,4,0,0,False
1906,microsoft/azure-maven-plugins,175b3180324ed8be16eeaf998e0138dfa5ae1037,com/microsoft/azure/maven/function/DeployMojoTest.java,18,3,7,8,0.22,4,3,1,0,0,0,0,0,1,0,0,0,0,0,0,0,0,0,0,1,0,0,False
1907,microsoft/azure-maven-plugins,175b3180324ed8be16eeaf998e0138dfa5ae1037,com/microsoft/azure/maven/function/ListMojoTest.java,12,2,6,8,0.0,0,2,0,0,0,0,0,1,0,0,0,0,0,0,0,0,1,0,0,1,0,0,False
1908,microsoft/azure-maven-plugins,175b3180324ed8be16eeaf998e0138dfa5ae1037,com/microsoft/azure/maven/function/PackageMojoTest.java,43,5,13,42,0.09,4,5,1,0,0,0,0,4,0,0,0,0,0,0,0,0,2,0,0,4,0,0,False
1909,microsoft/azure-maven-plugins,175b3180324ed8be16eeaf998e0138dfa5ae1037,com/microsoft/azure/maven/function/RunMojoTest.java,57,8,21,61,0.07,4,8,1,0,0,0,0,7,0,0,0,0,0,0,0,0,1,0,0,7,0,0,False
1910,microsoft/azure-maven-plugins,175b3180324ed8be16eeaf998e0138dfa5ae1037,com/microsoft/azure/maven/AbstractAzureMojoTest.java,85,14,29,43,0.26,22,13,3,0,0,0,0,10,0,0,0,0,0,0,0,0,1,0,0,12,0,0,False
1911,microsoft/azure-maven-plugins,175b3180324ed8be16eeaf998e0138dfa5ae1037,com/microsoft/azure/maven/prompt/DefaultPrompterTest.java,54,13,27,17,0.22,12,13,8,4,0,0,0,12,0,0,0,0,0,0,0,4,1,0,0,12,0,0,False
1912,microsoft/azure-maven-plugins,175b3180324ed8be16eeaf998e0138dfa5ae1037,com/microsoft/azure/maven/prompt/InputValidateResultTest.java,15,2,2,12,0.4,6,2,2,0,0,0,0,0,0,0,0,0,0,0,0,0,0,0,0,2,0,0,False
1913,microsoft/azure-maven-plugins,175b3180324ed8be16eeaf998e0138dfa5ae1037,com/microsoft/azure/maven/prompt/SchemaValidatorTest.java,66,6,15,17,0.18,12,6,1,0,0,0,0,5,1,0,1,0,0,0,0,2,0,0,0,5,0,0,False
1914,microsoft/azure-maven-plugins,175b3180324ed8be16eeaf998e0138dfa5ae1037,com/microsoft/azure/maven/utils/MavenUtilsTest.java,34,3,6,39,0.32,11,3,2,0,0,0,0,3,0,3,0,0,0,0,0,0,0,0,3,3,0,0,False
1915,microsoft/azure-maven-plugins,175b3180324ed8be16eeaf998e0138dfa5ae1037,com/microsoft/azure/maven/utils/XmlUtilsTest.java,49,6,10,30,0.33,16,6,4,0,0,0,0,1,0,0,0,0,0,0,0,0,0,0,0,5,0,0,False
1916,microsoft/azure-maven-plugins,175b3180324ed8be16eeaf998e0138dfa5ae1037,com/microsoft/azure/maven/springcloud/DeployMojoTest.java,16,1,3,8,0.13,2,1,1,0,0,0,0,1,0,0,0,0,0,0,0,0,0,0,0,1,0,0,False
1917,microsoft/azure-maven-plugins,175b3180324ed8be16eeaf998e0138dfa5ae1037,com/microsoft/azure/maven/springcloud/TemplateUtilsTest.java,43,7,8,25,0.23,10,7,2,0,0,0,0,0,0,0,0,0,0,0,0,1,0,0,0,7,0,0,False
1918,microsoft/azure-maven-plugins,175b3180324ed8be16eeaf998e0138dfa5ae1037,com/microsoft/azure/maven/springcloud/configuration/AppDeploymentMavenConfigTest.java,38,7,7,27,0.21,8,7,1,0,0,0,0,0,0,0,0,0,0,0,0,0,0,0,0,7,0,0,False
1919,microsoft/azure-maven-plugins,175b3180324ed8be16eeaf998e0138dfa5ae1037,com/microsoft/azure/maven/springcloud/prompt/ConfigurationPrompterTest.java,185,16,37,75,0.09,16,16,8,1,0,0,0,14,15,0,0,0,2,0,0,7,1,0,1,15,0,0,False
1920,microsoft/azure-maven-plugins,175b3180324ed8be16eeaf998e0138dfa5ae1037,com/microsoft/azure/maven/webapp/DeployMojoTest.java,53,7,16,37,0.34,18,5,3,0,0,0,0,3,0,0,0,0,0,0,0,0,0,0,0,3,0,0,False
1921,microsoft/azure-maven-plugins,175b3180324ed8be16eeaf998e0138dfa5ae1037,com/microsoft/azure/maven/webapp/parser/ConfigParserTest.java,80,5,7,49,0.29,23,5,4,0,0,0,0,1,4,0,0,0,0,0,0,0,0,0,0,4,0,0,False
1922,microsoft/azure-maven-plugins,175b3180324ed8be16eeaf998e0138dfa5ae1037,com/microsoft/azure/maven/webapp/utils/TestUtils.java,52,6,20,29,0.0,0,6,0,0,0,0,0,0,0,0,0,0,0,0,0,0,0,0,0,0,0,0,False
1923,microsoft/azure-maven-plugins,0bd51ab1da4f1ac3d39c9b8cfdf15feb5c40ab98,com/microsoft/azure/maven/appservice/AbstractAppServiceMojoTest.java,17,2,3,10,0.06,1,1,0,0,0,0,0,0,0,0,0,0,1,0,0,0,0,0,0,1,0,0,False
1924,microsoft/azure-maven-plugins,0bd51ab1da4f1ac3d39c9b8cfdf15feb5c40ab98,com/microsoft/azure/maven/function/AddMojoTest.java,44,7,15,24,0.11,5,7,1,0,0,0,0,4,0,0,0,0,0,0,0,0,0,2,0,4,0,0,False
1925,microsoft/azure-maven-plugins,0bd51ab1da4f1ac3d39c9b8cfdf15feb5c40ab98,com/microsoft/azure/maven/function/DeployMojoTest.java,18,3,7,8,0.22,4,3,1,0,0,0,0,0,1,0,0,0,0,0,0,0,0,0,0,1,0,0,False
1926,microsoft/azure-maven-plugins,0bd51ab1da4f1ac3d39c9b8cfdf15feb5c40ab98,com/microsoft/azure/maven/function/ListMojoTest.java,12,2,6,8,0.0,0,2,0,0,0,0,0,1,0,0,0,0,0,0,0,0,1,0,0,1,0,0,False
1927,microsoft/azure-maven-plugins,0bd51ab1da4f1ac3d39c9b8cfdf15feb5c40ab98,com/microsoft/azure/maven/function/PackageMojoTest.java,42,5,13,41,0.1,4,5,1,0,0,0,0,4,0,0,0,0,0,0,0,0,2,0,0,4,0,0,False
1928,microsoft/azure-maven-plugins,0bd51ab1da4f1ac3d39c9b8cfdf15feb5c40ab98,com/microsoft/azure/maven/function/RunMojoTest.java,57,8,20,60,0.07,4,8,1,0,0,0,0,7,0,0,0,0,0,0,0,0,1,0,0,7,0,0,False
1929,microsoft/azure-maven-plugins,0bd51ab1da4f1ac3d39c9b8cfdf15feb5c40ab98,com/microsoft/azure/maven/AbstractAzureMojoTest.java,85,14,29,43,0.26,22,13,3,0,0,0,0,10,0,0,0,0,0,0,0,0,1,0,0,12,0,0,False
1930,microsoft/azure-maven-plugins,0bd51ab1da4f1ac3d39c9b8cfdf15feb5c40ab98,com/microsoft/azure/maven/prompt/DefaultPrompterTest.java,54,13,27,17,0.22,12,13,8,4,0,0,0,12,0,0,0,0,0,0,0,4,1,0,0,12,0,0,False
1931,microsoft/azure-maven-plugins,0bd51ab1da4f1ac3d39c9b8cfdf15feb5c40ab98,com/microsoft/azure/maven/prompt/InputValidateResultTest.java,15,2,2,12,0.4,6,2,2,0,0,0,0,0,0,0,0,0,0,0,0,0,0,0,0,2,0,0,False
1932,microsoft/azure-maven-plugins,0bd51ab1da4f1ac3d39c9b8cfdf15feb5c40ab98,com/microsoft/azure/maven/prompt/SchemaValidatorTest.java,66,6,15,17,0.18,12,6,1,0,0,0,0,5,1,0,1,0,0,0,0,2,0,0,0,5,0,0,False
1933,microsoft/azure-maven-plugins,0bd51ab1da4f1ac3d39c9b8cfdf15feb5c40ab98,com/microsoft/azure/maven/utils/MavenUtilsTest.java,34,3,6,39,0.32,11,3,2,0,0,0,0,3,0,3,0,0,0,0,0,0,0,0,3,3,0,0,False
1934,microsoft/azure-maven-plugins,0bd51ab1da4f1ac3d39c9b8cfdf15feb5c40ab98,com/microsoft/azure/maven/utils/TemplateUtilsTest.java,54,8,10,28,0.19,10,8,2,0,0,0,0,1,0,0,0,0,0,0,0,1,0,0,0,8,0,0,False
1935,microsoft/azure-maven-plugins,0bd51ab1da4f1ac3d39c9b8cfdf15feb5c40ab98,com/microsoft/azure/maven/utils/XmlUtilsTest.java,49,6,10,30,0.33,16,6,4,0,0,0,0,1,0,0,0,0,0,0,0,0,0,0,0,5,0,0,False
1936,microsoft/azure-maven-plugins,0bd51ab1da4f1ac3d39c9b8cfdf15feb5c40ab98,com/microsoft/azure/maven/springcloud/DeployMojoTest.java,16,1,3,8,0.13,2,1,1,0,0,0,0,1,0,0,0,0,0,0,0,0,0,0,0,1,0,0,False
1937,microsoft/azure-maven-plugins,0bd51ab1da4f1ac3d39c9b8cfdf15feb5c40ab98,com/microsoft/azure/maven/springcloud/configuration/AppDeploymentMavenConfigTest.java,38,7,7,27,0.21,8,7,1,0,0,0,0,0,0,0,0,0,0,0,0,0,0,0,0,7,0,0,False
1938,microsoft/azure-maven-plugins,0bd51ab1da4f1ac3d39c9b8cfdf15feb5c40ab98,com/microsoft/azure/maven/springcloud/prompt/ConfigurationPrompterTest.java,185,16,37,75,0.09,16,16,8,1,0,0,0,14,15,0,0,0,2,0,0,7,1,0,1,15,0,0,False
1939,microsoft/azure-maven-plugins,0bd51ab1da4f1ac3d39c9b8cfdf15feb5c40ab98,com/microsoft/azure/maven/webapp/DeployMojoTest.java,53,7,16,36,0.34,18,5,3,0,0,0,0,3,0,0,0,0,0,0,0,0,0,0,0,3,0,0,False
1940,microsoft/azure-maven-plugins,0bd51ab1da4f1ac3d39c9b8cfdf15feb5c40ab98,com/microsoft/azure/maven/webapp/parser/ConfigParserTest.java,80,5,7,49,0.29,23,5,4,0,0,0,0,1,4,0,0,0,0,0,0,0,0,0,0,4,0,0,False
1941,microsoft/azure-maven-plugins,0bd51ab1da4f1ac3d39c9b8cfdf15feb5c40ab98,com/microsoft/azure/maven/webapp/utils/TestUtils.java,52,6,20,29,0.0,0,6,0,0,0,0,0,0,0,0,0,0,0,0,0,0,0,0,0,0,0,0,False
1942,microsoft/azure-maven-plugins,e7936823df6c477575bbca3801b76d2f4da8ea82,com/microsoft/azure/maven/appservice/AbstractAppServiceMojoTest.java,17,2,3,10,0.06,1,1,0,0,0,0,0,0,0,0,0,0,1,0,0,0,0,0,0,1,0,0,False
1943,microsoft/azure-maven-plugins,e7936823df6c477575bbca3801b76d2f4da8ea82,com/microsoft/azure/maven/function/AddMojoTest.java,44,7,15,24,0.11,5,7,1,0,0,0,0,4,0,0,0,0,0,0,0,0,0,2,0,4,0,0,False
1944,microsoft/azure-maven-plugins,e7936823df6c477575bbca3801b76d2f4da8ea82,com/microsoft/azure/maven/function/DeployMojoTest.java,18,3,7,8,0.22,4,3,1,0,0,0,0,0,1,0,0,0,0,0,0,0,0,0,0,1,0,0,False
1945,microsoft/azure-maven-plugins,e7936823df6c477575bbca3801b76d2f4da8ea82,com/microsoft/azure/maven/function/ListMojoTest.java,12,2,6,8,0.0,0,2,0,0,0,0,0,1,0,0,0,0,0,0,0,0,1,0,0,1,0,0,False
1946,microsoft/azure-maven-plugins,e7936823df6c477575bbca3801b76d2f4da8ea82,com/microsoft/azure/maven/function/PackageMojoTest.java,42,5,13,41,0.1,4,5,1,0,0,0,0,4,0,0,0,0,0,0,0,0,2,0,0,4,0,0,False
1947,microsoft/azure-maven-plugins,e7936823df6c477575bbca3801b76d2f4da8ea82,com/microsoft/azure/maven/function/RunMojoTest.java,57,8,20,60,0.07,4,8,1,0,0,0,0,7,0,0,0,0,0,0,0,0,1,0,0,7,0,0,False
1948,microsoft/azure-maven-plugins,e7936823df6c477575bbca3801b76d2f4da8ea82,com/microsoft/azure/maven/AbstractAzureMojoTest.java,85,14,29,43,0.26,22,13,3,0,0,0,0,10,0,0,0,0,0,0,0,0,1,0,0,12,0,0,False
1949,microsoft/azure-maven-plugins,e7936823df6c477575bbca3801b76d2f4da8ea82,com/microsoft/azure/maven/prompt/DefaultPrompterTest.java,54,13,27,17,0.22,12,13,8,4,0,0,0,12,0,0,0,0,0,0,0,4,1,0,0,12,0,0,False
1950,microsoft/azure-maven-plugins,e7936823df6c477575bbca3801b76d2f4da8ea82,com/microsoft/azure/maven/prompt/InputValidateResultTest.java,15,2,2,12,0.4,6,2,2,0,0,0,0,0,0,0,0,0,0,0,0,0,0,0,0,2,0,0,False
1951,microsoft/azure-maven-plugins,e7936823df6c477575bbca3801b76d2f4da8ea82,com/microsoft/azure/maven/prompt/SchemaValidatorTest.java,66,6,15,17,0.18,12,6,1,0,0,0,0,5,1,0,1,0,0,0,0,2,0,0,0,5,0,0,False
1952,microsoft/azure-maven-plugins,e7936823df6c477575bbca3801b76d2f4da8ea82,com/microsoft/azure/maven/utils/MavenUtilsTest.java,34,3,6,39,0.32,11,3,2,0,0,0,0,3,0,3,0,0,0,0,0,0,0,0,3,3,0,0,False
1953,microsoft/azure-maven-plugins,e7936823df6c477575bbca3801b76d2f4da8ea82,com/microsoft/azure/maven/utils/TemplateUtilsTest.java,54,8,10,28,0.19,10,8,2,0,0,0,0,1,0,0,0,0,0,0,0,1,0,0,0,8,0,0,False
1954,microsoft/azure-maven-plugins,e7936823df6c477575bbca3801b76d2f4da8ea82,com/microsoft/azure/maven/utils/XmlUtilsTest.java,49,6,10,30,0.33,16,6,4,0,0,0,0,1,0,0,0,0,0,0,0,0,0,0,0,5,0,0,False
1955,microsoft/azure-maven-plugins,e7936823df6c477575bbca3801b76d2f4da8ea82,com/microsoft/azure/maven/springcloud/DeployMojoTest.java,16,1,3,8,0.13,2,1,1,0,0,0,0,1,0,0,0,0,0,0,0,0,0,0,0,1,0,0,False
1956,microsoft/azure-maven-plugins,e7936823df6c477575bbca3801b76d2f4da8ea82,com/microsoft/azure/maven/springcloud/configuration/AppDeploymentMavenConfigTest.java,38,7,7,27,0.21,8,7,1,0,0,0,0,0,0,0,0,0,0,0,0,0,0,0,0,7,0,0,False
1957,microsoft/azure-maven-plugins,e7936823df6c477575bbca3801b76d2f4da8ea82,com/microsoft/azure/maven/springcloud/prompt/ConfigurationPrompterTest.java,185,16,37,75,0.09,16,16,8,1,0,0,0,14,15,0,0,0,2,0,0,7,1,0,1,15,0,0,False
1958,microsoft/azure-maven-plugins,e7936823df6c477575bbca3801b76d2f4da8ea82,com/microsoft/azure/maven/webapp/DeployMojoTest.java,53,7,16,36,0.34,18,5,3,0,0,0,0,3,0,0,0,0,0,0,0,0,0,0,0,3,0,0,False
1959,microsoft/azure-maven-plugins,e7936823df6c477575bbca3801b76d2f4da8ea82,com/microsoft/azure/maven/webapp/parser/ConfigParserTest.java,80,5,7,49,0.29,23,5,4,0,0,0,0,1,4,0,0,0,0,0,0,0,0,0,0,4,0,0,False
1960,microsoft/azure-maven-plugins,e7936823df6c477575bbca3801b76d2f4da8ea82,com/microsoft/azure/maven/webapp/utils/TestUtils.java,52,6,20,29,0.0,0,6,0,0,0,0,0,0,0,0,0,0,0,0,0,0,0,0,0,0,0,0,False
1961,microsoft/azure-maven-plugins,acc5aaa3d1433bdeb939da931e8572f29b110795,com/microsoft/azure/maven/appservice/AbstractAppServiceMojoTest.java,17,2,3,10,0.06,1,1,0,0,0,0,0,0,0,0,0,0,1,0,0,0,0,0,0,1,0,0,False
1962,microsoft/azure-maven-plugins,acc5aaa3d1433bdeb939da931e8572f29b110795,com/microsoft/azure/maven/function/AddMojoTest.java,44,7,15,24,0.11,5,7,1,0,0,0,0,4,0,0,0,0,0,0,0,0,0,2,0,4,0,0,False
1963,microsoft/azure-maven-plugins,acc5aaa3d1433bdeb939da931e8572f29b110795,com/microsoft/azure/maven/function/DeployMojoTest.java,18,3,7,8,0.22,4,3,1,0,0,0,0,0,1,0,0,0,0,0,0,0,0,0,0,1,0,0,False
1964,microsoft/azure-maven-plugins,acc5aaa3d1433bdeb939da931e8572f29b110795,com/microsoft/azure/maven/function/ListMojoTest.java,12,2,6,8,0.0,0,2,0,0,0,0,0,1,0,0,0,0,0,0,0,0,1,0,0,1,0,0,False
1965,microsoft/azure-maven-plugins,acc5aaa3d1433bdeb939da931e8572f29b110795,com/microsoft/azure/maven/function/PackageMojoTest.java,42,5,13,41,0.1,4,5,1,0,0,0,0,4,0,0,0,0,0,0,0,0,2,0,0,4,0,0,False
1966,microsoft/azure-maven-plugins,acc5aaa3d1433bdeb939da931e8572f29b110795,com/microsoft/azure/maven/function/RunMojoTest.java,57,8,20,60,0.07,4,8,1,0,0,0,0,7,0,0,0,0,0,0,0,0,1,0,0,7,0,0,False
1967,microsoft/azure-maven-plugins,acc5aaa3d1433bdeb939da931e8572f29b110795,com/microsoft/azure/maven/AbstractAzureMojoTest.java,85,14,29,43,0.26,22,13,3,0,0,0,0,10,0,0,0,0,0,0,0,0,1,0,0,12,0,0,False
1968,microsoft/azure-maven-plugins,acc5aaa3d1433bdeb939da931e8572f29b110795,com/microsoft/azure/maven/prompt/DefaultPrompterTest.java,54,13,27,17,0.22,12,13,8,4,0,0,0,12,0,0,0,0,0,0,0,4,1,0,0,12,0,0,False
1969,microsoft/azure-maven-plugins,acc5aaa3d1433bdeb939da931e8572f29b110795,com/microsoft/azure/maven/prompt/InputValidateResultTest.java,15,2,2,12,0.4,6,2,2,0,0,0,0,0,0,0,0,0,0,0,0,0,0,0,0,2,0,0,False
1970,microsoft/azure-maven-plugins,acc5aaa3d1433bdeb939da931e8572f29b110795,com/microsoft/azure/maven/prompt/SchemaValidatorTest.java,66,6,15,17,0.18,12,6,1,0,0,0,0,5,1,0,1,0,0,0,0,2,0,0,0,5,0,0,False
1971,microsoft/azure-maven-plugins,acc5aaa3d1433bdeb939da931e8572f29b110795,com/microsoft/azure/maven/utils/MavenUtilsTest.java,34,3,6,39,0.32,11,3,2,0,0,0,0,3,0,3,0,0,0,0,0,0,0,0,3,3,0,0,False
1972,microsoft/azure-maven-plugins,acc5aaa3d1433bdeb939da931e8572f29b110795,com/microsoft/azure/maven/utils/TemplateUtilsTest.java,54,8,10,28,0.19,10,8,2,0,0,0,0,1,0,0,0,0,0,0,0,1,0,0,0,8,0,0,False
1973,microsoft/azure-maven-plugins,acc5aaa3d1433bdeb939da931e8572f29b110795,com/microsoft/azure/maven/utils/XmlUtilsTest.java,49,6,10,30,0.33,16,6,4,0,0,0,0,1,0,0,0,0,0,0,0,0,0,0,0,5,0,0,False
1974,microsoft/azure-maven-plugins,acc5aaa3d1433bdeb939da931e8572f29b110795,com/microsoft/azure/maven/springcloud/DeployMojoTest.java,16,1,3,8,0.13,2,1,1,0,0,0,0,1,0,0,0,0,0,0,0,0,0,0,0,1,0,0,False
1975,microsoft/azure-maven-plugins,acc5aaa3d1433bdeb939da931e8572f29b110795,com/microsoft/azure/maven/springcloud/configuration/AppDeploymentMavenConfigTest.java,38,7,7,27,0.21,8,7,1,0,0,0,0,0,0,0,0,0,0,0,0,0,0,0,0,7,0,0,False
1976,microsoft/azure-maven-plugins,acc5aaa3d1433bdeb939da931e8572f29b110795,com/microsoft/azure/maven/springcloud/prompt/ConfigurationPrompterTest.java,185,16,37,75,0.09,16,16,8,1,0,0,0,14,15,0,0,0,2,0,0,7,1,0,1,15,0,0,False
1977,microsoft/azure-maven-plugins,acc5aaa3d1433bdeb939da931e8572f29b110795,com/microsoft/azure/maven/webapp/DeployMojoTest.java,53,7,16,36,0.34,18,5,3,0,0,0,0,3,0,0,0,0,0,0,0,0,0,0,0,3,0,0,False
1978,microsoft/azure-maven-plugins,acc5aaa3d1433bdeb939da931e8572f29b110795,com/microsoft/azure/maven/webapp/parser/ConfigParserTest.java,80,5,7,49,0.29,23,5,4,0,0,0,0,1,4,0,0,0,0,0,0,0,0,0,0,4,0,0,False
1979,microsoft/azure-maven-plugins,acc5aaa3d1433bdeb939da931e8572f29b110795,com/microsoft/azure/maven/webapp/utils/TestUtils.java,52,6,20,29,0.0,0,6,0,0,0,0,0,0,0,0,0,0,0,0,0,0,0,0,0,0,0,0,False
1980,microsoft/azure-maven-plugins,4d8c96fd51cbf5e356c48e47642f2ed67b747527,com/microsoft/azure/maven/function/AddMojoTest.java,44,7,15,24,0.11,5,7,1,0,0,0,0,4,0,0,0,0,0,0,0,0,0,2,0,4,0,0,False
1981,microsoft/azure-maven-plugins,4d8c96fd51cbf5e356c48e47642f2ed67b747527,com/microsoft/azure/maven/function/DeployMojoTest.java,18,3,7,8,0.22,4,3,1,0,0,0,0,0,1,0,0,0,0,0,0,0,0,0,0,1,0,0,False
1982,microsoft/azure-maven-plugins,4d8c96fd51cbf5e356c48e47642f2ed67b747527,com/microsoft/azure/maven/function/ListMojoTest.java,12,2,6,8,0.0,0,2,0,0,0,0,0,1,0,0,0,0,0,0,0,0,1,0,0,1,0,0,False
1983,microsoft/azure-maven-plugins,4d8c96fd51cbf5e356c48e47642f2ed67b747527,com/microsoft/azure/maven/function/PackageMojoTest.java,42,5,13,41,0.1,4,5,1,0,0,0,0,4,0,0,0,0,0,0,0,0,2,0,0,4,0,0,False
1984,microsoft/azure-maven-plugins,4d8c96fd51cbf5e356c48e47642f2ed67b747527,com/microsoft/azure/maven/function/RunMojoTest.java,57,8,20,60,0.07,4,8,1,0,0,0,0,7,0,0,0,0,0,0,0,0,1,0,0,7,0,0,False
1985,microsoft/azure-maven-plugins,4d8c96fd51cbf5e356c48e47642f2ed67b747527,com/microsoft/azure/maven/AbstractAppServiceMojoTest.java,17,2,3,10,0.06,1,1,0,0,0,0,0,0,0,0,0,0,1,0,0,0,0,0,0,1,0,0,False
1986,microsoft/azure-maven-plugins,4d8c96fd51cbf5e356c48e47642f2ed67b747527,com/microsoft/azure/maven/AbstractAzureMojoTest.java,85,14,29,43,0.26,22,13,3,0,0,0,0,10,0,0,0,0,0,0,0,0,1,0,0,12,0,0,False
1987,microsoft/azure-maven-plugins,4d8c96fd51cbf5e356c48e47642f2ed67b747527,com/microsoft/azure/maven/prompt/DefaultPrompterTest.java,54,13,27,17,0.22,12,13,8,4,0,0,0,12,0,0,0,0,0,0,0,4,1,0,0,12,0,0,False
1988,microsoft/azure-maven-plugins,4d8c96fd51cbf5e356c48e47642f2ed67b747527,com/microsoft/azure/maven/prompt/InputValidateResultTest.java,15,2,2,12,0.4,6,2,2,0,0,0,0,0,0,0,0,0,0,0,0,0,0,0,0,2,0,0,False
1989,microsoft/azure-maven-plugins,4d8c96fd51cbf5e356c48e47642f2ed67b747527,com/microsoft/azure/maven/prompt/SchemaValidatorTest.java,66,6,15,17,0.18,12,6,1,0,0,0,0,5,1,0,1,0,0,0,0,2,0,0,0,5,0,0,False
1990,microsoft/azure-maven-plugins,4d8c96fd51cbf5e356c48e47642f2ed67b747527,com/microsoft/azure/maven/utils/MavenUtilsTest.java,34,3,6,39,0.32,11,3,2,0,0,0,0,3,0,3,0,0,0,0,0,0,0,0,3,3,0,0,False
1991,microsoft/azure-maven-plugins,4d8c96fd51cbf5e356c48e47642f2ed67b747527,com/microsoft/azure/maven/utils/TemplateUtilsTest.java,54,8,10,28,0.19,10,8,2,0,0,0,0,1,0,0,0,0,0,0,0,1,0,0,0,8,0,0,False
1992,microsoft/azure-maven-plugins,4d8c96fd51cbf5e356c48e47642f2ed67b747527,com/microsoft/azure/maven/utils/XmlUtilsTest.java,49,6,10,30,0.33,16,6,4,0,0,0,0,1,0,0,0,0,0,0,0,0,0,0,0,5,0,0,False
1993,microsoft/azure-maven-plugins,4d8c96fd51cbf5e356c48e47642f2ed67b747527,com/microsoft/azure/maven/webapp/DeployMojoTest.java,53,7,16,37,0.34,18,5,3,0,0,0,0,3,0,0,0,0,0,0,0,0,0,0,0,3,0,0,False
1994,microsoft/azure-maven-plugins,4d8c96fd51cbf5e356c48e47642f2ed67b747527,com/microsoft/azure/maven/webapp/parser/ConfigParserTest.java,80,5,7,49,0.29,23,5,4,0,0,0,0,1,4,0,0,0,0,0,0,0,0,0,0,4,0,0,False
1995,microsoft/azure-maven-plugins,4d8c96fd51cbf5e356c48e47642f2ed67b747527,com/microsoft/azure/maven/webapp/utils/TestUtils.java,52,6,20,29,0.0,0,6,0,0,0,0,0,0,0,0,0,0,0,0,0,0,0,0,0,0,0,0,False
1996,microsoft/azure-maven-plugins,499009279334c7c6685ba33ba6f02b7b68f5ddf8,com/microsoft/azure/maven/function/AddMojoTest.java,44,7,15,24,0.11,5,7,1,0,0,0,0,4,0,0,0,0,0,0,0,0,0,2,0,4,0,0,False
1997,microsoft/azure-maven-plugins,499009279334c7c6685ba33ba6f02b7b68f5ddf8,com/microsoft/azure/maven/function/DeployMojoTest.java,18,3,7,8,0.22,4,3,1,0,0,0,0,0,1,0,0,0,0,0,0,0,0,0,0,1,0,0,False
1998,microsoft/azure-maven-plugins,499009279334c7c6685ba33ba6f02b7b68f5ddf8,com/microsoft/azure/maven/function/ListMojoTest.java,12,2,6,8,0.0,0,2,0,0,0,0,0,1,0,0,0,0,0,0,0,0,1,0,0,1,0,0,False
1999,microsoft/azure-maven-plugins,499009279334c7c6685ba33ba6f02b7b68f5ddf8,com/microsoft/azure/maven/function/PackageMojoTest.java,42,5,13,41,0.1,4,5,1,0,0,0,0,4,0,0,0,0,0,0,0,0,2,0,0,4,0,0,False
2000,microsoft/azure-maven-plugins,499009279334c7c6685ba33ba6f02b7b68f5ddf8,com/microsoft/azure/maven/function/RunMojoTest.java,57,8,20,60,0.07,4,8,1,0,0,0,0,7,0,0,0,0,0,0,0,0,1,0,0,7,0,0,False
2001,microsoft/azure-maven-plugins,499009279334c7c6685ba33ba6f02b7b68f5ddf8,com/microsoft/azure/maven/AbstractAppServiceMojoTest.java,17,2,3,10,0.06,1,1,0,0,0,0,0,0,0,0,0,0,1,0,0,0,0,0,0,1,0,0,False
2002,microsoft/azure-maven-plugins,499009279334c7c6685ba33ba6f02b7b68f5ddf8,com/microsoft/azure/maven/AbstractAzureMojoTest.java,85,14,29,43,0.26,22,13,3,0,0,0,0,10,0,0,0,0,0,0,0,0,1,0,0,12,0,0,False
2003,microsoft/azure-maven-plugins,499009279334c7c6685ba33ba6f02b7b68f5ddf8,com/microsoft/azure/maven/prompt/DefaultPrompterTest.java,54,13,27,17,0.22,12,13,8,4,0,0,0,12,0,0,0,0,0,0,0,4,1,0,0,12,0,0,False
2004,microsoft/azure-maven-plugins,499009279334c7c6685ba33ba6f02b7b68f5ddf8,com/microsoft/azure/maven/prompt/InputValidateResultTest.java,15,2,2,12,0.4,6,2,2,0,0,0,0,0,0,0,0,0,0,0,0,0,0,0,0,2,0,0,False
2005,microsoft/azure-maven-plugins,499009279334c7c6685ba33ba6f02b7b68f5ddf8,com/microsoft/azure/maven/prompt/SchemaValidatorTest.java,66,6,15,17,0.18,12,6,1,0,0,0,0,5,1,0,1,0,0,0,0,2,0,0,0,5,0,0,False
2006,microsoft/azure-maven-plugins,499009279334c7c6685ba33ba6f02b7b68f5ddf8,com/microsoft/azure/maven/utils/MavenUtilsTest.java,34,3,6,39,0.32,11,3,2,0,0,0,0,3,0,3,0,0,0,0,0,0,0,0,3,3,0,0,False
2007,microsoft/azure-maven-plugins,499009279334c7c6685ba33ba6f02b7b68f5ddf8,com/microsoft/azure/maven/utils/TemplateUtilsTest.java,54,8,10,28,0.19,10,8,2,0,0,0,0,1,0,0,0,0,0,0,0,1,0,0,0,8,0,0,False
2008,microsoft/azure-maven-plugins,499009279334c7c6685ba33ba6f02b7b68f5ddf8,com/microsoft/azure/maven/utils/XmlUtilsTest.java,49,6,10,30,0.33,16,6,4,0,0,0,0,1,0,0,0,0,0,0,0,0,0,0,0,5,0,0,False
2009,microsoft/azure-maven-plugins,499009279334c7c6685ba33ba6f02b7b68f5ddf8,com/microsoft/azure/maven/webapp/DeployMojoTest.java,51,7,16,36,0.31,16,5,3,0,0,0,0,3,0,0,0,0,0,0,0,0,0,0,0,3,0,0,False
2010,microsoft/azure-maven-plugins,499009279334c7c6685ba33ba6f02b7b68f5ddf8,com/microsoft/azure/maven/webapp/parser/ConfigParserTest.java,80,5,7,49,0.29,23,5,4,0,0,0,0,1,4,0,0,0,0,0,0,0,0,0,0,4,0,0,False
2011,microsoft/azure-maven-plugins,499009279334c7c6685ba33ba6f02b7b68f5ddf8,com/microsoft/azure/maven/webapp/utils/TestUtils.java,52,6,20,29,0.0,0,6,0,0,0,0,0,0,0,0,0,0,0,0,0,0,0,0,0,0,0,0,False
2012,microsoft/azure-maven-plugins,6647d111314d8202368ff8f16b278b95f834da8c,com/microsoft/azure/maven/function/AddMojoTest.java,44,7,15,24,0.11,5,7,1,0,0,0,0,4,0,0,0,0,0,0,0,0,0,2,0,4,0,0,False
2013,microsoft/azure-maven-plugins,6647d111314d8202368ff8f16b278b95f834da8c,com/microsoft/azure/maven/function/DeployMojoTest.java,25,4,9,14,0.16,4,4,1,0,0,0,0,0,1,0,0,0,0,0,0,0,0,1,0,1,0,0,False
2014,microsoft/azure-maven-plugins,6647d111314d8202368ff8f16b278b95f834da8c,com/microsoft/azure/maven/function/ListMojoTest.java,12,2,6,8,0.0,0,2,0,0,0,0,0,1,0,0,0,0,0,0,0,0,1,0,0,1,0,0,False
2015,microsoft/azure-maven-plugins,6647d111314d8202368ff8f16b278b95f834da8c,com/microsoft/azure/maven/function/PackageMojoTest.java,42,5,13,41,0.1,4,5,1,0,0,0,0,4,0,0,0,0,0,0,0,0,2,0,0,4,0,0,False
2016,microsoft/azure-maven-plugins,6647d111314d8202368ff8f16b278b95f834da8c,com/microsoft/azure/maven/function/RunMojoTest.java,57,8,20,60,0.07,4,8,1,0,0,0,0,7,0,0,0,0,0,0,0,0,1,0,0,7,0,0,False
2017,microsoft/azure-maven-plugins,6647d111314d8202368ff8f16b278b95f834da8c,com/microsoft/azure/maven/AbstractAppServiceMojoTest.java,17,2,3,10,0.06,1,1,0,0,0,0,0,0,0,0,0,0,1,0,0,0,0,0,0,1,0,0,False
2018,microsoft/azure-maven-plugins,6647d111314d8202368ff8f16b278b95f834da8c,com/microsoft/azure/maven/AbstractAzureMojoTest.java,85,14,29,43,0.26,22,13,3,0,0,0,0,10,0,0,0,0,0,0,0,0,1,0,0,12,0,0,False
2019,microsoft/azure-maven-plugins,6647d111314d8202368ff8f16b278b95f834da8c,com/microsoft/azure/maven/prompt/DefaultPrompterTest.java,54,13,27,17,0.22,12,13,8,4,0,0,0,12,0,0,0,0,0,0,0,4,1,0,0,12,0,0,False
2020,microsoft/azure-maven-plugins,6647d111314d8202368ff8f16b278b95f834da8c,com/microsoft/azure/maven/prompt/InputValidateResultTest.java,15,2,2,12,0.4,6,2,2,0,0,0,0,0,0,0,0,0,0,0,0,0,0,0,0,2,0,0,False
2021,microsoft/azure-maven-plugins,6647d111314d8202368ff8f16b278b95f834da8c,com/microsoft/azure/maven/prompt/SchemaValidatorTest.java,66,6,15,17,0.18,12,6,1,0,0,0,0,5,1,0,1,0,0,0,0,2,0,0,0,5,0,0,False
2022,microsoft/azure-maven-plugins,6647d111314d8202368ff8f16b278b95f834da8c,com/microsoft/azure/maven/utils/MavenUtilsTest.java,34,3,6,39,0.32,11,3,2,0,0,0,0,3,0,3,0,0,0,0,0,0,0,0,3,3,0,0,False
2023,microsoft/azure-maven-plugins,6647d111314d8202368ff8f16b278b95f834da8c,com/microsoft/azure/maven/utils/TemplateUtilsTest.java,54,8,10,28,0.19,10,8,2,0,0,0,0,1,0,0,0,0,0,0,0,1,0,0,0,8,0,0,False
2024,microsoft/azure-maven-plugins,6647d111314d8202368ff8f16b278b95f834da8c,com/microsoft/azure/maven/utils/XmlUtilsTest.java,49,6,10,30,0.33,16,6,4,0,0,0,0,1,0,0,0,0,0,0,0,0,0,0,0,5,0,0,False
2025,microsoft/azure-maven-plugins,6647d111314d8202368ff8f16b278b95f834da8c,com/microsoft/azure/maven/webapp/DeployMojoTest.java,53,7,18,36,0.34,18,5,3,0,0,0,0,3,0,0,0,0,0,0,0,0,0,0,0,3,0,0,False
2026,microsoft/azure-maven-plugins,6647d111314d8202368ff8f16b278b95f834da8c,com/microsoft/azure/maven/webapp/parser/ConfigurationParserTest.java,135,20,42,39,0.19,25,5,3,0,0,0,0,3,0,0,0,0,1,0,0,1,0,0,0,3,0,0,False
2027,microsoft/azure-maven-plugins,6647d111314d8202368ff8f16b278b95f834da8c,com/microsoft/azure/maven/webapp/parser/V2ConfigParserTest.java,59,6,13,32,0.17,10,6,3,0,0,0,0,5,5,0,0,0,0,0,0,0,0,0,0,5,0,0,False
2028,microsoft/azure-maven-plugins,6647d111314d8202368ff8f16b278b95f834da8c,com/microsoft/azure/maven/webapp/parser/V2ConfigurationParserTest.java,133,9,22,67,0.17,23,9,8,0,0,0,0,5,0,0,0,0,0,0,0,0,0,0,0,8,0,0,False
2029,microsoft/azure-maven-plugins,6647d111314d8202368ff8f16b278b95f834da8c,com/microsoft/azure/maven/webapp/utils/TestUtils.java,52,6,20,29,0.0,0,6,0,0,0,0,0,0,0,0,0,0,0,0,0,0,0,0,0,0,0,0,False
2030,microsoft/azure-maven-plugins,6aa372c76a6f80c74bd213aa99b7ec47ca6650b2,com/microsoft/azure/maven/function/AddMojoTest.java,44,7,15,24,0.11,5,7,1,0,0,0,0,4,0,0,0,0,0,0,0,0,0,2,0,4,0,0,False
2031,microsoft/azure-maven-plugins,6aa372c76a6f80c74bd213aa99b7ec47ca6650b2,com/microsoft/azure/maven/function/DeployMojoTest.java,44,6,15,32,0.09,4,6,1,0,0,0,0,1,1,0,0,0,0,0,0,0,0,3,0,1,0,0,False
2032,microsoft/azure-maven-plugins,6aa372c76a6f80c74bd213aa99b7ec47ca6650b2,com/microsoft/azure/maven/function/ListMojoTest.java,12,2,6,8,0.0,0,2,0,0,0,0,0,1,0,0,0,0,0,0,0,0,1,0,0,1,0,0,False
2033,microsoft/azure-maven-plugins,6aa372c76a6f80c74bd213aa99b7ec47ca6650b2,com/microsoft/azure/maven/function/PackageMojoTest.java,42,5,13,41,0.1,4,5,1,0,0,0,0,4,0,0,0,0,0,0,0,0,2,0,0,4,0,0,False
2034,microsoft/azure-maven-plugins,6aa372c76a6f80c74bd213aa99b7ec47ca6650b2,com/microsoft/azure/maven/function/RunMojoTest.java,57,8,20,60,0.07,4,8,1,0,0,0,0,7,0,0,0,0,0,0,0,0,1,0,0,7,0,0,False
2035,microsoft/azure-maven-plugins,6aa372c76a6f80c74bd213aa99b7ec47ca6650b2,com/microsoft/azure/maven/AbstractAppServiceMojoTest.java,17,2,3,10,0.06,1,1,0,0,0,0,0,0,0,0,0,0,1,0,0,0,0,0,0,1,0,0,False
2036,microsoft/azure-maven-plugins,6aa372c76a6f80c74bd213aa99b7ec47ca6650b2,com/microsoft/azure/maven/AbstractAzureMojoTest.java,93,16,33,47,0.26,24,15,3,0,0,0,0,12,0,0,0,0,0,0,0,0,1,0,0,14,0,0,False
2037,microsoft/azure-maven-plugins,6aa372c76a6f80c74bd213aa99b7ec47ca6650b2,com/microsoft/azure/maven/prompt/DefaultPrompterTest.java,54,13,27,17,0.22,12,13,8,4,0,0,0,12,0,0,0,0,0,0,0,4,1,0,0,12,0,0,False
2038,microsoft/azure-maven-plugins,6aa372c76a6f80c74bd213aa99b7ec47ca6650b2,com/microsoft/azure/maven/prompt/InputValidateResultTest.java,15,2,2,12,0.4,6,2,2,0,0,0,0,0,0,0,0,0,0,0,0,0,0,0,0,2,0,0,False
2039,microsoft/azure-maven-plugins,6aa372c76a6f80c74bd213aa99b7ec47ca6650b2,com/microsoft/azure/maven/prompt/SchemaValidatorTest.java,66,6,15,17,0.18,12,6,1,0,0,0,0,5,1,0,1,0,0,0,0,2,0,0,0,5,0,0,False
2040,microsoft/azure-maven-plugins,6aa372c76a6f80c74bd213aa99b7ec47ca6650b2,com/microsoft/azure/maven/utils/MavenUtilsTest.java,34,3,6,39,0.32,11,3,2,0,0,0,0,3,0,3,0,0,0,0,0,0,0,0,3,3,0,0,False
2041,microsoft/azure-maven-plugins,6aa372c76a6f80c74bd213aa99b7ec47ca6650b2,com/microsoft/azure/maven/utils/TemplateUtilsTest.java,54,8,10,28,0.19,10,8,2,0,0,0,0,1,0,0,0,0,0,0,0,1,0,0,0,8,0,0,False
2042,microsoft/azure-maven-plugins,6aa372c76a6f80c74bd213aa99b7ec47ca6650b2,com/microsoft/azure/maven/utils/XmlUtilsTest.java,49,6,10,30,0.33,16,6,4,0,0,0,0,1,0,0,0,0,0,0,0,0,0,0,0,5,0,0,False
2043,microsoft/azure-maven-plugins,6aa372c76a6f80c74bd213aa99b7ec47ca6650b2,com/microsoft/azure/maven/webapp/DeployMojoTest.java,85,12,29,61,0.29,25,10,3,0,0,0,0,8,0,0,0,0,0,0,0,0,0,0,0,8,0,0,False
2044,microsoft/azure-maven-plugins,6aa372c76a6f80c74bd213aa99b7ec47ca6650b2,com/microsoft/azure/maven/webapp/parser/ConfigurationParserTest.java,138,21,44,39,0.18,25,5,3,0,0,0,0,3,0,0,0,0,0,0,0,0,0,0,0,3,0,0,False
2045,microsoft/azure-maven-plugins,6aa372c76a6f80c74bd213aa99b7ec47ca6650b2,com/microsoft/azure/maven/webapp/parser/V1ConfigParserTest.java,24,3,7,13,0.17,4,3,2,0,0,0,0,2,2,0,0,0,0,0,0,0,0,0,0,2,0,0,False
2046,microsoft/azure-maven-plugins,6aa372c76a6f80c74bd213aa99b7ec47ca6650b2,com/microsoft/azure/maven/webapp/parser/V1ConfigurationParserTest.java,120,9,23,56,0.23,27,9,8,0,0,0,0,6,0,0,0,0,0,0,0,0,0,0,0,8,0,0,False
2047,microsoft/azure-maven-plugins,6aa372c76a6f80c74bd213aa99b7ec47ca6650b2,com/microsoft/azure/maven/webapp/parser/V2ConfigParserTest.java,59,6,13,32,0.17,10,6,3,0,0,0,0,5,5,0,0,0,0,0,0,0,0,0,0,5,0,0,False
2048,microsoft/azure-maven-plugins,6aa372c76a6f80c74bd213aa99b7ec47ca6650b2,com/microsoft/azure/maven/webapp/parser/V2ConfigurationParserTest.java,148,10,24,76,0.19,28,10,9,0,0,0,0,6,0,0,0,0,0,0,0,1,0,0,0,9,0,0,False
2049,microsoft/azure-maven-plugins,6aa372c76a6f80c74bd213aa99b7ec47ca6650b2,com/microsoft/azure/maven/webapp/utils/RuntimeStackUtilsTest.java,13,2,2,4,0.54,7,2,2,0,0,0,0,0,0,0,0,0,0,0,0,0,0,0,0,2,0,0,False
2050,microsoft/azure-maven-plugins,6aa372c76a6f80c74bd213aa99b7ec47ca6650b2,com/microsoft/azure/maven/webapp/utils/TestUtils.java,52,6,20,29,0.0,0,6,0,0,0,0,0,0,0,0,0,0,0,0,0,0,0,0,0,0,0,0,False
2051,microsoft/azure-maven-plugins,6aa372c76a6f80c74bd213aa99b7ec47ca6650b2,com/microsoft/azure/maven/webapp/WebAppUtilsTest.java,149,8,20,90,0.05,7,8,1,0,0,0,0,7,0,0,0,0,0,0,0,0,0,0,0,8,0,0,False
2052,microsoft/azure-maven-plugins,10945b4e509c361913069de29982aceee4f736b8,com/microsoft/azure/maven/function/AddMojoTest.java,44,7,15,24,0.11,5,7,1,0,0,0,0,6,0,1,0,0,0,0,0,0,0,0,2,6,0,0,False
2053,microsoft/azure-maven-plugins,10945b4e509c361913069de29982aceee4f736b8,com/microsoft/azure/maven/function/DeployMojoTest.java,156,16,43,139,0.12,19,16,7,0,0,0,0,14,14,0,0,0,0,0,0,1,4,0,0,14,0,0,False
2054,microsoft/azure-maven-plugins,10945b4e509c361913069de29982aceee4f736b8,com/microsoft/azure/maven/function/ListMojoTest.java,15,2,6,12,0.0,0,2,0,0,0,0,0,1,0,0,0,0,0,0,0,0,1,0,0,1,0,0,False
2055,microsoft/azure-maven-plugins,10945b4e509c361913069de29982aceee4f736b8,com/microsoft/azure/maven/function/PackageMojoTest.java,44,5,13,43,0.09,4,5,1,0,0,0,0,4,0,0,0,0,0,0,0,0,2,0,0,4,0,0,False
2056,microsoft/azure-maven-plugins,10945b4e509c361913069de29982aceee4f736b8,com/microsoft/azure/maven/function/RunMojoTest.java,57,8,20,60,0.07,4,8,1,0,0,0,0,7,0,0,0,0,0,0,0,0,1,0,0,7,0,0,False
2057,microsoft/azure-maven-plugins,10945b4e509c361913069de29982aceee4f736b8,com/microsoft/azure/maven/AbstractAppServiceMojoTest.java,17,2,3,10,0.06,1,1,0,0,0,0,0,0,0,0,0,0,1,0,0,0,0,0,0,1,0,0,False
2058,microsoft/azure-maven-plugins,10945b4e509c361913069de29982aceee4f736b8,com/microsoft/azure/maven/AbstractAzureMojoTest.java,96,17,34,48,0.26,25,16,3,0,0,0,0,12,0,0,0,0,0,0,0,0,1,0,0,15,0,0,False
2059,microsoft/azure-maven-plugins,10945b4e509c361913069de29982aceee4f736b8,com/microsoft/azure/maven/webapp/DeployMojoTest.java,163,20,53,126,0.15,25,14,3,0,0,0,0,11,0,0,0,0,0,0,0,0,0,0,3,11,0,0,False
2060,microsoft/azure-maven-plugins,10945b4e509c361913069de29982aceee4f736b8,com/microsoft/azure/maven/webapp/handlers/artifact/ArtifactHandlerImplV2Test.java,105,10,27,86,0.04,4,10,1,0,0,0,1,8,0,4,0,0,0,0,0,1,2,0,5,8,0,0,False
2061,microsoft/azure-maven-plugins,10945b4e509c361913069de29982aceee4f736b8,com/microsoft/azure/maven/webapp/handlers/artifact/JarArtifactHandlerImplTest.java,76,11,24,59,0.04,3,11,1,0,0,0,2,7,0,3,0,0,0,0,0,1,4,0,4,9,0,0,False
2062,microsoft/azure-maven-plugins,10945b4e509c361913069de29982aceee4f736b8,com/microsoft/azure/maven/webapp/handlers/artifact/WarArtifactHandlerImplTest.java,138,12,26,111,0.08,11,12,2,0,0,0,0,8,0,8,0,0,1,0,0,1,2,0,9,10,0,0,False
2063,microsoft/azure-maven-plugins,10945b4e509c361913069de29982aceee4f736b8,com/microsoft/azure/maven/webapp/handlers/DeploymentSlotHandlerTest.java,87,9,24,71,0.0,0,9,0,0,0,0,0,8,0,0,0,0,0,0,0,0,4,0,0,8,0,0,False
2064,microsoft/azure-maven-plugins,10945b4e509c361913069de29982aceee4f736b8,com/microsoft/azure/maven/webapp/handlers/HandlerFactoryImplTest.java,89,8,22,54,0.16,14,8,3,0,0,0,0,7,3,0,0,0,0,0,0,0,0,0,0,7,0,0,False
2065,microsoft/azure-maven-plugins,10945b4e509c361913069de29982aceee4f736b8,com/microsoft/azure/maven/webapp/handlers/SettingsHandlerImplTest.java,24,3,9,17,0.0,0,3,0,0,0,0,0,2,0,0,0,0,0,0,0,0,2,0,0,2,0,0,False
2066,microsoft/azure-maven-plugins,10945b4e509c361913069de29982aceee4f736b8,com/microsoft/azure/maven/webapp/handlers/runtime/LinuxRuntimeHandlerImplTest.java,41,5,10,60,0.05,2,5,0,0,0,0,0,2,0,0,0,0,0,0,0,0,0,0,0,2,0,0,False
2067,microsoft/azure-maven-plugins,10945b4e509c361913069de29982aceee4f736b8,com/microsoft/azure/maven/webapp/handlers/runtime/NullRuntimeHandlerImplTest.java,22,3,7,5,0.09,2,3,0,0,0,0,0,1,0,0,0,0,0,0,0,0,0,0,0,2,0,0,False
2068,microsoft/azure-maven-plugins,10945b4e509c361913069de29982aceee4f736b8,com/microsoft/azure/maven/webapp/handlers/runtime/PrivateDockerHubRuntimeHandlerImplTest.java,62,5,12,80,0.0,0,5,0,0,0,0,0,2,0,0,0,0,0,0,0,0,2,0,0,2,0,0,False
2069,microsoft/azure-maven-plugins,10945b4e509c361913069de29982aceee4f736b8,com/microsoft/azure/maven/webapp/handlers/runtime/PrivateRegistryRuntimeHandlerImplTest.java,63,5,12,81,0.0,0,5,0,0,0,0,0,2,0,0,0,0,0,0,0,0,2,0,0,2,0,0,False
2070,microsoft/azure-maven-plugins,10945b4e509c361913069de29982aceee4f736b8,com/microsoft/azure/maven/webapp/handlers/runtime/PublicDockerHubRuntimeHandlerImplTest.java,41,5,10,64,0.0,0,5,0,0,0,0,0,2,0,0,0,0,0,0,0,0,2,0,0,2,0,0,False
2071,microsoft/azure-maven-plugins,10945b4e509c361913069de29982aceee4f736b8,com/microsoft/azure/maven/webapp/handlers/runtime/WindowsRuntimeHandlerImplTest.java,46,5,10,68,0.04,2,5,0,0,0,0,0,2,0,0,0,0,0,0,0,0,0,0,0,2,0,0,False
2072,microsoft/azure-maven-plugins,10945b4e509c361913069de29982aceee4f736b8,com/microsoft/azure/maven/webapp/parser/ConfigurationParserTest.java,138,21,44,39,0.18,25,5,3,0,0,0,0,3,0,0,0,0,0,0,0,0,0,0,0,3,0,0,False
2073,microsoft/azure-maven-plugins,10945b4e509c361913069de29982aceee4f736b8,com/microsoft/azure/maven/webapp/parser/V1ConfigurationParserTest.java,120,9,23,56,0.23,27,9,8,0,0,0,0,6,0,0,0,0,0,0,0,0,0,0,0,8,0,0,False
2074,microsoft/azure-maven-plugins,10945b4e509c361913069de29982aceee4f736b8,com/microsoft/azure/maven/webapp/parser/V2ConfigurationParserTest.java,146,10,22,68,0.19,28,10,9,0,0,0,0,6,0,0,0,0,0,0,0,1,0,0,0,9,0,0,False
2075,microsoft/azure-maven-plugins,10945b4e509c361913069de29982aceee4f736b8,com/microsoft/azure/maven/webapp/utils/RuntimeStackUtilsTest.java,13,2,2,4,0.54,7,2,2,0,0,0,0,0,0,0,0,0,0,0,0,0,0,0,0,2,0,0,False
2076,microsoft/azure-maven-plugins,10945b4e509c361913069de29982aceee4f736b8,com/microsoft/azure/maven/webapp/utils/TestUtils.java,52,6,20,29,0.0,0,6,0,0,0,0,0,0,0,0,0,0,0,0,0,0,0,0,0,0,0,0,False
2077,microsoft/azure-maven-plugins,10945b4e509c361913069de29982aceee4f736b8,com/microsoft/azure/maven/webapp/WebAppUtilsTest.java,149,8,20,90,0.05,7,8,1,0,0,0,0,7,0,0,0,0,0,0,0,0,0,0,0,8,0,0,False
2078,microsoft/azure-maven-plugins,4f8edec2b831ea9d29165dcaf09daef10e7653e5,com/microsoft/azure/maven/function/AddMojoTest.java,44,7,15,24,0.11,5,7,1,0,0,0,0,6,0,1,0,0,0,0,0,0,0,0,2,6,0,0,False
2079,microsoft/azure-maven-plugins,4f8edec2b831ea9d29165dcaf09daef10e7653e5,com/microsoft/azure/maven/function/DeployMojoTest.java,156,16,43,139,0.12,19,16,7,0,0,0,0,14,14,0,0,0,0,0,0,1,4,0,0,14,0,0,False
2080,microsoft/azure-maven-plugins,4f8edec2b831ea9d29165dcaf09daef10e7653e5,com/microsoft/azure/maven/function/ListMojoTest.java,15,2,6,12,0.0,0,2,0,0,0,0,0,1,0,0,0,0,0,0,0,0,1,0,0,1,0,0,False
2081,microsoft/azure-maven-plugins,4f8edec2b831ea9d29165dcaf09daef10e7653e5,com/microsoft/azure/maven/function/PackageMojoTest.java,44,5,13,43,0.09,4,5,1,0,0,0,0,4,0,0,0,0,0,0,0,0,2,0,0,4,0,0,False
2082,microsoft/azure-maven-plugins,4f8edec2b831ea9d29165dcaf09daef10e7653e5,com/microsoft/azure/maven/function/RunMojoTest.java,57,8,20,60,0.07,4,8,1,0,0,0,0,7,0,0,0,0,0,0,0,0,1,0,0,7,0,0,False
2083,microsoft/azure-maven-plugins,4f8edec2b831ea9d29165dcaf09daef10e7653e5,com/microsoft/azure/maven/AbstractAppServiceMojoTest.java,17,2,3,10,0.06,1,1,0,0,0,0,0,0,0,0,0,0,1,0,0,0,0,0,0,1,0,0,False
2084,microsoft/azure-maven-plugins,4f8edec2b831ea9d29165dcaf09daef10e7653e5,com/microsoft/azure/maven/AbstractAzureMojoTest.java,96,17,34,48,0.26,25,16,3,0,0,0,0,12,0,0,0,0,0,0,0,0,1,0,0,15,0,0,False
2085,microsoft/azure-maven-plugins,4f8edec2b831ea9d29165dcaf09daef10e7653e5,com/microsoft/azure/maven/webapp/DeployMojoTest.java,163,20,53,126,0.15,25,14,3,0,0,0,0,11,0,0,0,0,0,0,0,0,0,0,3,11,0,0,False
2086,microsoft/azure-maven-plugins,4f8edec2b831ea9d29165dcaf09daef10e7653e5,com/microsoft/azure/maven/webapp/handlers/artifact/ArtifactHandlerImplV2Test.java,105,10,27,86,0.04,4,10,1,0,0,0,1,8,0,4,0,0,0,0,0,1,2,0,5,8,0,0,False
2087,microsoft/azure-maven-plugins,4f8edec2b831ea9d29165dcaf09daef10e7653e5,com/microsoft/azure/maven/webapp/handlers/artifact/JarArtifactHandlerImplTest.java,76,11,24,59,0.04,3,11,1,0,0,0,2,7,0,3,0,0,0,0,0,1,4,0,4,9,0,0,False
2088,microsoft/azure-maven-plugins,4f8edec2b831ea9d29165dcaf09daef10e7653e5,com/microsoft/azure/maven/webapp/handlers/artifact/WarArtifactHandlerImplTest.java,138,12,26,111,0.08,11,12,2,0,0,0,0,8,0,8,0,0,1,0,0,1,2,0,9,10,0,0,False
2089,microsoft/azure-maven-plugins,4f8edec2b831ea9d29165dcaf09daef10e7653e5,com/microsoft/azure/maven/webapp/handlers/DeploymentSlotHandlerTest.java,87,9,24,71,0.0,0,9,0,0,0,0,0,8,0,0,0,0,0,0,0,0,4,0,0,8,0,0,False
2090,microsoft/azure-maven-plugins,4f8edec2b831ea9d29165dcaf09daef10e7653e5,com/microsoft/azure/maven/webapp/handlers/HandlerFactoryImplTest.java,89,8,22,54,0.16,14,8,3,0,0,0,0,7,3,0,0,0,0,0,0,0,0,0,0,7,0,0,False
2091,microsoft/azure-maven-plugins,4f8edec2b831ea9d29165dcaf09daef10e7653e5,com/microsoft/azure/maven/webapp/handlers/SettingsHandlerImplTest.java,24,3,9,17,0.0,0,3,0,0,0,0,0,2,0,0,0,0,0,0,0,0,2,0,0,2,0,0,False
2092,microsoft/azure-maven-plugins,4f8edec2b831ea9d29165dcaf09daef10e7653e5,com/microsoft/azure/maven/webapp/handlers/runtime/LinuxRuntimeHandlerImplTest.java,41,5,10,60,0.05,2,5,0,0,0,0,0,2,0,0,0,0,0,0,0,0,0,0,0,2,0,0,False
2093,microsoft/azure-maven-plugins,4f8edec2b831ea9d29165dcaf09daef10e7653e5,com/microsoft/azure/maven/webapp/handlers/runtime/NullRuntimeHandlerImplTest.java,22,3,7,5,0.09,2,3,0,0,0,0,0,1,0,0,0,0,0,0,0,0,0,0,0,2,0,0,False
2094,microsoft/azure-maven-plugins,4f8edec2b831ea9d29165dcaf09daef10e7653e5,com/microsoft/azure/maven/webapp/handlers/runtime/PrivateDockerHubRuntimeHandlerImplTest.java,62,5,12,80,0.0,0,5,0,0,0,0,0,2,0,0,0,0,0,0,0,0,2,0,0,2,0,0,False
2095,microsoft/azure-maven-plugins,4f8edec2b831ea9d29165dcaf09daef10e7653e5,com/microsoft/azure/maven/webapp/handlers/runtime/PrivateRegistryRuntimeHandlerImplTest.java,63,5,12,81,0.0,0,5,0,0,0,0,0,2,0,0,0,0,0,0,0,0,2,0,0,2,0,0,False
2096,microsoft/azure-maven-plugins,4f8edec2b831ea9d29165dcaf09daef10e7653e5,com/microsoft/azure/maven/webapp/handlers/runtime/PublicDockerHubRuntimeHandlerImplTest.java,41,5,10,64,0.0,0,5,0,0,0,0,0,2,0,0,0,0,0,0,0,0,2,0,0,2,0,0,False
2097,microsoft/azure-maven-plugins,4f8edec2b831ea9d29165dcaf09daef10e7653e5,com/microsoft/azure/maven/webapp/handlers/runtime/WindowsRuntimeHandlerImplTest.java,46,5,10,68,0.04,2,5,0,0,0,0,0,2,0,0,0,0,0,0,0,0,0,0,0,2,0,0,False
2098,microsoft/azure-maven-plugins,4f8edec2b831ea9d29165dcaf09daef10e7653e5,com/microsoft/azure/maven/webapp/parser/ConfigurationParserTest.java,138,21,44,39,0.18,25,5,3,0,0,0,0,3,0,0,0,0,0,0,0,0,0,0,0,3,0,0,False
2099,microsoft/azure-maven-plugins,4f8edec2b831ea9d29165dcaf09daef10e7653e5,com/microsoft/azure/maven/webapp/parser/V1ConfigurationParserTest.java,120,9,23,56,0.23,27,9,8,0,0,0,0,6,0,0,0,0,0,0,0,0,0,0,0,8,0,0,False
2100,microsoft/azure-maven-plugins,4f8edec2b831ea9d29165dcaf09daef10e7653e5,com/microsoft/azure/maven/webapp/parser/V2ConfigurationParserTest.java,146,10,22,68,0.19,28,10,9,0,0,0,0,6,0,0,0,0,0,0,0,1,0,0,0,9,0,0,False
2101,microsoft/azure-maven-plugins,4f8edec2b831ea9d29165dcaf09daef10e7653e5,com/microsoft/azure/maven/webapp/utils/RuntimeStackUtilsTest.java,13,2,2,4,0.54,7,2,2,0,0,0,0,0,0,0,0,0,0,0,0,0,0,0,0,2,0,0,False
2102,microsoft/azure-maven-plugins,4f8edec2b831ea9d29165dcaf09daef10e7653e5,com/microsoft/azure/maven/webapp/utils/TestUtils.java,52,6,20,29,0.0,0,6,0,0,0,0,0,0,0,0,0,0,0,0,0,0,0,0,0,0,0,0,False
2103,microsoft/azure-maven-plugins,4f8edec2b831ea9d29165dcaf09daef10e7653e5,com/microsoft/azure/maven/webapp/WebAppUtilsTest.java,149,8,20,90,0.05,7,8,1,0,0,0,0,7,0,0,0,0,0,0,0,0,0,0,0,8,0,0,False
2104,microsoft/azure-maven-plugins,750f7aaafc5afe564eaa4622ef21fbb026d302b1,com/microsoft/azure/maven/function/AddMojoTest.java,44,7,15,24,0.11,5,7,1,0,0,0,0,6,0,1,0,0,0,0,0,0,0,0,2,6,0,0,False
2105,microsoft/azure-maven-plugins,750f7aaafc5afe564eaa4622ef21fbb026d302b1,com/microsoft/azure/maven/function/DeployMojoTest.java,114,14,37,102,0.17,19,14,7,0,0,0,0,12,12,0,0,0,0,0,0,1,4,0,0,12,0,0,False
2106,microsoft/azure-maven-plugins,750f7aaafc5afe564eaa4622ef21fbb026d302b1,com/microsoft/azure/maven/function/ListMojoTest.java,15,2,6,12,0.0,0,2,0,0,0,0,0,1,0,0,0,0,0,0,0,0,1,0,0,1,0,0,False
2107,microsoft/azure-maven-plugins,750f7aaafc5afe564eaa4622ef21fbb026d302b1,com/microsoft/azure/maven/function/PackageMojoTest.java,44,5,13,43,0.09,4,5,1,0,0,0,0,4,0,0,0,0,0,0,0,0,2,0,0,4,0,0,False
2108,microsoft/azure-maven-plugins,750f7aaafc5afe564eaa4622ef21fbb026d302b1,com/microsoft/azure/maven/function/RunMojoTest.java,57,8,20,60,0.07,4,8,1,0,0,0,0,7,0,0,0,0,0,0,0,0,1,0,0,7,0,0,False
2109,microsoft/azure-maven-plugins,750f7aaafc5afe564eaa4622ef21fbb026d302b1,com/microsoft/azure/maven/AbstractAppServiceMojoTest.java,17,2,3,10,0.06,1,1,0,0,0,0,0,0,0,0,0,0,1,0,0,0,0,0,0,1,0,0,False
2110,microsoft/azure-maven-plugins,750f7aaafc5afe564eaa4622ef21fbb026d302b1,com/microsoft/azure/maven/AbstractAzureMojoTest.java,96,17,34,48,0.26,25,16,3,0,0,0,0,12,0,0,0,0,0,0,0,0,1,0,0,15,0,0,False
2111,microsoft/azure-maven-plugins,750f7aaafc5afe564eaa4622ef21fbb026d302b1,com/microsoft/azure/maven/webapp/DeployMojoTest.java,163,20,53,126,0.15,25,14,3,0,0,0,0,11,0,0,0,0,0,0,0,0,0,0,3,11,0,0,False
2112,microsoft/azure-maven-plugins,750f7aaafc5afe564eaa4622ef21fbb026d302b1,com/microsoft/azure/maven/webapp/handlers/artifact/ArtifactHandlerImplV2Test.java,105,10,27,86,0.04,4,10,1,0,0,0,1,8,0,4,0,0,0,0,0,1,2,0,5,8,0,0,False
2113,microsoft/azure-maven-plugins,750f7aaafc5afe564eaa4622ef21fbb026d302b1,com/microsoft/azure/maven/webapp/handlers/artifact/JarArtifactHandlerImplTest.java,76,11,24,59,0.04,3,11,1,0,0,0,2,7,0,3,0,0,0,0,0,1,4,0,4,9,0,0,False
2114,microsoft/azure-maven-plugins,750f7aaafc5afe564eaa4622ef21fbb026d302b1,com/microsoft/azure/maven/webapp/handlers/artifact/WarArtifactHandlerImplTest.java,138,12,26,111,0.08,11,12,2,0,0,0,0,8,0,8,0,0,1,0,0,1,2,0,9,10,0,0,False
2115,microsoft/azure-maven-plugins,750f7aaafc5afe564eaa4622ef21fbb026d302b1,com/microsoft/azure/maven/webapp/handlers/DeploymentSlotHandlerTest.java,87,9,24,71,0.0,0,9,0,0,0,0,0,8,0,0,0,0,0,0,0,0,4,0,0,8,0,0,False
2116,microsoft/azure-maven-plugins,750f7aaafc5afe564eaa4622ef21fbb026d302b1,com/microsoft/azure/maven/webapp/handlers/HandlerFactoryImplTest.java,89,8,22,54,0.16,14,8,3,0,0,0,0,7,3,0,0,0,0,0,0,0,0,0,0,7,0,0,False
2117,microsoft/azure-maven-plugins,750f7aaafc5afe564eaa4622ef21fbb026d302b1,com/microsoft/azure/maven/webapp/handlers/SettingsHandlerImplTest.java,24,3,9,17,0.0,0,3,0,0,0,0,0,2,0,0,0,0,0,0,0,0,2,0,0,2,0,0,False
2118,microsoft/azure-maven-plugins,750f7aaafc5afe564eaa4622ef21fbb026d302b1,com/microsoft/azure/maven/webapp/handlers/runtime/LinuxRuntimeHandlerImplTest.java,41,5,10,60,0.05,2,5,0,0,0,0,0,2,0,0,0,0,0,0,0,0,0,0,0,2,0,0,False
2119,microsoft/azure-maven-plugins,750f7aaafc5afe564eaa4622ef21fbb026d302b1,com/microsoft/azure/maven/webapp/handlers/runtime/NullRuntimeHandlerImplTest.java,22,3,7,5,0.09,2,3,0,0,0,0,0,1,0,0,0,0,0,0,0,0,0,0,0,2,0,0,False
2120,microsoft/azure-maven-plugins,750f7aaafc5afe564eaa4622ef21fbb026d302b1,com/microsoft/azure/maven/webapp/handlers/runtime/PrivateDockerHubRuntimeHandlerImplTest.java,62,5,12,80,0.0,0,5,0,0,0,0,0,2,0,0,0,0,0,0,0,0,2,0,0,2,0,0,False
2121,microsoft/azure-maven-plugins,750f7aaafc5afe564eaa4622ef21fbb026d302b1,com/microsoft/azure/maven/webapp/handlers/runtime/PrivateRegistryRuntimeHandlerImplTest.java,63,5,12,81,0.0,0,5,0,0,0,0,0,2,0,0,0,0,0,0,0,0,2,0,0,2,0,0,False
2122,microsoft/azure-maven-plugins,750f7aaafc5afe564eaa4622ef21fbb026d302b1,com/microsoft/azure/maven/webapp/handlers/runtime/PublicDockerHubRuntimeHandlerImplTest.java,41,5,10,64,0.0,0,5,0,0,0,0,0,2,0,0,0,0,0,0,0,0,2,0,0,2,0,0,False
2123,microsoft/azure-maven-plugins,750f7aaafc5afe564eaa4622ef21fbb026d302b1,com/microsoft/azure/maven/webapp/handlers/runtime/WindowsRuntimeHandlerImplTest.java,46,5,10,68,0.04,2,5,0,0,0,0,0,2,0,0,0,0,0,0,0,0,0,0,0,2,0,0,False
2124,microsoft/azure-maven-plugins,750f7aaafc5afe564eaa4622ef21fbb026d302b1,com/microsoft/azure/maven/webapp/parser/ConfigurationParserTest.java,138,21,44,39,0.18,25,5,3,0,0,0,0,3,0,0,0,0,0,0,0,0,0,0,0,3,0,0,False
2125,microsoft/azure-maven-plugins,750f7aaafc5afe564eaa4622ef21fbb026d302b1,com/microsoft/azure/maven/webapp/parser/V1ConfigurationParserTest.java,120,9,23,56,0.23,27,9,8,0,0,0,0,6,0,0,0,0,0,0,0,0,0,0,0,8,0,0,False
2126,microsoft/azure-maven-plugins,750f7aaafc5afe564eaa4622ef21fbb026d302b1,com/microsoft/azure/maven/webapp/parser/V2ConfigurationParserTest.java,146,10,22,68,0.19,28,10,9,0,0,0,0,6,0,0,0,0,0,0,0,1,0,0,0,9,0,0,False
2127,microsoft/azure-maven-plugins,750f7aaafc5afe564eaa4622ef21fbb026d302b1,com/microsoft/azure/maven/webapp/utils/RuntimeStackUtilsTest.java,13,2,2,4,0.54,7,2,2,0,0,0,0,0,0,0,0,0,0,0,0,0,0,0,0,2,0,0,False
2128,microsoft/azure-maven-plugins,750f7aaafc5afe564eaa4622ef21fbb026d302b1,com/microsoft/azure/maven/webapp/utils/TestUtils.java,52,6,20,29,0.0,0,6,0,0,0,0,0,0,0,0,0,0,0,0,0,0,0,0,0,0,0,0,False
2129,microsoft/azure-maven-plugins,750f7aaafc5afe564eaa4622ef21fbb026d302b1,com/microsoft/azure/maven/webapp/WebAppUtilsTest.java,149,8,20,90,0.05,7,8,1,0,0,0,0,7,0,0,0,0,0,0,0,0,0,0,0,8,0,0,False
2130,microsoft/azure-maven-plugins,65b948ab8764bc41881f4c7a7590df6bc66149e8,com/microsoft/azure/maven/function/AddMojoTest.java,44,7,15,24,0.11,5,7,1,0,0,0,0,6,0,1,0,0,0,0,0,0,0,0,2,6,0,0,False
2131,microsoft/azure-maven-plugins,65b948ab8764bc41881f4c7a7590df6bc66149e8,com/microsoft/azure/maven/function/DeployMojoTest.java,116,15,38,91,0.2,23,15,8,0,0,0,0,12,13,0,0,0,0,0,0,2,4,0,0,13,0,0,False
2132,microsoft/azure-maven-plugins,65b948ab8764bc41881f4c7a7590df6bc66149e8,com/microsoft/azure/maven/function/ListMojoTest.java,15,2,6,12,0.0,0,2,0,0,0,0,0,1,0,0,0,0,0,0,0,0,1,0,0,1,0,0,False
2133,microsoft/azure-maven-plugins,65b948ab8764bc41881f4c7a7590df6bc66149e8,com/microsoft/azure/maven/function/PackageMojoTest.java,42,5,13,40,0.1,4,5,1,0,0,0,0,4,0,0,0,0,0,0,0,0,2,0,0,4,0,0,False
2134,microsoft/azure-maven-plugins,65b948ab8764bc41881f4c7a7590df6bc66149e8,com/microsoft/azure/maven/function/RunMojoTest.java,57,8,20,60,0.07,4,8,1,0,0,0,0,7,0,0,0,0,0,0,0,0,1,0,0,7,0,0,False
2135,microsoft/azure-maven-plugins,65b948ab8764bc41881f4c7a7590df6bc66149e8,com/microsoft/azure/maven/function/handlers/AnnotationHandlerImplTest.java,89,7,17,12,0.03,3,7,2,0,0,0,0,2,0,0,0,0,0,0,0,0,0,0,0,2,0,0,False
2136,microsoft/azure-maven-plugins,65b948ab8764bc41881f4c7a7590df6bc66149e8,com/microsoft/azure/maven/function/handlers/CommandHandlerImplTest.java,13,3,4,6,0.23,3,3,1,0,0,0,0,1,0,0,0,0,0,0,0,0,0,0,0,3,0,0,False
2137,microsoft/azure-maven-plugins,65b948ab8764bc41881f4c7a7590df6bc66149e8,com/microsoft/azure/maven/function/handlers/FunctionCoreToolsHandlerImplTest.java,69,7,15,67,0.03,2,7,0,0,0,0,0,6,0,0,0,0,0,0,0,0,3,0,0,7,0,0,False
2138,microsoft/azure-maven-plugins,65b948ab8764bc41881f4c7a7590df6bc66149e8,com/microsoft/azure/maven/function/handlers/artifact/FunctionArtifactHelperTest.java,79,5,15,41,0.05,4,5,0,0,0,0,0,5,0,0,0,0,0,0,0,0,1,0,0,5,0,0,False
2139,microsoft/azure-maven-plugins,65b948ab8764bc41881f4c7a7590df6bc66149e8,com/microsoft/azure/maven/function/handlers/artifact/MSDeployArtifactHandlerImplTest.java,89,7,16,80,0.02,2,7,0,0,0,0,0,5,0,3,0,0,0,0,0,0,3,0,2,5,0,0,False
2140,microsoft/azure-maven-plugins,65b948ab8764bc41881f4c7a7590df6bc66149e8,com/microsoft/azure/maven/function/utils/CommandUtilsTest.java,12,3,4,9,0.33,4,3,1,0,0,0,0,1,0,0,0,0,0,0,0,0,0,0,0,3,0,0,False
2141,microsoft/azure-maven-plugins,65b948ab8764bc41881f4c7a7590df6bc66149e8,com/microsoft/azure/maven/AbstractAppServiceMojoTest.java,17,2,3,10,0.06,1,1,0,0,0,0,0,0,0,0,0,0,1,0,0,0,0,0,0,1,0,0,False
2142,microsoft/azure-maven-plugins,65b948ab8764bc41881f4c7a7590df6bc66149e8,com/microsoft/azure/maven/AbstractAzureMojoTest.java,96,17,34,48,0.26,25,16,3,0,0,0,0,12,0,0,0,0,0,0,0,0,1,0,0,15,0,0,False
2143,microsoft/azure-maven-plugins,65b948ab8764bc41881f4c7a7590df6bc66149e8,com/microsoft/azure/maven/FTPUploaderTest.java,48,4,11,23,0.04,2,4,0,0,0,0,0,3,0,0,0,0,0,0,0,0,1,0,0,3,0,0,False
2144,microsoft/azure-maven-plugins,65b948ab8764bc41881f4c7a7590df6bc66149e8,com/microsoft/azure/maven/UtilsTest.java,44,4,8,27,0.18,8,4,2,0,0,0,0,1,0,0,0,0,0,0,0,1,1,0,0,3,0,0,False
2145,microsoft/azure-maven-plugins,65b948ab8764bc41881f4c7a7590df6bc66149e8,com/microsoft/azure/maven/handlers/artifact/ArtifactHandlerBaseTest.java,51,8,18,40,0.0,0,5,0,0,0,0,0,4,0,0,0,0,0,0,0,0,1,0,0,4,0,0,False
2146,microsoft/azure-maven-plugins,65b948ab8764bc41881f4c7a7590df6bc66149e8,com/microsoft/azure/maven/handlers/artifact/FTPArtifactHandlerImplTest.java,87,7,16,61,0.03,3,7,1,0,0,0,0,4,0,0,0,0,0,0,0,1,4,0,0,5,0,0,False
2147,microsoft/azure-maven-plugins,65b948ab8764bc41881f4c7a7590df6bc66149e8,com/microsoft/azure/maven/handlers/artifact/ZIPArtifactHandlerImplTest.java,67,7,14,47,0.04,3,7,0,0,0,0,0,3,0,3,0,0,0,0,0,0,1,0,3,5,0,0,False
2148,microsoft/azure-maven-plugins,65b948ab8764bc41881f4c7a7590df6bc66149e8,com/microsoft/azure/maven/webapp/DeployMojoTest.java,135,20,53,98,0.19,25,14,3,0,0,0,0,11,0,0,0,0,0,0,0,0,0,0,0,11,0,0,False
2149,microsoft/azure-maven-plugins,65b948ab8764bc41881f4c7a7590df6bc66149e8,com/microsoft/azure/maven/webapp/handlers/artifact/ArtifactHandlerImplV2Test.java,158,11,30,131,0.03,4,11,1,0,0,0,0,8,0,4,0,0,0,0,0,1,3,0,6,9,0,0,False
2150,microsoft/azure-maven-plugins,65b948ab8764bc41881f4c7a7590df6bc66149e8,com/microsoft/azure/maven/webapp/handlers/artifact/JarArtifactHandlerImplTest.java,70,11,23,54,0.04,3,11,1,0,0,0,2,7,0,3,0,0,0,0,0,1,4,0,4,9,0,0,False
2151,microsoft/azure-maven-plugins,65b948ab8764bc41881f4c7a7590df6bc66149e8,com/microsoft/azure/maven/webapp/handlers/artifact/WarArtifactHandlerImplTest.java,138,12,26,111,0.08,11,12,2,0,0,0,0,8,0,8,0,0,1,0,0,1,2,0,9,10,0,0,False
2152,microsoft/azure-maven-plugins,65b948ab8764bc41881f4c7a7590df6bc66149e8,com/microsoft/azure/maven/webapp/handlers/DeploymentSlotHandlerTest.java,87,9,24,71,0.0,0,9,0,0,0,0,0,8,0,0,0,0,0,0,0,0,4,0,0,8,0,0,False
2153,microsoft/azure-maven-plugins,65b948ab8764bc41881f4c7a7590df6bc66149e8,com/microsoft/azure/maven/webapp/handlers/HandlerFactoryImplTest.java,91,8,21,57,0.15,14,8,3,0,0,0,0,7,0,0,0,0,0,0,0,0,0,0,0,7,0,0,False
2154,microsoft/azure-maven-plugins,65b948ab8764bc41881f4c7a7590df6bc66149e8,com/microsoft/azure/maven/webapp/handlers/SettingsHandlerImplTest.java,24,3,9,17,0.0,0,3,0,0,0,0,0,2,0,0,0,0,0,0,0,0,2,0,0,2,0,0,False
2155,microsoft/azure-maven-plugins,65b948ab8764bc41881f4c7a7590df6bc66149e8,com/microsoft/azure/maven/webapp/handlers/runtime/LinuxRuntimeHandlerImplTest.java,42,5,10,60,0.05,2,5,0,0,0,0,0,2,0,0,0,0,0,0,0,0,0,0,0,2,0,0,False
2156,microsoft/azure-maven-plugins,65b948ab8764bc41881f4c7a7590df6bc66149e8,com/microsoft/azure/maven/webapp/handlers/runtime/NullRuntimeHandlerImplTest.java,22,3,7,5,0.09,2,3,0,0,0,0,0,1,0,0,0,0,0,0,0,0,0,0,0,2,0,0,False
2157,microsoft/azure-maven-plugins,65b948ab8764bc41881f4c7a7590df6bc66149e8,com/microsoft/azure/maven/webapp/handlers/runtime/PrivateDockerHubRuntimeHandlerImplTest.java,57,5,10,80,0.0,0,5,0,0,0,0,0,2,0,0,0,0,0,0,0,0,2,0,0,2,0,0,False
2158,microsoft/azure-maven-plugins,65b948ab8764bc41881f4c7a7590df6bc66149e8,com/microsoft/azure/maven/webapp/handlers/runtime/PrivateRegistryRuntimeHandlerImplTest.java,57,5,10,81,0.0,0,5,0,0,0,0,0,2,0,0,0,0,0,0,0,0,2,0,0,2,0,0,False
2159,microsoft/azure-maven-plugins,65b948ab8764bc41881f4c7a7590df6bc66149e8,com/microsoft/azure/maven/webapp/handlers/runtime/PublicDockerHubRuntimeHandlerImplTest.java,41,5,10,68,0.0,0,5,0,0,0,0,0,2,0,0,0,0,0,0,0,0,2,0,0,2,0,0,False
2160,microsoft/azure-maven-plugins,65b948ab8764bc41881f4c7a7590df6bc66149e8,com/microsoft/azure/maven/webapp/handlers/runtime/WindowsRuntimeHandlerImplTest.java,46,5,10,68,0.04,2,5,0,0,0,0,0,2,0,0,0,0,0,0,0,0,0,0,0,2,0,0,False
2161,microsoft/azure-maven-plugins,65b948ab8764bc41881f4c7a7590df6bc66149e8,com/microsoft/azure/maven/webapp/parser/ConfigurationParserTest.java,138,21,44,39,0.18,25,5,3,0,0,0,0,3,0,0,0,0,0,0,0,0,0,0,0,3,0,0,False
2162,microsoft/azure-maven-plugins,65b948ab8764bc41881f4c7a7590df6bc66149e8,com/microsoft/azure/maven/webapp/parser/V1ConfigurationParserTest.java,122,9,23,56,0.23,28,9,8,0,0,0,0,6,0,0,0,0,0,0,0,0,0,0,0,8,0,0,False
2163,microsoft/azure-maven-plugins,65b948ab8764bc41881f4c7a7590df6bc66149e8,com/microsoft/azure/maven/webapp/parser/V2ConfigurationParserTest.java,146,10,22,68,0.19,28,10,9,0,0,0,0,6,0,0,0,0,0,0,0,1,0,0,0,9,0,0,False
2164,microsoft/azure-maven-plugins,65b948ab8764bc41881f4c7a7590df6bc66149e8,com/microsoft/azure/maven/webapp/utils/RuntimeStackUtilsTest.java,13,2,2,4,0.54,7,2,2,0,0,0,0,0,0,0,0,0,0,0,0,0,0,0,0,2,0,0,False
2165,microsoft/azure-maven-plugins,65b948ab8764bc41881f4c7a7590df6bc66149e8,com/microsoft/azure/maven/webapp/utils/TestUtils.java,32,4,13,11,0.0,0,4,0,0,0,0,0,0,0,0,0,0,0,0,0,0,0,0,0,0,0,0,False
2166,microsoft/azure-maven-plugins,65b948ab8764bc41881f4c7a7590df6bc66149e8,com/microsoft/azure/maven/webapp/WebAppUtilsTest.java,149,8,20,90,0.05,7,8,1,0,0,0,0,7,0,0,0,0,0,0,0,0,0,0,0,8,0,0,False
2167,microsoft/azure-maven-plugins,1d1aff144fc7d4c68a86522916bf9cdb341e433b,com/microsoft/azure/maven/function/AddMojoTest.java,44,7,15,24,0.11,5,7,1,0,0,0,0,6,0,1,0,0,0,0,0,0,0,0,2,6,0,0,False
2168,microsoft/azure-maven-plugins,1d1aff144fc7d4c68a86522916bf9cdb341e433b,com/microsoft/azure/maven/function/DeployMojoTest.java,132,17,42,110,0.18,24,17,8,0,0,0,0,13,14,0,0,0,0,0,0,2,4,0,0,14,0,0,False
2169,microsoft/azure-maven-plugins,1d1aff144fc7d4c68a86522916bf9cdb341e433b,com/microsoft/azure/maven/function/ListMojoTest.java,22,2,6,14,0.05,1,2,0,0,0,0,0,1,0,0,0,0,0,0,0,0,1,0,0,1,0,0,False
2170,microsoft/azure-maven-plugins,1d1aff144fc7d4c68a86522916bf9cdb341e433b,com/microsoft/azure/maven/function/PackageMojoTest.java,42,5,13,40,0.1,4,5,1,0,0,0,0,4,0,0,0,0,0,0,0,0,2,0,0,4,0,0,False
2171,microsoft/azure-maven-plugins,1d1aff144fc7d4c68a86522916bf9cdb341e433b,com/microsoft/azure/maven/function/RunMojoTest.java,57,8,20,60,0.07,4,8,1,0,0,0,0,7,0,0,0,0,0,0,0,0,1,0,0,7,0,0,False
2172,microsoft/azure-maven-plugins,1d1aff144fc7d4c68a86522916bf9cdb341e433b,com/microsoft/azure/maven/function/handlers/AnnotationHandlerImplTest.java,90,7,17,13,0.03,3,7,2,0,0,0,0,2,0,0,0,0,0,0,0,0,0,0,0,2,0,0,False
2173,microsoft/azure-maven-plugins,1d1aff144fc7d4c68a86522916bf9cdb341e433b,com/microsoft/azure/maven/function/handlers/CommandHandlerImplTest.java,20,3,4,14,0.15,3,3,1,0,0,0,0,1,0,0,0,0,0,0,0,0,0,0,0,3,0,0,False
2174,microsoft/azure-maven-plugins,1d1aff144fc7d4c68a86522916bf9cdb341e433b,com/microsoft/azure/maven/function/handlers/FunctionCoreToolsHandlerImplTest.java,76,7,18,83,0.03,2,7,0,0,0,0,0,6,0,0,0,0,0,0,0,0,3,0,0,7,0,0,False
2175,microsoft/azure-maven-plugins,1d1aff144fc7d4c68a86522916bf9cdb341e433b,com/microsoft/azure/maven/function/handlers/artifact/FunctionArtifactHelperTest.java,79,5,15,41,0.05,4,5,0,0,0,0,0,5,0,0,0,0,0,0,0,0,1,0,0,5,0,0,False
2176,microsoft/azure-maven-plugins,1d1aff144fc7d4c68a86522916bf9cdb341e433b,com/microsoft/azure/maven/function/handlers/artifact/MSDeployArtifactHandlerImplTest.java,91,7,16,82,0.02,2,7,0,0,0,0,0,5,0,3,0,0,0,0,0,0,3,0,2,5,0,0,False
2177,microsoft/azure-maven-plugins,1d1aff144fc7d4c68a86522916bf9cdb341e433b,com/microsoft/azure/maven/function/utils/CommandUtilsTest.java,12,3,4,9,0.33,4,3,1,0,0,0,0,1,0,0,0,0,0,0,0,0,0,0,0,3,0,0,False
2178,microsoft/azure-maven-plugins,1d1aff144fc7d4c68a86522916bf9cdb341e433b,com/microsoft/azure/maven/AbstractAppServiceMojoTest.java,17,2,3,10,0.06,1,1,0,0,0,0,0,0,0,0,0,0,1,0,0,0,0,0,0,1,0,0,False
2179,microsoft/azure-maven-plugins,1d1aff144fc7d4c68a86522916bf9cdb341e433b,com/microsoft/azure/maven/AbstractAzureMojoTest.java,113,19,38,59,0.27,30,18,4,0,0,0,0,14,0,0,0,0,0,0,0,0,2,0,1,17,0,0,False
2180,microsoft/azure-maven-plugins,1d1aff144fc7d4c68a86522916bf9cdb341e433b,com/microsoft/azure/maven/FTPUploaderTest.java,49,4,11,23,0.04,2,4,0,0,0,0,0,3,0,0,0,0,0,0,0,0,1,0,0,3,0,0,False
2181,microsoft/azure-maven-plugins,1d1aff144fc7d4c68a86522916bf9cdb341e433b,com/microsoft/azure/maven/UtilsTest.java,44,4,8,27,0.18,8,4,2,0,0,0,0,1,0,0,0,0,0,0,0,1,1,0,0,3,0,0,False
2182,microsoft/azure-maven-plugins,1d1aff144fc7d4c68a86522916bf9cdb341e433b,com/microsoft/azure/maven/handlers/artifact/ArtifactHandlerBaseTest.java,51,8,18,40,0.0,0,5,0,0,0,0,0,4,0,0,0,0,0,0,0,0,1,0,0,4,0,0,False
2183,microsoft/azure-maven-plugins,1d1aff144fc7d4c68a86522916bf9cdb341e433b,com/microsoft/azure/maven/handlers/artifact/FTPArtifactHandlerImplTest.java,96,7,16,75,0.03,3,7,1,0,0,0,0,4,0,0,0,0,0,0,0,1,4,0,0,5,0,0,False
2184,microsoft/azure-maven-plugins,1d1aff144fc7d4c68a86522916bf9cdb341e433b,com/microsoft/azure/maven/handlers/artifact/ZIPArtifactHandlerImplTest.java,73,7,14,55,0.04,3,7,0,0,0,0,0,3,0,3,0,0,0,0,0,0,1,0,3,5,0,0,False
2185,microsoft/azure-maven-plugins,1d1aff144fc7d4c68a86522916bf9cdb341e433b,com/microsoft/azure/maven/webapp/DeployMojoTest.java,147,22,57,104,0.18,26,16,3,0,0,0,0,12,0,0,0,0,0,0,0,0,0,0,0,12,0,0,False
2186,microsoft/azure-maven-plugins,1d1aff144fc7d4c68a86522916bf9cdb341e433b,com/microsoft/azure/maven/webapp/handlers/artifact/ArtifactHandlerImplV2Test.java,171,11,30,147,0.02,4,11,1,0,0,0,0,8,0,4,0,0,0,0,0,1,3,0,6,9,0,0,False
2187,microsoft/azure-maven-plugins,1d1aff144fc7d4c68a86522916bf9cdb341e433b,com/microsoft/azure/maven/webapp/handlers/artifact/JarArtifactHandlerImplTest.java,70,11,23,54,0.04,3,11,1,0,0,0,2,7,0,3,0,0,0,0,0,1,4,0,4,9,0,0,False
2188,microsoft/azure-maven-plugins,1d1aff144fc7d4c68a86522916bf9cdb341e433b,com/microsoft/azure/maven/webapp/handlers/artifact/WarArtifactHandlerImplTest.java,149,12,26,121,0.07,11,12,2,0,0,0,0,8,0,8,0,0,1,0,0,1,2,0,9,10,0,0,False
2189,microsoft/azure-maven-plugins,1d1aff144fc7d4c68a86522916bf9cdb341e433b,com/microsoft/azure/maven/webapp/handlers/DeploymentSlotHandlerTest.java,93,9,24,74,0.0,0,9,0,0,0,0,0,8,0,0,0,0,0,0,0,0,4,0,0,8,0,0,False
2190,microsoft/azure-maven-plugins,1d1aff144fc7d4c68a86522916bf9cdb341e433b,com/microsoft/azure/maven/webapp/handlers/HandlerFactoryImplTest.java,92,8,21,57,0.15,14,8,3,0,0,0,0,7,0,0,0,0,0,0,0,0,0,0,0,7,0,0,False
2191,microsoft/azure-maven-plugins,1d1aff144fc7d4c68a86522916bf9cdb341e433b,com/microsoft/azure/maven/webapp/handlers/SettingsHandlerImplTest.java,24,3,9,17,0.0,0,3,0,0,0,0,0,2,0,0,0,0,0,0,0,0,2,0,0,2,0,0,False
2192,microsoft/azure-maven-plugins,1d1aff144fc7d4c68a86522916bf9cdb341e433b,com/microsoft/azure/maven/webapp/handlers/runtime/LinuxRuntimeHandlerImplTest.java,42,5,10,62,0.05,2,5,0,0,0,0,0,2,0,0,0,0,0,0,0,0,0,0,0,2,0,0,False
2193,microsoft/azure-maven-plugins,1d1aff144fc7d4c68a86522916bf9cdb341e433b,com/microsoft/azure/maven/webapp/handlers/runtime/NullRuntimeHandlerImplTest.java,22,3,7,5,0.09,2,3,0,0,0,0,0,1,0,0,0,0,0,0,0,0,0,0,0,2,0,0,False
2194,microsoft/azure-maven-plugins,1d1aff144fc7d4c68a86522916bf9cdb341e433b,com/microsoft/azure/maven/webapp/handlers/runtime/PrivateDockerHubRuntimeHandlerImplTest.java,57,5,10,82,0.0,0,5,0,0,0,0,0,2,0,0,0,0,0,0,0,0,2,0,0,2,0,0,False
2195,microsoft/azure-maven-plugins,1d1aff144fc7d4c68a86522916bf9cdb341e433b,com/microsoft/azure/maven/webapp/handlers/runtime/PrivateRegistryRuntimeHandlerImplTest.java,58,5,10,83,0.0,0,5,0,0,0,0,0,2,0,0,0,0,0,0,0,0,2,0,0,2,0,0,False
2196,microsoft/azure-maven-plugins,1d1aff144fc7d4c68a86522916bf9cdb341e433b,com/microsoft/azure/maven/webapp/handlers/runtime/PublicDockerHubRuntimeHandlerImplTest.java,42,5,10,70,0.0,0,5,0,0,0,0,0,2,0,0,0,0,0,0,0,0,2,0,0,2,0,0,False
2197,microsoft/azure-maven-plugins,1d1aff144fc7d4c68a86522916bf9cdb341e433b,com/microsoft/azure/maven/webapp/handlers/runtime/WindowsRuntimeHandlerImplTest.java,47,5,10,70,0.04,2,5,0,0,0,0,0,2,0,0,0,0,0,0,0,0,0,0,0,2,0,0,False
2198,microsoft/azure-maven-plugins,1d1aff144fc7d4c68a86522916bf9cdb341e433b,com/microsoft/azure/maven/webapp/parser/ConfigurationParserTest.java,138,21,44,39,0.18,25,5,3,0,0,0,0,3,0,0,0,0,0,0,0,0,0,0,0,3,0,0,False
2199,microsoft/azure-maven-plugins,1d1aff144fc7d4c68a86522916bf9cdb341e433b,com/microsoft/azure/maven/webapp/parser/V1ConfigurationParserTest.java,122,9,23,56,0.23,28,9,8,0,0,0,0,6,0,0,0,0,0,0,0,0,0,0,0,8,0,0,False
2200,microsoft/azure-maven-plugins,1d1aff144fc7d4c68a86522916bf9cdb341e433b,com/microsoft/azure/maven/webapp/parser/V2ConfigurationParserTest.java,146,10,22,68,0.19,28,10,9,0,0,0,0,6,0,0,0,0,0,0,0,1,0,0,0,9,0,0,False
2201,microsoft/azure-maven-plugins,1d1aff144fc7d4c68a86522916bf9cdb341e433b,com/microsoft/azure/maven/webapp/utils/RuntimeStackUtilsTest.java,13,2,2,4,0.54,7,2,2,0,0,0,0,0,0,0,0,0,0,0,0,0,0,0,0,2,0,0,False
2202,microsoft/azure-maven-plugins,1d1aff144fc7d4c68a86522916bf9cdb341e433b,com/microsoft/azure/maven/webapp/utils/TestUtils.java,32,4,13,11,0.0,0,4,0,0,0,0,0,0,0,0,0,0,0,0,0,0,0,0,0,0,0,0,False
2203,microsoft/azure-maven-plugins,1d1aff144fc7d4c68a86522916bf9cdb341e433b,com/microsoft/azure/maven/webapp/WebAppUtilsTest.java,151,8,20,92,0.05,7,8,1,0,0,0,0,7,0,0,0,0,0,0,0,0,0,0,0,8,0,0,False
2204,microsoft/azure-maven-plugins,0024493e233b5ec16f0f99c14d14be45ba58ba68,com/microsoft/azure/maven/function/AddMojoTest.java,44,7,15,24,0.11,5,7,1,0,0,0,0,6,0,1,0,0,0,0,0,0,0,0,2,6,0,0,False
2205,microsoft/azure-maven-plugins,0024493e233b5ec16f0f99c14d14be45ba58ba68,com/microsoft/azure/maven/function/DeployMojoTest.java,166,18,48,154,0.08,13,18,4,0,0,0,0,15,15,0,0,0,0,0,0,0,7,0,0,15,0,0,False
2206,microsoft/azure-maven-plugins,0024493e233b5ec16f0f99c14d14be45ba58ba68,com/microsoft/azure/maven/function/ListMojoTest.java,22,2,6,14,0.05,1,2,0,0,0,0,0,1,0,0,0,0,0,0,0,0,1,0,0,1,0,0,False
2207,microsoft/azure-maven-plugins,0024493e233b5ec16f0f99c14d14be45ba58ba68,com/microsoft/azure/maven/function/PackageMojoTest.java,42,5,13,42,0.1,4,5,1,0,0,0,0,4,0,0,0,0,1,0,0,0,2,0,0,4,0,0,False
2208,microsoft/azure-maven-plugins,0024493e233b5ec16f0f99c14d14be45ba58ba68,com/microsoft/azure/maven/function/RunMojoTest.java,57,8,20,60,0.07,4,8,1,0,0,0,0,7,0,0,0,0,0,0,0,0,1,0,0,7,0,0,False
2209,microsoft/azure-maven-plugins,0024493e233b5ec16f0f99c14d14be45ba58ba68,com/microsoft/azure/maven/function/handlers/AnnotationHandlerImplTest.java,90,7,17,13,0.03,3,7,2,0,0,0,0,2,0,0,0,0,0,0,0,0,0,0,0,2,0,0,False
2210,microsoft/azure-maven-plugins,0024493e233b5ec16f0f99c14d14be45ba58ba68,com/microsoft/azure/maven/function/handlers/CommandHandlerImplTest.java,20,3,4,14,0.15,3,3,1,0,0,0,0,1,0,0,0,0,0,0,0,0,0,0,0,3,0,0,False
2211,microsoft/azure-maven-plugins,0024493e233b5ec16f0f99c14d14be45ba58ba68,com/microsoft/azure/maven/function/handlers/FunctionCoreToolsHandlerImplTest.java,76,7,18,83,0.03,2,7,0,0,0,0,0,6,0,0,0,0,0,0,0,0,3,0,0,7,0,0,False
2212,microsoft/azure-maven-plugins,0024493e233b5ec16f0f99c14d14be45ba58ba68,com/microsoft/azure/maven/function/handlers/MSDeployArtifactHandlerImplTest.java,122,9,21,101,0.03,4,9,0,0,0,0,0,7,0,3,0,0,0,0,0,0,3,0,2,7,0,0,False
2213,microsoft/azure-maven-plugins,0024493e233b5ec16f0f99c14d14be45ba58ba68,com/microsoft/azure/maven/function/utils/CommandUtilsTest.java,12,3,4,9,0.33,4,3,1,0,0,0,0,1,0,0,0,0,0,0,0,0,0,0,0,3,0,0,False
2214,microsoft/azure-maven-plugins,0024493e233b5ec16f0f99c14d14be45ba58ba68,com/microsoft/azure/maven/AbstractAppServiceMojoTest.java,17,2,3,10,0.06,1,1,0,0,0,0,0,0,0,0,0,0,1,0,0,0,0,0,0,1,0,0,False
2215,microsoft/azure-maven-plugins,0024493e233b5ec16f0f99c14d14be45ba58ba68,com/microsoft/azure/maven/AbstractAzureMojoTest.java,113,19,38,59,0.27,30,18,4,0,0,0,0,14,0,0,0,0,0,0,0,0,2,0,1,17,0,0,False
2216,microsoft/azure-maven-plugins,0024493e233b5ec16f0f99c14d14be45ba58ba68,com/microsoft/azure/maven/FTPUploaderTest.java,49,4,11,23,0.04,2,4,0,0,0,0,0,3,0,0,0,0,0,0,0,0,1,0,0,3,0,0,False
2217,microsoft/azure-maven-plugins,0024493e233b5ec16f0f99c14d14be45ba58ba68,com/microsoft/azure/maven/UtilsTest.java,44,4,8,27,0.18,8,4,2,0,0,0,0,1,0,0,0,0,0,0,0,1,1,0,0,3,0,0,False
2218,microsoft/azure-maven-plugins,0024493e233b5ec16f0f99c14d14be45ba58ba68,com/microsoft/azure/maven/artifacthandler/ArtifactHandlerBaseTest.java,51,8,18,40,0.0,0,5,0,0,0,0,0,4,0,0,0,0,0,0,0,0,1,0,0,4,0,0,False
2219,microsoft/azure-maven-plugins,0024493e233b5ec16f0f99c14d14be45ba58ba68,com/microsoft/azure/maven/artifacthandler/FTPArtifactHandlerImplTest.java,96,7,16,75,0.03,3,7,1,0,0,0,0,4,0,0,0,0,0,0,0,1,4,0,0,5,0,0,False
2220,microsoft/azure-maven-plugins,0024493e233b5ec16f0f99c14d14be45ba58ba68,com/microsoft/azure/maven/artifacthandler/ZIPArtifactHandlerImplTest.java,73,7,14,55,0.04,3,7,0,0,0,0,0,3,0,3,0,0,0,0,0,0,1,0,3,5,0,0,False
2221,microsoft/azure-maven-plugins,0024493e233b5ec16f0f99c14d14be45ba58ba68,com/microsoft/azure/maven/webapp/DeployMojoTest.java,147,22,57,104,0.18,26,16,3,0,0,0,0,12,0,0,0,0,0,0,0,0,0,0,0,12,0,0,False
2222,microsoft/azure-maven-plugins,0024493e233b5ec16f0f99c14d14be45ba58ba68,com/microsoft/azure/maven/webapp/handlers/artifact/ArtifactHandlerImplV2Test.java,171,11,30,147,0.02,4,11,1,0,0,0,0,8,0,4,0,0,0,0,0,1,3,0,6,9,0,0,False
2223,microsoft/azure-maven-plugins,0024493e233b5ec16f0f99c14d14be45ba58ba68,com/microsoft/azure/maven/webapp/handlers/artifact/JarArtifactHandlerImplTest.java,70,11,23,54,0.04,3,11,1,0,0,0,2,7,0,3,0,0,0,0,0,1,4,0,4,9,0,0,False
2224,microsoft/azure-maven-plugins,0024493e233b5ec16f0f99c14d14be45ba58ba68,com/microsoft/azure/maven/webapp/handlers/artifact/WarArtifactHandlerImplTest.java,149,12,26,121,0.07,11,12,2,0,0,0,0,8,0,8,0,0,1,0,0,1,2,0,9,10,0,0,False
2225,microsoft/azure-maven-plugins,0024493e233b5ec16f0f99c14d14be45ba58ba68,com/microsoft/azure/maven/webapp/handlers/DeploymentSlotHandlerTest.java,93,9,24,74,0.0,0,9,0,0,0,0,0,8,0,0,0,0,0,0,0,0,4,0,0,8,0,0,False
2226,microsoft/azure-maven-plugins,0024493e233b5ec16f0f99c14d14be45ba58ba68,com/microsoft/azure/maven/webapp/handlers/HandlerFactoryImplTest.java,92,8,21,57,0.15,14,8,3,0,0,0,0,7,0,0,0,0,0,0,0,0,0,0,0,7,0,0,False
2227,microsoft/azure-maven-plugins,0024493e233b5ec16f0f99c14d14be45ba58ba68,com/microsoft/azure/maven/webapp/handlers/SettingsHandlerImplTest.java,24,3,9,17,0.0,0,3,0,0,0,0,0,2,0,0,0,0,0,0,0,0,2,0,0,2,0,0,False
2228,microsoft/azure-maven-plugins,0024493e233b5ec16f0f99c14d14be45ba58ba68,com/microsoft/azure/maven/webapp/handlers/runtime/LinuxRuntimeHandlerImplTest.java,42,5,10,62,0.05,2,5,0,0,0,0,0,2,0,0,0,0,0,0,0,0,0,0,0,2,0,0,False
2229,microsoft/azure-maven-plugins,0024493e233b5ec16f0f99c14d14be45ba58ba68,com/microsoft/azure/maven/webapp/handlers/runtime/NullRuntimeHandlerImplTest.java,22,3,7,5,0.09,2,3,0,0,0,0,0,1,0,0,0,0,0,0,0,0,0,0,0,2,0,0,False
2230,microsoft/azure-maven-plugins,0024493e233b5ec16f0f99c14d14be45ba58ba68,com/microsoft/azure/maven/webapp/handlers/runtime/PrivateDockerHubRuntimeHandlerImplTest.java,57,5,10,82,0.0,0,5,0,0,0,0,0,2,0,0,0,0,0,0,0,0,2,0,0,2,0,0,False
2231,microsoft/azure-maven-plugins,0024493e233b5ec16f0f99c14d14be45ba58ba68,com/microsoft/azure/maven/webapp/handlers/runtime/PrivateRegistryRuntimeHandlerImplTest.java,58,5,10,83,0.0,0,5,0,0,0,0,0,2,0,0,0,0,0,0,0,0,2,0,0,2,0,0,False
2232,microsoft/azure-maven-plugins,0024493e233b5ec16f0f99c14d14be45ba58ba68,com/microsoft/azure/maven/webapp/handlers/runtime/PublicDockerHubRuntimeHandlerImplTest.java,42,5,10,70,0.0,0,5,0,0,0,0,0,2,0,0,0,0,0,0,0,0,2,0,0,2,0,0,False
2233,microsoft/azure-maven-plugins,0024493e233b5ec16f0f99c14d14be45ba58ba68,com/microsoft/azure/maven/webapp/handlers/runtime/WindowsRuntimeHandlerImplTest.java,47,5,10,70,0.04,2,5,0,0,0,0,0,2,0,0,0,0,0,0,0,0,0,0,0,2,0,0,False
2234,microsoft/azure-maven-plugins,0024493e233b5ec16f0f99c14d14be45ba58ba68,com/microsoft/azure/maven/webapp/parser/ConfigurationParserTest.java,138,21,44,39,0.18,25,5,3,0,0,0,0,3,0,0,0,0,0,0,0,0,0,0,0,3,0,0,False
2235,microsoft/azure-maven-plugins,0024493e233b5ec16f0f99c14d14be45ba58ba68,com/microsoft/azure/maven/webapp/parser/V1ConfigurationParserTest.java,122,9,23,56,0.23,28,9,8,0,0,0,0,6,0,0,0,0,0,0,0,0,0,0,0,8,0,0,False
2236,microsoft/azure-maven-plugins,0024493e233b5ec16f0f99c14d14be45ba58ba68,com/microsoft/azure/maven/webapp/parser/V2ConfigurationParserTest.java,146,10,22,68,0.19,28,10,9,0,0,0,0,6,0,0,0,0,0,0,0,1,0,0,0,9,0,0,False
2237,microsoft/azure-maven-plugins,0024493e233b5ec16f0f99c14d14be45ba58ba68,com/microsoft/azure/maven/webapp/utils/RuntimeStackUtilsTest.java,13,2,2,4,0.54,7,2,2,0,0,0,0,0,0,0,0,0,0,0,0,0,0,0,0,2,0,0,False
2238,microsoft/azure-maven-plugins,0024493e233b5ec16f0f99c14d14be45ba58ba68,com/microsoft/azure/maven/webapp/utils/TestUtils.java,32,4,13,11,0.0,0,4,0,0,0,0,0,0,0,0,0,0,0,0,0,0,0,0,0,0,0,0,False
2239,microsoft/azure-maven-plugins,0024493e233b5ec16f0f99c14d14be45ba58ba68,com/microsoft/azure/maven/webapp/WebAppUtilsTest.java,151,8,20,92,0.05,7,8,1,0,0,0,0,7,0,0,0,0,0,0,0,0,0,0,0,8,0,0,False
2240,microsoft/azure-maven-plugins,cf49cf5cab6977b58784c914f003ad462a043513,com/microsoft/azure/maven/function/AddMojoTest.java,44,7,15,24,0.11,5,7,1,0,0,0,0,6,0,1,0,0,0,0,0,0,0,0,2,6,0,0,False
2241,microsoft/azure-maven-plugins,cf49cf5cab6977b58784c914f003ad462a043513,com/microsoft/azure/maven/function/DeployMojoTest.java,166,18,48,154,0.08,13,18,4,0,0,0,0,15,15,0,0,0,0,0,0,0,7,0,0,15,0,0,False
2242,microsoft/azure-maven-plugins,cf49cf5cab6977b58784c914f003ad462a043513,com/microsoft/azure/maven/function/ListMojoTest.java,22,2,6,14,0.05,1,2,0,0,0,0,0,1,0,0,0,0,0,0,0,0,1,0,0,1,0,0,False
2243,microsoft/azure-maven-plugins,cf49cf5cab6977b58784c914f003ad462a043513,com/microsoft/azure/maven/function/PackageMojoTest.java,41,5,13,41,0.1,4,5,1,0,0,0,0,4,0,0,0,0,1,0,0,0,2,0,0,4,0,0,False
2244,microsoft/azure-maven-plugins,cf49cf5cab6977b58784c914f003ad462a043513,com/microsoft/azure/maven/function/RunMojoTest.java,57,8,20,60,0.07,4,8,1,0,0,0,0,7,0,0,0,0,0,0,0,0,1,0,0,7,0,0,False
2245,microsoft/azure-maven-plugins,cf49cf5cab6977b58784c914f003ad462a043513,com/microsoft/azure/maven/function/handlers/AnnotationHandlerImplTest.java,90,7,17,13,0.03,3,7,2,0,0,0,0,2,0,0,0,0,0,0,0,0,0,0,0,2,0,0,False
2246,microsoft/azure-maven-plugins,cf49cf5cab6977b58784c914f003ad462a043513,com/microsoft/azure/maven/function/handlers/CommandHandlerImplTest.java,20,3,4,14,0.15,3,3,1,0,0,0,0,1,0,0,0,0,0,0,0,0,0,0,0,3,0,0,False
2247,microsoft/azure-maven-plugins,cf49cf5cab6977b58784c914f003ad462a043513,com/microsoft/azure/maven/function/handlers/FunctionCoreToolsHandlerImplTest.java,76,7,18,83,0.03,2,7,0,0,0,0,0,6,0,0,0,0,0,0,0,0,3,0,0,7,0,0,False
2248,microsoft/azure-maven-plugins,cf49cf5cab6977b58784c914f003ad462a043513,com/microsoft/azure/maven/function/handlers/MSDeployArtifactHandlerImplTest.java,122,9,21,101,0.03,4,9,0,0,0,0,0,7,0,3,0,0,0,0,0,0,3,0,2,7,0,0,False
2249,microsoft/azure-maven-plugins,cf49cf5cab6977b58784c914f003ad462a043513,com/microsoft/azure/maven/function/utils/CommandUtilsTest.java,12,3,4,9,0.33,4,3,1,0,0,0,0,1,0,0,0,0,0,0,0,0,0,0,0,3,0,0,False
2250,microsoft/azure-maven-plugins,cf49cf5cab6977b58784c914f003ad462a043513,com/microsoft/azure/maven/AbstractAppServiceMojoTest.java,17,2,3,10,0.06,1,1,0,0,0,0,0,0,0,0,0,0,1,0,0,0,0,0,0,1,0,0,False
2251,microsoft/azure-maven-plugins,cf49cf5cab6977b58784c914f003ad462a043513,com/microsoft/azure/maven/AbstractAzureMojoTest.java,113,19,38,59,0.27,30,18,4,0,0,0,0,14,0,0,0,0,0,0,0,0,2,0,1,17,0,0,False
2252,microsoft/azure-maven-plugins,cf49cf5cab6977b58784c914f003ad462a043513,com/microsoft/azure/maven/FTPUploaderTest.java,49,4,11,23,0.04,2,4,0,0,0,0,0,3,0,0,0,0,0,0,0,0,1,0,0,3,0,0,False
2253,microsoft/azure-maven-plugins,cf49cf5cab6977b58784c914f003ad462a043513,com/microsoft/azure/maven/UtilsTest.java,44,4,8,27,0.18,8,4,2,0,0,0,0,1,0,0,0,0,0,0,0,1,1,0,0,3,0,0,False
2254,microsoft/azure-maven-plugins,cf49cf5cab6977b58784c914f003ad462a043513,com/microsoft/azure/maven/artifacthandler/ArtifactHandlerBaseTest.java,51,8,18,40,0.0,0,5,0,0,0,0,0,4,0,0,0,0,0,0,0,0,1,0,0,4,0,0,False
2255,microsoft/azure-maven-plugins,cf49cf5cab6977b58784c914f003ad462a043513,com/microsoft/azure/maven/artifacthandler/FTPArtifactHandlerImplTest.java,96,7,16,75,0.03,3,7,1,0,0,0,0,4,0,0,0,0,0,0,0,1,4,0,0,5,0,0,False
2256,microsoft/azure-maven-plugins,cf49cf5cab6977b58784c914f003ad462a043513,com/microsoft/azure/maven/artifacthandler/ZIPArtifactHandlerImplTest.java,73,7,14,55,0.04,3,7,0,0,0,0,0,3,0,3,0,0,0,0,0,0,1,0,3,5,0,0,False
2257,microsoft/azure-maven-plugins,cf49cf5cab6977b58784c914f003ad462a043513,com/microsoft/azure/maven/auth/AzureAuthHelperTest.java,196,13,27,123,0.16,31,13,5,0,0,0,0,4,0,0,0,0,0,0,0,3,1,0,0,12,0,0,False
2258,microsoft/azure-maven-plugins,cf49cf5cab6977b58784c914f003ad462a043513,com/microsoft/azure/maven/utils/JsonUtilsTest.java,42,2,4,9,0.17,7,2,1,0,0,0,0,1,0,0,0,0,0,0,0,1,0,0,0,2,0,0,False
2259,microsoft/azure-maven-plugins,cf49cf5cab6977b58784c914f003ad462a043513,com/microsoft/azure/maven/webapp/DeployMojoTest.java,147,22,57,104,0.18,26,16,3,0,0,0,0,12,0,0,0,0,0,0,0,0,0,0,0,12,0,0,False
2260,microsoft/azure-maven-plugins,cf49cf5cab6977b58784c914f003ad462a043513,com/microsoft/azure/maven/webapp/handlers/artifact/ArtifactHandlerImplV2Test.java,147,10,28,122,0.0,0,10,0,0,0,0,0,8,0,4,0,0,0,0,0,0,3,0,6,8,0,0,False
2261,microsoft/azure-maven-plugins,cf49cf5cab6977b58784c914f003ad462a043513,com/microsoft/azure/maven/webapp/handlers/artifact/JarArtifactHandlerImplTest.java,70,11,23,54,0.04,3,11,1,0,0,0,2,7,0,3,0,0,0,0,0,1,4,0,4,9,0,0,False
2262,microsoft/azure-maven-plugins,cf49cf5cab6977b58784c914f003ad462a043513,com/microsoft/azure/maven/webapp/handlers/artifact/WarArtifactHandlerImplTest.java,149,12,26,121,0.07,11,12,2,0,0,0,0,8,0,8,0,0,1,0,0,1,2,0,9,10,0,0,False
2263,microsoft/azure-maven-plugins,cf49cf5cab6977b58784c914f003ad462a043513,com/microsoft/azure/maven/webapp/handlers/DeploymentSlotHandlerTest.java,93,9,24,74,0.0,0,9,0,0,0,0,0,8,0,0,0,0,0,0,0,0,4,0,0,8,0,0,False
2264,microsoft/azure-maven-plugins,cf49cf5cab6977b58784c914f003ad462a043513,com/microsoft/azure/maven/webapp/handlers/HandlerFactoryImplTest.java,92,8,21,57,0.15,14,8,3,0,0,0,0,7,0,0,0,0,0,0,0,0,0,0,0,7,0,0,False
2265,microsoft/azure-maven-plugins,cf49cf5cab6977b58784c914f003ad462a043513,com/microsoft/azure/maven/webapp/handlers/SettingsHandlerImplTest.java,24,3,9,17,0.0,0,3,0,0,0,0,0,2,0,0,0,0,0,0,0,0,2,0,0,2,0,0,False
2266,microsoft/azure-maven-plugins,cf49cf5cab6977b58784c914f003ad462a043513,com/microsoft/azure/maven/webapp/handlers/runtime/LinuxRuntimeHandlerImplTest.java,42,5,10,62,0.05,2,5,0,0,0,0,0,2,0,0,0,0,0,0,0,0,0,0,0,2,0,0,False
2267,microsoft/azure-maven-plugins,cf49cf5cab6977b58784c914f003ad462a043513,com/microsoft/azure/maven/webapp/handlers/runtime/NullRuntimeHandlerImplTest.java,22,3,7,5,0.09,2,3,0,0,0,0,0,1,0,0,0,0,0,0,0,0,0,0,0,2,0,0,False
2268,microsoft/azure-maven-plugins,cf49cf5cab6977b58784c914f003ad462a043513,com/microsoft/azure/maven/webapp/handlers/runtime/PrivateDockerHubRuntimeHandlerImplTest.java,57,5,10,82,0.0,0,5,0,0,0,0,0,2,0,0,0,0,0,0,0,0,2,0,0,2,0,0,False
2269,microsoft/azure-maven-plugins,cf49cf5cab6977b58784c914f003ad462a043513,com/microsoft/azure/maven/webapp/handlers/runtime/PrivateRegistryRuntimeHandlerImplTest.java,58,5,10,83,0.0,0,5,0,0,0,0,0,2,0,0,0,0,0,0,0,0,2,0,0,2,0,0,False
2270,microsoft/azure-maven-plugins,cf49cf5cab6977b58784c914f003ad462a043513,com/microsoft/azure/maven/webapp/handlers/runtime/PublicDockerHubRuntimeHandlerImplTest.java,42,5,10,70,0.0,0,5,0,0,0,0,0,2,0,0,0,0,0,0,0,0,2,0,0,2,0,0,False
2271,microsoft/azure-maven-plugins,cf49cf5cab6977b58784c914f003ad462a043513,com/microsoft/azure/maven/webapp/handlers/runtime/WindowsRuntimeHandlerImplTest.java,47,5,10,70,0.04,2,5,0,0,0,0,0,2,0,0,0,0,0,0,0,0,0,0,0,2,0,0,False
2272,microsoft/azure-maven-plugins,cf49cf5cab6977b58784c914f003ad462a043513,com/microsoft/azure/maven/webapp/parser/ConfigurationParserTest.java,138,21,44,39,0.18,25,5,3,0,0,0,0,3,0,0,0,0,0,0,0,0,0,0,0,3,0,0,False
2273,microsoft/azure-maven-plugins,cf49cf5cab6977b58784c914f003ad462a043513,com/microsoft/azure/maven/webapp/parser/V1ConfigurationParserTest.java,122,9,23,56,0.23,28,9,8,0,0,0,0,6,0,0,0,0,0,0,0,0,0,0,0,8,0,0,False
2274,microsoft/azure-maven-plugins,cf49cf5cab6977b58784c914f003ad462a043513,com/microsoft/azure/maven/webapp/parser/V2ConfigurationParserTest.java,146,10,22,68,0.19,28,10,9,0,0,0,0,6,0,0,0,0,0,0,0,1,0,0,0,9,0,0,False
2275,microsoft/azure-maven-plugins,cf49cf5cab6977b58784c914f003ad462a043513,com/microsoft/azure/maven/webapp/utils/RuntimeStackUtilsTest.java,13,2,2,4,0.54,7,2,2,0,0,0,0,0,0,0,0,0,0,0,0,0,0,0,0,2,0,0,False
2276,microsoft/azure-maven-plugins,cf49cf5cab6977b58784c914f003ad462a043513,com/microsoft/azure/maven/webapp/WebAppUtilsTest.java,151,8,20,92,0.05,7,8,1,0,0,0,0,7,0,0,0,0,0,0,0,0,0,0,0,8,0,0,False
2277,microsoft/azure-maven-plugins,0d0ddd8e6731670686215de0b22d2900ec1bba92,com/microsoft/azure/maven/function/AddMojoTest.java,44,7,15,24,0.11,5,7,1,0,0,0,0,6,0,1,0,0,0,0,0,0,0,0,2,6,0,0,False
2278,microsoft/azure-maven-plugins,0d0ddd8e6731670686215de0b22d2900ec1bba92,com/microsoft/azure/maven/function/DeployMojoTest.java,167,18,48,154,0.08,13,18,4,0,0,0,0,15,15,0,0,0,0,0,0,0,7,0,0,15,0,0,False
2279,microsoft/azure-maven-plugins,0d0ddd8e6731670686215de0b22d2900ec1bba92,com/microsoft/azure/maven/function/ListMojoTest.java,22,2,6,14,0.05,1,2,0,0,0,0,0,1,0,0,0,0,0,0,0,0,1,0,0,1,0,0,False
2280,microsoft/azure-maven-plugins,0d0ddd8e6731670686215de0b22d2900ec1bba92,com/microsoft/azure/maven/function/PackageMojoTest.java,41,5,13,41,0.1,4,5,1,0,0,0,0,4,0,0,0,0,1,0,0,0,2,0,0,4,0,0,False
2281,microsoft/azure-maven-plugins,0d0ddd8e6731670686215de0b22d2900ec1bba92,com/microsoft/azure/maven/function/RunMojoTest.java,57,8,20,60,0.07,4,8,1,0,0,0,0,7,0,0,0,0,0,0,0,0,1,0,0,7,0,0,False
2282,microsoft/azure-maven-plugins,0d0ddd8e6731670686215de0b22d2900ec1bba92,com/microsoft/azure/maven/function/handlers/AnnotationHandlerImplTest.java,90,7,17,13,0.03,3,7,2,0,0,0,0,2,0,0,0,0,0,0,0,0,0,0,0,2,0,0,False
2283,microsoft/azure-maven-plugins,0d0ddd8e6731670686215de0b22d2900ec1bba92,com/microsoft/azure/maven/function/handlers/CommandHandlerImplTest.java,20,3,4,14,0.15,3,3,1,0,0,0,0,1,0,0,0,0,0,0,0,0,0,0,0,3,0,0,False
2284,microsoft/azure-maven-plugins,0d0ddd8e6731670686215de0b22d2900ec1bba92,com/microsoft/azure/maven/function/handlers/FunctionCoreToolsHandlerImplTest.java,76,7,18,83,0.03,2,7,0,0,0,0,0,6,0,0,0,0,0,0,0,0,3,0,0,7,0,0,False
2285,microsoft/azure-maven-plugins,0d0ddd8e6731670686215de0b22d2900ec1bba92,com/microsoft/azure/maven/function/handlers/MSDeployArtifactHandlerImplTest.java,122,9,21,101,0.03,4,9,0,0,0,0,0,7,0,3,0,0,0,0,0,0,3,0,2,7,0,0,False
2286,microsoft/azure-maven-plugins,0d0ddd8e6731670686215de0b22d2900ec1bba92,com/microsoft/azure/maven/function/utils/CommandUtilsTest.java,12,3,4,9,0.33,4,3,1,0,0,0,0,1,0,0,0,0,0,0,0,0,0,0,0,3,0,0,False
2287,microsoft/azure-maven-plugins,0d0ddd8e6731670686215de0b22d2900ec1bba92,com/microsoft/azure/maven/AbstractAppServiceMojoTest.java,17,2,3,10,0.06,1,1,0,0,0,0,0,0,0,0,0,0,1,0,0,0,0,0,0,1,0,0,False
2288,microsoft/azure-maven-plugins,0d0ddd8e6731670686215de0b22d2900ec1bba92,com/microsoft/azure/maven/AbstractAzureMojoTest.java,113,19,38,59,0.27,30,18,4,0,0,0,0,14,0,0,0,0,0,0,0,0,2,0,1,17,0,0,False
2289,microsoft/azure-maven-plugins,0d0ddd8e6731670686215de0b22d2900ec1bba92,com/microsoft/azure/maven/FTPUploaderTest.java,49,4,11,23,0.04,2,4,0,0,0,0,0,3,0,0,0,0,0,0,0,0,1,0,0,3,0,0,False
2290,microsoft/azure-maven-plugins,0d0ddd8e6731670686215de0b22d2900ec1bba92,com/microsoft/azure/maven/UtilsTest.java,44,4,8,27,0.18,8,4,2,0,0,0,0,1,0,0,0,0,0,0,0,1,1,0,0,3,0,0,False
2291,microsoft/azure-maven-plugins,0d0ddd8e6731670686215de0b22d2900ec1bba92,com/microsoft/azure/maven/artifacthandler/ArtifactHandlerBaseTest.java,51,8,18,40,0.0,0,5,0,0,0,0,0,4,0,0,0,0,0,0,0,0,1,0,0,4,0,0,False
2292,microsoft/azure-maven-plugins,0d0ddd8e6731670686215de0b22d2900ec1bba92,com/microsoft/azure/maven/artifacthandler/FTPArtifactHandlerImplTest.java,96,7,16,75,0.03,3,7,1,0,0,0,0,4,0,0,0,0,0,0,0,1,4,0,0,5,0,0,False
2293,microsoft/azure-maven-plugins,0d0ddd8e6731670686215de0b22d2900ec1bba92,com/microsoft/azure/maven/artifacthandler/ZIPArtifactHandlerImplTest.java,73,7,14,55,0.04,3,7,0,0,0,0,0,3,0,3,0,0,0,0,0,0,1,0,3,5,0,0,False
2294,microsoft/azure-maven-plugins,0d0ddd8e6731670686215de0b22d2900ec1bba92,com/microsoft/azure/maven/auth/AzureAuthHelperTest.java,196,13,27,123,0.16,31,13,5,0,0,0,0,4,0,0,0,0,0,0,0,3,1,0,0,12,0,0,False
2295,microsoft/azure-maven-plugins,0d0ddd8e6731670686215de0b22d2900ec1bba92,com/microsoft/azure/maven/webapp/DeployMojoTest.java,147,22,57,104,0.18,26,16,3,0,0,0,0,12,0,0,0,0,0,0,0,0,0,0,0,12,0,0,False
2296,microsoft/azure-maven-plugins,0d0ddd8e6731670686215de0b22d2900ec1bba92,com/microsoft/azure/maven/webapp/handlers/artifact/ArtifactHandlerImplV2Test.java,147,10,28,122,0.0,0,10,0,0,0,0,0,8,0,4,0,0,0,0,0,0,3,0,6,8,0,0,False
2297,microsoft/azure-maven-plugins,0d0ddd8e6731670686215de0b22d2900ec1bba92,com/microsoft/azure/maven/webapp/handlers/artifact/JarArtifactHandlerImplTest.java,70,11,23,54,0.04,3,11,1,0,0,0,2,7,0,3,0,0,0,0,0,1,4,0,4,9,0,0,False
2298,microsoft/azure-maven-plugins,0d0ddd8e6731670686215de0b22d2900ec1bba92,com/microsoft/azure/maven/webapp/handlers/artifact/WarArtifactHandlerImplTest.java,149,12,26,121,0.07,11,12,2,0,0,0,0,8,0,8,0,0,1,0,0,1,2,0,9,10,0,0,False
2299,microsoft/azure-maven-plugins,0d0ddd8e6731670686215de0b22d2900ec1bba92,com/microsoft/azure/maven/webapp/handlers/DeploymentSlotHandlerTest.java,93,9,24,74,0.0,0,9,0,0,0,0,0,8,0,0,0,0,0,0,0,0,4,0,0,8,0,0,False
2300,microsoft/azure-maven-plugins,0d0ddd8e6731670686215de0b22d2900ec1bba92,com/microsoft/azure/maven/webapp/handlers/HandlerFactoryImplTest.java,92,8,21,57,0.15,14,8,3,0,0,0,0,7,0,0,0,0,0,0,0,0,0,0,0,7,0,0,False
2301,microsoft/azure-maven-plugins,0d0ddd8e6731670686215de0b22d2900ec1bba92,com/microsoft/azure/maven/webapp/handlers/SettingsHandlerImplTest.java,24,3,9,17,0.0,0,3,0,0,0,0,0,2,0,0,0,0,0,0,0,0,2,0,0,2,0,0,False
2302,microsoft/azure-maven-plugins,0d0ddd8e6731670686215de0b22d2900ec1bba92,com/microsoft/azure/maven/webapp/handlers/runtime/LinuxRuntimeHandlerImplTest.java,42,5,10,62,0.05,2,5,0,0,0,0,0,2,0,0,0,0,0,0,0,0,0,0,0,2,0,0,False
2303,microsoft/azure-maven-plugins,0d0ddd8e6731670686215de0b22d2900ec1bba92,com/microsoft/azure/maven/webapp/handlers/runtime/NullRuntimeHandlerImplTest.java,22,3,7,5,0.09,2,3,0,0,0,0,0,1,0,0,0,0,0,0,0,0,0,0,0,2,0,0,False
2304,microsoft/azure-maven-plugins,0d0ddd8e6731670686215de0b22d2900ec1bba92,com/microsoft/azure/maven/webapp/handlers/runtime/PrivateDockerHubRuntimeHandlerImplTest.java,57,5,10,82,0.0,0,5,0,0,0,0,0,2,0,0,0,0,0,0,0,0,2,0,0,2,0,0,False
2305,microsoft/azure-maven-plugins,0d0ddd8e6731670686215de0b22d2900ec1bba92,com/microsoft/azure/maven/webapp/handlers/runtime/PrivateRegistryRuntimeHandlerImplTest.java,58,5,10,83,0.0,0,5,0,0,0,0,0,2,0,0,0,0,0,0,0,0,2,0,0,2,0,0,False
2306,microsoft/azure-maven-plugins,0d0ddd8e6731670686215de0b22d2900ec1bba92,com/microsoft/azure/maven/webapp/handlers/runtime/PublicDockerHubRuntimeHandlerImplTest.java,42,5,10,70,0.0,0,5,0,0,0,0,0,2,0,0,0,0,0,0,0,0,2,0,0,2,0,0,False
2307,microsoft/azure-maven-plugins,0d0ddd8e6731670686215de0b22d2900ec1bba92,com/microsoft/azure/maven/webapp/handlers/runtime/WindowsRuntimeHandlerImplTest.java,47,5,10,70,0.04,2,5,0,0,0,0,0,2,0,0,0,0,0,0,0,0,0,0,0,2,0,0,False
2308,microsoft/azure-maven-plugins,0d0ddd8e6731670686215de0b22d2900ec1bba92,com/microsoft/azure/maven/webapp/parser/ConfigurationParserTest.java,138,21,44,39,0.18,25,5,3,0,0,0,0,3,0,0,0,0,0,0,0,0,0,0,0,3,0,0,False
2309,microsoft/azure-maven-plugins,0d0ddd8e6731670686215de0b22d2900ec1bba92,com/microsoft/azure/maven/webapp/parser/V1ConfigurationParserTest.java,122,9,23,56,0.23,28,9,8,0,0,0,0,6,0,0,0,0,0,0,0,0,0,0,0,8,0,0,False
2310,microsoft/azure-maven-plugins,0d0ddd8e6731670686215de0b22d2900ec1bba92,com/microsoft/azure/maven/webapp/parser/V2ConfigurationParserTest.java,146,10,22,68,0.19,28,10,9,0,0,0,0,6,0,0,0,0,0,0,0,1,0,0,0,9,0,0,False
2311,microsoft/azure-maven-plugins,0d0ddd8e6731670686215de0b22d2900ec1bba92,com/microsoft/azure/maven/webapp/utils/RuntimeStackUtilsTest.java,13,2,2,4,0.54,7,2,2,0,0,0,0,0,0,0,0,0,0,0,0,0,0,0,0,2,0,0,False
2312,microsoft/azure-maven-plugins,0d0ddd8e6731670686215de0b22d2900ec1bba92,com/microsoft/azure/maven/webapp/WebAppUtilsTest.java,151,8,20,92,0.05,7,8,1,0,0,0,0,7,0,0,0,0,0,0,0,0,0,0,0,8,0,0,False
2313,microsoft/azure-maven-plugins,2f35bae4591c69218ba44b80636a222362dde9ce,com/microsoft/azure/maven/function/AddMojoTest.java,44,7,15,24,0.11,5,7,1,0,0,0,0,6,0,1,0,0,0,0,0,0,0,0,2,6,0,0,False
2314,microsoft/azure-maven-plugins,2f35bae4591c69218ba44b80636a222362dde9ce,com/microsoft/azure/maven/function/DeployMojoTest.java,167,18,48,154,0.08,13,18,4,0,0,0,0,15,15,0,0,0,0,0,0,0,7,0,0,15,0,0,False
2315,microsoft/azure-maven-plugins,2f35bae4591c69218ba44b80636a222362dde9ce,com/microsoft/azure/maven/function/ListMojoTest.java,22,2,6,14,0.05,1,2,0,0,0,0,0,1,0,0,0,0,0,0,0,0,1,0,0,1,0,0,False
2316,microsoft/azure-maven-plugins,2f35bae4591c69218ba44b80636a222362dde9ce,com/microsoft/azure/maven/function/PackageMojoTest.java,40,5,14,39,0.1,4,5,1,0,0,0,0,4,0,0,0,0,1,0,0,0,2,0,0,4,0,0,False
2317,microsoft/azure-maven-plugins,2f35bae4591c69218ba44b80636a222362dde9ce,com/microsoft/azure/maven/function/RunMojoTest.java,57,8,20,60,0.07,4,8,1,0,0,0,0,7,0,0,0,0,0,0,0,0,1,0,0,7,0,0,False
2318,microsoft/azure-maven-plugins,2f35bae4591c69218ba44b80636a222362dde9ce,com/microsoft/azure/maven/function/handlers/AnnotationHandlerImplTest.java,90,7,17,13,0.03,3,7,2,0,0,0,0,2,0,0,0,0,0,0,0,0,0,0,0,2,0,0,False
2319,microsoft/azure-maven-plugins,2f35bae4591c69218ba44b80636a222362dde9ce,com/microsoft/azure/maven/function/handlers/CommandHandlerImplTest.java,20,3,4,14,0.15,3,3,1,0,0,0,0,1,0,0,0,0,0,0,0,0,0,0,0,3,0,0,False
2320,microsoft/azure-maven-plugins,2f35bae4591c69218ba44b80636a222362dde9ce,com/microsoft/azure/maven/function/handlers/FunctionCoreToolsHandlerImplTest.java,76,7,18,83,0.03,2,7,0,0,0,0,0,6,0,0,0,0,0,0,0,0,3,0,0,7,0,0,False
2321,microsoft/azure-maven-plugins,2f35bae4591c69218ba44b80636a222362dde9ce,com/microsoft/azure/maven/function/handlers/MSDeployArtifactHandlerImplTest.java,122,9,21,101,0.03,4,9,0,0,0,0,0,7,0,3,0,0,0,0,0,0,3,0,2,7,0,0,False
2322,microsoft/azure-maven-plugins,2f35bae4591c69218ba44b80636a222362dde9ce,com/microsoft/azure/maven/function/utils/CommandUtilsTest.java,12,3,4,9,0.33,4,3,1,0,0,0,0,1,0,0,0,0,0,0,0,0,0,0,0,3,0,0,False
2323,microsoft/azure-maven-plugins,2f35bae4591c69218ba44b80636a222362dde9ce,com/microsoft/azure/maven/AbstractAppServiceMojoTest.java,17,2,3,10,0.06,1,1,0,0,0,0,0,0,0,0,0,0,1,0,0,0,0,0,0,1,0,0,False
2324,microsoft/azure-maven-plugins,2f35bae4591c69218ba44b80636a222362dde9ce,com/microsoft/azure/maven/AbstractAzureMojoTest.java,113,19,38,59,0.27,30,18,4,0,0,0,0,14,0,0,0,0,0,0,0,0,2,0,1,17,0,0,False
2325,microsoft/azure-maven-plugins,2f35bae4591c69218ba44b80636a222362dde9ce,com/microsoft/azure/maven/FTPUploaderTest.java,49,4,11,23,0.04,2,4,0,0,0,0,0,3,0,0,0,0,0,0,0,0,1,0,0,3,0,0,False
2326,microsoft/azure-maven-plugins,2f35bae4591c69218ba44b80636a222362dde9ce,com/microsoft/azure/maven/UtilsTest.java,44,4,8,27,0.18,8,4,2,0,0,0,0,1,0,0,0,0,0,0,0,1,1,0,0,3,0,0,False
2327,microsoft/azure-maven-plugins,2f35bae4591c69218ba44b80636a222362dde9ce,com/microsoft/azure/maven/artifacthandler/ArtifactHandlerBaseTest.java,51,8,18,40,0.0,0,5,0,0,0,0,0,4,0,0,0,0,0,0,0,0,1,0,0,4,0,0,False
2328,microsoft/azure-maven-plugins,2f35bae4591c69218ba44b80636a222362dde9ce,com/microsoft/azure/maven/artifacthandler/FTPArtifactHandlerImplTest.java,96,7,16,75,0.03,3,7,1,0,0,0,0,4,0,0,0,0,0,0,0,1,4,0,0,5,0,0,False
2329,microsoft/azure-maven-plugins,2f35bae4591c69218ba44b80636a222362dde9ce,com/microsoft/azure/maven/artifacthandler/ZIPArtifactHandlerImplTest.java,73,7,14,55,0.04,3,7,0,0,0,0,0,3,0,3,0,0,0,0,0,0,1,0,3,5,0,0,False
2330,microsoft/azure-maven-plugins,2f35bae4591c69218ba44b80636a222362dde9ce,com/microsoft/azure/maven/auth/AzureAuthHelperTest.java,183,12,24,110,0.17,31,12,5,0,0,0,0,3,0,0,0,0,0,0,0,3,0,0,0,11,0,0,False
2331,microsoft/azure-maven-plugins,2f35bae4591c69218ba44b80636a222362dde9ce,com/microsoft/azure/maven/webapp/DeployMojoTest.java,147,22,57,102,0.18,26,16,3,0,0,0,0,12,0,0,0,0,0,0,0,0,0,0,0,12,0,0,False
2332,microsoft/azure-maven-plugins,2f35bae4591c69218ba44b80636a222362dde9ce,com/microsoft/azure/maven/webapp/handlers/ArtifactHandlerImplV2Test.java,147,10,28,122,0.0,0,10,0,0,0,0,0,8,0,4,0,0,0,0,0,0,3,0,6,8,0,0,False
2333,microsoft/azure-maven-plugins,2f35bae4591c69218ba44b80636a222362dde9ce,com/microsoft/azure/maven/webapp/handlers/DeploymentSlotHandlerTest.java,93,9,24,74,0.0,0,9,0,0,0,0,0,8,0,0,0,0,0,0,0,0,4,0,0,8,0,0,False
2334,microsoft/azure-maven-plugins,2f35bae4591c69218ba44b80636a222362dde9ce,com/microsoft/azure/maven/webapp/handlers/HandlerFactoryImplTest.java,92,8,21,57,0.15,14,8,3,0,0,0,0,7,0,0,0,0,0,0,0,0,0,0,0,7,0,0,False
2335,microsoft/azure-maven-plugins,2f35bae4591c69218ba44b80636a222362dde9ce,com/microsoft/azure/maven/webapp/handlers/JarArtifactHandlerImplTest.java,70,11,23,54,0.04,3,11,1,0,0,0,2,7,0,3,0,0,0,0,0,1,4,0,4,9,0,0,False
2336,microsoft/azure-maven-plugins,2f35bae4591c69218ba44b80636a222362dde9ce,com/microsoft/azure/maven/webapp/handlers/LinuxRuntimeHandlerImplTest.java,42,5,10,62,0.05,2,5,0,0,0,0,0,2,0,0,0,0,0,0,0,0,0,0,0,2,0,0,False
2337,microsoft/azure-maven-plugins,2f35bae4591c69218ba44b80636a222362dde9ce,com/microsoft/azure/maven/webapp/handlers/NullRuntimeHandlerImplTest.java,22,3,7,5,0.09,2,3,0,0,0,0,0,1,0,0,0,0,0,0,0,0,0,0,0,2,0,0,False
2338,microsoft/azure-maven-plugins,2f35bae4591c69218ba44b80636a222362dde9ce,com/microsoft/azure/maven/webapp/handlers/PrivateDockerHubRuntimeHandlerImplTest.java,57,5,10,82,0.0,0,5,0,0,0,0,0,2,0,0,0,0,0,0,0,0,2,0,0,2,0,0,False
2339,microsoft/azure-maven-plugins,2f35bae4591c69218ba44b80636a222362dde9ce,com/microsoft/azure/maven/webapp/handlers/PrivateRegistryRuntimeHandlerImplTest.java,58,5,10,83,0.0,0,5,0,0,0,0,0,2,0,0,0,0,0,0,0,0,2,0,0,2,0,0,False
2340,microsoft/azure-maven-plugins,2f35bae4591c69218ba44b80636a222362dde9ce,com/microsoft/azure/maven/webapp/handlers/PublicDockerHubRuntimeHandlerImplTest.java,42,5,10,70,0.0,0,5,0,0,0,0,0,2,0,0,0,0,0,0,0,0,2,0,0,2,0,0,False
2341,microsoft/azure-maven-plugins,2f35bae4591c69218ba44b80636a222362dde9ce,com/microsoft/azure/maven/webapp/handlers/SettingsHandlerImplTest.java,24,3,9,17,0.0,0,3,0,0,0,0,0,2,0,0,0,0,0,0,0,0,2,0,0,2,0,0,False
2342,microsoft/azure-maven-plugins,2f35bae4591c69218ba44b80636a222362dde9ce,com/microsoft/azure/maven/webapp/handlers/WarArtifactHandlerImplTest.java,149,12,26,121,0.07,11,12,2,0,0,0,0,8,0,8,0,0,1,0,0,1,2,0,9,10,0,0,False
2343,microsoft/azure-maven-plugins,2f35bae4591c69218ba44b80636a222362dde9ce,com/microsoft/azure/maven/webapp/handlers/WindowsRuntimeHandlerImplTest.java,47,5,10,70,0.04,2,5,0,0,0,0,0,2,0,0,0,0,0,0,0,0,0,0,0,2,0,0,False
2344,microsoft/azure-maven-plugins,2f35bae4591c69218ba44b80636a222362dde9ce,com/microsoft/azure/maven/webapp/parser/ConfigurationParserTest.java,118,15,32,39,0.21,25,5,3,0,0,0,0,3,0,0,0,0,0,0,0,0,0,0,0,3,0,0,False
2345,microsoft/azure-maven-plugins,2f35bae4591c69218ba44b80636a222362dde9ce,com/microsoft/azure/maven/webapp/parser/V1ConfigurationParserTest.java,122,9,23,56,0.23,28,9,8,0,0,0,0,6,0,0,0,0,0,0,0,0,0,0,0,8,0,0,False
2346,microsoft/azure-maven-plugins,2f35bae4591c69218ba44b80636a222362dde9ce,com/microsoft/azure/maven/webapp/parser/V2ConfigurationParserTest.java,146,10,22,68,0.19,28,10,9,0,0,0,0,6,0,0,0,0,0,0,0,1,0,0,0,9,0,0,False
2347,microsoft/azure-maven-plugins,2f35bae4591c69218ba44b80636a222362dde9ce,com/microsoft/azure/maven/webapp/utils/RuntimeStackUtilsTest.java,13,2,2,4,0.54,7,2,2,0,0,0,0,0,0,0,0,0,0,0,0,0,0,0,0,2,0,0,False
2348,microsoft/azure-maven-plugins,2f35bae4591c69218ba44b80636a222362dde9ce,com/microsoft/azure/maven/webapp/WebAppUtilsTest.java,151,8,20,92,0.05,7,8,1,0,0,0,0,7,0,0,0,0,0,0,0,0,0,0,0,8,0,0,False
2349,microsoft/azure-maven-plugins,acc92307975efe1040b97d2a137288c25609d696,com/microsoft/azure/maven/function/AddMojoTest.java,44,7,15,24,0.11,5,7,1,0,0,0,0,6,0,1,0,0,0,0,0,0,0,0,2,6,0,0,False
2350,microsoft/azure-maven-plugins,acc92307975efe1040b97d2a137288c25609d696,com/microsoft/azure/maven/function/DeployMojoTest.java,159,18,48,149,0.08,13,18,4,0,0,0,0,15,15,0,0,0,0,0,0,0,7,0,0,15,0,0,False
2351,microsoft/azure-maven-plugins,acc92307975efe1040b97d2a137288c25609d696,com/microsoft/azure/maven/function/ListMojoTest.java,22,2,6,14,0.05,1,2,0,0,0,0,0,1,0,0,0,0,0,0,0,0,1,0,0,1,0,0,False
2352,microsoft/azure-maven-plugins,acc92307975efe1040b97d2a137288c25609d696,com/microsoft/azure/maven/function/PackageMojoTest.java,40,5,14,39,0.1,4,5,1,0,0,0,0,4,0,0,0,0,1,0,0,0,2,0,0,4,0,0,False
2353,microsoft/azure-maven-plugins,acc92307975efe1040b97d2a137288c25609d696,com/microsoft/azure/maven/function/RunMojoTest.java,57,8,20,60,0.07,4,8,1,0,0,0,0,7,0,0,0,0,0,0,0,0,1,0,0,7,0,0,False
2354,microsoft/azure-maven-plugins,acc92307975efe1040b97d2a137288c25609d696,com/microsoft/azure/maven/function/handlers/AnnotationHandlerImplTest.java,76,7,17,13,0.04,3,7,1,0,0,0,0,2,0,0,0,0,0,0,0,0,0,0,0,2,0,0,False
2355,microsoft/azure-maven-plugins,acc92307975efe1040b97d2a137288c25609d696,com/microsoft/azure/maven/function/handlers/CommandHandlerImplTest.java,20,3,4,14,0.15,3,3,1,0,0,0,0,1,0,0,0,0,0,0,0,0,0,0,0,3,0,0,False
2356,microsoft/azure-maven-plugins,acc92307975efe1040b97d2a137288c25609d696,com/microsoft/azure/maven/function/handlers/FunctionCoreToolsHandlerImplTest.java,76,7,18,83,0.03,2,7,0,0,0,0,0,6,0,0,0,0,0,0,0,0,3,0,0,7,0,0,False
2357,microsoft/azure-maven-plugins,acc92307975efe1040b97d2a137288c25609d696,com/microsoft/azure/maven/function/handlers/MSDeployArtifactHandlerImplTest.java,122,9,21,101,0.03,4,9,0,0,0,0,0,7,0,3,0,0,0,0,0,0,3,0,2,7,0,0,False
2358,microsoft/azure-maven-plugins,acc92307975efe1040b97d2a137288c25609d696,com/microsoft/azure/maven/function/utils/CommandUtilsTest.java,12,3,4,9,0.33,4,3,1,0,0,0,0,1,0,0,0,0,0,0,0,0,0,0,0,3,0,0,False
2359,microsoft/azure-maven-plugins,acc92307975efe1040b97d2a137288c25609d696,com/microsoft/azure/maven/AbstractAppServiceMojoTest.java,17,2,3,10,0.06,1,1,0,0,0,0,0,0,0,0,0,0,1,0,0,0,0,0,0,1,0,0,False
2360,microsoft/azure-maven-plugins,acc92307975efe1040b97d2a137288c25609d696,com/microsoft/azure/maven/AbstractAzureMojoTest.java,113,19,38,59,0.27,30,18,4,0,0,0,0,14,0,0,0,0,0,0,0,0,2,0,1,17,0,0,False
2361,microsoft/azure-maven-plugins,acc92307975efe1040b97d2a137288c25609d696,com/microsoft/azure/maven/FTPUploaderTest.java,49,4,11,23,0.04,2,4,0,0,0,0,0,3,0,0,0,0,0,0,0,0,1,0,0,3,0,0,False
2362,microsoft/azure-maven-plugins,acc92307975efe1040b97d2a137288c25609d696,com/microsoft/azure/maven/UtilsTest.java,44,4,8,27,0.18,8,4,2,0,0,0,0,1,0,0,0,0,0,0,0,1,1,0,0,3,0,0,False
2363,microsoft/azure-maven-plugins,acc92307975efe1040b97d2a137288c25609d696,com/microsoft/azure/maven/artifacthandler/ArtifactHandlerBaseTest.java,51,8,18,40,0.0,0,5,0,0,0,0,0,4,0,0,0,0,0,0,0,0,1,0,0,4,0,0,False
2364,microsoft/azure-maven-plugins,acc92307975efe1040b97d2a137288c25609d696,com/microsoft/azure/maven/artifacthandler/FTPArtifactHandlerImplTest.java,96,7,16,75,0.03,3,7,1,0,0,0,0,4,0,0,0,0,0,0,0,1,4,0,0,5,0,0,False
2365,microsoft/azure-maven-plugins,acc92307975efe1040b97d2a137288c25609d696,com/microsoft/azure/maven/artifacthandler/ZIPArtifactHandlerImplTest.java,73,7,14,55,0.04,3,7,0,0,0,0,0,3,0,3,0,0,0,0,0,0,1,0,3,5,0,0,False
2366,microsoft/azure-maven-plugins,acc92307975efe1040b97d2a137288c25609d696,com/microsoft/azure/maven/auth/AzureAuthHelperTest.java,183,12,24,110,0.17,31,12,5,0,0,0,0,3,0,0,0,0,0,0,0,3,0,0,0,11,0,0,False
2367,microsoft/azure-maven-plugins,acc92307975efe1040b97d2a137288c25609d696,com/microsoft/azure/maven/webapp/DeployMojoTest.java,147,22,57,102,0.18,26,16,3,0,0,0,0,12,0,0,0,0,0,0,0,0,0,0,0,12,0,0,False
2368,microsoft/azure-maven-plugins,acc92307975efe1040b97d2a137288c25609d696,com/microsoft/azure/maven/webapp/handlers/ArtifactHandlerImplV2Test.java,147,10,28,122,0.0,0,10,0,0,0,0,0,8,0,4,0,0,0,0,0,0,3,0,6,8,0,0,False
2369,microsoft/azure-maven-plugins,acc92307975efe1040b97d2a137288c25609d696,com/microsoft/azure/maven/webapp/handlers/DeploymentSlotHandlerTest.java,93,9,24,74,0.0,0,9,0,0,0,0,0,8,0,0,0,0,0,0,0,0,4,0,0,8,0,0,False
2370,microsoft/azure-maven-plugins,acc92307975efe1040b97d2a137288c25609d696,com/microsoft/azure/maven/webapp/handlers/HandlerFactoryImplTest.java,92,8,21,57,0.15,14,8,3,0,0,0,0,7,0,0,0,0,0,0,0,0,0,0,0,7,0,0,False
2371,microsoft/azure-maven-plugins,acc92307975efe1040b97d2a137288c25609d696,com/microsoft/azure/maven/webapp/handlers/JarArtifactHandlerImplTest.java,70,11,23,54,0.04,3,11,1,0,0,0,2,7,0,3,0,0,0,0,0,1,4,0,4,9,0,0,False
2372,microsoft/azure-maven-plugins,acc92307975efe1040b97d2a137288c25609d696,com/microsoft/azure/maven/webapp/handlers/LinuxRuntimeHandlerImplTest.java,42,5,10,62,0.05,2,5,0,0,0,0,0,2,0,0,0,0,0,0,0,0,0,0,0,2,0,0,False
2373,microsoft/azure-maven-plugins,acc92307975efe1040b97d2a137288c25609d696,com/microsoft/azure/maven/webapp/handlers/NullRuntimeHandlerImplTest.java,22,3,7,5,0.09,2,3,0,0,0,0,0,1,0,0,0,0,0,0,0,0,0,0,0,2,0,0,False
2374,microsoft/azure-maven-plugins,acc92307975efe1040b97d2a137288c25609d696,com/microsoft/azure/maven/webapp/handlers/PrivateDockerHubRuntimeHandlerImplTest.java,57,5,10,82,0.0,0,5,0,0,0,0,0,2,0,0,0,0,0,0,0,0,2,0,0,2,0,0,False
2375,microsoft/azure-maven-plugins,acc92307975efe1040b97d2a137288c25609d696,com/microsoft/azure/maven/webapp/handlers/PrivateRegistryRuntimeHandlerImplTest.java,58,5,10,83,0.0,0,5,0,0,0,0,0,2,0,0,0,0,0,0,0,0,2,0,0,2,0,0,False
2376,microsoft/azure-maven-plugins,acc92307975efe1040b97d2a137288c25609d696,com/microsoft/azure/maven/webapp/handlers/PublicDockerHubRuntimeHandlerImplTest.java,42,5,10,70,0.0,0,5,0,0,0,0,0,2,0,0,0,0,0,0,0,0,2,0,0,2,0,0,False
2377,microsoft/azure-maven-plugins,acc92307975efe1040b97d2a137288c25609d696,com/microsoft/azure/maven/webapp/handlers/SettingsHandlerImplTest.java,24,3,9,17,0.0,0,3,0,0,0,0,0,2,0,0,0,0,0,0,0,0,2,0,0,2,0,0,False
2378,microsoft/azure-maven-plugins,acc92307975efe1040b97d2a137288c25609d696,com/microsoft/azure/maven/webapp/handlers/WarArtifactHandlerImplTest.java,149,12,26,121,0.07,11,12,2,0,0,0,0,8,0,8,0,0,1,0,0,1,2,0,9,10,0,0,False
2379,microsoft/azure-maven-plugins,acc92307975efe1040b97d2a137288c25609d696,com/microsoft/azure/maven/webapp/handlers/WindowsRuntimeHandlerImplTest.java,47,5,10,70,0.04,2,5,0,0,0,0,0,2,0,0,0,0,0,0,0,0,0,0,0,2,0,0,False
2380,microsoft/azure-maven-plugins,acc92307975efe1040b97d2a137288c25609d696,com/microsoft/azure/maven/webapp/parser/ConfigurationParserTest.java,118,15,32,39,0.21,25,5,3,0,0,0,0,3,0,0,0,0,0,0,0,0,0,0,0,3,0,0,False
2381,microsoft/azure-maven-plugins,acc92307975efe1040b97d2a137288c25609d696,com/microsoft/azure/maven/webapp/parser/V1ConfigurationParserTest.java,114,9,22,56,0.21,24,9,8,0,0,0,0,6,0,0,0,0,0,0,0,0,0,0,0,8,0,0,False
2382,microsoft/azure-maven-plugins,acc92307975efe1040b97d2a137288c25609d696,com/microsoft/azure/maven/webapp/parser/V2ConfigurationParserTest.java,146,10,22,68,0.19,28,10,9,0,0,0,0,6,0,0,0,0,0,0,0,1,0,0,0,9,0,0,False
2383,microsoft/azure-maven-plugins,acc92307975efe1040b97d2a137288c25609d696,com/microsoft/azure/maven/webapp/WebAppUtilsTest.java,162,11,26,96,0.06,10,11,2,0,0,0,0,10,0,0,0,0,0,0,0,0,0,0,0,11,0,0,False
2384,microsoft/azure-maven-plugins,96f09df5a4a7cdad850d397f82dcb068ecce6283,com/microsoft/azure/maven/function/AddMojoTest.java,44,7,15,24,0.11,5,7,1,0,0,0,0,6,0,1,0,0,0,0,0,0,0,0,2,6,0,0,False
2385,microsoft/azure-maven-plugins,96f09df5a4a7cdad850d397f82dcb068ecce6283,com/microsoft/azure/maven/function/DeployMojoTest.java,159,18,48,149,0.08,13,18,4,0,0,0,0,15,15,0,0,0,0,0,0,0,7,0,0,15,0,0,False
2386,microsoft/azure-maven-plugins,96f09df5a4a7cdad850d397f82dcb068ecce6283,com/microsoft/azure/maven/function/ListMojoTest.java,22,2,6,14,0.05,1,2,0,0,0,0,0,1,0,0,0,0,0,0,0,0,1,0,0,1,0,0,False
2387,microsoft/azure-maven-plugins,96f09df5a4a7cdad850d397f82dcb068ecce6283,com/microsoft/azure/maven/function/PackageMojoTest.java,40,5,14,39,0.1,4,5,1,0,0,0,0,4,0,0,0,0,1,0,0,0,2,0,0,4,0,0,False
2388,microsoft/azure-maven-plugins,96f09df5a4a7cdad850d397f82dcb068ecce6283,com/microsoft/azure/maven/function/RunMojoTest.java,57,8,20,60,0.07,4,8,1,0,0,0,0,7,0,0,0,0,0,0,0,0,1,0,0,7,0,0,False
2389,microsoft/azure-maven-plugins,96f09df5a4a7cdad850d397f82dcb068ecce6283,com/microsoft/azure/maven/function/handlers/AnnotationHandlerImplTest.java,75,7,17,13,0.04,3,7,1,0,0,0,0,2,0,0,0,0,0,0,0,0,0,0,0,2,0,0,False
2390,microsoft/azure-maven-plugins,96f09df5a4a7cdad850d397f82dcb068ecce6283,com/microsoft/azure/maven/function/handlers/CommandHandlerImplTest.java,20,3,4,14,0.15,3,3,1,0,0,0,0,1,0,0,0,0,0,0,0,0,0,0,0,3,0,0,False
2391,microsoft/azure-maven-plugins,96f09df5a4a7cdad850d397f82dcb068ecce6283,com/microsoft/azure/maven/function/handlers/FunctionCoreToolsHandlerImplTest.java,76,7,18,83,0.03,2,7,0,0,0,0,0,6,0,0,0,0,0,0,0,0,3,0,0,7,0,0,False
2392,microsoft/azure-maven-plugins,96f09df5a4a7cdad850d397f82dcb068ecce6283,com/microsoft/azure/maven/function/handlers/MSDeployArtifactHandlerImplTest.java,122,9,21,101,0.03,4,9,0,0,0,0,0,7,0,3,0,0,0,0,0,0,3,0,2,7,0,0,False
2393,microsoft/azure-maven-plugins,96f09df5a4a7cdad850d397f82dcb068ecce6283,com/microsoft/azure/maven/function/utils/CommandUtilsTest.java,12,3,4,9,0.33,4,3,1,0,0,0,0,1,0,0,0,0,0,0,0,0,0,0,0,3,0,0,False
2394,microsoft/azure-maven-plugins,96f09df5a4a7cdad850d397f82dcb068ecce6283,com/microsoft/azure/maven/AbstractAppServiceMojoTest.java,17,2,3,10,0.06,1,1,0,0,0,0,0,0,0,0,0,0,1,0,0,0,0,0,0,1,0,0,False
2395,microsoft/azure-maven-plugins,96f09df5a4a7cdad850d397f82dcb068ecce6283,com/microsoft/azure/maven/AbstractAzureMojoTest.java,113,19,38,59,0.27,30,18,4,0,0,0,0,14,0,0,0,0,0,0,0,0,2,0,1,17,0,0,False
2396,microsoft/azure-maven-plugins,96f09df5a4a7cdad850d397f82dcb068ecce6283,com/microsoft/azure/maven/FTPUploaderTest.java,49,4,11,23,0.04,2,4,0,0,0,0,0,3,0,0,0,0,0,0,0,0,1,0,0,3,0,0,False
2397,microsoft/azure-maven-plugins,96f09df5a4a7cdad850d397f82dcb068ecce6283,com/microsoft/azure/maven/UtilsTest.java,44,4,8,27,0.18,8,4,2,0,0,0,0,1,0,0,0,0,0,0,0,1,1,0,0,3,0,0,False
2398,microsoft/azure-maven-plugins,96f09df5a4a7cdad850d397f82dcb068ecce6283,com/microsoft/azure/maven/artifacthandler/ArtifactHandlerBaseTest.java,51,8,18,40,0.0,0,5,0,0,0,0,0,4,0,0,0,0,0,0,0,0,1,0,0,4,0,0,False
2399,microsoft/azure-maven-plugins,96f09df5a4a7cdad850d397f82dcb068ecce6283,com/microsoft/azure/maven/artifacthandler/FTPArtifactHandlerImplTest.java,96,7,16,75,0.03,3,7,1,0,0,0,0,4,0,0,0,0,0,0,0,1,4,0,0,5,0,0,False
2400,microsoft/azure-maven-plugins,96f09df5a4a7cdad850d397f82dcb068ecce6283,com/microsoft/azure/maven/artifacthandler/ZIPArtifactHandlerImplTest.java,73,7,14,55,0.04,3,7,0,0,0,0,0,3,0,3,0,0,0,0,0,0,1,0,3,5,0,0,False
2401,microsoft/azure-maven-plugins,96f09df5a4a7cdad850d397f82dcb068ecce6283,com/microsoft/azure/maven/auth/AzureAuthHelperTest.java,183,12,24,110,0.17,31,12,5,0,0,0,0,3,0,0,0,0,0,0,0,3,0,0,0,11,0,0,False
2402,microsoft/azure-maven-plugins,96f09df5a4a7cdad850d397f82dcb068ecce6283,com/microsoft/azure/maven/webapp/DeployMojoTest.java,147,22,57,102,0.18,26,16,3,0,0,0,0,12,0,0,0,0,0,0,0,0,0,0,0,12,0,0,False
2403,microsoft/azure-maven-plugins,96f09df5a4a7cdad850d397f82dcb068ecce6283,com/microsoft/azure/maven/webapp/handlers/ArtifactHandlerImplV2Test.java,147,10,28,122,0.0,0,10,0,0,0,0,0,8,0,4,0,0,0,0,0,0,3,0,6,8,0,0,False
2404,microsoft/azure-maven-plugins,96f09df5a4a7cdad850d397f82dcb068ecce6283,com/microsoft/azure/maven/webapp/handlers/DeploymentSlotHandlerTest.java,93,9,24,74,0.0,0,9,0,0,0,0,0,8,0,0,0,0,0,0,0,0,4,0,0,8,0,0,False
2405,microsoft/azure-maven-plugins,96f09df5a4a7cdad850d397f82dcb068ecce6283,com/microsoft/azure/maven/webapp/handlers/HandlerFactoryImplTest.java,92,8,21,57,0.15,14,8,3,0,0,0,0,7,0,0,0,0,0,0,0,0,0,0,0,7,0,0,False
2406,microsoft/azure-maven-plugins,96f09df5a4a7cdad850d397f82dcb068ecce6283,com/microsoft/azure/maven/webapp/handlers/JarArtifactHandlerImplTest.java,70,11,23,54,0.04,3,11,1,0,0,0,2,7,0,3,0,0,0,0,0,1,4,0,4,9,0,0,False
2407,microsoft/azure-maven-plugins,96f09df5a4a7cdad850d397f82dcb068ecce6283,com/microsoft/azure/maven/webapp/handlers/LinuxRuntimeHandlerImplTest.java,42,5,10,62,0.05,2,5,0,0,0,0,0,2,0,0,0,0,0,0,0,0,0,0,0,2,0,0,False
2408,microsoft/azure-maven-plugins,96f09df5a4a7cdad850d397f82dcb068ecce6283,com/microsoft/azure/maven/webapp/handlers/NullRuntimeHandlerImplTest.java,22,3,7,5,0.09,2,3,0,0,0,0,0,1,0,0,0,0,0,0,0,0,0,0,0,2,0,0,False
2409,microsoft/azure-maven-plugins,96f09df5a4a7cdad850d397f82dcb068ecce6283,com/microsoft/azure/maven/webapp/handlers/PrivateDockerHubRuntimeHandlerImplTest.java,57,5,10,82,0.0,0,5,0,0,0,0,0,2,0,0,0,0,0,0,0,0,2,0,0,2,0,0,False
2410,microsoft/azure-maven-plugins,96f09df5a4a7cdad850d397f82dcb068ecce6283,com/microsoft/azure/maven/webapp/handlers/PrivateRegistryRuntimeHandlerImplTest.java,58,5,10,83,0.0,0,5,0,0,0,0,0,2,0,0,0,0,0,0,0,0,2,0,0,2,0,0,False
2411,microsoft/azure-maven-plugins,96f09df5a4a7cdad850d397f82dcb068ecce6283,com/microsoft/azure/maven/webapp/handlers/PublicDockerHubRuntimeHandlerImplTest.java,42,5,10,70,0.0,0,5,0,0,0,0,0,2,0,0,0,0,0,0,0,0,2,0,0,2,0,0,False
2412,microsoft/azure-maven-plugins,96f09df5a4a7cdad850d397f82dcb068ecce6283,com/microsoft/azure/maven/webapp/handlers/SettingsHandlerImplTest.java,24,3,9,17,0.0,0,3,0,0,0,0,0,2,0,0,0,0,0,0,0,0,2,0,0,2,0,0,False
2413,microsoft/azure-maven-plugins,96f09df5a4a7cdad850d397f82dcb068ecce6283,com/microsoft/azure/maven/webapp/handlers/WarArtifactHandlerImplTest.java,149,12,26,121,0.07,11,12,2,0,0,0,0,8,0,8,0,0,1,0,0,1,2,0,9,10,0,0,False
2414,microsoft/azure-maven-plugins,96f09df5a4a7cdad850d397f82dcb068ecce6283,com/microsoft/azure/maven/webapp/handlers/WindowsRuntimeHandlerImplTest.java,47,5,10,70,0.04,2,5,0,0,0,0,0,2,0,0,0,0,0,0,0,0,0,0,0,2,0,0,False
2415,microsoft/azure-maven-plugins,96f09df5a4a7cdad850d397f82dcb068ecce6283,com/microsoft/azure/maven/webapp/parser/ConfigurationParserTest.java,118,15,32,39,0.21,25,5,3,0,0,0,0,3,0,0,0,0,0,0,0,0,0,0,0,3,0,0,False
2416,microsoft/azure-maven-plugins,96f09df5a4a7cdad850d397f82dcb068ecce6283,com/microsoft/azure/maven/webapp/parser/V1ConfigurationParserTest.java,114,9,22,56,0.21,24,9,8,0,0,0,0,6,0,0,0,0,0,0,0,0,0,0,0,8,0,0,False
2417,microsoft/azure-maven-plugins,96f09df5a4a7cdad850d397f82dcb068ecce6283,com/microsoft/azure/maven/webapp/parser/V2ConfigurationParserTest.java,146,10,22,68,0.19,28,10,9,0,0,0,0,6,0,0,0,0,0,0,0,1,0,0,0,9,0,0,False
2418,microsoft/azure-maven-plugins,96f09df5a4a7cdad850d397f82dcb068ecce6283,com/microsoft/azure/maven/webapp/WebAppUtilsTest.java,162,11,26,96,0.06,10,11,2,0,0,0,0,10,0,0,0,0,0,0,0,0,0,0,0,11,0,0,False
2419,microsoft/azure-maven-plugins,89ff204cfb6b52f129a2e8795f3992f7e7f78979,com/microsoft/azure/maven/function/AddMojoTest.java,44,7,15,24,0.11,5,7,1,0,0,0,0,6,0,1,0,0,0,0,0,0,0,0,2,6,0,0,False
2420,microsoft/azure-maven-plugins,89ff204cfb6b52f129a2e8795f3992f7e7f78979,com/microsoft/azure/maven/function/DeployMojoTest.java,159,18,48,149,0.08,13,18,4,0,0,0,0,15,15,0,0,0,0,0,0,0,7,0,0,15,0,0,False
2421,microsoft/azure-maven-plugins,89ff204cfb6b52f129a2e8795f3992f7e7f78979,com/microsoft/azure/maven/function/ListMojoTest.java,22,2,6,14,0.05,1,2,0,0,0,0,0,1,0,0,0,0,0,0,0,0,1,0,0,1,0,0,False
2422,microsoft/azure-maven-plugins,89ff204cfb6b52f129a2e8795f3992f7e7f78979,com/microsoft/azure/maven/function/PackageMojoTest.java,40,5,14,39,0.1,4,5,1,0,0,0,0,4,0,0,0,0,1,0,0,0,2,0,0,4,0,0,False
2423,microsoft/azure-maven-plugins,89ff204cfb6b52f129a2e8795f3992f7e7f78979,com/microsoft/azure/maven/function/RunMojoTest.java,57,8,20,60,0.07,4,8,1,0,0,0,0,7,0,0,0,0,0,0,0,0,1,0,0,7,0,0,False
2424,microsoft/azure-maven-plugins,89ff204cfb6b52f129a2e8795f3992f7e7f78979,com/microsoft/azure/maven/function/handlers/AnnotationHandlerImplTest.java,75,7,17,13,0.04,3,7,1,0,0,0,0,2,0,0,0,0,0,0,0,0,0,0,0,2,0,0,False
2425,microsoft/azure-maven-plugins,89ff204cfb6b52f129a2e8795f3992f7e7f78979,com/microsoft/azure/maven/function/handlers/CommandHandlerImplTest.java,20,3,4,14,0.15,3,3,1,0,0,0,0,1,0,0,0,0,0,0,0,0,0,0,0,3,0,0,False
2426,microsoft/azure-maven-plugins,89ff204cfb6b52f129a2e8795f3992f7e7f78979,com/microsoft/azure/maven/function/handlers/FunctionCoreToolsHandlerImplTest.java,76,7,18,83,0.03,2,7,0,0,0,0,0,6,0,0,0,0,0,0,0,0,3,0,0,7,0,0,False
2427,microsoft/azure-maven-plugins,89ff204cfb6b52f129a2e8795f3992f7e7f78979,com/microsoft/azure/maven/function/handlers/MSDeployArtifactHandlerImplTest.java,122,9,21,101,0.03,4,9,0,0,0,0,0,7,0,3,0,0,0,0,0,0,3,0,2,7,0,0,False
2428,microsoft/azure-maven-plugins,89ff204cfb6b52f129a2e8795f3992f7e7f78979,com/microsoft/azure/maven/function/utils/CommandUtilsTest.java,12,3,4,9,0.33,4,3,1,0,0,0,0,1,0,0,0,0,0,0,0,0,0,0,0,3,0,0,False
2429,microsoft/azure-maven-plugins,89ff204cfb6b52f129a2e8795f3992f7e7f78979,com/microsoft/azure/maven/AbstractAppServiceMojoTest.java,17,2,3,10,0.06,1,1,0,0,0,0,0,0,0,0,0,0,1,0,0,0,0,0,0,1,0,0,False
2430,microsoft/azure-maven-plugins,89ff204cfb6b52f129a2e8795f3992f7e7f78979,com/microsoft/azure/maven/AbstractAzureMojoTest.java,113,19,38,59,0.27,30,18,4,0,0,0,0,14,0,0,0,0,0,0,0,0,2,0,1,17,0,0,False
2431,microsoft/azure-maven-plugins,89ff204cfb6b52f129a2e8795f3992f7e7f78979,com/microsoft/azure/maven/FTPUploaderTest.java,49,4,11,23,0.04,2,4,0,0,0,0,0,3,0,0,0,0,0,0,0,0,1,0,0,3,0,0,False
2432,microsoft/azure-maven-plugins,89ff204cfb6b52f129a2e8795f3992f7e7f78979,com/microsoft/azure/maven/UtilsTest.java,44,4,8,27,0.18,8,4,2,0,0,0,0,1,0,0,0,0,0,0,0,1,1,0,0,3,0,0,False
2433,microsoft/azure-maven-plugins,89ff204cfb6b52f129a2e8795f3992f7e7f78979,com/microsoft/azure/maven/artifacthandler/ArtifactHandlerBaseTest.java,51,8,18,40,0.0,0,5,0,0,0,0,0,4,0,0,0,0,0,0,0,0,1,0,0,4,0,0,False
2434,microsoft/azure-maven-plugins,89ff204cfb6b52f129a2e8795f3992f7e7f78979,com/microsoft/azure/maven/artifacthandler/FTPArtifactHandlerImplTest.java,96,7,16,75,0.03,3,7,1,0,0,0,0,4,0,0,0,0,0,0,0,1,4,0,0,5,0,0,False
2435,microsoft/azure-maven-plugins,89ff204cfb6b52f129a2e8795f3992f7e7f78979,com/microsoft/azure/maven/artifacthandler/ZIPArtifactHandlerImplTest.java,73,7,14,55,0.04,3,7,0,0,0,0,0,3,0,3,0,0,0,0,0,0,1,0,3,5,0,0,False
2436,microsoft/azure-maven-plugins,89ff204cfb6b52f129a2e8795f3992f7e7f78979,com/microsoft/azure/maven/auth/AzureAuthHelperTest.java,183,12,24,110,0.17,31,12,5,0,0,0,0,3,0,0,0,0,0,0,0,3,0,0,0,11,0,0,False
2437,microsoft/azure-maven-plugins,89ff204cfb6b52f129a2e8795f3992f7e7f78979,com/microsoft/azure/maven/webapp/DeployMojoTest.java,147,22,57,102,0.18,26,16,3,0,0,0,0,12,0,0,0,0,0,0,0,0,0,0,0,12,0,0,False
2438,microsoft/azure-maven-plugins,89ff204cfb6b52f129a2e8795f3992f7e7f78979,com/microsoft/azure/maven/webapp/WebAppUtilsTest.java,162,11,26,96,0.06,10,11,2,0,0,0,0,10,0,0,0,0,0,0,0,0,0,0,0,11,0,0,False
2439,microsoft/azure-maven-plugins,89ff204cfb6b52f129a2e8795f3992f7e7f78979,com/microsoft/azure/maven/webapp/handlers/ArtifactHandlerImplV2Test.java,147,10,28,122,0.0,0,10,0,0,0,0,0,8,0,4,0,0,0,0,0,0,3,0,6,8,0,0,False
2440,microsoft/azure-maven-plugins,89ff204cfb6b52f129a2e8795f3992f7e7f78979,com/microsoft/azure/maven/webapp/handlers/DeploymentSlotHandlerTest.java,93,9,24,74,0.0,0,9,0,0,0,0,0,8,0,0,0,0,0,0,0,0,4,0,0,8,0,0,False
2441,microsoft/azure-maven-plugins,89ff204cfb6b52f129a2e8795f3992f7e7f78979,com/microsoft/azure/maven/webapp/handlers/HandlerFactoryImplTest.java,92,8,21,57,0.15,14,8,3,0,0,0,0,7,0,0,0,0,0,0,0,0,0,0,0,7,0,0,False
2442,microsoft/azure-maven-plugins,89ff204cfb6b52f129a2e8795f3992f7e7f78979,com/microsoft/azure/maven/webapp/handlers/JarArtifactHandlerImplTest.java,70,11,23,54,0.04,3,11,1,0,0,0,2,7,0,3,0,0,0,0,0,1,4,0,4,9,0,0,False
2443,microsoft/azure-maven-plugins,89ff204cfb6b52f129a2e8795f3992f7e7f78979,com/microsoft/azure/maven/webapp/handlers/LinuxRuntimeHandlerImplTest.java,42,5,10,62,0.05,2,5,0,0,0,0,0,2,0,0,0,0,0,0,0,0,0,0,0,2,0,0,False
2444,microsoft/azure-maven-plugins,89ff204cfb6b52f129a2e8795f3992f7e7f78979,com/microsoft/azure/maven/webapp/handlers/NullRuntimeHandlerImplTest.java,22,3,7,5,0.09,2,3,0,0,0,0,0,1,0,0,0,0,0,0,0,0,0,0,0,2,0,0,False
2445,microsoft/azure-maven-plugins,89ff204cfb6b52f129a2e8795f3992f7e7f78979,com/microsoft/azure/maven/webapp/handlers/PrivateDockerHubRuntimeHandlerImplTest.java,57,5,10,82,0.0,0,5,0,0,0,0,0,2,0,0,0,0,0,0,0,0,2,0,0,2,0,0,False
2446,microsoft/azure-maven-plugins,89ff204cfb6b52f129a2e8795f3992f7e7f78979,com/microsoft/azure/maven/webapp/handlers/PrivateRegistryRuntimeHandlerImplTest.java,58,5,10,83,0.0,0,5,0,0,0,0,0,2,0,0,0,0,0,0,0,0,2,0,0,2,0,0,False
2447,microsoft/azure-maven-plugins,89ff204cfb6b52f129a2e8795f3992f7e7f78979,com/microsoft/azure/maven/webapp/handlers/PublicDockerHubRuntimeHandlerImplTest.java,42,5,10,70,0.0,0,5,0,0,0,0,0,2,0,0,0,0,0,0,0,0,2,0,0,2,0,0,False
2448,microsoft/azure-maven-plugins,89ff204cfb6b52f129a2e8795f3992f7e7f78979,com/microsoft/azure/maven/webapp/handlers/SettingsHandlerImplTest.java,24,3,9,17,0.0,0,3,0,0,0,0,0,2,0,0,0,0,0,0,0,0,2,0,0,2,0,0,False
2449,microsoft/azure-maven-plugins,89ff204cfb6b52f129a2e8795f3992f7e7f78979,com/microsoft/azure/maven/webapp/handlers/WarArtifactHandlerImplTest.java,149,12,26,121,0.07,11,12,2,0,0,0,0,8,0,8,0,0,1,0,0,1,2,0,9,10,0,0,False
2450,microsoft/azure-maven-plugins,89ff204cfb6b52f129a2e8795f3992f7e7f78979,com/microsoft/azure/maven/webapp/handlers/WindowsRuntimeHandlerImplTest.java,47,5,10,70,0.04,2,5,0,0,0,0,0,2,0,0,0,0,0,0,0,0,0,0,0,2,0,0,False
2451,microsoft/azure-maven-plugins,89ff204cfb6b52f129a2e8795f3992f7e7f78979,com/microsoft/azure/maven/webapp/parser/ConfigurationParserTest.java,115,14,30,39,0.22,25,5,3,0,0,0,0,3,0,0,0,0,0,0,0,0,0,0,0,3,0,0,False
2452,microsoft/azure-maven-plugins,89ff204cfb6b52f129a2e8795f3992f7e7f78979,com/microsoft/azure/maven/webapp/parser/V1ConfigurationParserTest.java,114,9,22,56,0.21,24,9,8,0,0,0,0,6,0,0,0,0,0,0,0,0,0,0,0,8,0,0,False
2453,microsoft/azure-maven-plugins,89ff204cfb6b52f129a2e8795f3992f7e7f78979,com/microsoft/azure/maven/webapp/parser/V2ConfigurationParserTest.java,146,10,22,68,0.19,28,10,9,0,0,0,0,6,0,0,0,0,0,0,0,1,0,0,0,9,0,0,False
2454,microsoft/azure-maven-plugins,16902cc8646901b22090fd5567c4a5f04c34eeab,com/microsoft/azure/maven/function/AddMojoTest.java,44,7,15,24,0.11,5,7,1,0,0,0,0,6,0,1,0,0,0,0,0,0,0,0,2,6,0,0,False
2455,microsoft/azure-maven-plugins,16902cc8646901b22090fd5567c4a5f04c34eeab,com/microsoft/azure/maven/function/DeployMojoTest.java,159,18,48,149,0.08,13,18,4,0,0,0,0,15,15,0,0,0,0,0,0,0,7,0,0,15,0,0,False
2456,microsoft/azure-maven-plugins,16902cc8646901b22090fd5567c4a5f04c34eeab,com/microsoft/azure/maven/function/ListMojoTest.java,22,2,6,14,0.05,1,2,0,0,0,0,0,1,0,0,0,0,0,0,0,0,1,0,0,1,0,0,False
2457,microsoft/azure-maven-plugins,16902cc8646901b22090fd5567c4a5f04c34eeab,com/microsoft/azure/maven/function/PackageMojoTest.java,40,5,14,39,0.1,4,5,1,0,0,0,0,4,0,0,0,0,1,0,0,0,2,0,0,4,0,0,False
2458,microsoft/azure-maven-plugins,16902cc8646901b22090fd5567c4a5f04c34eeab,com/microsoft/azure/maven/function/RunMojoTest.java,57,8,20,60,0.07,4,8,1,0,0,0,0,7,0,0,0,0,0,0,0,0,1,0,0,7,0,0,False
2459,microsoft/azure-maven-plugins,16902cc8646901b22090fd5567c4a5f04c34eeab,com/microsoft/azure/maven/function/handlers/AnnotationHandlerImplTest.java,75,7,17,13,0.04,3,7,1,0,0,0,0,2,0,0,0,0,0,0,0,0,0,0,0,2,0,0,False
2460,microsoft/azure-maven-plugins,16902cc8646901b22090fd5567c4a5f04c34eeab,com/microsoft/azure/maven/function/handlers/CommandHandlerImplTest.java,20,3,4,14,0.15,3,3,1,0,0,0,0,1,0,0,0,0,0,0,0,0,0,0,0,3,0,0,False
2461,microsoft/azure-maven-plugins,16902cc8646901b22090fd5567c4a5f04c34eeab,com/microsoft/azure/maven/function/handlers/FunctionCoreToolsHandlerImplTest.java,76,7,18,83,0.03,2,7,0,0,0,0,0,6,0,0,0,0,0,0,0,0,3,0,0,7,0,0,False
2462,microsoft/azure-maven-plugins,16902cc8646901b22090fd5567c4a5f04c34eeab,com/microsoft/azure/maven/function/handlers/MSDeployArtifactHandlerImplTest.java,122,9,21,101,0.03,4,9,0,0,0,0,0,7,0,3,0,0,0,0,0,0,3,0,2,7,0,0,False
2463,microsoft/azure-maven-plugins,16902cc8646901b22090fd5567c4a5f04c34eeab,com/microsoft/azure/maven/function/utils/CommandUtilsTest.java,12,3,4,9,0.33,4,3,1,0,0,0,0,1,0,0,0,0,0,0,0,0,0,0,0,3,0,0,False
2464,microsoft/azure-maven-plugins,16902cc8646901b22090fd5567c4a5f04c34eeab,com/microsoft/azure/maven/AbstractAppServiceMojoTest.java,17,2,3,10,0.06,1,1,0,0,0,0,0,0,0,0,0,0,1,0,0,0,0,0,0,1,0,0,False
2465,microsoft/azure-maven-plugins,16902cc8646901b22090fd5567c4a5f04c34eeab,com/microsoft/azure/maven/AbstractAzureMojoTest.java,113,19,38,59,0.27,30,18,4,0,0,0,0,14,0,0,0,0,0,0,0,0,2,0,1,17,0,0,False
2466,microsoft/azure-maven-plugins,16902cc8646901b22090fd5567c4a5f04c34eeab,com/microsoft/azure/maven/FTPUploaderTest.java,49,4,11,23,0.04,2,4,0,0,0,0,0,3,0,0,0,0,0,0,0,0,1,0,0,3,0,0,False
2467,microsoft/azure-maven-plugins,16902cc8646901b22090fd5567c4a5f04c34eeab,com/microsoft/azure/maven/UtilsTest.java,44,4,8,27,0.18,8,4,2,0,0,0,0,1,0,0,0,0,0,0,0,1,1,0,0,3,0,0,False
2468,microsoft/azure-maven-plugins,16902cc8646901b22090fd5567c4a5f04c34eeab,com/microsoft/azure/maven/artifacthandler/ArtifactHandlerBaseTest.java,51,8,18,40,0.0,0,5,0,0,0,0,0,4,0,0,0,0,0,0,0,0,1,0,0,4,0,0,False
2469,microsoft/azure-maven-plugins,16902cc8646901b22090fd5567c4a5f04c34eeab,com/microsoft/azure/maven/artifacthandler/FTPArtifactHandlerImplTest.java,96,7,16,75,0.03,3,7,1,0,0,0,0,4,0,0,0,0,0,0,0,1,4,0,0,5,0,0,False
2470,microsoft/azure-maven-plugins,16902cc8646901b22090fd5567c4a5f04c34eeab,com/microsoft/azure/maven/artifacthandler/ZIPArtifactHandlerImplTest.java,73,7,14,55,0.04,3,7,0,0,0,0,0,3,0,3,0,0,0,0,0,0,1,0,3,5,0,0,False
2471,microsoft/azure-maven-plugins,16902cc8646901b22090fd5567c4a5f04c34eeab,com/microsoft/azure/maven/auth/AzureAuthHelperTest.java,183,12,24,110,0.17,31,12,5,0,0,0,0,3,0,0,0,0,0,0,0,3,0,0,0,11,0,0,False
2472,microsoft/azure-maven-plugins,16902cc8646901b22090fd5567c4a5f04c34eeab,com/microsoft/azure/maven/webapp/DeployMojoTest.java,145,22,56,99,0.17,25,16,3,0,0,0,0,12,0,0,0,0,0,0,0,0,0,0,0,12,0,0,False
2473,microsoft/azure-maven-plugins,16902cc8646901b22090fd5567c4a5f04c34eeab,com/microsoft/azure/maven/webapp/WebAppUtilsTest.java,162,11,26,96,0.06,10,11,2,0,0,0,0,10,0,0,0,0,0,0,0,0,0,0,0,11,0,0,False
2474,microsoft/azure-maven-plugins,16902cc8646901b22090fd5567c4a5f04c34eeab,com/microsoft/azure/maven/webapp/handlers/ArtifactHandlerImplV2Test.java,147,10,28,122,0.0,0,10,0,0,0,0,0,8,0,4,0,0,0,0,0,0,3,0,6,8,0,0,False
2475,microsoft/azure-maven-plugins,16902cc8646901b22090fd5567c4a5f04c34eeab,com/microsoft/azure/maven/webapp/handlers/DeploymentSlotHandlerTest.java,93,9,24,74,0.0,0,9,0,0,0,0,0,8,0,0,0,0,0,0,0,0,4,0,0,8,0,0,False
2476,microsoft/azure-maven-plugins,16902cc8646901b22090fd5567c4a5f04c34eeab,com/microsoft/azure/maven/webapp/handlers/HandlerFactoryImplTest.java,92,8,21,57,0.15,14,8,3,0,0,0,0,7,0,0,0,0,0,0,0,0,0,0,0,7,0,0,False
2477,microsoft/azure-maven-plugins,16902cc8646901b22090fd5567c4a5f04c34eeab,com/microsoft/azure/maven/webapp/handlers/JarArtifactHandlerImplTest.java,70,11,23,54,0.04,3,11,1,0,0,0,2,7,0,3,0,0,0,0,0,1,4,0,4,9,0,0,False
2478,microsoft/azure-maven-plugins,16902cc8646901b22090fd5567c4a5f04c34eeab,com/microsoft/azure/maven/webapp/handlers/LinuxRuntimeHandlerImplTest.java,42,5,10,62,0.05,2,5,0,0,0,0,0,2,0,0,0,0,0,0,0,0,0,0,0,2,0,0,False
2479,microsoft/azure-maven-plugins,16902cc8646901b22090fd5567c4a5f04c34eeab,com/microsoft/azure/maven/webapp/handlers/NullRuntimeHandlerImplTest.java,22,3,7,5,0.09,2,3,0,0,0,0,0,1,0,0,0,0,0,0,0,0,0,0,0,2,0,0,False
2480,microsoft/azure-maven-plugins,16902cc8646901b22090fd5567c4a5f04c34eeab,com/microsoft/azure/maven/webapp/handlers/PrivateDockerHubRuntimeHandlerImplTest.java,57,5,10,82,0.0,0,5,0,0,0,0,0,2,0,0,0,0,0,0,0,0,2,0,0,2,0,0,False
2481,microsoft/azure-maven-plugins,16902cc8646901b22090fd5567c4a5f04c34eeab,com/microsoft/azure/maven/webapp/handlers/PrivateRegistryRuntimeHandlerImplTest.java,58,5,10,83,0.0,0,5,0,0,0,0,0,2,0,0,0,0,0,0,0,0,2,0,0,2,0,0,False
2482,microsoft/azure-maven-plugins,16902cc8646901b22090fd5567c4a5f04c34eeab,com/microsoft/azure/maven/webapp/handlers/PublicDockerHubRuntimeHandlerImplTest.java,42,5,10,70,0.0,0,5,0,0,0,0,0,2,0,0,0,0,0,0,0,0,2,0,0,2,0,0,False
2483,microsoft/azure-maven-plugins,16902cc8646901b22090fd5567c4a5f04c34eeab,com/microsoft/azure/maven/webapp/handlers/SettingsHandlerImplTest.java,24,3,9,17,0.0,0,3,0,0,0,0,0,2,0,0,0,0,0,0,0,0,2,0,0,2,0,0,False
2484,microsoft/azure-maven-plugins,16902cc8646901b22090fd5567c4a5f04c34eeab,com/microsoft/azure/maven/webapp/handlers/WarArtifactHandlerImplTest.java,149,12,26,121,0.07,11,12,2,0,0,0,0,8,0,8,0,0,1,0,0,1,2,0,9,10,0,0,False
2485,microsoft/azure-maven-plugins,16902cc8646901b22090fd5567c4a5f04c34eeab,com/microsoft/azure/maven/webapp/handlers/WindowsRuntimeHandlerImplTest.java,47,5,10,70,0.04,2,5,0,0,0,0,0,2,0,0,0,0,0,0,0,0,0,0,0,2,0,0,False
2486,microsoft/azure-maven-plugins,16902cc8646901b22090fd5567c4a5f04c34eeab,com/microsoft/azure/maven/webapp/parser/ConfigurationParserTest.java,115,14,30,39,0.22,25,5,3,0,0,0,0,3,0,0,0,0,0,0,0,0,0,0,0,3,0,0,False
2487,microsoft/azure-maven-plugins,16902cc8646901b22090fd5567c4a5f04c34eeab,com/microsoft/azure/maven/webapp/parser/V1ConfigurationParserTest.java,114,9,22,56,0.21,24,9,8,0,0,0,0,6,0,0,0,0,0,0,0,0,0,0,0,8,0,0,False
2488,microsoft/azure-maven-plugins,16902cc8646901b22090fd5567c4a5f04c34eeab,com/microsoft/azure/maven/webapp/parser/V2ConfigurationParserTest.java,146,10,22,68,0.19,28,10,9,0,0,0,0,6,0,0,0,0,0,0,0,1,0,0,0,9,0,0,False
2489,microsoft/azure-maven-plugins,8725fd9ac9ac8abbb1d5bff25106e77a72650d09,com/microsoft/azure/maven/function/AddMojoTest.java,44,7,15,24,0.11,5,7,1,0,0,0,0,6,0,1,0,0,0,0,0,0,0,0,2,6,0,0,False
2490,microsoft/azure-maven-plugins,8725fd9ac9ac8abbb1d5bff25106e77a72650d09,com/microsoft/azure/maven/function/DeployMojoTest.java,159,18,48,149,0.08,13,18,4,0,0,0,0,15,15,0,0,0,0,0,0,0,7,0,0,15,0,0,False
2491,microsoft/azure-maven-plugins,8725fd9ac9ac8abbb1d5bff25106e77a72650d09,com/microsoft/azure/maven/function/ListMojoTest.java,22,2,6,14,0.05,1,2,0,0,0,0,0,1,0,0,0,0,0,0,0,0,1,0,0,1,0,0,False
2492,microsoft/azure-maven-plugins,8725fd9ac9ac8abbb1d5bff25106e77a72650d09,com/microsoft/azure/maven/function/PackageMojoTest.java,40,5,14,39,0.1,4,5,1,0,0,0,0,4,0,0,0,0,1,0,0,0,2,0,0,4,0,0,False
2493,microsoft/azure-maven-plugins,8725fd9ac9ac8abbb1d5bff25106e77a72650d09,com/microsoft/azure/maven/function/RunMojoTest.java,57,8,20,60,0.07,4,8,1,0,0,0,0,7,0,0,0,0,0,0,0,0,1,0,0,7,0,0,False
2494,microsoft/azure-maven-plugins,8725fd9ac9ac8abbb1d5bff25106e77a72650d09,com/microsoft/azure/maven/function/handlers/AnnotationHandlerImplTest.java,75,7,17,13,0.04,3,7,1,0,0,0,0,2,0,0,0,0,0,0,0,0,0,0,0,2,0,0,False
2495,microsoft/azure-maven-plugins,8725fd9ac9ac8abbb1d5bff25106e77a72650d09,com/microsoft/azure/maven/function/handlers/CommandHandlerImplTest.java,20,3,4,14,0.15,3,3,1,0,0,0,0,1,0,0,0,0,0,0,0,0,0,0,0,3,0,0,False
2496,microsoft/azure-maven-plugins,8725fd9ac9ac8abbb1d5bff25106e77a72650d09,com/microsoft/azure/maven/function/handlers/FunctionCoreToolsHandlerImplTest.java,76,7,18,83,0.03,2,7,0,0,0,0,0,6,0,0,0,0,0,0,0,0,3,0,0,7,0,0,False
2497,microsoft/azure-maven-plugins,8725fd9ac9ac8abbb1d5bff25106e77a72650d09,com/microsoft/azure/maven/function/handlers/MSDeployArtifactHandlerImplTest.java,122,9,21,101,0.03,4,9,0,0,0,0,0,7,0,3,0,0,0,0,0,0,3,0,2,7,0,0,False
2498,microsoft/azure-maven-plugins,8725fd9ac9ac8abbb1d5bff25106e77a72650d09,com/microsoft/azure/maven/function/utils/CommandUtilsTest.java,12,3,4,9,0.33,4,3,1,0,0,0,0,1,0,0,0,0,0,0,0,0,0,0,0,3,0,0,False
2499,microsoft/azure-maven-plugins,8725fd9ac9ac8abbb1d5bff25106e77a72650d09,com/microsoft/azure/maven/AbstractAppServiceMojoTest.java,17,2,3,10,0.06,1,1,0,0,0,0,0,0,0,0,0,0,1,0,0,0,0,0,0,1,0,0,False
2500,microsoft/azure-maven-plugins,8725fd9ac9ac8abbb1d5bff25106e77a72650d09,com/microsoft/azure/maven/AbstractAzureMojoTest.java,113,19,38,59,0.27,30,18,4,0,0,0,0,14,0,0,0,0,0,0,0,0,2,0,1,17,0,0,False
2501,microsoft/azure-maven-plugins,8725fd9ac9ac8abbb1d5bff25106e77a72650d09,com/microsoft/azure/maven/FTPUploaderTest.java,49,4,11,23,0.04,2,4,0,0,0,0,0,3,0,0,0,0,0,0,0,0,1,0,0,3,0,0,False
2502,microsoft/azure-maven-plugins,8725fd9ac9ac8abbb1d5bff25106e77a72650d09,com/microsoft/azure/maven/UtilsTest.java,44,4,8,27,0.18,8,4,2,0,0,0,0,1,0,0,0,0,0,0,0,1,1,0,0,3,0,0,False
2503,microsoft/azure-maven-plugins,8725fd9ac9ac8abbb1d5bff25106e77a72650d09,com/microsoft/azure/maven/artifacthandler/ArtifactHandlerBaseTest.java,51,8,18,40,0.0,0,5,0,0,0,0,0,4,0,0,0,0,0,0,0,0,1,0,0,4,0,0,False
2504,microsoft/azure-maven-plugins,8725fd9ac9ac8abbb1d5bff25106e77a72650d09,com/microsoft/azure/maven/artifacthandler/FTPArtifactHandlerImplTest.java,96,7,16,75,0.03,3,7,1,0,0,0,0,4,0,0,0,0,0,0,0,1,4,0,0,5,0,0,False
2505,microsoft/azure-maven-plugins,8725fd9ac9ac8abbb1d5bff25106e77a72650d09,com/microsoft/azure/maven/artifacthandler/ZIPArtifactHandlerImplTest.java,73,7,14,55,0.04,3,7,0,0,0,0,0,3,0,3,0,0,0,0,0,0,1,0,3,5,0,0,False
2506,microsoft/azure-maven-plugins,8725fd9ac9ac8abbb1d5bff25106e77a72650d09,com/microsoft/azure/maven/auth/AzureAuthHelperTest.java,183,12,24,110,0.17,31,12,5,0,0,0,0,3,0,0,0,0,0,0,0,3,0,0,0,11,0,0,False
2507,microsoft/azure-maven-plugins,8725fd9ac9ac8abbb1d5bff25106e77a72650d09,com/microsoft/azure/maven/webapp/DeployMojoTest.java,145,22,56,99,0.17,25,16,3,0,0,0,0,12,0,0,0,0,0,0,0,0,0,0,0,12,0,0,False
2508,microsoft/azure-maven-plugins,8725fd9ac9ac8abbb1d5bff25106e77a72650d09,com/microsoft/azure/maven/webapp/WebAppUtilsTest.java,162,11,25,96,0.06,10,11,2,0,0,0,0,9,0,0,0,0,0,0,0,0,0,0,0,11,0,0,False
2509,microsoft/azure-maven-plugins,8725fd9ac9ac8abbb1d5bff25106e77a72650d09,com/microsoft/azure/maven/webapp/handlers/ArtifactHandlerImplV2Test.java,147,10,28,122,0.0,0,10,0,0,0,0,0,8,0,4,0,0,0,0,0,0,3,0,6,8,0,0,False
2510,microsoft/azure-maven-plugins,8725fd9ac9ac8abbb1d5bff25106e77a72650d09,com/microsoft/azure/maven/webapp/handlers/DeploymentSlotHandlerTest.java,93,9,24,74,0.0,0,9,0,0,0,0,0,8,0,0,0,0,0,0,0,0,4,0,0,8,0,0,False
2511,microsoft/azure-maven-plugins,8725fd9ac9ac8abbb1d5bff25106e77a72650d09,com/microsoft/azure/maven/webapp/handlers/HandlerFactoryImplTest.java,92,8,21,57,0.15,14,8,3,0,0,0,0,7,0,0,0,0,0,0,0,0,0,0,0,7,0,0,False
2512,microsoft/azure-maven-plugins,8725fd9ac9ac8abbb1d5bff25106e77a72650d09,com/microsoft/azure/maven/webapp/handlers/JarArtifactHandlerImplTest.java,70,11,23,54,0.04,3,11,1,0,0,0,2,7,0,3,0,0,0,0,0,1,4,0,4,9,0,0,False
2513,microsoft/azure-maven-plugins,8725fd9ac9ac8abbb1d5bff25106e77a72650d09,com/microsoft/azure/maven/webapp/handlers/LinuxRuntimeHandlerImplTest.java,42,5,10,62,0.05,2,5,0,0,0,0,0,2,0,0,0,0,0,0,0,0,0,0,0,2,0,0,False
2514,microsoft/azure-maven-plugins,8725fd9ac9ac8abbb1d5bff25106e77a72650d09,com/microsoft/azure/maven/webapp/handlers/NullRuntimeHandlerImplTest.java,22,3,7,5,0.09,2,3,0,0,0,0,0,1,0,0,0,0,0,0,0,0,0,0,0,2,0,0,False
2515,microsoft/azure-maven-plugins,8725fd9ac9ac8abbb1d5bff25106e77a72650d09,com/microsoft/azure/maven/webapp/handlers/PrivateDockerHubRuntimeHandlerImplTest.java,57,5,10,82,0.0,0,5,0,0,0,0,0,2,0,0,0,0,0,0,0,0,2,0,0,2,0,0,False
2516,microsoft/azure-maven-plugins,8725fd9ac9ac8abbb1d5bff25106e77a72650d09,com/microsoft/azure/maven/webapp/handlers/PrivateRegistryRuntimeHandlerImplTest.java,58,5,10,83,0.0,0,5,0,0,0,0,0,2,0,0,0,0,0,0,0,0,2,0,0,2,0,0,False
2517,microsoft/azure-maven-plugins,8725fd9ac9ac8abbb1d5bff25106e77a72650d09,com/microsoft/azure/maven/webapp/handlers/PublicDockerHubRuntimeHandlerImplTest.java,42,5,10,70,0.0,0,5,0,0,0,0,0,2,0,0,0,0,0,0,0,0,2,0,0,2,0,0,False
2518,microsoft/azure-maven-plugins,8725fd9ac9ac8abbb1d5bff25106e77a72650d09,com/microsoft/azure/maven/webapp/handlers/SettingsHandlerImplTest.java,24,3,9,17,0.0,0,3,0,0,0,0,0,2,0,0,0,0,0,0,0,0,2,0,0,2,0,0,False
2519,microsoft/azure-maven-plugins,8725fd9ac9ac8abbb1d5bff25106e77a72650d09,com/microsoft/azure/maven/webapp/handlers/WarArtifactHandlerImplTest.java,149,12,26,121,0.07,11,12,2,0,0,0,0,8,0,8,0,0,1,0,0,1,2,0,9,10,0,0,False
2520,microsoft/azure-maven-plugins,8725fd9ac9ac8abbb1d5bff25106e77a72650d09,com/microsoft/azure/maven/webapp/handlers/WindowsRuntimeHandlerImplTest.java,47,5,10,70,0.04,2,5,0,0,0,0,0,2,0,0,0,0,0,0,0,0,0,0,0,2,0,0,False
2521,microsoft/azure-maven-plugins,8725fd9ac9ac8abbb1d5bff25106e77a72650d09,com/microsoft/azure/maven/webapp/parser/ConfigurationParserTest.java,115,14,30,39,0.22,25,5,3,0,0,0,0,3,0,0,0,0,0,0,0,0,0,0,0,3,0,0,False
2522,microsoft/azure-maven-plugins,8725fd9ac9ac8abbb1d5bff25106e77a72650d09,com/microsoft/azure/maven/webapp/parser/V1ConfigurationParserTest.java,114,9,22,56,0.21,24,9,8,0,0,0,0,6,0,0,0,0,0,0,0,0,0,0,0,8,0,0,False
2523,microsoft/azure-maven-plugins,8725fd9ac9ac8abbb1d5bff25106e77a72650d09,com/microsoft/azure/maven/webapp/parser/V2ConfigurationParserTest.java,152,10,22,68,0.19,29,10,9,0,0,0,0,6,0,0,0,0,0,0,0,1,0,0,0,9,0,0,False
2524,microsoft/azure-maven-plugins,fd224149baf6ea2a7a213ad8ce48aac8d430d7c0,com/microsoft/azure/maven/function/AddMojoTest.java,44,7,15,24,0.11,5,7,1,0,0,0,0,6,0,1,0,0,0,0,0,0,0,0,2,6,0,0,False
2525,microsoft/azure-maven-plugins,fd224149baf6ea2a7a213ad8ce48aac8d430d7c0,com/microsoft/azure/maven/function/DeployMojoTest.java,159,18,48,149,0.08,13,18,4,0,0,0,0,15,15,0,0,0,0,0,0,0,7,0,0,15,0,0,False
2526,microsoft/azure-maven-plugins,fd224149baf6ea2a7a213ad8ce48aac8d430d7c0,com/microsoft/azure/maven/function/ListMojoTest.java,22,2,6,14,0.05,1,2,0,0,0,0,0,1,0,0,0,0,0,0,0,0,1,0,0,1,0,0,False
2527,microsoft/azure-maven-plugins,fd224149baf6ea2a7a213ad8ce48aac8d430d7c0,com/microsoft/azure/maven/function/PackageMojoTest.java,40,5,14,39,0.1,4,5,1,0,0,0,0,4,0,0,0,0,1,0,0,0,2,0,0,4,0,0,False
2528,microsoft/azure-maven-plugins,fd224149baf6ea2a7a213ad8ce48aac8d430d7c0,com/microsoft/azure/maven/function/RunMojoTest.java,57,8,20,60,0.07,4,8,1,0,0,0,0,7,0,0,0,0,0,0,0,0,1,0,0,7,0,0,False
2529,microsoft/azure-maven-plugins,fd224149baf6ea2a7a213ad8ce48aac8d430d7c0,com/microsoft/azure/maven/function/handlers/AnnotationHandlerImplTest.java,75,7,17,13,0.04,3,7,1,0,0,0,0,2,0,0,0,0,0,0,0,0,0,0,0,2,0,0,False
2530,microsoft/azure-maven-plugins,fd224149baf6ea2a7a213ad8ce48aac8d430d7c0,com/microsoft/azure/maven/function/handlers/CommandHandlerImplTest.java,20,3,4,14,0.15,3,3,1,0,0,0,0,1,0,0,0,0,0,0,0,0,0,0,0,3,0,0,False
2531,microsoft/azure-maven-plugins,fd224149baf6ea2a7a213ad8ce48aac8d430d7c0,com/microsoft/azure/maven/function/handlers/FunctionCoreToolsHandlerImplTest.java,76,7,18,83,0.03,2,7,0,0,0,0,0,6,0,0,0,0,0,0,0,0,3,0,0,7,0,0,False
2532,microsoft/azure-maven-plugins,fd224149baf6ea2a7a213ad8ce48aac8d430d7c0,com/microsoft/azure/maven/function/handlers/MSDeployArtifactHandlerImplTest.java,122,9,21,101,0.03,4,9,0,0,0,0,0,7,0,3,0,0,0,0,0,0,3,0,2,7,0,0,False
2533,microsoft/azure-maven-plugins,fd224149baf6ea2a7a213ad8ce48aac8d430d7c0,com/microsoft/azure/maven/function/utils/CommandUtilsTest.java,12,3,4,9,0.33,4,3,1,0,0,0,0,1,0,0,0,0,0,0,0,0,0,0,0,3,0,0,False
2534,microsoft/azure-maven-plugins,fd224149baf6ea2a7a213ad8ce48aac8d430d7c0,com/microsoft/azure/maven/AbstractAppServiceMojoTest.java,17,2,3,10,0.06,1,1,0,0,0,0,0,0,0,0,0,0,1,0,0,0,0,0,0,1,0,0,False
2535,microsoft/azure-maven-plugins,fd224149baf6ea2a7a213ad8ce48aac8d430d7c0,com/microsoft/azure/maven/AbstractAzureMojoTest.java,113,19,38,59,0.27,30,18,4,0,0,0,0,14,0,0,0,0,0,0,0,0,2,0,1,17,0,0,False
2536,microsoft/azure-maven-plugins,fd224149baf6ea2a7a213ad8ce48aac8d430d7c0,com/microsoft/azure/maven/FTPUploaderTest.java,49,4,11,23,0.04,2,4,0,0,0,0,0,3,0,0,0,0,0,0,0,0,1,0,0,3,0,0,False
2537,microsoft/azure-maven-plugins,fd224149baf6ea2a7a213ad8ce48aac8d430d7c0,com/microsoft/azure/maven/UtilsTest.java,44,4,8,27,0.18,8,4,2,0,0,0,0,1,0,0,0,0,0,0,0,1,1,0,0,3,0,0,False
2538,microsoft/azure-maven-plugins,fd224149baf6ea2a7a213ad8ce48aac8d430d7c0,com/microsoft/azure/maven/artifacthandler/ArtifactHandlerBaseTest.java,51,8,18,40,0.0,0,5,0,0,0,0,0,4,0,0,0,0,0,0,0,0,1,0,0,4,0,0,False
2539,microsoft/azure-maven-plugins,fd224149baf6ea2a7a213ad8ce48aac8d430d7c0,com/microsoft/azure/maven/artifacthandler/FTPArtifactHandlerImplTest.java,87,7,16,61,0.03,3,7,1,0,0,0,0,4,0,0,0,0,0,0,0,1,4,0,0,5,0,0,False
2540,microsoft/azure-maven-plugins,fd224149baf6ea2a7a213ad8ce48aac8d430d7c0,com/microsoft/azure/maven/artifacthandler/ZIPArtifactHandlerImplTest.java,73,7,14,55,0.04,3,7,0,0,0,0,0,3,0,3,0,0,0,0,0,0,1,0,3,5,0,0,False
2541,microsoft/azure-maven-plugins,fd224149baf6ea2a7a213ad8ce48aac8d430d7c0,com/microsoft/azure/maven/auth/AzureAuthHelperTest.java,183,12,24,110,0.17,31,12,5,0,0,0,0,3,0,0,0,0,0,0,0,3,0,0,0,11,0,0,False
2542,microsoft/azure-maven-plugins,fd224149baf6ea2a7a213ad8ce48aac8d430d7c0,com/microsoft/azure/maven/webapp/DeployMojoTest.java,145,22,56,99,0.17,25,16,3,0,0,0,0,12,0,0,0,0,0,0,0,0,0,0,0,12,0,0,False
2543,microsoft/azure-maven-plugins,fd224149baf6ea2a7a213ad8ce48aac8d430d7c0,com/microsoft/azure/maven/webapp/WebAppUtilsTest.java,162,11,25,96,0.06,10,11,2,0,0,0,0,9,0,0,0,0,0,0,0,0,0,0,0,11,0,0,False
2544,microsoft/azure-maven-plugins,fd224149baf6ea2a7a213ad8ce48aac8d430d7c0,com/microsoft/azure/maven/webapp/handlers/ArtifactHandlerImplV2Test.java,147,10,28,122,0.0,0,10,0,0,0,0,0,8,0,4,0,0,0,0,0,0,3,0,6,8,0,0,False
2545,microsoft/azure-maven-plugins,fd224149baf6ea2a7a213ad8ce48aac8d430d7c0,com/microsoft/azure/maven/webapp/handlers/DeploymentSlotHandlerTest.java,93,9,24,74,0.0,0,9,0,0,0,0,0,8,0,0,0,0,0,0,0,0,4,0,0,8,0,0,False
2546,microsoft/azure-maven-plugins,fd224149baf6ea2a7a213ad8ce48aac8d430d7c0,com/microsoft/azure/maven/webapp/handlers/HandlerFactoryImplTest.java,92,8,21,57,0.15,14,8,3,0,0,0,0,7,0,0,0,0,0,0,0,0,0,0,0,7,0,0,False
2547,microsoft/azure-maven-plugins,fd224149baf6ea2a7a213ad8ce48aac8d430d7c0,com/microsoft/azure/maven/webapp/handlers/JarArtifactHandlerImplTest.java,70,11,23,54,0.04,3,11,1,0,0,0,2,7,0,3,0,0,0,0,0,1,4,0,4,9,0,0,False
2548,microsoft/azure-maven-plugins,fd224149baf6ea2a7a213ad8ce48aac8d430d7c0,com/microsoft/azure/maven/webapp/handlers/LinuxRuntimeHandlerImplTest.java,42,5,10,62,0.05,2,5,0,0,0,0,0,2,0,0,0,0,0,0,0,0,0,0,0,2,0,0,False
2549,microsoft/azure-maven-plugins,fd224149baf6ea2a7a213ad8ce48aac8d430d7c0,com/microsoft/azure/maven/webapp/handlers/NullRuntimeHandlerImplTest.java,22,3,7,5,0.09,2,3,0,0,0,0,0,1,0,0,0,0,0,0,0,0,0,0,0,2,0,0,False
2550,microsoft/azure-maven-plugins,fd224149baf6ea2a7a213ad8ce48aac8d430d7c0,com/microsoft/azure/maven/webapp/handlers/PrivateDockerHubRuntimeHandlerImplTest.java,57,5,10,82,0.0,0,5,0,0,0,0,0,2,0,0,0,0,0,0,0,0,2,0,0,2,0,0,False
2551,microsoft/azure-maven-plugins,fd224149baf6ea2a7a213ad8ce48aac8d430d7c0,com/microsoft/azure/maven/webapp/handlers/PrivateRegistryRuntimeHandlerImplTest.java,58,5,10,83,0.0,0,5,0,0,0,0,0,2,0,0,0,0,0,0,0,0,2,0,0,2,0,0,False
2552,microsoft/azure-maven-plugins,fd224149baf6ea2a7a213ad8ce48aac8d430d7c0,com/microsoft/azure/maven/webapp/handlers/PublicDockerHubRuntimeHandlerImplTest.java,42,5,10,70,0.0,0,5,0,0,0,0,0,2,0,0,0,0,0,0,0,0,2,0,0,2,0,0,False
2553,microsoft/azure-maven-plugins,fd224149baf6ea2a7a213ad8ce48aac8d430d7c0,com/microsoft/azure/maven/webapp/handlers/SettingsHandlerImplTest.java,24,3,9,17,0.0,0,3,0,0,0,0,0,2,0,0,0,0,0,0,0,0,2,0,0,2,0,0,False
2554,microsoft/azure-maven-plugins,fd224149baf6ea2a7a213ad8ce48aac8d430d7c0,com/microsoft/azure/maven/webapp/handlers/WarArtifactHandlerImplTest.java,149,12,26,121,0.07,11,12,2,0,0,0,0,8,0,8,0,0,1,0,0,1,2,0,9,10,0,0,False
2555,microsoft/azure-maven-plugins,fd224149baf6ea2a7a213ad8ce48aac8d430d7c0,com/microsoft/azure/maven/webapp/handlers/WindowsRuntimeHandlerImplTest.java,47,5,10,70,0.04,2,5,0,0,0,0,0,2,0,0,0,0,0,0,0,0,0,0,0,2,0,0,False
2556,microsoft/azure-maven-plugins,fd224149baf6ea2a7a213ad8ce48aac8d430d7c0,com/microsoft/azure/maven/webapp/parser/ConfigurationParserTest.java,115,14,30,39,0.22,25,5,3,0,0,0,0,3,0,0,0,0,0,0,0,0,0,0,0,3,0,0,False
2557,microsoft/azure-maven-plugins,fd224149baf6ea2a7a213ad8ce48aac8d430d7c0,com/microsoft/azure/maven/webapp/parser/V1ConfigurationParserTest.java,114,9,22,56,0.21,24,9,8,0,0,0,0,6,0,0,0,0,0,0,0,0,0,0,0,8,0,0,False
2558,microsoft/azure-maven-plugins,fd224149baf6ea2a7a213ad8ce48aac8d430d7c0,com/microsoft/azure/maven/webapp/parser/V2ConfigurationParserTest.java,152,10,22,68,0.19,29,10,9,0,0,0,0,6,0,0,0,0,0,0,0,1,0,0,0,9,0,0,False
2559,microsoft/azure-maven-plugins,698ac69f26614d36f329295bd1784a0645a4f445,com/microsoft/azure/maven/function/AddMojoTest.java,44,7,15,24,0.11,5,7,1,0,0,0,0,6,0,1,0,0,0,0,0,0,0,0,2,6,0,0,False
2560,microsoft/azure-maven-plugins,698ac69f26614d36f329295bd1784a0645a4f445,com/microsoft/azure/maven/function/DeployMojoTest.java,153,18,48,143,0.08,13,18,4,0,0,0,0,15,15,0,0,0,0,0,0,0,7,0,0,15,0,0,False
2561,microsoft/azure-maven-plugins,698ac69f26614d36f329295bd1784a0645a4f445,com/microsoft/azure/maven/function/ListMojoTest.java,22,2,6,14,0.05,1,2,0,0,0,0,0,1,0,0,0,0,0,0,0,0,1,0,0,1,0,0,False
2562,microsoft/azure-maven-plugins,698ac69f26614d36f329295bd1784a0645a4f445,com/microsoft/azure/maven/function/PackageMojoTest.java,40,5,14,39,0.1,4,5,1,0,0,0,0,4,0,0,0,0,1,0,0,0,2,0,0,4,0,0,False
2563,microsoft/azure-maven-plugins,698ac69f26614d36f329295bd1784a0645a4f445,com/microsoft/azure/maven/function/RunMojoTest.java,59,8,20,66,0.07,4,8,1,0,0,0,0,7,0,0,0,0,0,0,0,0,1,0,0,7,0,0,False
2564,microsoft/azure-maven-plugins,698ac69f26614d36f329295bd1784a0645a4f445,com/microsoft/azure/maven/function/handlers/AnnotationHandlerImplTest.java,71,6,14,13,0.04,3,6,1,0,0,0,0,2,0,0,0,0,0,0,0,0,0,0,0,2,0,0,False
2565,microsoft/azure-maven-plugins,698ac69f26614d36f329295bd1784a0645a4f445,com/microsoft/azure/maven/function/handlers/CommandHandlerImplTest.java,20,3,4,14,0.15,3,3,1,0,0,0,0,1,0,0,0,0,0,0,0,0,0,0,0,3,0,0,False
2566,microsoft/azure-maven-plugins,698ac69f26614d36f329295bd1784a0645a4f445,com/microsoft/azure/maven/function/handlers/FunctionCoreToolsHandlerImplTest.java,79,8,20,78,0.06,5,8,0,0,0,0,0,8,0,0,0,0,0,0,0,0,3,0,0,8,0,0,False
2567,microsoft/azure-maven-plugins,698ac69f26614d36f329295bd1784a0645a4f445,com/microsoft/azure/maven/function/handlers/MSDeployArtifactHandlerImplTest.java,119,8,24,92,0.03,4,8,0,0,0,0,0,7,0,3,0,0,0,0,0,0,3,0,2,7,0,0,False
2568,microsoft/azure-maven-plugins,698ac69f26614d36f329295bd1784a0645a4f445,com/microsoft/azure/maven/function/utils/CommandUtilsTest.java,12,3,4,9,0.33,4,3,1,0,0,0,0,1,0,0,0,0,0,0,0,0,0,0,0,3,0,0,False
2569,microsoft/azure-maven-plugins,698ac69f26614d36f329295bd1784a0645a4f445,com/microsoft/azure/maven/AbstractAppServiceMojoTest.java,17,2,3,10,0.06,1,1,0,0,0,0,0,0,0,0,0,0,1,0,0,0,0,0,0,1,0,0,False
2570,microsoft/azure-maven-plugins,698ac69f26614d36f329295bd1784a0645a4f445,com/microsoft/azure/maven/AbstractAzureMojoTest.java,114,19,38,59,0.26,30,18,4,0,0,0,0,14,0,0,0,0,0,0,0,0,2,0,1,17,0,0,False
2571,microsoft/azure-maven-plugins,698ac69f26614d36f329295bd1784a0645a4f445,com/microsoft/azure/maven/FTPUploaderTest.java,49,4,11,23,0.04,2,4,0,0,0,0,0,3,0,0,0,0,0,0,0,0,1,0,0,3,0,0,False
2572,microsoft/azure-maven-plugins,698ac69f26614d36f329295bd1784a0645a4f445,com/microsoft/azure/maven/UtilsTest.java,44,4,8,27,0.18,8,4,2,0,0,0,0,1,0,0,0,0,0,0,0,1,1,0,0,3,0,0,False
2573,microsoft/azure-maven-plugins,698ac69f26614d36f329295bd1784a0645a4f445,com/microsoft/azure/maven/artifacthandler/ArtifactHandlerBaseTest.java,36,5,12,27,0.0,0,4,0,0,0,0,0,4,0,0,0,0,0,0,0,0,1,0,0,4,0,0,False
2574,microsoft/azure-maven-plugins,698ac69f26614d36f329295bd1784a0645a4f445,com/microsoft/azure/maven/artifacthandler/FTPArtifactHandlerImplTest.java,86,6,18,63,0.03,3,6,1,0,0,0,0,4,0,0,0,0,0,0,0,1,4,0,0,5,0,0,False
2575,microsoft/azure-maven-plugins,698ac69f26614d36f329295bd1784a0645a4f445,com/microsoft/azure/maven/artifacthandler/ZIPArtifactHandlerImplTest.java,62,6,18,43,0.05,3,6,0,0,0,0,0,3,0,3,0,0,0,0,0,0,1,0,3,5,0,0,False
2576,microsoft/azure-maven-plugins,698ac69f26614d36f329295bd1784a0645a4f445,com/microsoft/azure/maven/auth/AzureAuthHelperTest.java,191,12,24,110,0.16,31,12,5,0,0,0,0,3,0,0,0,0,0,0,0,3,0,0,0,11,0,0,False
2577,microsoft/azure-maven-plugins,698ac69f26614d36f329295bd1784a0645a4f445,com/microsoft/azure/maven/webapp/DeployMojoTest.java,197,27,72,162,0.13,25,21,3,0,0,0,0,17,0,0,0,0,0,0,0,0,0,0,0,17,0,0,False
2578,microsoft/azure-maven-plugins,698ac69f26614d36f329295bd1784a0645a4f445,com/microsoft/azure/maven/webapp/WebAppUtilsTest.java,162,11,25,96,0.06,10,11,2,0,0,0,0,9,0,0,0,0,0,0,0,0,0,0,0,11,0,0,False
2579,microsoft/azure-maven-plugins,698ac69f26614d36f329295bd1784a0645a4f445,com/microsoft/azure/maven/webapp/handlers/DeploymentSlotHandlerTest.java,97,9,24,79,0.0,0,9,0,0,0,0,0,8,0,0,0,0,0,0,0,0,4,0,0,8,0,0,False
2580,microsoft/azure-maven-plugins,698ac69f26614d36f329295bd1784a0645a4f445,com/microsoft/azure/maven/webapp/handlers/HandlerFactoryImplTest.java,91,8,21,46,0.14,13,8,3,0,0,0,0,7,0,0,0,0,0,0,0,0,0,0,0,7,0,0,False
2581,microsoft/azure-maven-plugins,698ac69f26614d36f329295bd1784a0645a4f445,com/microsoft/azure/maven/webapp/handlers/SettingsHandlerImplTest.java,24,3,9,17,0.0,0,3,0,0,0,0,0,2,0,0,0,0,0,0,0,0,2,0,0,2,0,0,False
2582,microsoft/azure-maven-plugins,698ac69f26614d36f329295bd1784a0645a4f445,com/microsoft/azure/maven/webapp/handlers/v1/JarArtifactHandlerImplTest.java,65,10,22,44,0.03,2,10,1,0,0,0,2,7,9,3,0,0,0,0,0,1,4,0,4,9,0,0,False
2583,microsoft/azure-maven-plugins,698ac69f26614d36f329295bd1784a0645a4f445,com/microsoft/azure/maven/webapp/handlers/v1/LinuxRuntimeHandlerImplTest.java,20,2,5,15,0.05,1,2,0,0,0,0,0,1,0,0,0,0,0,0,0,0,0,0,0,1,0,0,False
2584,microsoft/azure-maven-plugins,698ac69f26614d36f329295bd1784a0645a4f445,com/microsoft/azure/maven/webapp/handlers/v1/NullRuntimeHandlerImplTest.java,26,3,8,9,0.08,2,3,0,0,0,0,0,2,0,0,0,0,0,0,0,0,0,0,0,2,0,0,False
2585,microsoft/azure-maven-plugins,698ac69f26614d36f329295bd1784a0645a4f445,com/microsoft/azure/maven/webapp/handlers/v1/PrivateDockerHubRuntimeHandlerImplTest.java,31,3,8,18,0.0,0,3,0,0,0,0,1,2,1,0,0,0,0,0,0,0,2,0,0,2,0,0,False
2586,microsoft/azure-maven-plugins,698ac69f26614d36f329295bd1784a0645a4f445,com/microsoft/azure/maven/webapp/handlers/v1/PrivateRegistryRuntimeHandlerImplTest.java,31,3,8,18,0.0,0,3,0,0,0,0,1,2,1,0,0,0,0,0,0,0,2,0,0,2,0,0,False
2587,microsoft/azure-maven-plugins,698ac69f26614d36f329295bd1784a0645a4f445,com/microsoft/azure/maven/webapp/handlers/v1/PublicDockerHubRuntimeHandlerImplTest.java,24,3,8,15,0.0,0,3,0,0,0,0,1,2,1,0,0,0,0,0,0,0,2,0,0,2,0,0,False
2588,microsoft/azure-maven-plugins,698ac69f26614d36f329295bd1784a0645a4f445,com/microsoft/azure/maven/webapp/handlers/v1/WarArtifactHandlerImplTest.java,130,11,25,104,0.08,11,11,2,0,0,0,0,8,10,8,0,0,1,0,0,1,2,0,9,10,0,0,False
2589,microsoft/azure-maven-plugins,698ac69f26614d36f329295bd1784a0645a4f445,com/microsoft/azure/maven/webapp/handlers/v1/WindowsRuntimeHandlerImplTest.java,24,3,8,15,0.04,1,3,0,0,0,0,1,2,1,0,0,0,0,0,0,0,1,0,0,2,0,0,False
2590,microsoft/azure-maven-plugins,06235edb69321e95207ac94eb70cb74bea09bcc1,com/microsoft/azure/maven/function/AddMojoTest.java,44,7,15,24,0.11,5,7,1,0,0,0,0,6,0,1,0,0,0,0,0,0,0,0,2,6,0,0,False
2591,microsoft/azure-maven-plugins,06235edb69321e95207ac94eb70cb74bea09bcc1,com/microsoft/azure/maven/function/DeployMojoTest.java,153,18,48,143,0.08,13,18,4,0,0,0,0,15,15,0,0,0,0,0,0,0,7,0,0,15,0,0,False
2592,microsoft/azure-maven-plugins,06235edb69321e95207ac94eb70cb74bea09bcc1,com/microsoft/azure/maven/function/ListMojoTest.java,22,2,6,14,0.05,1,2,0,0,0,0,0,1,0,0,0,0,0,0,0,0,1,0,0,1,0,0,False
2593,microsoft/azure-maven-plugins,06235edb69321e95207ac94eb70cb74bea09bcc1,com/microsoft/azure/maven/function/PackageMojoTest.java,40,5,14,39,0.1,4,5,1,0,0,0,0,4,0,0,0,0,1,0,0,0,2,0,0,4,0,0,False
2594,microsoft/azure-maven-plugins,06235edb69321e95207ac94eb70cb74bea09bcc1,com/microsoft/azure/maven/function/RunMojoTest.java,59,8,20,64,0.07,4,8,1,0,0,0,0,7,0,0,0,0,0,0,0,0,1,0,0,7,0,0,False
2595,microsoft/azure-maven-plugins,06235edb69321e95207ac94eb70cb74bea09bcc1,com/microsoft/azure/maven/function/handlers/AnnotationHandlerImplTest.java,71,6,14,13,0.04,3,6,1,0,0,0,0,2,0,0,0,0,0,0,0,0,0,0,0,2,0,0,False
2596,microsoft/azure-maven-plugins,06235edb69321e95207ac94eb70cb74bea09bcc1,com/microsoft/azure/maven/function/handlers/CommandHandlerImplTest.java,20,3,4,14,0.15,3,3,1,0,0,0,0,1,0,0,0,0,0,0,0,0,0,0,0,3,0,0,False
2597,microsoft/azure-maven-plugins,06235edb69321e95207ac94eb70cb74bea09bcc1,com/microsoft/azure/maven/function/handlers/FunctionCoreToolsHandlerImplTest.java,79,8,20,78,0.06,5,8,0,0,0,0,0,8,0,0,0,0,0,0,0,0,3,0,0,8,0,0,False
2598,microsoft/azure-maven-plugins,06235edb69321e95207ac94eb70cb74bea09bcc1,com/microsoft/azure/maven/function/handlers/MSDeployArtifactHandlerImplTest.java,119,8,24,92,0.03,4,8,0,0,0,0,0,7,0,3,0,0,0,0,0,0,3,0,2,7,0,0,False
2599,microsoft/azure-maven-plugins,06235edb69321e95207ac94eb70cb74bea09bcc1,com/microsoft/azure/maven/function/utils/CommandUtilsTest.java,12,3,4,9,0.33,4,3,1,0,0,0,0,1,0,0,0,0,0,0,0,0,0,0,0,3,0,0,False
2600,microsoft/azure-maven-plugins,06235edb69321e95207ac94eb70cb74bea09bcc1,com/microsoft/azure/maven/AbstractAppServiceMojoTest.java,17,2,3,10,0.06,1,1,0,0,0,0,0,0,0,0,0,0,1,0,0,0,0,0,0,1,0,0,False
2601,microsoft/azure-maven-plugins,06235edb69321e95207ac94eb70cb74bea09bcc1,com/microsoft/azure/maven/AbstractAzureMojoTest.java,114,19,38,59,0.26,30,18,4,0,0,0,0,14,0,0,0,0,0,0,0,0,2,0,1,17,0,0,False
2602,microsoft/azure-maven-plugins,06235edb69321e95207ac94eb70cb74bea09bcc1,com/microsoft/azure/maven/FTPUploaderTest.java,49,4,11,23,0.04,2,4,0,0,0,0,0,3,0,0,0,0,0,0,0,0,1,0,0,3,0,0,False
2603,microsoft/azure-maven-plugins,06235edb69321e95207ac94eb70cb74bea09bcc1,com/microsoft/azure/maven/UtilsTest.java,44,4,8,27,0.18,8,4,2,0,0,0,0,1,0,0,0,0,0,0,0,1,1,0,0,3,0,0,False
2604,microsoft/azure-maven-plugins,06235edb69321e95207ac94eb70cb74bea09bcc1,com/microsoft/azure/maven/artifacthandler/ArtifactHandlerBaseTest.java,36,5,12,27,0.0,0,4,0,0,0,0,0,4,0,0,0,0,0,0,0,0,1,0,0,4,0,0,False
2605,microsoft/azure-maven-plugins,06235edb69321e95207ac94eb70cb74bea09bcc1,com/microsoft/azure/maven/artifacthandler/FTPArtifactHandlerImplTest.java,86,6,18,63,0.03,3,6,1,0,0,0,0,4,0,0,0,0,0,0,0,1,4,0,0,5,0,0,False
2606,microsoft/azure-maven-plugins,06235edb69321e95207ac94eb70cb74bea09bcc1,com/microsoft/azure/maven/artifacthandler/ZIPArtifactHandlerImplTest.java,62,6,18,43,0.05,3,6,0,0,0,0,0,3,0,3,0,0,0,0,0,0,1,0,3,5,0,0,False
2607,microsoft/azure-maven-plugins,06235edb69321e95207ac94eb70cb74bea09bcc1,com/microsoft/azure/maven/auth/AzureAuthHelperTest.java,191,12,24,110,0.16,31,12,5,0,0,0,0,3,0,0,0,0,0,0,0,3,0,0,0,11,0,0,False
2608,microsoft/azure-maven-plugins,06235edb69321e95207ac94eb70cb74bea09bcc1,com/microsoft/azure/maven/webapp/DeployMojoTest.java,197,27,72,162,0.13,25,21,3,0,0,0,0,17,0,0,0,0,0,0,0,0,0,0,0,17,0,0,False
2609,microsoft/azure-maven-plugins,06235edb69321e95207ac94eb70cb74bea09bcc1,com/microsoft/azure/maven/webapp/WebAppUtilsTest.java,162,11,25,96,0.06,10,11,2,0,0,0,0,9,0,0,0,0,0,0,0,0,0,0,0,11,0,0,False
2610,microsoft/azure-maven-plugins,06235edb69321e95207ac94eb70cb74bea09bcc1,com/microsoft/azure/maven/webapp/handlers/DeploymentSlotHandlerTest.java,97,9,24,79,0.0,0,9,0,0,0,0,0,8,0,0,0,0,0,0,0,0,4,0,0,8,0,0,False
2611,microsoft/azure-maven-plugins,06235edb69321e95207ac94eb70cb74bea09bcc1,com/microsoft/azure/maven/webapp/handlers/HandlerFactoryImplTest.java,91,8,21,46,0.14,13,8,3,0,0,0,0,7,0,0,0,0,0,0,0,0,0,0,0,7,0,0,False
2612,microsoft/azure-maven-plugins,06235edb69321e95207ac94eb70cb74bea09bcc1,com/microsoft/azure/maven/webapp/handlers/SettingsHandlerImplTest.java,24,3,9,17,0.0,0,3,0,0,0,0,0,2,0,0,0,0,0,0,0,0,2,0,0,2,0,0,False
2613,microsoft/azure-maven-plugins,06235edb69321e95207ac94eb70cb74bea09bcc1,com/microsoft/azure/maven/webapp/handlers/v1/JarArtifactHandlerImplTest.java,65,10,22,44,0.03,2,10,1,0,0,0,2,7,9,3,0,0,0,0,0,1,4,0,4,9,0,0,False
2614,microsoft/azure-maven-plugins,06235edb69321e95207ac94eb70cb74bea09bcc1,com/microsoft/azure/maven/webapp/handlers/v1/LinuxRuntimeHandlerImplTest.java,20,2,5,15,0.05,1,2,0,0,0,0,0,1,0,0,0,0,0,0,0,0,0,0,0,1,0,0,False
2615,microsoft/azure-maven-plugins,06235edb69321e95207ac94eb70cb74bea09bcc1,com/microsoft/azure/maven/webapp/handlers/v1/NullRuntimeHandlerImplTest.java,26,3,8,9,0.08,2,3,0,0,0,0,0,2,0,0,0,0,0,0,0,0,0,0,0,2,0,0,False
2616,microsoft/azure-maven-plugins,06235edb69321e95207ac94eb70cb74bea09bcc1,com/microsoft/azure/maven/webapp/handlers/v1/PrivateDockerHubRuntimeHandlerImplTest.java,31,3,8,18,0.0,0,3,0,0,0,0,1,2,1,0,0,0,0,0,0,0,2,0,0,2,0,0,False
2617,microsoft/azure-maven-plugins,06235edb69321e95207ac94eb70cb74bea09bcc1,com/microsoft/azure/maven/webapp/handlers/v1/PrivateRegistryRuntimeHandlerImplTest.java,31,3,8,18,0.0,0,3,0,0,0,0,1,2,1,0,0,0,0,0,0,0,2,0,0,2,0,0,False
2618,microsoft/azure-maven-plugins,06235edb69321e95207ac94eb70cb74bea09bcc1,com/microsoft/azure/maven/webapp/handlers/v1/PublicDockerHubRuntimeHandlerImplTest.java,24,3,8,15,0.0,0,3,0,0,0,0,1,2,1,0,0,0,0,0,0,0,2,0,0,2,0,0,False
2619,microsoft/azure-maven-plugins,06235edb69321e95207ac94eb70cb74bea09bcc1,com/microsoft/azure/maven/webapp/handlers/v1/WarArtifactHandlerImplTest.java,130,11,25,104,0.08,11,11,2,0,0,0,0,8,10,8,0,0,1,0,0,1,2,0,9,10,0,0,False
2620,microsoft/azure-maven-plugins,06235edb69321e95207ac94eb70cb74bea09bcc1,com/microsoft/azure/maven/webapp/handlers/v1/WindowsRuntimeHandlerImplTest.java,24,3,8,15,0.04,1,3,0,0,0,0,1,2,1,0,0,0,0,0,0,0,1,0,0,2,0,0,False
2621,microsoft/azure-maven-plugins,5533b4c0ba0fb135c20e6a4f217e0142a000e1b4,com/microsoft/azure/maven/function/AddMojoTest.java,44,7,15,24,0.11,5,7,1,0,0,0,0,6,0,1,0,0,0,0,0,0,0,0,2,6,0,0,False
2622,microsoft/azure-maven-plugins,5533b4c0ba0fb135c20e6a4f217e0142a000e1b4,com/microsoft/azure/maven/function/DeployMojoTest.java,153,18,48,143,0.08,13,18,4,0,0,0,0,15,15,0,0,0,0,0,0,0,7,0,0,15,0,0,False
2623,microsoft/azure-maven-plugins,5533b4c0ba0fb135c20e6a4f217e0142a000e1b4,com/microsoft/azure/maven/function/ListMojoTest.java,22,2,6,14,0.05,1,2,0,0,0,0,0,1,0,0,0,0,0,0,0,0,1,0,0,1,0,0,False
2624,microsoft/azure-maven-plugins,5533b4c0ba0fb135c20e6a4f217e0142a000e1b4,com/microsoft/azure/maven/function/PackageMojoTest.java,40,5,14,39,0.1,4,5,1,0,0,0,0,4,0,0,0,0,1,0,0,0,2,0,0,4,0,0,False
2625,microsoft/azure-maven-plugins,5533b4c0ba0fb135c20e6a4f217e0142a000e1b4,com/microsoft/azure/maven/function/RunMojoTest.java,59,8,20,64,0.07,4,8,1,0,0,0,0,7,0,0,0,0,0,0,0,0,1,0,0,7,0,0,False
2626,microsoft/azure-maven-plugins,5533b4c0ba0fb135c20e6a4f217e0142a000e1b4,com/microsoft/azure/maven/function/handlers/AnnotationHandlerImplTest.java,72,6,14,15,0.06,4,6,1,0,0,0,0,2,0,0,0,0,0,0,0,0,0,0,0,2,0,0,False
2627,microsoft/azure-maven-plugins,5533b4c0ba0fb135c20e6a4f217e0142a000e1b4,com/microsoft/azure/maven/function/handlers/CommandHandlerImplTest.java,20,3,4,14,0.15,3,3,1,0,0,0,0,1,0,0,0,0,0,0,0,0,0,0,0,3,0,0,False
2628,microsoft/azure-maven-plugins,5533b4c0ba0fb135c20e6a4f217e0142a000e1b4,com/microsoft/azure/maven/function/handlers/FunctionCoreToolsHandlerImplTest.java,79,8,20,78,0.06,5,8,0,0,0,0,0,8,0,0,0,0,0,0,0,0,3,0,0,8,0,0,False
2629,microsoft/azure-maven-plugins,5533b4c0ba0fb135c20e6a4f217e0142a000e1b4,com/microsoft/azure/maven/function/handlers/MSDeployArtifactHandlerImplTest.java,119,8,24,92,0.03,4,8,0,0,0,0,0,7,0,3,0,0,0,0,0,0,3,0,2,7,0,0,False
2630,microsoft/azure-maven-plugins,5533b4c0ba0fb135c20e6a4f217e0142a000e1b4,com/microsoft/azure/maven/function/utils/CommandUtilsTest.java,12,3,4,9,0.33,4,3,1,0,0,0,0,1,0,0,0,0,0,0,0,0,0,0,0,3,0,0,False
2631,microsoft/azure-maven-plugins,5533b4c0ba0fb135c20e6a4f217e0142a000e1b4,com/microsoft/azure/maven/AbstractAppServiceMojoTest.java,17,2,3,10,0.06,1,1,0,0,0,0,0,0,0,0,0,0,1,0,0,0,0,0,0,1,0,0,False
2632,microsoft/azure-maven-plugins,5533b4c0ba0fb135c20e6a4f217e0142a000e1b4,com/microsoft/azure/maven/AbstractAzureMojoTest.java,114,19,38,59,0.26,30,18,4,0,0,0,0,14,0,0,0,0,0,0,0,0,2,0,1,17,0,0,False
2633,microsoft/azure-maven-plugins,5533b4c0ba0fb135c20e6a4f217e0142a000e1b4,com/microsoft/azure/maven/FTPUploaderTest.java,49,4,11,23,0.04,2,4,0,0,0,0,0,3,0,0,0,0,0,0,0,0,1,0,0,3,0,0,False
2634,microsoft/azure-maven-plugins,5533b4c0ba0fb135c20e6a4f217e0142a000e1b4,com/microsoft/azure/maven/UtilsTest.java,44,4,8,27,0.18,8,4,2,0,0,0,0,1,0,0,0,0,0,0,0,1,1,0,0,3,0,0,False
2635,microsoft/azure-maven-plugins,5533b4c0ba0fb135c20e6a4f217e0142a000e1b4,com/microsoft/azure/maven/artifacthandler/ArtifactHandlerBaseTest.java,36,5,12,27,0.0,0,4,0,0,0,0,0,4,0,0,0,0,0,0,0,0,1,0,0,4,0,0,False
2636,microsoft/azure-maven-plugins,5533b4c0ba0fb135c20e6a4f217e0142a000e1b4,com/microsoft/azure/maven/artifacthandler/FTPArtifactHandlerImplTest.java,86,6,18,63,0.03,3,6,1,0,0,0,0,4,0,0,0,0,0,0,0,1,4,0,0,5,0,0,False
2637,microsoft/azure-maven-plugins,5533b4c0ba0fb135c20e6a4f217e0142a000e1b4,com/microsoft/azure/maven/artifacthandler/ZIPArtifactHandlerImplTest.java,62,6,18,43,0.05,3,6,0,0,0,0,0,3,0,3,0,0,0,0,0,0,1,0,3,5,0,0,False
2638,microsoft/azure-maven-plugins,5533b4c0ba0fb135c20e6a4f217e0142a000e1b4,com/microsoft/azure/maven/auth/AzureAuthHelperTest.java,191,12,24,110,0.16,31,12,5,0,0,0,0,3,0,0,0,0,0,0,0,3,0,0,0,11,0,0,False
2639,microsoft/azure-maven-plugins,5533b4c0ba0fb135c20e6a4f217e0142a000e1b4,com/microsoft/azure/maven/webapp/DeployMojoTest.java,197,27,72,162,0.13,25,21,3,0,0,0,0,17,0,0,0,0,0,0,0,0,0,0,0,17,0,0,False
2640,microsoft/azure-maven-plugins,5533b4c0ba0fb135c20e6a4f217e0142a000e1b4,com/microsoft/azure/maven/webapp/WebAppUtilsTest.java,184,11,27,106,0.05,10,11,2,0,0,0,0,11,0,0,0,0,0,0,0,0,0,0,0,11,0,0,False
2641,microsoft/azure-maven-plugins,5533b4c0ba0fb135c20e6a4f217e0142a000e1b4,com/microsoft/azure/maven/webapp/handlers/DeploymentSlotHandlerTest.java,97,9,24,79,0.0,0,9,0,0,0,0,0,8,0,0,0,0,0,0,0,0,4,0,0,8,0,0,False
2642,microsoft/azure-maven-plugins,5533b4c0ba0fb135c20e6a4f217e0142a000e1b4,com/microsoft/azure/maven/webapp/handlers/HandlerFactoryImplTest.java,91,8,21,46,0.14,13,8,3,0,0,0,0,7,0,0,0,0,0,0,0,0,0,0,0,7,0,0,False
2643,microsoft/azure-maven-plugins,5533b4c0ba0fb135c20e6a4f217e0142a000e1b4,com/microsoft/azure/maven/webapp/handlers/JarArtifactHandlerImplTest.java,65,10,22,44,0.03,2,10,1,0,0,0,2,7,9,3,0,0,0,0,0,1,4,0,4,9,0,0,False
2644,microsoft/azure-maven-plugins,5533b4c0ba0fb135c20e6a4f217e0142a000e1b4,com/microsoft/azure/maven/webapp/handlers/JavaRuntimeHandlerImplTest.java,24,3,8,15,0.04,1,3,0,0,0,0,1,2,1,0,0,0,0,0,0,0,1,0,0,2,0,0,False
2645,microsoft/azure-maven-plugins,5533b4c0ba0fb135c20e6a4f217e0142a000e1b4,com/microsoft/azure/maven/webapp/handlers/LinuxRuntimeHandlerImplTest.java,20,2,5,15,0.05,1,2,0,0,0,0,0,1,0,0,0,0,0,0,0,0,0,0,0,1,0,0,False
2646,microsoft/azure-maven-plugins,5533b4c0ba0fb135c20e6a4f217e0142a000e1b4,com/microsoft/azure/maven/webapp/handlers/NullRuntimeHandlerImplTest.java,26,3,8,9,0.08,2,3,0,0,0,0,0,2,0,0,0,0,0,0,0,0,0,0,0,2,0,0,False
2647,microsoft/azure-maven-plugins,5533b4c0ba0fb135c20e6a4f217e0142a000e1b4,com/microsoft/azure/maven/webapp/handlers/PrivateDockerHubRuntimeHandlerImplTest.java,31,3,8,18,0.0,0,3,0,0,0,0,1,2,1,0,0,0,0,0,0,0,2,0,0,2,0,0,False
2648,microsoft/azure-maven-plugins,5533b4c0ba0fb135c20e6a4f217e0142a000e1b4,com/microsoft/azure/maven/webapp/handlers/PrivateRegistryRuntimeHandlerImplTest.java,31,3,8,18,0.0,0,3,0,0,0,0,1,2,1,0,0,0,0,0,0,0,2,0,0,2,0,0,False
2649,microsoft/azure-maven-plugins,5533b4c0ba0fb135c20e6a4f217e0142a000e1b4,com/microsoft/azure/maven/webapp/handlers/PublicDockerHubRuntimeHandlerImplTest.java,24,3,8,15,0.0,0,3,0,0,0,0,1,2,1,0,0,0,0,0,0,0,2,0,0,2,0,0,False
2650,microsoft/azure-maven-plugins,5533b4c0ba0fb135c20e6a4f217e0142a000e1b4,com/microsoft/azure/maven/webapp/handlers/SettingsHandlerImplTest.java,24,3,9,17,0.0,0,3,0,0,0,0,0,2,0,0,0,0,0,0,0,0,2,0,0,2,0,0,False
2651,microsoft/azure-maven-plugins,5533b4c0ba0fb135c20e6a4f217e0142a000e1b4,com/microsoft/azure/maven/webapp/handlers/WarArtifactHandlerImplTest.java,130,11,25,104,0.08,11,11,2,0,0,0,0,8,10,8,0,0,1,0,0,1,2,0,9,10,0,0,False
2652,microsoft/azure-maven-plugins,01e1451e8ebaaea5586481c1789990d11de6680a,com/microsoft/azure/maven/function/AddMojoTest.java,44,7,15,24,0.11,5,7,1,0,0,0,0,6,0,1,0,0,0,0,0,0,0,0,2,6,0,0,False
2653,microsoft/azure-maven-plugins,01e1451e8ebaaea5586481c1789990d11de6680a,com/microsoft/azure/maven/function/DeployMojoTest.java,152,18,48,142,0.09,13,18,4,0,0,0,0,15,15,0,0,0,0,0,0,0,7,0,0,15,0,0,False
2654,microsoft/azure-maven-plugins,01e1451e8ebaaea5586481c1789990d11de6680a,com/microsoft/azure/maven/function/ListMojoTest.java,22,2,6,14,0.05,1,2,0,0,0,0,0,1,0,0,0,0,0,0,0,0,1,0,0,1,0,0,False
2655,microsoft/azure-maven-plugins,01e1451e8ebaaea5586481c1789990d11de6680a,com/microsoft/azure/maven/function/PackageMojoTest.java,40,5,14,39,0.1,4,5,1,0,0,0,0,4,0,0,0,0,1,0,0,0,2,0,0,4,0,0,False
2656,microsoft/azure-maven-plugins,01e1451e8ebaaea5586481c1789990d11de6680a,com/microsoft/azure/maven/function/RunMojoTest.java,59,8,20,64,0.07,4,8,1,0,0,0,0,7,0,0,0,0,0,0,0,0,1,0,0,7,0,0,False
2657,microsoft/azure-maven-plugins,01e1451e8ebaaea5586481c1789990d11de6680a,com/microsoft/azure/maven/function/handlers/AnnotationHandlerImplTest.java,72,6,14,15,0.06,4,6,1,0,0,0,0,2,0,0,0,0,0,0,0,0,0,0,0,2,0,0,False
2658,microsoft/azure-maven-plugins,01e1451e8ebaaea5586481c1789990d11de6680a,com/microsoft/azure/maven/function/handlers/CommandHandlerImplTest.java,20,3,4,14,0.15,3,3,1,0,0,0,0,1,0,0,0,0,0,0,0,0,0,0,0,3,0,0,False
2659,microsoft/azure-maven-plugins,01e1451e8ebaaea5586481c1789990d11de6680a,com/microsoft/azure/maven/function/handlers/FunctionCoreToolsHandlerImplTest.java,79,8,20,78,0.06,5,8,0,0,0,0,0,8,0,0,0,0,0,0,0,0,3,0,0,8,0,0,False
2660,microsoft/azure-maven-plugins,01e1451e8ebaaea5586481c1789990d11de6680a,com/microsoft/azure/maven/function/handlers/MSDeployArtifactHandlerImplTest.java,119,8,24,92,0.03,4,8,0,0,0,0,0,7,0,3,0,0,0,0,0,0,3,0,2,7,0,0,False
2661,microsoft/azure-maven-plugins,01e1451e8ebaaea5586481c1789990d11de6680a,com/microsoft/azure/maven/function/utils/CommandUtilsTest.java,12,3,4,9,0.33,4,3,1,0,0,0,0,1,0,0,0,0,0,0,0,0,0,0,0,3,0,0,False
2662,microsoft/azure-maven-plugins,01e1451e8ebaaea5586481c1789990d11de6680a,com/microsoft/azure/maven/AbstractAppServiceMojoTest.java,17,2,3,10,0.06,1,1,0,0,0,0,0,0,0,0,0,0,1,0,0,0,0,0,0,1,0,0,False
2663,microsoft/azure-maven-plugins,01e1451e8ebaaea5586481c1789990d11de6680a,com/microsoft/azure/maven/AbstractAzureMojoTest.java,114,19,38,59,0.26,30,18,4,0,0,0,0,14,0,0,0,0,0,0,0,0,2,0,1,17,0,0,False
2664,microsoft/azure-maven-plugins,01e1451e8ebaaea5586481c1789990d11de6680a,com/microsoft/azure/maven/FTPUploaderTest.java,49,4,11,23,0.04,2,4,0,0,0,0,0,3,0,0,0,0,0,0,0,0,1,0,0,3,0,0,False
2665,microsoft/azure-maven-plugins,01e1451e8ebaaea5586481c1789990d11de6680a,com/microsoft/azure/maven/UtilsTest.java,44,4,8,27,0.18,8,4,2,0,0,0,0,1,0,0,0,0,0,0,0,1,1,0,0,3,0,0,False
2666,microsoft/azure-maven-plugins,01e1451e8ebaaea5586481c1789990d11de6680a,com/microsoft/azure/maven/artifacthandler/ArtifactHandlerBaseTest.java,32,4,9,25,0.0,0,3,0,0,0,0,0,3,0,0,0,0,0,0,0,0,1,0,0,3,0,0,False
2667,microsoft/azure-maven-plugins,01e1451e8ebaaea5586481c1789990d11de6680a,com/microsoft/azure/maven/artifacthandler/FTPArtifactHandlerImplTest.java,86,6,18,63,0.03,3,6,1,0,0,0,0,4,0,0,0,0,0,0,0,1,4,0,0,5,0,0,False
2668,microsoft/azure-maven-plugins,01e1451e8ebaaea5586481c1789990d11de6680a,com/microsoft/azure/maven/artifacthandler/ZIPArtifactHandlerImplTest.java,48,5,14,36,0.04,2,5,0,0,0,0,0,2,0,3,0,0,0,0,0,0,1,0,3,4,0,0,False
2669,microsoft/azure-maven-plugins,01e1451e8ebaaea5586481c1789990d11de6680a,com/microsoft/azure/maven/auth/AzureAuthHelperTest.java,191,12,24,110,0.16,31,12,5,0,0,0,0,3,0,0,0,0,0,0,0,3,0,0,0,11,0,0,False
2670,microsoft/azure-maven-plugins,01e1451e8ebaaea5586481c1789990d11de6680a,com/microsoft/azure/maven/webapp/DeployMojoTest.java,197,27,72,162,0.13,25,21,3,0,0,0,0,17,0,0,0,0,0,0,0,0,0,0,0,17,0,0,False
2671,microsoft/azure-maven-plugins,01e1451e8ebaaea5586481c1789990d11de6680a,com/microsoft/azure/maven/webapp/WebAppUtilsTest.java,184,11,27,106,0.05,10,11,2,0,0,0,0,11,0,0,0,0,0,0,0,0,0,0,0,11,0,0,False
2672,microsoft/azure-maven-plugins,01e1451e8ebaaea5586481c1789990d11de6680a,com/microsoft/azure/maven/webapp/handlers/DeploymentSlotHandlerTest.java,97,9,24,79,0.0,0,9,0,0,0,0,0,8,0,0,0,0,0,0,0,0,4,0,0,8,0,0,False
2673,microsoft/azure-maven-plugins,01e1451e8ebaaea5586481c1789990d11de6680a,com/microsoft/azure/maven/webapp/handlers/HandlerFactoryImplTest.java,59,4,9,17,0.17,10,4,3,0,0,0,0,3,0,0,0,0,0,0,0,0,0,0,0,3,0,0,False
2674,microsoft/azure-maven-plugins,01e1451e8ebaaea5586481c1789990d11de6680a,com/microsoft/azure/maven/webapp/handlers/JarArtifactHandlerImplTest.java,65,10,22,44,0.03,2,10,1,0,0,0,2,7,9,3,0,0,0,0,0,1,4,0,4,9,0,0,False
2675,microsoft/azure-maven-plugins,01e1451e8ebaaea5586481c1789990d11de6680a,com/microsoft/azure/maven/webapp/handlers/JavaRuntimeHandlerImplTest.java,24,3,8,15,0.04,1,3,0,0,0,0,1,2,1,0,0,0,0,0,0,0,1,0,0,2,0,0,False
2676,microsoft/azure-maven-plugins,01e1451e8ebaaea5586481c1789990d11de6680a,com/microsoft/azure/maven/webapp/handlers/LinuxRuntimeHandlerImplTest.java,20,2,5,15,0.05,1,2,0,0,0,0,0,1,0,0,0,0,0,0,0,0,0,0,0,1,0,0,False
2677,microsoft/azure-maven-plugins,01e1451e8ebaaea5586481c1789990d11de6680a,com/microsoft/azure/maven/webapp/handlers/NullRuntimeHandlerImplTest.java,26,3,8,9,0.08,2,3,0,0,0,0,0,2,0,0,0,0,0,0,0,0,0,0,0,2,0,0,False
2678,microsoft/azure-maven-plugins,01e1451e8ebaaea5586481c1789990d11de6680a,com/microsoft/azure/maven/webapp/handlers/PrivateDockerHubRuntimeHandlerImplTest.java,31,3,8,18,0.0,0,3,0,0,0,0,1,2,1,0,0,0,0,0,0,0,2,0,0,2,0,0,False
2679,microsoft/azure-maven-plugins,01e1451e8ebaaea5586481c1789990d11de6680a,com/microsoft/azure/maven/webapp/handlers/PrivateRegistryRuntimeHandlerImplTest.java,31,3,8,18,0.0,0,3,0,0,0,0,1,2,1,0,0,0,0,0,0,0,2,0,0,2,0,0,False
2680,microsoft/azure-maven-plugins,01e1451e8ebaaea5586481c1789990d11de6680a,com/microsoft/azure/maven/webapp/handlers/PublicDockerHubRuntimeHandlerImplTest.java,24,3,8,15,0.0,0,3,0,0,0,0,1,2,1,0,0,0,0,0,0,0,2,0,0,2,0,0,False
2681,microsoft/azure-maven-plugins,01e1451e8ebaaea5586481c1789990d11de6680a,com/microsoft/azure/maven/webapp/handlers/SettingsHandlerImplTest.java,24,3,9,17,0.0,0,3,0,0,0,0,0,2,0,0,0,0,0,0,0,0,2,0,0,2,0,0,False
2682,microsoft/azure-maven-plugins,01e1451e8ebaaea5586481c1789990d11de6680a,com/microsoft/azure/maven/webapp/handlers/WarArtifactHandlerImplTest.java,130,11,25,104,0.08,11,11,2,0,0,0,0,8,10,8,0,0,1,0,0,1,2,0,9,10,0,0,False
2683,microsoft/azure-maven-plugins,dfa24f5943dacf00fd2661a857c7cad18beeeec7,com/microsoft/azure/maven/function/AddMojoTest.java,44,7,15,24,0.11,5,7,1,0,0,0,0,6,0,1,0,0,0,0,0,0,0,0,2,6,0,0,False
2684,microsoft/azure-maven-plugins,dfa24f5943dacf00fd2661a857c7cad18beeeec7,com/microsoft/azure/maven/function/DeployMojoTest.java,145,17,44,138,0.08,12,17,3,0,0,0,0,14,14,0,0,0,1,0,0,0,7,0,0,14,0,0,False
2685,microsoft/azure-maven-plugins,dfa24f5943dacf00fd2661a857c7cad18beeeec7,com/microsoft/azure/maven/function/PackageMojoTest.java,40,5,14,39,0.1,4,5,1,0,0,0,0,4,0,0,0,0,1,0,0,0,2,0,0,4,0,0,False
2686,microsoft/azure-maven-plugins,dfa24f5943dacf00fd2661a857c7cad18beeeec7,com/microsoft/azure/maven/function/RunMojoTest.java,59,8,20,64,0.07,4,8,1,0,0,0,0,7,0,0,0,0,0,0,0,0,1,0,0,7,0,0,False
2687,microsoft/azure-maven-plugins,dfa24f5943dacf00fd2661a857c7cad18beeeec7,com/microsoft/azure/maven/function/handlers/AnnotationHandlerImplTest.java,72,6,14,15,0.06,4,6,1,0,0,0,0,2,0,0,0,0,0,0,0,0,0,0,0,2,0,0,False
2688,microsoft/azure-maven-plugins,dfa24f5943dacf00fd2661a857c7cad18beeeec7,com/microsoft/azure/maven/function/handlers/CommandHandlerImplTest.java,20,3,4,14,0.15,3,3,1,0,0,0,0,1,0,0,0,0,0,0,0,0,0,0,0,3,0,0,False
2689,microsoft/azure-maven-plugins,dfa24f5943dacf00fd2661a857c7cad18beeeec7,com/microsoft/azure/maven/function/handlers/FTPArtifactHandlerImplTest.java,36,2,6,24,0.03,1,2,0,0,0,0,0,2,0,0,0,0,0,0,0,0,1,0,0,2,0,0,False
2690,microsoft/azure-maven-plugins,dfa24f5943dacf00fd2661a857c7cad18beeeec7,com/microsoft/azure/maven/function/handlers/FunctionCoreToolsHandlerImplTest.java,79,8,20,78,0.06,5,8,0,0,0,0,0,8,0,0,0,0,0,0,0,0,3,0,0,8,0,0,False
2691,microsoft/azure-maven-plugins,dfa24f5943dacf00fd2661a857c7cad18beeeec7,com/microsoft/azure/maven/function/handlers/MSDeployArtifactHandlerImplTest.java,104,8,24,85,0.04,4,8,0,0,0,0,0,7,0,2,0,0,0,0,0,0,3,0,1,7,0,0,False
2692,microsoft/azure-maven-plugins,dfa24f5943dacf00fd2661a857c7cad18beeeec7,com/microsoft/azure/maven/function/utils/CommandUtilsTest.java,12,3,4,9,0.33,4,3,1,0,0,0,0,1,0,0,0,0,0,0,0,0,0,0,0,3,0,0,False
2693,microsoft/azure-maven-plugins,dfa24f5943dacf00fd2661a857c7cad18beeeec7,com/microsoft/azure/maven/AbstractAzureMojoTest.java,114,19,38,59,0.26,30,18,4,0,0,0,0,14,0,0,0,0,0,0,0,0,2,0,1,17,0,0,False
2694,microsoft/azure-maven-plugins,dfa24f5943dacf00fd2661a857c7cad18beeeec7,com/microsoft/azure/maven/FTPUploaderTest.java,49,4,11,23,0.04,2,4,0,0,0,0,0,3,0,0,0,0,0,0,0,0,1,0,0,3,0,0,False
2695,microsoft/azure-maven-plugins,dfa24f5943dacf00fd2661a857c7cad18beeeec7,com/microsoft/azure/maven/UtilsTest.java,44,4,8,27,0.18,8,4,2,0,0,0,0,1,0,0,0,0,0,0,0,1,1,0,0,3,0,0,False
2696,microsoft/azure-maven-plugins,dfa24f5943dacf00fd2661a857c7cad18beeeec7,com/microsoft/azure/maven/auth/AzureAuthHelperTest.java,191,12,24,110,0.16,31,12,5,0,0,0,0,3,0,0,0,0,0,0,0,3,0,0,0,11,0,0,False
2697,microsoft/azure-maven-plugins,dfa24f5943dacf00fd2661a857c7cad18beeeec7,com/microsoft/azure/maven/webapp/DeployMojoTest.java,210,28,75,178,0.12,25,22,3,0,0,0,0,18,0,0,0,0,0,0,0,0,10,0,0,18,0,0,False
2698,microsoft/azure-maven-plugins,dfa24f5943dacf00fd2661a857c7cad18beeeec7,com/microsoft/azure/maven/webapp/WebAppUtilsTest.java,184,11,27,106,0.05,10,11,2,0,0,0,0,11,0,0,0,0,0,0,0,0,0,0,0,11,0,0,False
2699,microsoft/azure-maven-plugins,dfa24f5943dacf00fd2661a857c7cad18beeeec7,com/microsoft/azure/maven/webapp/handlers/DeploymentSlotHandlerTest.java,97,9,24,79,0.0,0,9,0,0,0,0,0,8,0,0,0,0,0,0,0,0,4,0,0,8,0,0,False
2700,microsoft/azure-maven-plugins,dfa24f5943dacf00fd2661a857c7cad18beeeec7,com/microsoft/azure/maven/webapp/handlers/FTPArtifactHandlerImplTest.java,74,6,18,59,0.01,1,6,0,0,0,0,0,5,0,0,0,0,0,0,0,0,4,0,0,5,0,0,False
2701,microsoft/azure-maven-plugins,dfa24f5943dacf00fd2661a857c7cad18beeeec7,com/microsoft/azure/maven/webapp/handlers/HandlerFactoryImplTest.java,59,4,9,17,0.17,10,4,3,0,0,0,0,3,0,0,0,0,0,0,0,0,0,0,0,3,0,0,False
2702,microsoft/azure-maven-plugins,dfa24f5943dacf00fd2661a857c7cad18beeeec7,com/microsoft/azure/maven/webapp/handlers/JarArtifactHandlerImplTest.java,73,10,22,56,0.03,2,10,1,0,0,0,2,7,9,5,0,0,0,0,0,1,4,0,6,9,0,0,False
2703,microsoft/azure-maven-plugins,dfa24f5943dacf00fd2661a857c7cad18beeeec7,com/microsoft/azure/maven/webapp/handlers/JavaRuntimeHandlerImplTest.java,24,3,8,15,0.04,1,3,0,0,0,0,1,2,1,0,0,0,0,0,0,0,1,0,0,2,0,0,False
2704,microsoft/azure-maven-plugins,dfa24f5943dacf00fd2661a857c7cad18beeeec7,com/microsoft/azure/maven/webapp/handlers/LinuxRuntimeHandlerImplTest.java,20,2,5,15,0.05,1,2,0,0,0,0,0,1,0,0,0,0,0,0,0,0,0,0,0,1,0,0,False
2705,microsoft/azure-maven-plugins,dfa24f5943dacf00fd2661a857c7cad18beeeec7,com/microsoft/azure/maven/webapp/handlers/NullRuntimeHandlerImplTest.java,24,3,8,8,0.08,2,3,0,0,0,0,0,2,0,0,0,0,0,0,0,0,0,0,0,2,0,0,False
2706,microsoft/azure-maven-plugins,dfa24f5943dacf00fd2661a857c7cad18beeeec7,com/microsoft/azure/maven/webapp/handlers/PrivateDockerHubRuntimeHandlerImplTest.java,31,3,8,18,0.0,0,3,0,0,0,0,1,2,1,0,0,0,0,0,0,0,2,0,0,2,0,0,False
2707,microsoft/azure-maven-plugins,dfa24f5943dacf00fd2661a857c7cad18beeeec7,com/microsoft/azure/maven/webapp/handlers/PrivateRegistryRuntimeHandlerImplTest.java,31,3,8,18,0.0,0,3,0,0,0,0,1,2,1,0,0,0,0,0,0,0,2,0,0,2,0,0,False
2708,microsoft/azure-maven-plugins,dfa24f5943dacf00fd2661a857c7cad18beeeec7,com/microsoft/azure/maven/webapp/handlers/PublicDockerHubRuntimeHandlerImplTest.java,24,3,8,15,0.0,0,3,0,0,0,0,1,2,1,0,0,0,0,0,0,0,2,0,0,2,0,0,False
2709,microsoft/azure-maven-plugins,dfa24f5943dacf00fd2661a857c7cad18beeeec7,com/microsoft/azure/maven/webapp/handlers/SettingsHandlerImplTest.java,24,3,9,17,0.0,0,3,0,0,0,0,0,2,0,0,0,0,0,0,0,0,2,0,0,2,0,0,False
2710,microsoft/azure-maven-plugins,dfa24f5943dacf00fd2661a857c7cad18beeeec7,com/microsoft/azure/maven/webapp/handlers/WarArtifactHandlerImplTest.java,114,10,22,92,0.09,10,10,2,0,0,0,0,7,9,7,0,0,1,0,0,1,2,0,8,9,0,0,False
2711,microsoft/azure-maven-plugins,7daa6b337779aa252587537e769d5bdac5696aa4,com/microsoft/azure/maven/function/AddMojoTest.java,44,7,15,24,0.11,5,7,1,0,0,0,0,6,0,1,0,0,0,0,0,0,0,0,2,6,0,0,False
2712,microsoft/azure-maven-plugins,7daa6b337779aa252587537e769d5bdac5696aa4,com/microsoft/azure/maven/function/DeployMojoTest.java,134,14,35,133,0.1,13,14,3,0,0,0,0,13,0,0,0,0,1,0,0,0,5,0,0,13,0,0,False
2713,microsoft/azure-maven-plugins,7daa6b337779aa252587537e769d5bdac5696aa4,com/microsoft/azure/maven/function/PackageMojoTest.java,40,5,14,39,0.1,4,5,1,0,0,0,0,4,0,0,0,0,1,0,0,0,2,0,0,4,0,0,False
2714,microsoft/azure-maven-plugins,7daa6b337779aa252587537e769d5bdac5696aa4,com/microsoft/azure/maven/function/RunMojoTest.java,57,8,20,63,0.05,3,8,0,0,0,0,0,7,0,0,0,0,0,0,0,0,1,0,0,7,0,0,False
2715,microsoft/azure-maven-plugins,7daa6b337779aa252587537e769d5bdac5696aa4,com/microsoft/azure/maven/function/handlers/AnnotationHandlerImplTest.java,72,6,14,15,0.06,4,6,1,0,0,0,0,2,0,0,0,0,0,0,0,0,0,0,0,2,0,0,False
2716,microsoft/azure-maven-plugins,7daa6b337779aa252587537e769d5bdac5696aa4,com/microsoft/azure/maven/function/handlers/CommandHandlerImplTest.java,20,3,4,14,0.15,3,3,1,0,0,0,0,1,0,0,0,0,0,0,0,0,0,0,0,3,0,0,False
2717,microsoft/azure-maven-plugins,7daa6b337779aa252587537e769d5bdac5696aa4,com/microsoft/azure/maven/function/handlers/FTPArtifactHandlerImplTest.java,36,2,6,24,0.03,1,2,0,0,0,0,0,2,0,0,0,0,0,0,0,0,1,0,0,2,0,0,False
2718,microsoft/azure-maven-plugins,7daa6b337779aa252587537e769d5bdac5696aa4,com/microsoft/azure/maven/function/handlers/FunctionCoreToolsHandlerImplTest.java,79,8,20,78,0.06,5,8,0,0,0,0,0,8,0,0,0,0,0,0,0,0,3,0,0,8,0,0,False
2719,microsoft/azure-maven-plugins,7daa6b337779aa252587537e769d5bdac5696aa4,com/microsoft/azure/maven/function/handlers/MSDeployArtifactHandlerImplTest.java,104,8,24,85,0.04,4,8,0,0,0,0,0,7,0,2,0,0,0,0,0,0,3,0,1,7,0,0,False
2720,microsoft/azure-maven-plugins,7daa6b337779aa252587537e769d5bdac5696aa4,com/microsoft/azure/maven/function/utils/CommandUtilsTest.java,12,3,4,9,0.33,4,3,1,0,0,0,0,1,0,0,0,0,0,0,0,0,0,0,0,3,0,0,False
2721,microsoft/azure-maven-plugins,7daa6b337779aa252587537e769d5bdac5696aa4,com/microsoft/azure/maven/AbstractAzureMojoTest.java,114,19,38,59,0.26,30,18,4,0,0,0,0,14,0,0,0,0,0,0,0,0,2,0,1,17,0,0,False
2722,microsoft/azure-maven-plugins,7daa6b337779aa252587537e769d5bdac5696aa4,com/microsoft/azure/maven/FTPUploaderTest.java,49,4,11,23,0.04,2,4,0,0,0,0,0,3,0,0,0,0,0,0,0,0,1,0,0,3,0,0,False
2723,microsoft/azure-maven-plugins,7daa6b337779aa252587537e769d5bdac5696aa4,com/microsoft/azure/maven/UtilsTest.java,44,4,8,27,0.18,8,4,2,0,0,0,0,1,0,0,0,0,0,0,0,1,1,0,0,3,0,0,False
2724,microsoft/azure-maven-plugins,7daa6b337779aa252587537e769d5bdac5696aa4,com/microsoft/azure/maven/auth/AzureAuthHelperTest.java,191,12,24,110,0.16,31,12,5,0,0,0,0,3,0,0,0,0,0,0,0,3,0,0,0,11,0,0,False
2725,microsoft/azure-maven-plugins,7daa6b337779aa252587537e769d5bdac5696aa4,com/microsoft/azure/maven/webapp/DeployMojoTest.java,143,20,55,111,0.15,22,15,3,0,0,0,0,11,0,0,0,0,0,0,0,0,7,0,0,11,0,0,False
2726,microsoft/azure-maven-plugins,7daa6b337779aa252587537e769d5bdac5696aa4,com/microsoft/azure/maven/webapp/WebAppUtilsTest.java,182,11,27,104,0.05,10,11,2,0,0,0,0,11,0,0,0,0,0,0,0,0,0,0,0,11,0,0,False
2727,microsoft/azure-maven-plugins,7daa6b337779aa252587537e769d5bdac5696aa4,com/microsoft/azure/maven/webapp/handlers/FTPArtifactHandlerImplTest.java,59,5,15,45,0.02,1,5,0,0,0,0,0,4,0,0,0,0,0,0,0,0,3,0,0,4,0,0,False
2728,microsoft/azure-maven-plugins,7daa6b337779aa252587537e769d5bdac5696aa4,com/microsoft/azure/maven/webapp/handlers/HandlerFactoryImplTest.java,53,3,7,14,0.15,8,3,2,0,0,0,0,2,0,0,0,0,0,0,0,0,0,0,0,2,0,0,False
2729,microsoft/azure-maven-plugins,7daa6b337779aa252587537e769d5bdac5696aa4,com/microsoft/azure/maven/webapp/handlers/JavaRuntimeHandlerImplTest.java,24,3,8,15,0.04,1,3,0,0,0,0,1,2,1,0,0,0,0,0,0,0,1,0,0,2,0,0,False
2730,microsoft/azure-maven-plugins,7daa6b337779aa252587537e769d5bdac5696aa4,com/microsoft/azure/maven/webapp/handlers/LinuxRuntimeHandlerImplTest.java,20,2,5,15,0.05,1,2,0,0,0,0,0,1,0,0,0,0,0,0,0,0,0,0,0,1,0,0,False
2731,microsoft/azure-maven-plugins,7daa6b337779aa252587537e769d5bdac5696aa4,com/microsoft/azure/maven/webapp/handlers/NullRuntimeHandlerImplTest.java,24,3,8,8,0.08,2,3,0,0,0,0,0,2,0,0,0,0,0,0,0,0,0,0,0,2,0,0,False
2732,microsoft/azure-maven-plugins,7daa6b337779aa252587537e769d5bdac5696aa4,com/microsoft/azure/maven/webapp/handlers/PrivateDockerHubRuntimeHandlerImplTest.java,31,3,8,18,0.0,0,3,0,0,0,0,1,2,1,0,0,0,0,0,0,0,2,0,0,2,0,0,False
2733,microsoft/azure-maven-plugins,7daa6b337779aa252587537e769d5bdac5696aa4,com/microsoft/azure/maven/webapp/handlers/PrivateRegistryRuntimeHandlerImplTest.java,31,3,8,18,0.0,0,3,0,0,0,0,1,2,1,0,0,0,0,0,0,0,2,0,0,2,0,0,False
2734,microsoft/azure-maven-plugins,7daa6b337779aa252587537e769d5bdac5696aa4,com/microsoft/azure/maven/webapp/handlers/PublicDockerHubRuntimeHandlerImplTest.java,24,3,8,15,0.0,0,3,0,0,0,0,1,2,1,0,0,0,0,0,0,0,2,0,0,2,0,0,False
2735,microsoft/azure-maven-plugins,7daa6b337779aa252587537e769d5bdac5696aa4,com/microsoft/azure/maven/webapp/handlers/SettingsHandlerImplTest.java,24,3,9,17,0.0,0,3,0,0,0,0,0,2,0,0,0,0,0,0,0,0,2,0,0,2,0,0,False
2736,microsoft/azure-maven-plugins,7daa6b337779aa252587537e769d5bdac5696aa4,com/microsoft/azure/maven/webapp/handlers/WarArtifactHandlerImplTest.java,75,7,19,55,0.13,10,7,2,0,0,0,0,4,0,4,0,0,1,0,0,1,1,0,5,6,0,0,False
2737,microsoft/azure-maven-plugins,aa6bedf642aa0eb91bd25cd08d474774e7b4255f,com/microsoft/azure/maven/function/AddMojoTest.java,44,7,15,24,0.11,5,7,1,0,0,0,0,6,0,1,0,0,0,0,0,0,0,0,2,6,0,0,False
2738,microsoft/azure-maven-plugins,aa6bedf642aa0eb91bd25cd08d474774e7b4255f,com/microsoft/azure/maven/function/DeployMojoTest.java,134,14,35,133,0.1,13,14,3,0,0,0,0,13,0,0,0,0,1,0,0,0,5,0,0,13,0,0,False
2739,microsoft/azure-maven-plugins,aa6bedf642aa0eb91bd25cd08d474774e7b4255f,com/microsoft/azure/maven/function/PackageMojoTest.java,40,5,14,39,0.1,4,5,1,0,0,0,0,4,0,0,0,0,1,0,0,0,2,0,0,4,0,0,False
2740,microsoft/azure-maven-plugins,aa6bedf642aa0eb91bd25cd08d474774e7b4255f,com/microsoft/azure/maven/function/RunMojoTest.java,57,8,20,63,0.05,3,8,0,0,0,0,0,7,0,0,0,0,0,0,0,0,1,0,0,7,0,0,False
2741,microsoft/azure-maven-plugins,aa6bedf642aa0eb91bd25cd08d474774e7b4255f,com/microsoft/azure/maven/function/handlers/AnnotationHandlerImplTest.java,77,6,14,15,0.05,4,6,1,0,0,0,0,2,0,0,0,0,0,0,0,0,0,0,0,2,0,0,False
2742,microsoft/azure-maven-plugins,aa6bedf642aa0eb91bd25cd08d474774e7b4255f,com/microsoft/azure/maven/function/handlers/CommandHandlerImplTest.java,20,3,4,14,0.15,3,3,1,0,0,0,0,1,0,0,0,0,0,0,0,0,0,0,0,3,0,0,False
2743,microsoft/azure-maven-plugins,aa6bedf642aa0eb91bd25cd08d474774e7b4255f,com/microsoft/azure/maven/function/handlers/FTPArtifactHandlerImplTest.java,36,2,6,24,0.03,1,2,0,0,0,0,0,2,0,0,0,0,0,0,0,0,1,0,0,2,0,0,False
2744,microsoft/azure-maven-plugins,aa6bedf642aa0eb91bd25cd08d474774e7b4255f,com/microsoft/azure/maven/function/handlers/FunctionCoreToolsHandlerImplTest.java,76,8,20,79,0.07,5,8,0,0,0,0,0,8,0,0,0,0,0,0,0,0,3,0,0,8,0,0,False
2745,microsoft/azure-maven-plugins,aa6bedf642aa0eb91bd25cd08d474774e7b4255f,com/microsoft/azure/maven/function/handlers/MSDeployArtifactHandlerImplTest.java,104,8,24,85,0.04,4,8,0,0,0,0,0,7,0,2,0,0,0,0,0,0,3,0,1,7,0,0,False
2746,microsoft/azure-maven-plugins,aa6bedf642aa0eb91bd25cd08d474774e7b4255f,com/microsoft/azure/maven/function/utils/CommandUtilsTest.java,12,3,4,9,0.33,4,3,1,0,0,0,0,1,0,0,0,0,0,0,0,0,0,0,0,3,0,0,False
2747,microsoft/azure-maven-plugins,aa6bedf642aa0eb91bd25cd08d474774e7b4255f,com/microsoft/azure/maven/AbstractAzureMojoTest.java,114,19,38,59,0.26,30,18,4,0,0,0,0,14,0,0,0,0,0,0,0,0,2,0,1,17,0,0,False
2748,microsoft/azure-maven-plugins,aa6bedf642aa0eb91bd25cd08d474774e7b4255f,com/microsoft/azure/maven/FTPUploaderTest.java,49,4,11,23,0.04,2,4,0,0,0,0,0,3,0,0,0,0,0,0,0,0,1,0,0,3,0,0,False
2749,microsoft/azure-maven-plugins,aa6bedf642aa0eb91bd25cd08d474774e7b4255f,com/microsoft/azure/maven/UtilsTest.java,44,4,8,27,0.18,8,4,2,0,0,0,0,1,0,0,0,0,0,0,0,1,1,0,0,3,0,0,False
2750,microsoft/azure-maven-plugins,aa6bedf642aa0eb91bd25cd08d474774e7b4255f,com/microsoft/azure/maven/auth/AzureAuthHelperTest.java,191,12,24,110,0.16,31,12,5,0,0,0,0,3,0,0,0,0,0,0,0,3,0,0,0,11,0,0,False
2751,microsoft/azure-maven-plugins,aa6bedf642aa0eb91bd25cd08d474774e7b4255f,com/microsoft/azure/maven/webapp/DeployMojoTest.java,143,20,55,111,0.15,22,15,3,0,0,0,0,11,0,0,0,0,0,0,0,0,7,0,0,11,0,0,False
2752,microsoft/azure-maven-plugins,aa6bedf642aa0eb91bd25cd08d474774e7b4255f,com/microsoft/azure/maven/webapp/WebAppUtilsTest.java,181,11,27,104,0.05,9,11,2,0,0,0,0,11,0,0,0,0,0,0,0,0,0,0,0,11,0,0,False
2753,microsoft/azure-maven-plugins,aa6bedf642aa0eb91bd25cd08d474774e7b4255f,com/microsoft/azure/maven/webapp/handlers/FTPArtifactHandlerImplTest.java,59,5,15,45,0.02,1,5,0,0,0,0,0,4,0,0,0,0,0,0,0,0,3,0,0,4,0,0,False
2754,microsoft/azure-maven-plugins,aa6bedf642aa0eb91bd25cd08d474774e7b4255f,com/microsoft/azure/maven/webapp/handlers/HandlerFactoryImplTest.java,53,3,7,14,0.15,8,3,2,0,0,0,0,2,0,0,0,0,0,0,0,0,0,0,0,2,0,0,False
2755,microsoft/azure-maven-plugins,aa6bedf642aa0eb91bd25cd08d474774e7b4255f,com/microsoft/azure/maven/webapp/handlers/JavaRuntimeHandlerImplTest.java,24,3,8,15,0.04,1,3,0,0,0,0,1,2,1,0,0,0,0,0,0,0,1,0,0,2,0,0,False
2756,microsoft/azure-maven-plugins,aa6bedf642aa0eb91bd25cd08d474774e7b4255f,com/microsoft/azure/maven/webapp/handlers/LinuxRuntimeHandlerImplTest.java,20,2,5,15,0.05,1,2,0,0,0,0,0,1,0,0,0,0,0,0,0,0,0,0,0,1,0,0,False
2757,microsoft/azure-maven-plugins,aa6bedf642aa0eb91bd25cd08d474774e7b4255f,com/microsoft/azure/maven/webapp/handlers/NullRuntimeHandlerImplTest.java,24,3,8,8,0.08,2,3,0,0,0,0,0,2,0,0,0,0,0,0,0,0,0,0,0,2,0,0,False
2758,microsoft/azure-maven-plugins,aa6bedf642aa0eb91bd25cd08d474774e7b4255f,com/microsoft/azure/maven/webapp/handlers/PrivateDockerHubRuntimeHandlerImplTest.java,31,3,8,18,0.0,0,3,0,0,0,0,1,2,1,0,0,0,0,0,0,0,2,0,0,2,0,0,False
2759,microsoft/azure-maven-plugins,aa6bedf642aa0eb91bd25cd08d474774e7b4255f,com/microsoft/azure/maven/webapp/handlers/PrivateRegistryRuntimeHandlerImplTest.java,31,3,8,18,0.0,0,3,0,0,0,0,1,2,1,0,0,0,0,0,0,0,2,0,0,2,0,0,False
2760,microsoft/azure-maven-plugins,aa6bedf642aa0eb91bd25cd08d474774e7b4255f,com/microsoft/azure/maven/webapp/handlers/PublicDockerHubRuntimeHandlerImplTest.java,24,3,8,15,0.0,0,3,0,0,0,0,1,2,1,0,0,0,0,0,0,0,2,0,0,2,0,0,False
2761,microsoft/azure-maven-plugins,aa6bedf642aa0eb91bd25cd08d474774e7b4255f,com/microsoft/azure/maven/webapp/handlers/SettingsHandlerImplTest.java,24,3,9,17,0.0,0,3,0,0,0,0,0,2,0,0,0,0,0,0,0,0,2,0,0,2,0,0,False
2762,microsoft/azure-maven-plugins,aa6bedf642aa0eb91bd25cd08d474774e7b4255f,com/microsoft/azure/maven/webapp/handlers/WarArtifactHandlerImplTest.java,75,7,19,55,0.13,10,7,2,0,0,0,0,4,0,4,0,0,1,0,0,1,1,0,5,6,0,0,False
2763,microsoft/azure-maven-plugins,31a930c2221de975d0920704736b95a54e20405c,com/microsoft/azure/maven/function/AddMojoTest.java,44,7,15,24,0.11,5,7,1,0,0,0,0,6,0,1,0,0,0,0,0,0,0,0,2,6,0,0,False
2764,microsoft/azure-maven-plugins,31a930c2221de975d0920704736b95a54e20405c,com/microsoft/azure/maven/function/DeployMojoTest.java,134,14,35,133,0.1,13,14,3,0,0,0,0,13,0,0,0,0,1,0,0,0,5,0,0,13,0,0,False
2765,microsoft/azure-maven-plugins,31a930c2221de975d0920704736b95a54e20405c,com/microsoft/azure/maven/function/PackageMojoTest.java,40,5,14,39,0.1,4,5,1,0,0,0,0,4,0,0,0,0,1,0,0,0,2,0,0,4,0,0,False
2766,microsoft/azure-maven-plugins,31a930c2221de975d0920704736b95a54e20405c,com/microsoft/azure/maven/function/RunMojoTest.java,95,9,25,88,0.11,10,9,4,1,0,0,0,8,0,0,0,0,0,0,0,0,3,0,2,8,0,0,False
2767,microsoft/azure-maven-plugins,31a930c2221de975d0920704736b95a54e20405c,com/microsoft/azure/maven/function/handlers/AnnotationHandlerImplTest.java,69,6,14,15,0.06,4,6,1,0,0,0,0,2,0,0,0,0,0,0,0,0,0,0,0,2,0,0,False
2768,microsoft/azure-maven-plugins,31a930c2221de975d0920704736b95a54e20405c,com/microsoft/azure/maven/function/handlers/FTPArtifactHandlerImplTest.java,36,2,6,24,0.03,1,2,0,0,0,0,0,2,0,0,0,0,0,0,0,0,1,0,0,2,0,0,False
2769,microsoft/azure-maven-plugins,31a930c2221de975d0920704736b95a54e20405c,com/microsoft/azure/maven/function/handlers/MSDeployArtifactHandlerImplTest.java,104,8,24,85,0.04,4,8,0,0,0,0,0,7,0,2,0,0,0,0,0,0,3,0,1,7,0,0,False
2770,microsoft/azure-maven-plugins,31a930c2221de975d0920704736b95a54e20405c,com/microsoft/azure/maven/AbstractAzureMojoTest.java,114,19,38,59,0.26,30,18,4,0,0,0,0,14,0,0,0,0,0,0,0,0,2,0,1,17,0,0,False
2771,microsoft/azure-maven-plugins,31a930c2221de975d0920704736b95a54e20405c,com/microsoft/azure/maven/FTPUploaderTest.java,49,4,11,23,0.04,2,4,0,0,0,0,0,3,0,0,0,0,0,0,0,0,1,0,0,3,0,0,False
2772,microsoft/azure-maven-plugins,31a930c2221de975d0920704736b95a54e20405c,com/microsoft/azure/maven/UtilsTest.java,44,4,8,27,0.18,8,4,2,0,0,0,0,1,0,0,0,0,0,0,0,1,1,0,0,3,0,0,False
2773,microsoft/azure-maven-plugins,31a930c2221de975d0920704736b95a54e20405c,com/microsoft/azure/maven/auth/AzureAuthHelperTest.java,191,12,24,110,0.16,31,12,5,0,0,0,0,3,0,0,0,0,0,0,0,3,0,0,0,11,0,0,False
2774,microsoft/azure-maven-plugins,31a930c2221de975d0920704736b95a54e20405c,com/microsoft/azure/maven/webapp/DeployMojoTest.java,145,20,55,119,0.15,22,15,3,0,0,0,0,11,0,0,0,0,0,0,0,0,7,0,0,11,0,0,False
2775,microsoft/azure-maven-plugins,31a930c2221de975d0920704736b95a54e20405c,com/microsoft/azure/maven/webapp/WebAppUtilsTest.java,50,3,8,19,0.14,7,3,1,0,0,0,0,3,0,0,0,0,0,0,0,0,0,0,0,3,0,0,False
2776,microsoft/azure-maven-plugins,31a930c2221de975d0920704736b95a54e20405c,com/microsoft/azure/maven/webapp/handlers/FTPArtifactHandlerImplTest.java,56,5,15,42,0.02,1,5,0,0,0,0,0,4,0,0,0,0,0,0,0,0,3,0,0,4,0,0,False
2777,microsoft/azure-maven-plugins,31a930c2221de975d0920704736b95a54e20405c,com/microsoft/azure/maven/webapp/handlers/HandlerFactoryImplTest.java,53,3,7,14,0.15,8,3,2,0,0,0,0,2,0,0,0,0,0,0,0,0,0,0,0,2,0,0,False
2778,microsoft/azure-maven-plugins,31a930c2221de975d0920704736b95a54e20405c,com/microsoft/azure/maven/webapp/handlers/JavaRuntimeHandlerImplTest.java,24,3,8,15,0.04,1,3,0,0,0,0,1,2,1,0,0,0,0,0,0,0,1,0,0,2,0,0,False
2779,microsoft/azure-maven-plugins,31a930c2221de975d0920704736b95a54e20405c,com/microsoft/azure/maven/webapp/handlers/NullRuntimeHandlerImplTest.java,24,3,8,8,0.08,2,3,0,0,0,0,0,2,0,0,0,0,0,0,0,0,0,0,0,2,0,0,False
2780,microsoft/azure-maven-plugins,31a930c2221de975d0920704736b95a54e20405c,com/microsoft/azure/maven/webapp/handlers/PrivateDockerHubRuntimeHandlerImplTest.java,31,3,8,18,0.0,0,3,0,0,0,0,1,2,1,0,0,0,0,0,0,0,2,0,0,2,0,0,False
2781,microsoft/azure-maven-plugins,31a930c2221de975d0920704736b95a54e20405c,com/microsoft/azure/maven/webapp/handlers/PrivateRegistryRuntimeHandlerImplTest.java,31,3,8,18,0.0,0,3,0,0,0,0,1,2,1,0,0,0,0,0,0,0,2,0,0,2,0,0,False
2782,microsoft/azure-maven-plugins,31a930c2221de975d0920704736b95a54e20405c,com/microsoft/azure/maven/webapp/handlers/PublicDockerHubRuntimeHandlerImplTest.java,24,3,8,15,0.0,0,3,0,0,0,0,1,2,1,0,0,0,0,0,0,0,2,0,0,2,0,0,False
2783,microsoft/azure-maven-plugins,31a930c2221de975d0920704736b95a54e20405c,com/microsoft/azure/maven/webapp/handlers/SettingsHandlerImplTest.java,24,3,9,17,0.0,0,3,0,0,0,0,0,2,0,0,0,0,0,0,0,0,2,0,0,2,0,0,False
2784,microsoft/azure-maven-plugins,11fa83e44375d66e0881c0f6aeff025ec3a3ea05,com/microsoft/azure/maven/function/AddMojoTest.java,44,7,15,24,0.11,5,7,1,0,0,0,0,6,0,1,0,0,0,0,0,0,0,0,2,6,0,0,False
2785,microsoft/azure-maven-plugins,11fa83e44375d66e0881c0f6aeff025ec3a3ea05,com/microsoft/azure/maven/function/DeployMojoTest.java,134,14,35,133,0.1,13,14,3,0,0,0,0,13,0,0,0,0,1,0,0,0,5,0,0,13,0,0,False
2786,microsoft/azure-maven-plugins,11fa83e44375d66e0881c0f6aeff025ec3a3ea05,com/microsoft/azure/maven/function/PackageMojoTest.java,40,5,14,39,0.1,4,5,1,0,0,0,0,4,0,0,0,0,1,0,0,0,2,0,0,4,0,0,False
2787,microsoft/azure-maven-plugins,11fa83e44375d66e0881c0f6aeff025ec3a3ea05,com/microsoft/azure/maven/function/RunMojoTest.java,95,9,25,88,0.11,10,9,4,1,0,0,0,8,0,0,0,0,0,0,0,0,3,0,2,8,0,0,False
2788,microsoft/azure-maven-plugins,11fa83e44375d66e0881c0f6aeff025ec3a3ea05,com/microsoft/azure/maven/function/handlers/AnnotationHandlerImplTest.java,69,6,14,15,0.06,4,6,1,0,0,0,0,2,0,0,0,0,0,0,0,0,0,0,0,2,0,0,False
2789,microsoft/azure-maven-plugins,11fa83e44375d66e0881c0f6aeff025ec3a3ea05,com/microsoft/azure/maven/function/handlers/FTPArtifactHandlerImplTest.java,36,2,6,24,0.03,1,2,0,0,0,0,0,2,0,0,0,0,0,0,0,0,1,0,0,2,0,0,False
2790,microsoft/azure-maven-plugins,11fa83e44375d66e0881c0f6aeff025ec3a3ea05,com/microsoft/azure/maven/function/handlers/MSDeployArtifactHandlerImplTest.java,104,8,24,85,0.04,4,8,0,0,0,0,0,7,0,2,0,0,0,0,0,0,3,0,1,7,0,0,False
2791,microsoft/azure-maven-plugins,11fa83e44375d66e0881c0f6aeff025ec3a3ea05,com/microsoft/azure/maven/AbstractAzureMojoTest.java,114,19,38,59,0.26,30,18,4,0,0,0,0,14,0,0,0,0,0,0,0,0,2,0,1,17,0,0,False
2792,microsoft/azure-maven-plugins,11fa83e44375d66e0881c0f6aeff025ec3a3ea05,com/microsoft/azure/maven/FTPUploaderTest.java,49,4,11,23,0.04,2,4,0,0,0,0,0,3,0,0,0,0,0,0,0,0,1,0,0,3,0,0,False
2793,microsoft/azure-maven-plugins,11fa83e44375d66e0881c0f6aeff025ec3a3ea05,com/microsoft/azure/maven/UtilsTest.java,44,4,8,27,0.18,8,4,2,0,0,0,0,1,0,0,0,0,0,0,0,1,1,0,0,3,0,0,False
2794,microsoft/azure-maven-plugins,11fa83e44375d66e0881c0f6aeff025ec3a3ea05,com/microsoft/azure/maven/auth/AzureAuthHelperTest.java,191,12,24,110,0.16,31,12,5,0,0,0,0,3,0,0,0,0,0,0,0,3,0,0,0,11,0,0,False
2795,microsoft/azure-maven-plugins,11fa83e44375d66e0881c0f6aeff025ec3a3ea05,com/microsoft/azure/maven/webapp/DeployMojoTest.java,144,20,55,119,0.15,21,15,3,0,0,0,0,11,0,0,0,0,0,0,0,0,7,0,0,11,0,0,False
2796,microsoft/azure-maven-plugins,11fa83e44375d66e0881c0f6aeff025ec3a3ea05,com/microsoft/azure/maven/webapp/WebAppUtilsTest.java,50,3,8,19,0.14,7,3,1,0,0,0,0,3,0,0,0,0,0,0,0,0,0,0,0,3,0,0,False
2797,microsoft/azure-maven-plugins,11fa83e44375d66e0881c0f6aeff025ec3a3ea05,com/microsoft/azure/maven/webapp/handlers/FTPArtifactHandlerImplTest.java,56,5,15,42,0.02,1,5,0,0,0,0,0,4,0,0,0,0,0,0,0,0,3,0,0,4,0,0,False
2798,microsoft/azure-maven-plugins,11fa83e44375d66e0881c0f6aeff025ec3a3ea05,com/microsoft/azure/maven/webapp/handlers/HandlerFactoryImplTest.java,53,3,7,14,0.15,8,3,2,0,0,0,0,2,0,0,0,0,0,0,0,0,0,0,0,2,0,0,False
2799,microsoft/azure-maven-plugins,11fa83e44375d66e0881c0f6aeff025ec3a3ea05,com/microsoft/azure/maven/webapp/handlers/JavaRuntimeHandlerImplTest.java,24,3,8,15,0.04,1,3,0,0,0,0,1,2,1,0,0,0,0,0,0,0,1,0,0,2,0,0,False
2800,microsoft/azure-maven-plugins,11fa83e44375d66e0881c0f6aeff025ec3a3ea05,com/microsoft/azure/maven/webapp/handlers/NullRuntimeHandlerImplTest.java,26,3,8,9,0.08,2,3,0,0,0,0,0,2,0,0,0,0,0,0,0,0,0,0,0,2,0,0,False
2801,microsoft/azure-maven-plugins,11fa83e44375d66e0881c0f6aeff025ec3a3ea05,com/microsoft/azure/maven/webapp/handlers/PrivateDockerHubRuntimeHandlerImplTest.java,31,3,8,18,0.0,0,3,0,0,0,0,1,2,1,0,0,0,0,0,0,0,2,0,0,2,0,0,False
2802,microsoft/azure-maven-plugins,11fa83e44375d66e0881c0f6aeff025ec3a3ea05,com/microsoft/azure/maven/webapp/handlers/PrivateRegistryRuntimeHandlerImplTest.java,31,3,8,18,0.0,0,3,0,0,0,0,1,2,1,0,0,0,0,0,0,0,2,0,0,2,0,0,False
2803,microsoft/azure-maven-plugins,11fa83e44375d66e0881c0f6aeff025ec3a3ea05,com/microsoft/azure/maven/webapp/handlers/PublicDockerHubRuntimeHandlerImplTest.java,24,3,8,15,0.0,0,3,0,0,0,0,1,2,1,0,0,0,0,0,0,0,2,0,0,2,0,0,False
2804,microsoft/azure-maven-plugins,11fa83e44375d66e0881c0f6aeff025ec3a3ea05,com/microsoft/azure/maven/webapp/handlers/SettingsHandlerImplTest.java,24,3,9,17,0.0,0,3,0,0,0,0,0,2,0,0,0,0,0,0,0,0,2,0,0,2,0,0,False
2805,microsoft/azure-maven-plugins,97d5b8422c241e9bb210ac249ccd6ce697e423a8,com/microsoft/azure/maven/function/AddMojoTest.java,26,4,9,16,0.19,5,4,1,0,0,0,0,3,0,1,0,0,0,0,0,0,0,0,1,3,0,0,False
2806,microsoft/azure-maven-plugins,97d5b8422c241e9bb210ac249ccd6ce697e423a8,com/microsoft/azure/maven/function/DeployMojoTest.java,134,14,35,133,0.1,13,14,3,0,0,0,0,13,0,0,0,0,1,0,0,0,5,0,0,13,0,0,False
2807,microsoft/azure-maven-plugins,97d5b8422c241e9bb210ac249ccd6ce697e423a8,com/microsoft/azure/maven/function/PackageMojoTest.java,40,5,14,39,0.1,4,5,1,0,0,0,0,4,0,0,0,0,1,0,0,0,2,0,0,4,0,0,False
2808,microsoft/azure-maven-plugins,97d5b8422c241e9bb210ac249ccd6ce697e423a8,com/microsoft/azure/maven/function/RunMojoTest.java,95,9,25,88,0.11,10,9,4,1,0,0,0,8,0,0,0,0,0,0,0,0,3,0,2,8,0,0,False
2809,microsoft/azure-maven-plugins,97d5b8422c241e9bb210ac249ccd6ce697e423a8,com/microsoft/azure/maven/function/handlers/AnnotationHandlerImplTest.java,69,6,14,15,0.06,4,6,1,0,0,0,0,2,0,0,0,0,0,0,0,0,0,0,0,2,0,0,False
2810,microsoft/azure-maven-plugins,97d5b8422c241e9bb210ac249ccd6ce697e423a8,com/microsoft/azure/maven/function/handlers/FTPArtifactHandlerImplTest.java,36,2,6,24,0.03,1,2,0,0,0,0,0,2,0,0,0,0,0,0,0,0,1,0,0,2,0,0,False
2811,microsoft/azure-maven-plugins,97d5b8422c241e9bb210ac249ccd6ce697e423a8,com/microsoft/azure/maven/function/handlers/MSDeployArtifactHandlerImplTest.java,104,8,24,85,0.04,4,8,0,0,0,0,0,7,0,2,0,0,0,0,0,0,3,0,1,7,0,0,False
2812,microsoft/azure-maven-plugins,97d5b8422c241e9bb210ac249ccd6ce697e423a8,com/microsoft/azure/maven/AbstractAzureMojoTest.java,106,18,36,52,0.25,26,17,3,0,0,0,0,13,0,0,0,0,0,0,0,0,2,0,1,16,0,0,False
2813,microsoft/azure-maven-plugins,97d5b8422c241e9bb210ac249ccd6ce697e423a8,com/microsoft/azure/maven/FTPUploaderTest.java,49,4,11,23,0.04,2,4,0,0,0,0,0,3,0,0,0,0,0,0,0,0,1,0,0,3,0,0,False
2814,microsoft/azure-maven-plugins,97d5b8422c241e9bb210ac249ccd6ce697e423a8,com/microsoft/azure/maven/UtilsTest.java,44,4,8,27,0.18,8,4,2,0,0,0,0,1,0,0,0,0,0,0,0,1,1,0,0,3,0,0,False
2815,microsoft/azure-maven-plugins,97d5b8422c241e9bb210ac249ccd6ce697e423a8,com/microsoft/azure/maven/auth/AzureAuthHelperTest.java,191,12,24,110,0.16,31,12,5,0,0,0,0,3,0,0,0,0,0,0,0,3,0,0,0,11,0,0,False
2816,microsoft/azure-maven-plugins,97d5b8422c241e9bb210ac249ccd6ce697e423a8,com/microsoft/azure/maven/webapp/DeployMojoTest.java,144,20,55,119,0.15,21,15,3,0,0,0,0,11,0,0,0,0,0,0,0,0,7,0,0,11,0,0,False
2817,microsoft/azure-maven-plugins,97d5b8422c241e9bb210ac249ccd6ce697e423a8,com/microsoft/azure/maven/webapp/WebAppUtilsTest.java,50,3,8,19,0.14,7,3,1,0,0,0,0,3,0,0,0,0,0,0,0,0,0,0,0,3,0,0,False
2818,microsoft/azure-maven-plugins,97d5b8422c241e9bb210ac249ccd6ce697e423a8,com/microsoft/azure/maven/webapp/handlers/FTPArtifactHandlerImplTest.java,56,5,15,42,0.02,1,5,0,0,0,0,0,4,0,0,0,0,0,0,0,0,3,0,0,4,0,0,False
2819,microsoft/azure-maven-plugins,97d5b8422c241e9bb210ac249ccd6ce697e423a8,com/microsoft/azure/maven/webapp/handlers/HandlerFactoryImplTest.java,53,3,7,14,0.15,8,3,2,0,0,0,0,2,0,0,0,0,0,0,0,0,0,0,0,2,0,0,False
2820,microsoft/azure-maven-plugins,97d5b8422c241e9bb210ac249ccd6ce697e423a8,com/microsoft/azure/maven/webapp/handlers/JavaRuntimeHandlerImplTest.java,24,3,8,15,0.04,1,3,0,0,0,0,1,2,1,0,0,0,0,0,0,0,1,0,0,2,0,0,False
2821,microsoft/azure-maven-plugins,97d5b8422c241e9bb210ac249ccd6ce697e423a8,com/microsoft/azure/maven/webapp/handlers/NullRuntimeHandlerImplTest.java,26,3,8,9,0.08,2,3,0,0,0,0,0,2,0,0,0,0,0,0,0,0,0,0,0,2,0,0,False
2822,microsoft/azure-maven-plugins,97d5b8422c241e9bb210ac249ccd6ce697e423a8,com/microsoft/azure/maven/webapp/handlers/PrivateDockerHubRuntimeHandlerImplTest.java,31,3,8,18,0.0,0,3,0,0,0,0,1,2,1,0,0,0,0,0,0,0,2,0,0,2,0,0,False
2823,microsoft/azure-maven-plugins,97d5b8422c241e9bb210ac249ccd6ce697e423a8,com/microsoft/azure/maven/webapp/handlers/PrivateRegistryRuntimeHandlerImplTest.java,31,3,8,18,0.0,0,3,0,0,0,0,1,2,1,0,0,0,0,0,0,0,2,0,0,2,0,0,False
2824,microsoft/azure-maven-plugins,97d5b8422c241e9bb210ac249ccd6ce697e423a8,com/microsoft/azure/maven/webapp/handlers/PublicDockerHubRuntimeHandlerImplTest.java,24,3,8,15,0.0,0,3,0,0,0,0,1,2,1,0,0,0,0,0,0,0,2,0,0,2,0,0,False
2825,microsoft/azure-maven-plugins,97d5b8422c241e9bb210ac249ccd6ce697e423a8,com/microsoft/azure/maven/webapp/handlers/SettingsHandlerImplTest.java,24,3,9,17,0.0,0,3,0,0,0,0,0,2,0,0,0,0,0,0,0,0,2,0,0,2,0,0,False
2826,microsoft/azure-maven-plugins,c5ba303da4c7a0aabd7db9d2b0edfa1220eadc00,com/microsoft/azure/maven/function/BuildMojoTest.java,41,6,15,31,0.12,5,4,1,0,0,0,0,3,0,0,0,0,0,0,0,0,0,0,0,3,0,0,False
2827,microsoft/azure-maven-plugins,c5ba303da4c7a0aabd7db9d2b0edfa1220eadc00,com/microsoft/azure/maven/function/DeployMojoTest.java,56,8,19,46,0.18,10,6,2,0,0,0,0,5,0,0,0,0,1,0,0,0,0,0,0,5,0,0,False
2828,microsoft/azure-maven-plugins,c5ba303da4c7a0aabd7db9d2b0edfa1220eadc00,com/microsoft/azure/maven/function/FunctionConfigurationTest.java,13,1,2,10,0.31,4,1,1,0,0,0,0,1,0,0,0,0,0,0,0,0,0,0,0,1,0,0,False
2829,microsoft/azure-maven-plugins,c5ba303da4c7a0aabd7db9d2b0edfa1220eadc00,com/microsoft/azure/maven/function/handlers/AnnotationHandlerImplTest.java,32,4,10,4,0.0,0,4,2,0,0,0,0,2,0,0,0,0,0,0,0,0,0,0,0,2,0,0,False
2830,microsoft/azure-maven-plugins,c5ba303da4c7a0aabd7db9d2b0edfa1220eadc00,com/microsoft/azure/maven/function/handlers/FTPArtifactHandlerImplTest.java,35,2,6,23,0.03,1,2,0,0,0,0,0,2,0,0,0,0,0,0,0,0,1,0,0,2,0,0,False
2831,microsoft/azure-maven-plugins,c5ba303da4c7a0aabd7db9d2b0edfa1220eadc00,com/microsoft/azure/maven/AbstractAzureMojoTest.java,80,15,30,39,0.19,15,14,1,0,0,0,0,10,0,0,0,0,0,0,0,0,1,0,0,13,0,0,False
2832,microsoft/azure-maven-plugins,c5ba303da4c7a0aabd7db9d2b0edfa1220eadc00,com/microsoft/azure/maven/FTPUploaderTest.java,44,4,10,27,0.05,2,4,0,0,0,0,0,3,0,0,0,0,0,0,0,0,1,0,0,3,0,0,False
2833,microsoft/azure-maven-plugins,c5ba303da4c7a0aabd7db9d2b0edfa1220eadc00,com/microsoft/azure/maven/UtilsTest.java,44,4,8,27,0.18,8,4,2,0,0,0,0,1,0,0,0,0,0,0,0,1,1,0,0,3,0,0,False
2834,microsoft/azure-maven-plugins,c5ba303da4c7a0aabd7db9d2b0edfa1220eadc00,com/microsoft/azure/maven/auth/AzureAuthHelperTest.java,191,12,24,110,0.16,31,12,5,0,0,0,0,3,0,0,0,0,0,0,0,3,0,0,0,11,0,0,False
2835,microsoft/azure-maven-plugins,c5ba303da4c7a0aabd7db9d2b0edfa1220eadc00,com/microsoft/azure/maven/webapp/DeployFacadeBaseImplTest.java,89,9,25,38,0.1,9,6,2,0,0,0,0,4,0,0,0,0,0,0,0,0,1,0,0,4,0,0,False
2836,microsoft/azure-maven-plugins,c5ba303da4c7a0aabd7db9d2b0edfa1220eadc00,com/microsoft/azure/maven/webapp/DeployFacadeImplWithCreateTest.java,33,4,12,31,0.0,0,4,0,0,0,0,0,3,0,0,0,0,0,0,0,0,3,0,0,3,0,0,False
2837,microsoft/azure-maven-plugins,c5ba303da4c7a0aabd7db9d2b0edfa1220eadc00,com/microsoft/azure/maven/webapp/DeployFacadeImplWithUpdateTest.java,31,4,12,28,0.0,0,4,0,0,0,0,0,3,0,0,0,0,0,0,0,0,3,0,0,3,0,0,False
2838,microsoft/azure-maven-plugins,c5ba303da4c7a0aabd7db9d2b0edfa1220eadc00,com/microsoft/azure/maven/webapp/DeployMojoTest.java,77,14,37,48,0.27,21,8,4,0,0,0,0,5,0,0,0,0,0,0,0,0,0,0,0,5,0,0,False
2839,microsoft/azure-maven-plugins,c5ba303da4c7a0aabd7db9d2b0edfa1220eadc00,com/microsoft/azure/maven/webapp/WebAppUtilsTest.java,62,5,12,29,0.18,11,5,3,0,0,0,0,5,0,0,0,0,0,0,0,3,0,0,0,5,0,0,False
2840,microsoft/azure-maven-plugins,c5ba303da4c7a0aabd7db9d2b0edfa1220eadc00,com/microsoft/azure/maven/webapp/handlers/FTPArtifactHandlerImplTest.java,56,5,15,43,0.02,1,5,0,0,0,0,0,4,0,0,0,0,0,0,0,0,3,0,0,4,0,0,False
2841,microsoft/azure-maven-plugins,c5ba303da4c7a0aabd7db9d2b0edfa1220eadc00,com/microsoft/azure/maven/webapp/handlers/JavaRuntimeHandlerImplTest.java,25,3,8,16,0.04,1,3,0,0,0,0,1,2,1,0,0,0,0,0,0,0,1,0,0,2,0,0,False
2842,microsoft/azure-maven-plugins,c5ba303da4c7a0aabd7db9d2b0edfa1220eadc00,com/microsoft/azure/maven/webapp/handlers/NullRuntimeHandlerImplTest.java,29,3,8,11,0.07,2,3,0,0,0,0,0,2,0,0,0,0,0,0,0,0,0,0,0,2,0,0,False
2843,microsoft/azure-maven-plugins,c5ba303da4c7a0aabd7db9d2b0edfa1220eadc00,com/microsoft/azure/maven/webapp/handlers/PrivateDockerHubRuntimeHandlerImplTest.java,32,3,8,18,0.0,0,3,0,0,0,0,1,2,1,0,0,0,0,0,0,0,2,0,0,2,0,0,False
2844,microsoft/azure-maven-plugins,c5ba303da4c7a0aabd7db9d2b0edfa1220eadc00,com/microsoft/azure/maven/webapp/handlers/PrivateRegistryRuntimeHandlerImplTest.java,32,3,8,18,0.0,0,3,0,0,0,0,1,2,1,0,0,0,0,0,0,0,2,0,0,2,0,0,False
2845,microsoft/azure-maven-plugins,c5ba303da4c7a0aabd7db9d2b0edfa1220eadc00,com/microsoft/azure/maven/webapp/handlers/PublicDockerHubRuntimeHandlerImplTest.java,25,3,8,16,0.0,0,3,0,0,0,0,1,2,1,0,0,0,0,0,0,0,2,0,0,2,0,0,False
2846,microsoft/azure-maven-plugins,c5ba303da4c7a0aabd7db9d2b0edfa1220eadc00,com/microsoft/azure/maven/webapp/handlers/SettingsHandlerImplTest.java,27,3,9,20,0.0,0,3,0,0,0,0,0,2,0,0,0,0,0,0,0,0,2,0,0,2,0,0,False
2847,microsoft/azure-maven-plugins,2b1cde5d2e1e93f2db79450a983ea5cae71b82ee,com/microsoft/azure/maven/function/BuildMojoTest.java,41,6,15,31,0.12,5,4,1,0,0,0,0,3,0,0,0,0,0,0,0,0,0,0,0,3,0,0,False
2848,microsoft/azure-maven-plugins,2b1cde5d2e1e93f2db79450a983ea5cae71b82ee,com/microsoft/azure/maven/function/DeployMojoTest.java,56,8,19,46,0.18,10,6,2,0,0,0,0,5,0,0,0,0,1,0,0,0,0,0,0,5,0,0,False
2849,microsoft/azure-maven-plugins,2b1cde5d2e1e93f2db79450a983ea5cae71b82ee,com/microsoft/azure/maven/function/FunctionConfigurationTest.java,13,1,2,10,0.31,4,1,1,0,0,0,0,1,0,0,0,0,0,0,0,0,0,0,0,1,0,0,False
2850,microsoft/azure-maven-plugins,2b1cde5d2e1e93f2db79450a983ea5cae71b82ee,com/microsoft/azure/maven/function/handlers/AnnotationHandlerImplTest.java,32,4,10,4,0.0,0,4,2,0,0,0,0,2,0,0,0,0,0,0,0,0,0,0,0,2,0,0,False
2851,microsoft/azure-maven-plugins,2b1cde5d2e1e93f2db79450a983ea5cae71b82ee,com/microsoft/azure/maven/function/handlers/FTPArtifactHandlerImplTest.java,35,2,6,23,0.03,1,2,0,0,0,0,0,2,0,0,0,0,0,0,0,0,1,0,0,2,0,0,False
2852,microsoft/azure-maven-plugins,2b1cde5d2e1e93f2db79450a983ea5cae71b82ee,com/microsoft/azure/maven/AbstractAzureMojoTest.java,80,15,30,39,0.19,15,14,1,0,0,0,0,10,0,0,0,0,0,0,0,0,1,0,0,13,0,0,False
2853,microsoft/azure-maven-plugins,2b1cde5d2e1e93f2db79450a983ea5cae71b82ee,com/microsoft/azure/maven/FTPUploaderTest.java,44,4,10,27,0.05,2,4,0,0,0,0,0,3,0,0,0,0,0,0,0,0,1,0,0,3,0,0,False
2854,microsoft/azure-maven-plugins,2b1cde5d2e1e93f2db79450a983ea5cae71b82ee,com/microsoft/azure/maven/UtilsTest.java,44,4,8,27,0.18,8,4,2,0,0,0,0,1,0,0,0,0,0,0,0,1,1,0,0,3,0,0,False
2855,microsoft/azure-maven-plugins,2b1cde5d2e1e93f2db79450a983ea5cae71b82ee,com/microsoft/azure/maven/auth/AzureAuthHelperTest.java,191,12,24,110,0.16,31,12,5,0,0,0,0,3,0,0,0,0,0,0,0,3,0,0,0,11,0,0,False
2856,microsoft/azure-maven-plugins,2b1cde5d2e1e93f2db79450a983ea5cae71b82ee,com/microsoft/azure/maven/webapp/DeployFacadeBaseImplTest.java,89,9,25,38,0.1,9,6,2,0,0,0,0,4,0,0,0,0,0,0,0,0,1,0,0,4,0,0,False
2857,microsoft/azure-maven-plugins,2b1cde5d2e1e93f2db79450a983ea5cae71b82ee,com/microsoft/azure/maven/webapp/DeployFacadeImplWithCreateTest.java,33,4,12,31,0.0,0,4,0,0,0,0,0,3,0,0,0,0,0,0,0,0,3,0,0,3,0,0,False
2858,microsoft/azure-maven-plugins,2b1cde5d2e1e93f2db79450a983ea5cae71b82ee,com/microsoft/azure/maven/webapp/DeployFacadeImplWithUpdateTest.java,31,4,12,28,0.0,0,4,0,0,0,0,0,3,0,0,0,0,0,0,0,0,3,0,0,3,0,0,False
2859,microsoft/azure-maven-plugins,2b1cde5d2e1e93f2db79450a983ea5cae71b82ee,com/microsoft/azure/maven/webapp/DeployMojoTest.java,77,14,37,48,0.27,21,8,4,0,0,0,0,5,0,0,0,0,0,0,0,0,0,0,0,5,0,0,False
2860,microsoft/azure-maven-plugins,2b1cde5d2e1e93f2db79450a983ea5cae71b82ee,com/microsoft/azure/maven/webapp/WebAppUtilsTest.java,62,5,12,29,0.18,11,5,3,0,0,0,0,5,0,0,0,0,0,0,0,3,0,0,0,5,0,0,False
2861,microsoft/azure-maven-plugins,2b1cde5d2e1e93f2db79450a983ea5cae71b82ee,com/microsoft/azure/maven/webapp/handlers/FTPArtifactHandlerImplTest.java,56,5,15,43,0.02,1,5,0,0,0,0,0,4,0,0,0,0,0,0,0,0,3,0,0,4,0,0,False
2862,microsoft/azure-maven-plugins,2b1cde5d2e1e93f2db79450a983ea5cae71b82ee,com/microsoft/azure/maven/webapp/handlers/JavaRuntimeHandlerImplTest.java,25,3,8,16,0.04,1,3,0,0,0,0,1,2,1,0,0,0,0,0,0,0,1,0,0,2,0,0,False
2863,microsoft/azure-maven-plugins,2b1cde5d2e1e93f2db79450a983ea5cae71b82ee,com/microsoft/azure/maven/webapp/handlers/NullRuntimeHandlerImplTest.java,27,3,8,10,0.07,2,3,0,0,0,0,0,2,0,0,0,0,0,0,0,0,0,0,0,2,0,0,False
2864,microsoft/azure-maven-plugins,2b1cde5d2e1e93f2db79450a983ea5cae71b82ee,com/microsoft/azure/maven/webapp/handlers/PrivateDockerHubRuntimeHandlerImplTest.java,32,3,8,18,0.0,0,3,0,0,0,0,1,2,1,0,0,0,0,0,0,0,2,0,0,2,0,0,False
2865,microsoft/azure-maven-plugins,2b1cde5d2e1e93f2db79450a983ea5cae71b82ee,com/microsoft/azure/maven/webapp/handlers/PrivateRegistryRuntimeHandlerImplTest.java,32,3,8,18,0.0,0,3,0,0,0,0,1,2,1,0,0,0,0,0,0,0,2,0,0,2,0,0,False
2866,microsoft/azure-maven-plugins,2b1cde5d2e1e93f2db79450a983ea5cae71b82ee,com/microsoft/azure/maven/webapp/handlers/PublicDockerHubRuntimeHandlerImplTest.java,25,3,8,16,0.0,0,3,0,0,0,0,1,2,1,0,0,0,0,0,0,0,2,0,0,2,0,0,False
2867,microsoft/azure-maven-plugins,2b1cde5d2e1e93f2db79450a983ea5cae71b82ee,com/microsoft/azure/maven/webapp/handlers/SettingsHandlerImplTest.java,27,3,9,20,0.0,0,3,0,0,0,0,0,2,0,0,0,0,0,0,0,0,2,0,0,2,0,0,False
2868,microsoft/azure-maven-plugins,0024493e233b5ec16f0f99c14d14be45ba58ba68,com/microsoft/azure/maven/function/AddMojoTest.java,44,7,15,24,0.11,5,7,1,0,0,0,0,6,0,1,0,0,0,0,0,0,0,0,2,6,0,0,False
2869,microsoft/azure-maven-plugins,0024493e233b5ec16f0f99c14d14be45ba58ba68,com/microsoft/azure/maven/function/DeployMojoTest.java,166,18,48,154,0.08,13,18,4,0,0,0,0,15,15,0,0,0,0,0,0,0,7,0,0,15,0,0,False
2870,microsoft/azure-maven-plugins,0024493e233b5ec16f0f99c14d14be45ba58ba68,com/microsoft/azure/maven/function/ListMojoTest.java,22,2,6,14,0.05,1,2,0,0,0,0,0,1,0,0,0,0,0,0,0,0,1,0,0,1,0,0,False
2871,microsoft/azure-maven-plugins,0024493e233b5ec16f0f99c14d14be45ba58ba68,com/microsoft/azure/maven/function/PackageMojoTest.java,42,5,13,42,0.1,4,5,1,0,0,0,0,4,0,0,0,0,1,0,0,0,2,0,0,4,0,0,False
2872,microsoft/azure-maven-plugins,0024493e233b5ec16f0f99c14d14be45ba58ba68,com/microsoft/azure/maven/function/RunMojoTest.java,57,8,20,60,0.07,4,8,1,0,0,0,0,7,0,0,0,0,0,0,0,0,1,0,0,7,0,0,False
2873,microsoft/azure-maven-plugins,0024493e233b5ec16f0f99c14d14be45ba58ba68,com/microsoft/azure/maven/function/handlers/AnnotationHandlerImplTest.java,90,7,17,13,0.03,3,7,2,0,0,0,0,2,0,0,0,0,0,0,0,0,0,0,0,2,0,0,False
2874,microsoft/azure-maven-plugins,0024493e233b5ec16f0f99c14d14be45ba58ba68,com/microsoft/azure/maven/function/handlers/CommandHandlerImplTest.java,20,3,4,14,0.15,3,3,1,0,0,0,0,1,0,0,0,0,0,0,0,0,0,0,0,3,0,0,False
2875,microsoft/azure-maven-plugins,0024493e233b5ec16f0f99c14d14be45ba58ba68,com/microsoft/azure/maven/function/handlers/FunctionCoreToolsHandlerImplTest.java,76,7,18,83,0.03,2,7,0,0,0,0,0,6,0,0,0,0,0,0,0,0,3,0,0,7,0,0,False
2876,microsoft/azure-maven-plugins,0024493e233b5ec16f0f99c14d14be45ba58ba68,com/microsoft/azure/maven/function/handlers/MSDeployArtifactHandlerImplTest.java,122,9,21,101,0.03,4,9,0,0,0,0,0,7,0,3,0,0,0,0,0,0,3,0,2,7,0,0,False
2877,microsoft/azure-maven-plugins,0024493e233b5ec16f0f99c14d14be45ba58ba68,com/microsoft/azure/maven/function/utils/CommandUtilsTest.java,12,3,4,9,0.33,4,3,1,0,0,0,0,1,0,0,0,0,0,0,0,0,0,0,0,3,0,0,False
2878,microsoft/azure-maven-plugins,0024493e233b5ec16f0f99c14d14be45ba58ba68,com/microsoft/azure/maven/AbstractAppServiceMojoTest.java,17,2,3,10,0.06,1,1,0,0,0,0,0,0,0,0,0,0,1,0,0,0,0,0,0,1,0,0,False
2879,microsoft/azure-maven-plugins,0024493e233b5ec16f0f99c14d14be45ba58ba68,com/microsoft/azure/maven/AbstractAzureMojoTest.java,113,19,38,59,0.27,30,18,4,0,0,0,0,14,0,0,0,0,0,0,0,0,2,0,1,17,0,0,False
2880,microsoft/azure-maven-plugins,0024493e233b5ec16f0f99c14d14be45ba58ba68,com/microsoft/azure/maven/FTPUploaderTest.java,49,4,11,23,0.04,2,4,0,0,0,0,0,3,0,0,0,0,0,0,0,0,1,0,0,3,0,0,False
2881,microsoft/azure-maven-plugins,0024493e233b5ec16f0f99c14d14be45ba58ba68,com/microsoft/azure/maven/UtilsTest.java,44,4,8,27,0.18,8,4,2,0,0,0,0,1,0,0,0,0,0,0,0,1,1,0,0,3,0,0,False
2882,microsoft/azure-maven-plugins,0024493e233b5ec16f0f99c14d14be45ba58ba68,com/microsoft/azure/maven/artifacthandler/ArtifactHandlerBaseTest.java,51,8,18,40,0.0,0,5,0,0,0,0,0,4,0,0,0,0,0,0,0,0,1,0,0,4,0,0,False
2883,microsoft/azure-maven-plugins,0024493e233b5ec16f0f99c14d14be45ba58ba68,com/microsoft/azure/maven/artifacthandler/FTPArtifactHandlerImplTest.java,96,7,16,75,0.03,3,7,1,0,0,0,0,4,0,0,0,0,0,0,0,1,4,0,0,5,0,0,False
2884,microsoft/azure-maven-plugins,0024493e233b5ec16f0f99c14d14be45ba58ba68,com/microsoft/azure/maven/artifacthandler/ZIPArtifactHandlerImplTest.java,73,7,14,55,0.04,3,7,0,0,0,0,0,3,0,3,0,0,0,0,0,0,1,0,3,5,0,0,False
2885,microsoft/azure-maven-plugins,0024493e233b5ec16f0f99c14d14be45ba58ba68,com/microsoft/azure/maven/webapp/DeployMojoTest.java,147,22,57,104,0.18,26,16,3,0,0,0,0,12,0,0,0,0,0,0,0,0,0,0,0,12,0,0,False
2886,microsoft/azure-maven-plugins,0024493e233b5ec16f0f99c14d14be45ba58ba68,com/microsoft/azure/maven/webapp/handlers/artifact/ArtifactHandlerImplV2Test.java,171,11,30,147,0.02,4,11,1,0,0,0,0,8,0,4,0,0,0,0,0,1,3,0,6,9,0,0,False
2887,microsoft/azure-maven-plugins,0024493e233b5ec16f0f99c14d14be45ba58ba68,com/microsoft/azure/maven/webapp/handlers/artifact/JarArtifactHandlerImplTest.java,70,11,23,54,0.04,3,11,1,0,0,0,2,7,0,3,0,0,0,0,0,1,4,0,4,9,0,0,False
2888,microsoft/azure-maven-plugins,0024493e233b5ec16f0f99c14d14be45ba58ba68,com/microsoft/azure/maven/webapp/handlers/artifact/WarArtifactHandlerImplTest.java,149,12,26,121,0.07,11,12,2,0,0,0,0,8,0,8,0,0,1,0,0,1,2,0,9,10,0,0,False
2889,microsoft/azure-maven-plugins,0024493e233b5ec16f0f99c14d14be45ba58ba68,com/microsoft/azure/maven/webapp/handlers/DeploymentSlotHandlerTest.java,93,9,24,74,0.0,0,9,0,0,0,0,0,8,0,0,0,0,0,0,0,0,4,0,0,8,0,0,False
2890,microsoft/azure-maven-plugins,0024493e233b5ec16f0f99c14d14be45ba58ba68,com/microsoft/azure/maven/webapp/handlers/HandlerFactoryImplTest.java,92,8,21,57,0.15,14,8,3,0,0,0,0,7,0,0,0,0,0,0,0,0,0,0,0,7,0,0,False
2891,microsoft/azure-maven-plugins,0024493e233b5ec16f0f99c14d14be45ba58ba68,com/microsoft/azure/maven/webapp/handlers/SettingsHandlerImplTest.java,24,3,9,17,0.0,0,3,0,0,0,0,0,2,0,0,0,0,0,0,0,0,2,0,0,2,0,0,False
2892,microsoft/azure-maven-plugins,0024493e233b5ec16f0f99c14d14be45ba58ba68,com/microsoft/azure/maven/webapp/handlers/runtime/LinuxRuntimeHandlerImplTest.java,42,5,10,62,0.05,2,5,0,0,0,0,0,2,0,0,0,0,0,0,0,0,0,0,0,2,0,0,False
2893,microsoft/azure-maven-plugins,0024493e233b5ec16f0f99c14d14be45ba58ba68,com/microsoft/azure/maven/webapp/handlers/runtime/NullRuntimeHandlerImplTest.java,22,3,7,5,0.09,2,3,0,0,0,0,0,1,0,0,0,0,0,0,0,0,0,0,0,2,0,0,False
2894,microsoft/azure-maven-plugins,0024493e233b5ec16f0f99c14d14be45ba58ba68,com/microsoft/azure/maven/webapp/handlers/runtime/PrivateDockerHubRuntimeHandlerImplTest.java,57,5,10,82,0.0,0,5,0,0,0,0,0,2,0,0,0,0,0,0,0,0,2,0,0,2,0,0,False
2895,microsoft/azure-maven-plugins,0024493e233b5ec16f0f99c14d14be45ba58ba68,com/microsoft/azure/maven/webapp/handlers/runtime/PrivateRegistryRuntimeHandlerImplTest.java,58,5,10,83,0.0,0,5,0,0,0,0,0,2,0,0,0,0,0,0,0,0,2,0,0,2,0,0,False
2896,microsoft/azure-maven-plugins,0024493e233b5ec16f0f99c14d14be45ba58ba68,com/microsoft/azure/maven/webapp/handlers/runtime/PublicDockerHubRuntimeHandlerImplTest.java,42,5,10,70,0.0,0,5,0,0,0,0,0,2,0,0,0,0,0,0,0,0,2,0,0,2,0,0,False
2897,microsoft/azure-maven-plugins,0024493e233b5ec16f0f99c14d14be45ba58ba68,com/microsoft/azure/maven/webapp/handlers/runtime/WindowsRuntimeHandlerImplTest.java,47,5,10,70,0.04,2,5,0,0,0,0,0,2,0,0,0,0,0,0,0,0,0,0,0,2,0,0,False
2898,microsoft/azure-maven-plugins,0024493e233b5ec16f0f99c14d14be45ba58ba68,com/microsoft/azure/maven/webapp/parser/ConfigurationParserTest.java,138,21,44,39,0.18,25,5,3,0,0,0,0,3,0,0,0,0,0,0,0,0,0,0,0,3,0,0,False
2899,microsoft/azure-maven-plugins,0024493e233b5ec16f0f99c14d14be45ba58ba68,com/microsoft/azure/maven/webapp/parser/V1ConfigurationParserTest.java,122,9,23,56,0.23,28,9,8,0,0,0,0,6,0,0,0,0,0,0,0,0,0,0,0,8,0,0,False
2900,microsoft/azure-maven-plugins,0024493e233b5ec16f0f99c14d14be45ba58ba68,com/microsoft/azure/maven/webapp/parser/V2ConfigurationParserTest.java,146,10,22,68,0.19,28,10,9,0,0,0,0,6,0,0,0,0,0,0,0,1,0,0,0,9,0,0,False
2901,microsoft/azure-maven-plugins,0024493e233b5ec16f0f99c14d14be45ba58ba68,com/microsoft/azure/maven/webapp/utils/RuntimeStackUtilsTest.java,13,2,2,4,0.54,7,2,2,0,0,0,0,0,0,0,0,0,0,0,0,0,0,0,0,2,0,0,False
2902,microsoft/azure-maven-plugins,0024493e233b5ec16f0f99c14d14be45ba58ba68,com/microsoft/azure/maven/webapp/utils/TestUtils.java,32,4,13,11,0.0,0,4,0,0,0,0,0,0,0,0,0,0,0,0,0,0,0,0,0,0,0,0,False
2903,microsoft/azure-maven-plugins,0024493e233b5ec16f0f99c14d14be45ba58ba68,com/microsoft/azure/maven/webapp/WebAppUtilsTest.java,151,8,20,92,0.05,7,8,1,0,0,0,0,7,0,0,0,0,0,0,0,0,0,0,0,8,0,0,False
2904,microsoft/azure-maven-plugins,750f7aaafc5afe564eaa4622ef21fbb026d302b1,com/microsoft/azure/maven/function/AddMojoTest.java,44,7,15,24,0.11,5,7,1,0,0,0,0,6,0,1,0,0,0,0,0,0,0,0,2,6,0,0,False
2905,microsoft/azure-maven-plugins,750f7aaafc5afe564eaa4622ef21fbb026d302b1,com/microsoft/azure/maven/function/DeployMojoTest.java,114,14,37,102,0.17,19,14,7,0,0,0,0,12,12,0,0,0,0,0,0,1,4,0,0,12,0,0,False
2906,microsoft/azure-maven-plugins,750f7aaafc5afe564eaa4622ef21fbb026d302b1,com/microsoft/azure/maven/function/ListMojoTest.java,15,2,6,12,0.0,0,2,0,0,0,0,0,1,0,0,0,0,0,0,0,0,1,0,0,1,0,0,False
2907,microsoft/azure-maven-plugins,750f7aaafc5afe564eaa4622ef21fbb026d302b1,com/microsoft/azure/maven/function/PackageMojoTest.java,44,5,13,43,0.09,4,5,1,0,0,0,0,4,0,0,0,0,0,0,0,0,2,0,0,4,0,0,False
2908,microsoft/azure-maven-plugins,750f7aaafc5afe564eaa4622ef21fbb026d302b1,com/microsoft/azure/maven/function/RunMojoTest.java,57,8,20,60,0.07,4,8,1,0,0,0,0,7,0,0,0,0,0,0,0,0,1,0,0,7,0,0,False
2909,microsoft/azure-maven-plugins,750f7aaafc5afe564eaa4622ef21fbb026d302b1,com/microsoft/azure/maven/AbstractAppServiceMojoTest.java,17,2,3,10,0.06,1,1,0,0,0,0,0,0,0,0,0,0,1,0,0,0,0,0,0,1,0,0,False
2910,microsoft/azure-maven-plugins,750f7aaafc5afe564eaa4622ef21fbb026d302b1,com/microsoft/azure/maven/AbstractAzureMojoTest.java,96,17,34,48,0.26,25,16,3,0,0,0,0,12,0,0,0,0,0,0,0,0,1,0,0,15,0,0,False
2911,microsoft/azure-maven-plugins,750f7aaafc5afe564eaa4622ef21fbb026d302b1,com/microsoft/azure/maven/webapp/DeployMojoTest.java,163,20,53,126,0.15,25,14,3,0,0,0,0,11,0,0,0,0,0,0,0,0,0,0,3,11,0,0,False
2912,microsoft/azure-maven-plugins,750f7aaafc5afe564eaa4622ef21fbb026d302b1,com/microsoft/azure/maven/webapp/handlers/artifact/ArtifactHandlerImplV2Test.java,105,10,27,86,0.04,4,10,1,0,0,0,1,8,0,4,0,0,0,0,0,1,2,0,5,8,0,0,False
2913,microsoft/azure-maven-plugins,750f7aaafc5afe564eaa4622ef21fbb026d302b1,com/microsoft/azure/maven/webapp/handlers/artifact/JarArtifactHandlerImplTest.java,76,11,24,59,0.04,3,11,1,0,0,0,2,7,0,3,0,0,0,0,0,1,4,0,4,9,0,0,False
2914,microsoft/azure-maven-plugins,750f7aaafc5afe564eaa4622ef21fbb026d302b1,com/microsoft/azure/maven/webapp/handlers/artifact/WarArtifactHandlerImplTest.java,138,12,26,111,0.08,11,12,2,0,0,0,0,8,0,8,0,0,1,0,0,1,2,0,9,10,0,0,False
2915,microsoft/azure-maven-plugins,750f7aaafc5afe564eaa4622ef21fbb026d302b1,com/microsoft/azure/maven/webapp/handlers/DeploymentSlotHandlerTest.java,87,9,24,71,0.0,0,9,0,0,0,0,0,8,0,0,0,0,0,0,0,0,4,0,0,8,0,0,False
2916,microsoft/azure-maven-plugins,750f7aaafc5afe564eaa4622ef21fbb026d302b1,com/microsoft/azure/maven/webapp/handlers/HandlerFactoryImplTest.java,89,8,22,54,0.16,14,8,3,0,0,0,0,7,3,0,0,0,0,0,0,0,0,0,0,7,0,0,False
2917,microsoft/azure-maven-plugins,750f7aaafc5afe564eaa4622ef21fbb026d302b1,com/microsoft/azure/maven/webapp/handlers/SettingsHandlerImplTest.java,24,3,9,17,0.0,0,3,0,0,0,0,0,2,0,0,0,0,0,0,0,0,2,0,0,2,0,0,False
2918,microsoft/azure-maven-plugins,750f7aaafc5afe564eaa4622ef21fbb026d302b1,com/microsoft/azure/maven/webapp/handlers/runtime/LinuxRuntimeHandlerImplTest.java,41,5,10,60,0.05,2,5,0,0,0,0,0,2,0,0,0,0,0,0,0,0,0,0,0,2,0,0,False
2919,microsoft/azure-maven-plugins,750f7aaafc5afe564eaa4622ef21fbb026d302b1,com/microsoft/azure/maven/webapp/handlers/runtime/NullRuntimeHandlerImplTest.java,22,3,7,5,0.09,2,3,0,0,0,0,0,1,0,0,0,0,0,0,0,0,0,0,0,2,0,0,False
2920,microsoft/azure-maven-plugins,750f7aaafc5afe564eaa4622ef21fbb026d302b1,com/microsoft/azure/maven/webapp/handlers/runtime/PrivateDockerHubRuntimeHandlerImplTest.java,62,5,12,80,0.0,0,5,0,0,0,0,0,2,0,0,0,0,0,0,0,0,2,0,0,2,0,0,False
2921,microsoft/azure-maven-plugins,750f7aaafc5afe564eaa4622ef21fbb026d302b1,com/microsoft/azure/maven/webapp/handlers/runtime/PrivateRegistryRuntimeHandlerImplTest.java,63,5,12,81,0.0,0,5,0,0,0,0,0,2,0,0,0,0,0,0,0,0,2,0,0,2,0,0,False
2922,microsoft/azure-maven-plugins,750f7aaafc5afe564eaa4622ef21fbb026d302b1,com/microsoft/azure/maven/webapp/handlers/runtime/PublicDockerHubRuntimeHandlerImplTest.java,41,5,10,64,0.0,0,5,0,0,0,0,0,2,0,0,0,0,0,0,0,0,2,0,0,2,0,0,False
2923,microsoft/azure-maven-plugins,750f7aaafc5afe564eaa4622ef21fbb026d302b1,com/microsoft/azure/maven/webapp/handlers/runtime/WindowsRuntimeHandlerImplTest.java,46,5,10,68,0.04,2,5,0,0,0,0,0,2,0,0,0,0,0,0,0,0,0,0,0,2,0,0,False
2924,microsoft/azure-maven-plugins,750f7aaafc5afe564eaa4622ef21fbb026d302b1,com/microsoft/azure/maven/webapp/parser/ConfigurationParserTest.java,138,21,44,39,0.18,25,5,3,0,0,0,0,3,0,0,0,0,0,0,0,0,0,0,0,3,0,0,False
2925,microsoft/azure-maven-plugins,750f7aaafc5afe564eaa4622ef21fbb026d302b1,com/microsoft/azure/maven/webapp/parser/V1ConfigurationParserTest.java,120,9,23,56,0.23,27,9,8,0,0,0,0,6,0,0,0,0,0,0,0,0,0,0,0,8,0,0,False
2926,microsoft/azure-maven-plugins,750f7aaafc5afe564eaa4622ef21fbb026d302b1,com/microsoft/azure/maven/webapp/parser/V2ConfigurationParserTest.java,146,10,22,68,0.19,28,10,9,0,0,0,0,6,0,0,0,0,0,0,0,1,0,0,0,9,0,0,False
2927,microsoft/azure-maven-plugins,750f7aaafc5afe564eaa4622ef21fbb026d302b1,com/microsoft/azure/maven/webapp/utils/RuntimeStackUtilsTest.java,13,2,2,4,0.54,7,2,2,0,0,0,0,0,0,0,0,0,0,0,0,0,0,0,0,2,0,0,False
2928,microsoft/azure-maven-plugins,750f7aaafc5afe564eaa4622ef21fbb026d302b1,com/microsoft/azure/maven/webapp/utils/TestUtils.java,52,6,20,29,0.0,0,6,0,0,0,0,0,0,0,0,0,0,0,0,0,0,0,0,0,0,0,0,False
2929,microsoft/azure-maven-plugins,750f7aaafc5afe564eaa4622ef21fbb026d302b1,com/microsoft/azure/maven/webapp/WebAppUtilsTest.java,149,8,20,90,0.05,7,8,1,0,0,0,0,7,0,0,0,0,0,0,0,0,0,0,0,8,0,0,False
2930,microsoft/azure-maven-plugins,cf49cf5cab6977b58784c914f003ad462a043513,com/microsoft/azure/maven/function/AddMojoTest.java,44,7,15,24,0.11,5,7,1,0,0,0,0,6,0,1,0,0,0,0,0,0,0,0,2,6,0,0,False
2931,microsoft/azure-maven-plugins,cf49cf5cab6977b58784c914f003ad462a043513,com/microsoft/azure/maven/function/DeployMojoTest.java,166,18,48,154,0.08,13,18,4,0,0,0,0,15,15,0,0,0,0,0,0,0,7,0,0,15,0,0,False
2932,microsoft/azure-maven-plugins,cf49cf5cab6977b58784c914f003ad462a043513,com/microsoft/azure/maven/function/ListMojoTest.java,22,2,6,14,0.05,1,2,0,0,0,0,0,1,0,0,0,0,0,0,0,0,1,0,0,1,0,0,False
2933,microsoft/azure-maven-plugins,cf49cf5cab6977b58784c914f003ad462a043513,com/microsoft/azure/maven/function/PackageMojoTest.java,41,5,13,41,0.1,4,5,1,0,0,0,0,4,0,0,0,0,1,0,0,0,2,0,0,4,0,0,False
2934,microsoft/azure-maven-plugins,cf49cf5cab6977b58784c914f003ad462a043513,com/microsoft/azure/maven/function/RunMojoTest.java,57,8,20,60,0.07,4,8,1,0,0,0,0,7,0,0,0,0,0,0,0,0,1,0,0,7,0,0,False
2935,microsoft/azure-maven-plugins,cf49cf5cab6977b58784c914f003ad462a043513,com/microsoft/azure/maven/function/handlers/AnnotationHandlerImplTest.java,90,7,17,13,0.03,3,7,2,0,0,0,0,2,0,0,0,0,0,0,0,0,0,0,0,2,0,0,False
2936,microsoft/azure-maven-plugins,cf49cf5cab6977b58784c914f003ad462a043513,com/microsoft/azure/maven/function/handlers/CommandHandlerImplTest.java,20,3,4,14,0.15,3,3,1,0,0,0,0,1,0,0,0,0,0,0,0,0,0,0,0,3,0,0,False
2937,microsoft/azure-maven-plugins,cf49cf5cab6977b58784c914f003ad462a043513,com/microsoft/azure/maven/function/handlers/FunctionCoreToolsHandlerImplTest.java,76,7,18,83,0.03,2,7,0,0,0,0,0,6,0,0,0,0,0,0,0,0,3,0,0,7,0,0,False
2938,microsoft/azure-maven-plugins,cf49cf5cab6977b58784c914f003ad462a043513,com/microsoft/azure/maven/function/handlers/MSDeployArtifactHandlerImplTest.java,122,9,21,101,0.03,4,9,0,0,0,0,0,7,0,3,0,0,0,0,0,0,3,0,2,7,0,0,False
2939,microsoft/azure-maven-plugins,cf49cf5cab6977b58784c914f003ad462a043513,com/microsoft/azure/maven/function/utils/CommandUtilsTest.java,12,3,4,9,0.33,4,3,1,0,0,0,0,1,0,0,0,0,0,0,0,0,0,0,0,3,0,0,False
2940,microsoft/azure-maven-plugins,cf49cf5cab6977b58784c914f003ad462a043513,com/microsoft/azure/maven/AbstractAppServiceMojoTest.java,17,2,3,10,0.06,1,1,0,0,0,0,0,0,0,0,0,0,1,0,0,0,0,0,0,1,0,0,False
2941,microsoft/azure-maven-plugins,cf49cf5cab6977b58784c914f003ad462a043513,com/microsoft/azure/maven/AbstractAzureMojoTest.java,113,19,38,59,0.27,30,18,4,0,0,0,0,14,0,0,0,0,0,0,0,0,2,0,1,17,0,0,False
2942,microsoft/azure-maven-plugins,cf49cf5cab6977b58784c914f003ad462a043513,com/microsoft/azure/maven/FTPUploaderTest.java,49,4,11,23,0.04,2,4,0,0,0,0,0,3,0,0,0,0,0,0,0,0,1,0,0,3,0,0,False
2943,microsoft/azure-maven-plugins,cf49cf5cab6977b58784c914f003ad462a043513,com/microsoft/azure/maven/UtilsTest.java,44,4,8,27,0.18,8,4,2,0,0,0,0,1,0,0,0,0,0,0,0,1,1,0,0,3,0,0,False
2944,microsoft/azure-maven-plugins,cf49cf5cab6977b58784c914f003ad462a043513,com/microsoft/azure/maven/artifacthandler/ArtifactHandlerBaseTest.java,51,8,18,40,0.0,0,5,0,0,0,0,0,4,0,0,0,0,0,0,0,0,1,0,0,4,0,0,False
2945,microsoft/azure-maven-plugins,cf49cf5cab6977b58784c914f003ad462a043513,com/microsoft/azure/maven/artifacthandler/FTPArtifactHandlerImplTest.java,96,7,16,75,0.03,3,7,1,0,0,0,0,4,0,0,0,0,0,0,0,1,4,0,0,5,0,0,False
2946,microsoft/azure-maven-plugins,cf49cf5cab6977b58784c914f003ad462a043513,com/microsoft/azure/maven/artifacthandler/ZIPArtifactHandlerImplTest.java,73,7,14,55,0.04,3,7,0,0,0,0,0,3,0,3,0,0,0,0,0,0,1,0,3,5,0,0,False
2947,microsoft/azure-maven-plugins,cf49cf5cab6977b58784c914f003ad462a043513,com/microsoft/azure/maven/auth/AzureAuthHelperTest.java,196,13,27,123,0.16,31,13,5,0,0,0,0,4,0,0,0,0,0,0,0,3,1,0,0,12,0,0,False
2948,microsoft/azure-maven-plugins,cf49cf5cab6977b58784c914f003ad462a043513,com/microsoft/azure/maven/utils/JsonUtilsTest.java,42,2,4,9,0.17,7,2,1,0,0,0,0,1,0,0,0,0,0,0,0,1,0,0,0,2,0,0,False
2949,microsoft/azure-maven-plugins,cf49cf5cab6977b58784c914f003ad462a043513,com/microsoft/azure/maven/webapp/DeployMojoTest.java,147,22,57,104,0.18,26,16,3,0,0,0,0,12,0,0,0,0,0,0,0,0,0,0,0,12,0,0,False
2950,microsoft/azure-maven-plugins,cf49cf5cab6977b58784c914f003ad462a043513,com/microsoft/azure/maven/webapp/handlers/artifact/ArtifactHandlerImplV2Test.java,147,10,28,122,0.0,0,10,0,0,0,0,0,8,0,4,0,0,0,0,0,0,3,0,6,8,0,0,False
2951,microsoft/azure-maven-plugins,cf49cf5cab6977b58784c914f003ad462a043513,com/microsoft/azure/maven/webapp/handlers/artifact/JarArtifactHandlerImplTest.java,70,11,23,54,0.04,3,11,1,0,0,0,2,7,0,3,0,0,0,0,0,1,4,0,4,9,0,0,False
2952,microsoft/azure-maven-plugins,cf49cf5cab6977b58784c914f003ad462a043513,com/microsoft/azure/maven/webapp/handlers/artifact/WarArtifactHandlerImplTest.java,149,12,26,121,0.07,11,12,2,0,0,0,0,8,0,8,0,0,1,0,0,1,2,0,9,10,0,0,False
2953,microsoft/azure-maven-plugins,cf49cf5cab6977b58784c914f003ad462a043513,com/microsoft/azure/maven/webapp/handlers/DeploymentSlotHandlerTest.java,93,9,24,74,0.0,0,9,0,0,0,0,0,8,0,0,0,0,0,0,0,0,4,0,0,8,0,0,False
2954,microsoft/azure-maven-plugins,cf49cf5cab6977b58784c914f003ad462a043513,com/microsoft/azure/maven/webapp/handlers/HandlerFactoryImplTest.java,92,8,21,57,0.15,14,8,3,0,0,0,0,7,0,0,0,0,0,0,0,0,0,0,0,7,0,0,False
2955,microsoft/azure-maven-plugins,cf49cf5cab6977b58784c914f003ad462a043513,com/microsoft/azure/maven/webapp/handlers/SettingsHandlerImplTest.java,24,3,9,17,0.0,0,3,0,0,0,0,0,2,0,0,0,0,0,0,0,0,2,0,0,2,0,0,False
2956,microsoft/azure-maven-plugins,cf49cf5cab6977b58784c914f003ad462a043513,com/microsoft/azure/maven/webapp/handlers/runtime/LinuxRuntimeHandlerImplTest.java,42,5,10,62,0.05,2,5,0,0,0,0,0,2,0,0,0,0,0,0,0,0,0,0,0,2,0,0,False
2957,microsoft/azure-maven-plugins,cf49cf5cab6977b58784c914f003ad462a043513,com/microsoft/azure/maven/webapp/handlers/runtime/NullRuntimeHandlerImplTest.java,22,3,7,5,0.09,2,3,0,0,0,0,0,1,0,0,0,0,0,0,0,0,0,0,0,2,0,0,False
2958,microsoft/azure-maven-plugins,cf49cf5cab6977b58784c914f003ad462a043513,com/microsoft/azure/maven/webapp/handlers/runtime/PrivateDockerHubRuntimeHandlerImplTest.java,57,5,10,82,0.0,0,5,0,0,0,0,0,2,0,0,0,0,0,0,0,0,2,0,0,2,0,0,False
2959,microsoft/azure-maven-plugins,cf49cf5cab6977b58784c914f003ad462a043513,com/microsoft/azure/maven/webapp/handlers/runtime/PrivateRegistryRuntimeHandlerImplTest.java,58,5,10,83,0.0,0,5,0,0,0,0,0,2,0,0,0,0,0,0,0,0,2,0,0,2,0,0,False
2960,microsoft/azure-maven-plugins,cf49cf5cab6977b58784c914f003ad462a043513,com/microsoft/azure/maven/webapp/handlers/runtime/PublicDockerHubRuntimeHandlerImplTest.java,42,5,10,70,0.0,0,5,0,0,0,0,0,2,0,0,0,0,0,0,0,0,2,0,0,2,0,0,False
2961,microsoft/azure-maven-plugins,cf49cf5cab6977b58784c914f003ad462a043513,com/microsoft/azure/maven/webapp/handlers/runtime/WindowsRuntimeHandlerImplTest.java,47,5,10,70,0.04,2,5,0,0,0,0,0,2,0,0,0,0,0,0,0,0,0,0,0,2,0,0,False
2962,microsoft/azure-maven-plugins,cf49cf5cab6977b58784c914f003ad462a043513,com/microsoft/azure/maven/webapp/parser/ConfigurationParserTest.java,138,21,44,39,0.18,25,5,3,0,0,0,0,3,0,0,0,0,0,0,0,0,0,0,0,3,0,0,False
2963,microsoft/azure-maven-plugins,cf49cf5cab6977b58784c914f003ad462a043513,com/microsoft/azure/maven/webapp/parser/V1ConfigurationParserTest.java,122,9,23,56,0.23,28,9,8,0,0,0,0,6,0,0,0,0,0,0,0,0,0,0,0,8,0,0,False
2964,microsoft/azure-maven-plugins,cf49cf5cab6977b58784c914f003ad462a043513,com/microsoft/azure/maven/webapp/parser/V2ConfigurationParserTest.java,146,10,22,68,0.19,28,10,9,0,0,0,0,6,0,0,0,0,0,0,0,1,0,0,0,9,0,0,False
2965,microsoft/azure-maven-plugins,cf49cf5cab6977b58784c914f003ad462a043513,com/microsoft/azure/maven/webapp/utils/RuntimeStackUtilsTest.java,13,2,2,4,0.54,7,2,2,0,0,0,0,0,0,0,0,0,0,0,0,0,0,0,0,2,0,0,False
2966,microsoft/azure-maven-plugins,cf49cf5cab6977b58784c914f003ad462a043513,com/microsoft/azure/maven/webapp/WebAppUtilsTest.java,151,8,20,92,0.05,7,8,1,0,0,0,0,7,0,0,0,0,0,0,0,0,0,0,0,8,0,0,False
2967,microsoft/azure-maven-plugins,4d8c96fd51cbf5e356c48e47642f2ed67b747527,com/microsoft/azure/maven/function/AddMojoTest.java,44,7,15,24,0.11,5,7,1,0,0,0,0,4,0,0,0,0,0,0,0,0,0,2,0,4,0,0,False
2968,microsoft/azure-maven-plugins,4d8c96fd51cbf5e356c48e47642f2ed67b747527,com/microsoft/azure/maven/function/DeployMojoTest.java,18,3,7,8,0.22,4,3,1,0,0,0,0,0,1,0,0,0,0,0,0,0,0,0,0,1,0,0,False
2969,microsoft/azure-maven-plugins,4d8c96fd51cbf5e356c48e47642f2ed67b747527,com/microsoft/azure/maven/function/ListMojoTest.java,12,2,6,8,0.0,0,2,0,0,0,0,0,1,0,0,0,0,0,0,0,0,1,0,0,1,0,0,False
2970,microsoft/azure-maven-plugins,4d8c96fd51cbf5e356c48e47642f2ed67b747527,com/microsoft/azure/maven/function/PackageMojoTest.java,42,5,13,41,0.1,4,5,1,0,0,0,0,4,0,0,0,0,0,0,0,0,2,0,0,4,0,0,False
2971,microsoft/azure-maven-plugins,4d8c96fd51cbf5e356c48e47642f2ed67b747527,com/microsoft/azure/maven/function/RunMojoTest.java,57,8,20,60,0.07,4,8,1,0,0,0,0,7,0,0,0,0,0,0,0,0,1,0,0,7,0,0,False
2972,microsoft/azure-maven-plugins,4d8c96fd51cbf5e356c48e47642f2ed67b747527,com/microsoft/azure/maven/AbstractAppServiceMojoTest.java,17,2,3,10,0.06,1,1,0,0,0,0,0,0,0,0,0,0,1,0,0,0,0,0,0,1,0,0,False
2973,microsoft/azure-maven-plugins,4d8c96fd51cbf5e356c48e47642f2ed67b747527,com/microsoft/azure/maven/AbstractAzureMojoTest.java,85,14,29,43,0.26,22,13,3,0,0,0,0,10,0,0,0,0,0,0,0,0,1,0,0,12,0,0,False
2974,microsoft/azure-maven-plugins,4d8c96fd51cbf5e356c48e47642f2ed67b747527,com/microsoft/azure/maven/prompt/DefaultPrompterTest.java,54,13,27,17,0.22,12,13,8,4,0,0,0,12,0,0,0,0,0,0,0,4,1,0,0,12,0,0,False
2975,microsoft/azure-maven-plugins,4d8c96fd51cbf5e356c48e47642f2ed67b747527,com/microsoft/azure/maven/prompt/InputValidateResultTest.java,15,2,2,12,0.4,6,2,2,0,0,0,0,0,0,0,0,0,0,0,0,0,0,0,0,2,0,0,False
2976,microsoft/azure-maven-plugins,4d8c96fd51cbf5e356c48e47642f2ed67b747527,com/microsoft/azure/maven/prompt/SchemaValidatorTest.java,66,6,15,17,0.18,12,6,1,0,0,0,0,5,1,0,1,0,0,0,0,2,0,0,0,5,0,0,False
2977,microsoft/azure-maven-plugins,4d8c96fd51cbf5e356c48e47642f2ed67b747527,com/microsoft/azure/maven/utils/MavenUtilsTest.java,34,3,6,39,0.32,11,3,2,0,0,0,0,3,0,3,0,0,0,0,0,0,0,0,3,3,0,0,False
2978,microsoft/azure-maven-plugins,4d8c96fd51cbf5e356c48e47642f2ed67b747527,com/microsoft/azure/maven/utils/TemplateUtilsTest.java,54,8,10,28,0.19,10,8,2,0,0,0,0,1,0,0,0,0,0,0,0,1,0,0,0,8,0,0,False
2979,microsoft/azure-maven-plugins,4d8c96fd51cbf5e356c48e47642f2ed67b747527,com/microsoft/azure/maven/utils/XmlUtilsTest.java,49,6,10,30,0.33,16,6,4,0,0,0,0,1,0,0,0,0,0,0,0,0,0,0,0,5,0,0,False
2980,microsoft/azure-maven-plugins,4d8c96fd51cbf5e356c48e47642f2ed67b747527,com/microsoft/azure/maven/webapp/DeployMojoTest.java,53,7,16,37,0.34,18,5,3,0,0,0,0,3,0,0,0,0,0,0,0,0,0,0,0,3,0,0,False
2981,microsoft/azure-maven-plugins,4d8c96fd51cbf5e356c48e47642f2ed67b747527,com/microsoft/azure/maven/webapp/parser/ConfigParserTest.java,80,5,7,49,0.29,23,5,4,0,0,0,0,1,4,0,0,0,0,0,0,0,0,0,0,4,0,0,False
2982,microsoft/azure-maven-plugins,4d8c96fd51cbf5e356c48e47642f2ed67b747527,com/microsoft/azure/maven/webapp/utils/TestUtils.java,52,6,20,29,0.0,0,6,0,0,0,0,0,0,0,0,0,0,0,0,0,0,0,0,0,0,0,0,False
2983,microsoft/azure-maven-plugins,baf2c6d177e52caf22187e02bfeeee3c1911c243,com/microsoft/azure/maven/appservice/AbstractAppServiceMojoTest.java,17,2,3,10,0.06,1,1,0,0,0,0,0,0,0,0,0,0,1,0,0,0,0,0,0,1,0,0,False
2984,microsoft/azure-maven-plugins,baf2c6d177e52caf22187e02bfeeee3c1911c243,com/microsoft/azure/maven/function/AddMojoTest.java,44,7,15,24,0.11,5,7,1,0,0,0,0,4,0,0,0,0,0,0,0,0,0,2,0,4,0,0,False
2985,microsoft/azure-maven-plugins,baf2c6d177e52caf22187e02bfeeee3c1911c243,com/microsoft/azure/maven/function/DeployMojoTest.java,18,3,7,8,0.22,4,3,1,0,0,0,0,0,1,0,0,0,0,0,0,0,0,0,0,1,0,0,False
2986,microsoft/azure-maven-plugins,baf2c6d177e52caf22187e02bfeeee3c1911c243,com/microsoft/azure/maven/function/ListMojoTest.java,12,2,6,8,0.0,0,2,0,0,0,0,0,1,0,0,0,0,0,0,0,0,1,0,0,1,0,0,False
2987,microsoft/azure-maven-plugins,baf2c6d177e52caf22187e02bfeeee3c1911c243,com/microsoft/azure/maven/function/PackageMojoTest.java,43,5,13,42,0.09,4,5,1,0,0,0,0,4,0,0,0,0,0,0,0,0,2,0,0,4,0,0,False
2988,microsoft/azure-maven-plugins,baf2c6d177e52caf22187e02bfeeee3c1911c243,com/microsoft/azure/maven/function/RunMojoTest.java,57,8,21,61,0.07,4,8,1,0,0,0,0,7,0,0,0,0,0,0,0,0,1,0,0,7,0,0,False
2989,microsoft/azure-maven-plugins,baf2c6d177e52caf22187e02bfeeee3c1911c243,com/microsoft/azure/maven/AbstractAzureMojoTest.java,85,14,29,43,0.26,22,13,3,0,0,0,0,10,0,0,0,0,0,0,0,0,1,0,0,12,0,0,False
2990,microsoft/azure-maven-plugins,baf2c6d177e52caf22187e02bfeeee3c1911c243,com/microsoft/azure/maven/prompt/DefaultPrompterTest.java,54,13,27,17,0.22,12,13,8,4,0,0,0,12,0,0,0,0,0,0,0,4,1,0,0,12,0,0,False
2991,microsoft/azure-maven-plugins,baf2c6d177e52caf22187e02bfeeee3c1911c243,com/microsoft/azure/maven/prompt/InputValidateResultTest.java,15,2,2,12,0.4,6,2,2,0,0,0,0,0,0,0,0,0,0,0,0,0,0,0,0,2,0,0,False
2992,microsoft/azure-maven-plugins,baf2c6d177e52caf22187e02bfeeee3c1911c243,com/microsoft/azure/maven/prompt/SchemaValidatorTest.java,66,6,15,17,0.18,12,6,1,0,0,0,0,5,1,0,1,0,0,0,0,2,0,0,0,5,0,0,False
2993,microsoft/azure-maven-plugins,baf2c6d177e52caf22187e02bfeeee3c1911c243,com/microsoft/azure/maven/utils/MavenUtilsTest.java,34,3,6,39,0.32,11,3,2,0,0,0,0,3,0,3,0,0,0,0,0,0,0,0,3,3,0,0,False
2994,microsoft/azure-maven-plugins,baf2c6d177e52caf22187e02bfeeee3c1911c243,com/microsoft/azure/maven/utils/XmlUtilsTest.java,49,6,10,30,0.33,16,6,4,0,0,0,0,1,0,0,0,0,0,0,0,0,0,0,0,5,0,0,False
2995,microsoft/azure-maven-plugins,baf2c6d177e52caf22187e02bfeeee3c1911c243,com/microsoft/azure/maven/springcloud/DeployMojoTest.java,16,1,3,8,0.13,2,1,1,0,0,0,0,1,0,0,0,0,0,0,0,0,0,0,0,1,0,0,False
2996,microsoft/azure-maven-plugins,baf2c6d177e52caf22187e02bfeeee3c1911c243,com/microsoft/azure/maven/springcloud/TemplateUtilsTest.java,43,7,8,25,0.23,10,7,2,0,0,0,0,0,0,0,0,0,0,0,0,1,0,0,0,7,0,0,False
2997,microsoft/azure-maven-plugins,baf2c6d177e52caf22187e02bfeeee3c1911c243,com/microsoft/azure/maven/springcloud/configuration/AppDeploymentMavenConfigTest.java,38,7,7,27,0.21,8,7,1,0,0,0,0,0,0,0,0,0,0,0,0,0,0,0,0,7,0,0,False
2998,microsoft/azure-maven-plugins,baf2c6d177e52caf22187e02bfeeee3c1911c243,com/microsoft/azure/maven/springcloud/prompt/ConfigurationPrompterTest.java,183,16,37,75,0.09,16,16,8,1,0,0,0,14,12,0,0,0,2,0,0,7,1,0,1,15,0,0,False
2999,microsoft/azure-maven-plugins,baf2c6d177e52caf22187e02bfeeee3c1911c243,com/microsoft/azure/maven/webapp/DeployMojoTest.java,53,7,16,37,0.34,18,5,3,0,0,0,0,3,0,0,0,0,0,0,0,0,0,0,0,3,0,0,False
3000,microsoft/azure-maven-plugins,baf2c6d177e52caf22187e02bfeeee3c1911c243,com/microsoft/azure/maven/webapp/parser/ConfigParserTest.java,80,5,7,49,0.29,23,5,4,0,0,0,0,1,4,0,0,0,0,0,0,0,0,0,0,4,0,0,False
3001,microsoft/azure-maven-plugins,baf2c6d177e52caf22187e02bfeeee3c1911c243,com/microsoft/azure/maven/webapp/utils/TestUtils.java,52,6,20,29,0.0,0,6,0,0,0,0,0,0,0,0,0,0,0,0,0,0,0,0,0,0,0,0,False
3002,microsoft/azure-maven-plugins,175b3180324ed8be16eeaf998e0138dfa5ae1037,com/microsoft/azure/maven/appservice/AbstractAppServiceMojoTest.java,17,2,3,10,0.06,1,1,0,0,0,0,0,0,0,0,0,0,1,0,0,0,0,0,0,1,0,0,False
3003,microsoft/azure-maven-plugins,175b3180324ed8be16eeaf998e0138dfa5ae1037,com/microsoft/azure/maven/function/AddMojoTest.java,44,7,15,24,0.11,5,7,1,0,0,0,0,4,0,0,0,0,0,0,0,0,0,2,0,4,0,0,False
3004,microsoft/azure-maven-plugins,175b3180324ed8be16eeaf998e0138dfa5ae1037,com/microsoft/azure/maven/function/DeployMojoTest.java,18,3,7,8,0.22,4,3,1,0,0,0,0,0,1,0,0,0,0,0,0,0,0,0,0,1,0,0,False
3005,microsoft/azure-maven-plugins,175b3180324ed8be16eeaf998e0138dfa5ae1037,com/microsoft/azure/maven/function/ListMojoTest.java,12,2,6,8,0.0,0,2,0,0,0,0,0,1,0,0,0,0,0,0,0,0,1,0,0,1,0,0,False
3006,microsoft/azure-maven-plugins,175b3180324ed8be16eeaf998e0138dfa5ae1037,com/microsoft/azure/maven/function/PackageMojoTest.java,43,5,13,42,0.09,4,5,1,0,0,0,0,4,0,0,0,0,0,0,0,0,2,0,0,4,0,0,False
3007,microsoft/azure-maven-plugins,175b3180324ed8be16eeaf998e0138dfa5ae1037,com/microsoft/azure/maven/function/RunMojoTest.java,57,8,21,61,0.07,4,8,1,0,0,0,0,7,0,0,0,0,0,0,0,0,1,0,0,7,0,0,False
3008,microsoft/azure-maven-plugins,175b3180324ed8be16eeaf998e0138dfa5ae1037,com/microsoft/azure/maven/AbstractAzureMojoTest.java,85,14,29,43,0.26,22,13,3,0,0,0,0,10,0,0,0,0,0,0,0,0,1,0,0,12,0,0,False
3009,microsoft/azure-maven-plugins,175b3180324ed8be16eeaf998e0138dfa5ae1037,com/microsoft/azure/maven/prompt/DefaultPrompterTest.java,54,13,27,17,0.22,12,13,8,4,0,0,0,12,0,0,0,0,0,0,0,4,1,0,0,12,0,0,False
3010,microsoft/azure-maven-plugins,175b3180324ed8be16eeaf998e0138dfa5ae1037,com/microsoft/azure/maven/prompt/InputValidateResultTest.java,15,2,2,12,0.4,6,2,2,0,0,0,0,0,0,0,0,0,0,0,0,0,0,0,0,2,0,0,False
3011,microsoft/azure-maven-plugins,175b3180324ed8be16eeaf998e0138dfa5ae1037,com/microsoft/azure/maven/prompt/SchemaValidatorTest.java,66,6,15,17,0.18,12,6,1,0,0,0,0,5,1,0,1,0,0,0,0,2,0,0,0,5,0,0,False
3012,microsoft/azure-maven-plugins,175b3180324ed8be16eeaf998e0138dfa5ae1037,com/microsoft/azure/maven/utils/MavenUtilsTest.java,34,3,6,39,0.32,11,3,2,0,0,0,0,3,0,3,0,0,0,0,0,0,0,0,3,3,0,0,False
3013,microsoft/azure-maven-plugins,175b3180324ed8be16eeaf998e0138dfa5ae1037,com/microsoft/azure/maven/utils/XmlUtilsTest.java,49,6,10,30,0.33,16,6,4,0,0,0,0,1,0,0,0,0,0,0,0,0,0,0,0,5,0,0,False
3014,microsoft/azure-maven-plugins,175b3180324ed8be16eeaf998e0138dfa5ae1037,com/microsoft/azure/maven/springcloud/DeployMojoTest.java,16,1,3,8,0.13,2,1,1,0,0,0,0,1,0,0,0,0,0,0,0,0,0,0,0,1,0,0,False
3015,microsoft/azure-maven-plugins,175b3180324ed8be16eeaf998e0138dfa5ae1037,com/microsoft/azure/maven/springcloud/TemplateUtilsTest.java,43,7,8,25,0.23,10,7,2,0,0,0,0,0,0,0,0,0,0,0,0,1,0,0,0,7,0,0,False
3016,microsoft/azure-maven-plugins,175b3180324ed8be16eeaf998e0138dfa5ae1037,com/microsoft/azure/maven/springcloud/configuration/AppDeploymentMavenConfigTest.java,38,7,7,27,0.21,8,7,1,0,0,0,0,0,0,0,0,0,0,0,0,0,0,0,0,7,0,0,False
3017,microsoft/azure-maven-plugins,175b3180324ed8be16eeaf998e0138dfa5ae1037,com/microsoft/azure/maven/springcloud/prompt/ConfigurationPrompterTest.java,185,16,37,75,0.09,16,16,8,1,0,0,0,14,15,0,0,0,2,0,0,7,1,0,1,15,0,0,False
3018,microsoft/azure-maven-plugins,175b3180324ed8be16eeaf998e0138dfa5ae1037,com/microsoft/azure/maven/webapp/DeployMojoTest.java,53,7,16,37,0.34,18,5,3,0,0,0,0,3,0,0,0,0,0,0,0,0,0,0,0,3,0,0,False
3019,microsoft/azure-maven-plugins,175b3180324ed8be16eeaf998e0138dfa5ae1037,com/microsoft/azure/maven/webapp/parser/ConfigParserTest.java,80,5,7,49,0.29,23,5,4,0,0,0,0,1,4,0,0,0,0,0,0,0,0,0,0,4,0,0,False
3020,microsoft/azure-maven-plugins,175b3180324ed8be16eeaf998e0138dfa5ae1037,com/microsoft/azure/maven/webapp/utils/TestUtils.java,52,6,20,29,0.0,0,6,0,0,0,0,0,0,0,0,0,0,0,0,0,0,0,0,0,0,0,0,False
3021,microsoft/azure-maven-plugins,8fb4954d731021ec8551b2e7866aa70477441374,com/microsoft/azure/maven/appservice/AbstractAppServiceMojoTest.java,17,2,3,10,0.06,1,1,0,0,0,0,0,0,0,0,0,0,1,0,0,0,0,0,0,1,0,0,False
3022,microsoft/azure-maven-plugins,8fb4954d731021ec8551b2e7866aa70477441374,com/microsoft/azure/maven/function/AddMojoTest.java,44,7,15,24,0.11,5,7,1,0,0,0,0,4,0,0,0,0,0,0,0,0,0,2,0,4,0,0,False
3023,microsoft/azure-maven-plugins,8fb4954d731021ec8551b2e7866aa70477441374,com/microsoft/azure/maven/function/DeployMojoTest.java,18,3,7,8,0.22,4,3,1,0,0,0,0,0,1,0,0,0,0,0,0,0,0,0,0,1,0,0,False
3024,microsoft/azure-maven-plugins,8fb4954d731021ec8551b2e7866aa70477441374,com/microsoft/azure/maven/function/ListMojoTest.java,12,2,6,8,0.0,0,2,0,0,0,0,0,1,0,0,0,0,0,0,0,0,1,0,0,1,0,0,False
3025,microsoft/azure-maven-plugins,8fb4954d731021ec8551b2e7866aa70477441374,com/microsoft/azure/maven/function/PackageMojoTest.java,43,5,13,42,0.09,4,5,1,0,0,0,0,4,0,0,0,0,0,0,0,0,2,0,0,4,0,0,False
3026,microsoft/azure-maven-plugins,8fb4954d731021ec8551b2e7866aa70477441374,com/microsoft/azure/maven/function/RunMojoTest.java,57,8,21,61,0.07,4,8,1,0,0,0,0,7,0,0,0,0,0,0,0,0,1,0,0,7,0,0,False
3027,microsoft/azure-maven-plugins,8fb4954d731021ec8551b2e7866aa70477441374,com/microsoft/azure/maven/AbstractAzureMojoTest.java,85,14,29,43,0.26,22,13,3,0,0,0,0,10,0,0,0,0,0,0,0,0,1,0,0,12,0,0,False
3028,microsoft/azure-maven-plugins,8fb4954d731021ec8551b2e7866aa70477441374,com/microsoft/azure/maven/prompt/DefaultPrompterTest.java,54,13,27,17,0.22,12,13,8,4,0,0,0,12,0,0,0,0,0,0,0,4,1,0,0,12,0,0,False
3029,microsoft/azure-maven-plugins,8fb4954d731021ec8551b2e7866aa70477441374,com/microsoft/azure/maven/prompt/InputValidateResultTest.java,15,2,2,12,0.4,6,2,2,0,0,0,0,0,0,0,0,0,0,0,0,0,0,0,0,2,0,0,False
3030,microsoft/azure-maven-plugins,8fb4954d731021ec8551b2e7866aa70477441374,com/microsoft/azure/maven/prompt/SchemaValidatorTest.java,66,6,15,17,0.18,12,6,1,0,0,0,0,5,1,0,1,0,0,0,0,2,0,0,0,5,0,0,False
3031,microsoft/azure-maven-plugins,8fb4954d731021ec8551b2e7866aa70477441374,com/microsoft/azure/maven/utils/MavenUtilsTest.java,34,3,6,39,0.32,11,3,2,0,0,0,0,3,0,3,0,0,0,0,0,0,0,0,3,3,0,0,False
3032,microsoft/azure-maven-plugins,8fb4954d731021ec8551b2e7866aa70477441374,com/microsoft/azure/maven/utils/TemplateUtilsTest.java,54,8,10,28,0.19,10,8,2,0,0,0,0,1,0,0,0,0,0,0,0,1,0,0,0,8,0,0,False
3033,microsoft/azure-maven-plugins,8fb4954d731021ec8551b2e7866aa70477441374,com/microsoft/azure/maven/utils/XmlUtilsTest.java,49,6,10,30,0.33,16,6,4,0,0,0,0,1,0,0,0,0,0,0,0,0,0,0,0,5,0,0,False
3034,microsoft/azure-maven-plugins,8fb4954d731021ec8551b2e7866aa70477441374,com/microsoft/azure/maven/springcloud/DeployMojoTest.java,16,1,3,8,0.13,2,1,1,0,0,0,0,1,0,0,0,0,0,0,0,0,0,0,0,1,0,0,False
3035,microsoft/azure-maven-plugins,8fb4954d731021ec8551b2e7866aa70477441374,com/microsoft/azure/maven/springcloud/configuration/AppDeploymentMavenConfigTest.java,38,7,7,27,0.21,8,7,1,0,0,0,0,0,0,0,0,0,0,0,0,0,0,0,0,7,0,0,False
3036,microsoft/azure-maven-plugins,8fb4954d731021ec8551b2e7866aa70477441374,com/microsoft/azure/maven/springcloud/prompt/ConfigurationPrompterTest.java,185,16,37,75,0.09,16,16,8,1,0,0,0,14,15,0,0,0,2,0,0,7,1,0,1,15,0,0,False
3037,microsoft/azure-maven-plugins,8fb4954d731021ec8551b2e7866aa70477441374,com/microsoft/azure/maven/webapp/DeployMojoTest.java,53,7,16,37,0.34,18,5,3,0,0,0,0,3,0,0,0,0,0,0,0,0,0,0,0,3,0,0,False
3038,microsoft/azure-maven-plugins,8fb4954d731021ec8551b2e7866aa70477441374,com/microsoft/azure/maven/webapp/parser/ConfigParserTest.java,80,5,7,49,0.29,23,5,4,0,0,0,0,1,4,0,0,0,0,0,0,0,0,0,0,4,0,0,False
3039,microsoft/azure-maven-plugins,8fb4954d731021ec8551b2e7866aa70477441374,com/microsoft/azure/maven/webapp/utils/TestUtils.java,52,6,20,29,0.0,0,6,0,0,0,0,0,0,0,0,0,0,0,0,0,0,0,0,0,0,0,0,False
3040,microsoft/azure-maven-plugins,0bd51ab1da4f1ac3d39c9b8cfdf15feb5c40ab98,com/microsoft/azure/maven/appservice/AbstractAppServiceMojoTest.java,17,2,3,10,0.06,1,1,0,0,0,0,0,0,0,0,0,0,1,0,0,0,0,0,0,1,0,0,False
3041,microsoft/azure-maven-plugins,0bd51ab1da4f1ac3d39c9b8cfdf15feb5c40ab98,com/microsoft/azure/maven/function/AddMojoTest.java,44,7,15,24,0.11,5,7,1,0,0,0,0,4,0,0,0,0,0,0,0,0,0,2,0,4,0,0,False
3042,microsoft/azure-maven-plugins,0bd51ab1da4f1ac3d39c9b8cfdf15feb5c40ab98,com/microsoft/azure/maven/function/DeployMojoTest.java,18,3,7,8,0.22,4,3,1,0,0,0,0,0,1,0,0,0,0,0,0,0,0,0,0,1,0,0,False
3043,microsoft/azure-maven-plugins,0bd51ab1da4f1ac3d39c9b8cfdf15feb5c40ab98,com/microsoft/azure/maven/function/ListMojoTest.java,12,2,6,8,0.0,0,2,0,0,0,0,0,1,0,0,0,0,0,0,0,0,1,0,0,1,0,0,False
3044,microsoft/azure-maven-plugins,0bd51ab1da4f1ac3d39c9b8cfdf15feb5c40ab98,com/microsoft/azure/maven/function/PackageMojoTest.java,42,5,13,41,0.1,4,5,1,0,0,0,0,4,0,0,0,0,0,0,0,0,2,0,0,4,0,0,False
3045,microsoft/azure-maven-plugins,0bd51ab1da4f1ac3d39c9b8cfdf15feb5c40ab98,com/microsoft/azure/maven/function/RunMojoTest.java,57,8,20,60,0.07,4,8,1,0,0,0,0,7,0,0,0,0,0,0,0,0,1,0,0,7,0,0,False
3046,microsoft/azure-maven-plugins,0bd51ab1da4f1ac3d39c9b8cfdf15feb5c40ab98,com/microsoft/azure/maven/AbstractAzureMojoTest.java,85,14,29,43,0.26,22,13,3,0,0,0,0,10,0,0,0,0,0,0,0,0,1,0,0,12,0,0,False
3047,microsoft/azure-maven-plugins,0bd51ab1da4f1ac3d39c9b8cfdf15feb5c40ab98,com/microsoft/azure/maven/prompt/DefaultPrompterTest.java,54,13,27,17,0.22,12,13,8,4,0,0,0,12,0,0,0,0,0,0,0,4,1,0,0,12,0,0,False
3048,microsoft/azure-maven-plugins,0bd51ab1da4f1ac3d39c9b8cfdf15feb5c40ab98,com/microsoft/azure/maven/prompt/InputValidateResultTest.java,15,2,2,12,0.4,6,2,2,0,0,0,0,0,0,0,0,0,0,0,0,0,0,0,0,2,0,0,False
3049,microsoft/azure-maven-plugins,0bd51ab1da4f1ac3d39c9b8cfdf15feb5c40ab98,com/microsoft/azure/maven/prompt/SchemaValidatorTest.java,66,6,15,17,0.18,12,6,1,0,0,0,0,5,1,0,1,0,0,0,0,2,0,0,0,5,0,0,False
3050,microsoft/azure-maven-plugins,0bd51ab1da4f1ac3d39c9b8cfdf15feb5c40ab98,com/microsoft/azure/maven/utils/MavenUtilsTest.java,34,3,6,39,0.32,11,3,2,0,0,0,0,3,0,3,0,0,0,0,0,0,0,0,3,3,0,0,False
3051,microsoft/azure-maven-plugins,0bd51ab1da4f1ac3d39c9b8cfdf15feb5c40ab98,com/microsoft/azure/maven/utils/TemplateUtilsTest.java,54,8,10,28,0.19,10,8,2,0,0,0,0,1,0,0,0,0,0,0,0,1,0,0,0,8,0,0,False
3052,microsoft/azure-maven-plugins,0bd51ab1da4f1ac3d39c9b8cfdf15feb5c40ab98,com/microsoft/azure/maven/utils/XmlUtilsTest.java,49,6,10,30,0.33,16,6,4,0,0,0,0,1,0,0,0,0,0,0,0,0,0,0,0,5,0,0,False
3053,microsoft/azure-maven-plugins,0bd51ab1da4f1ac3d39c9b8cfdf15feb5c40ab98,com/microsoft/azure/maven/springcloud/DeployMojoTest.java,16,1,3,8,0.13,2,1,1,0,0,0,0,1,0,0,0,0,0,0,0,0,0,0,0,1,0,0,False
3054,microsoft/azure-maven-plugins,0bd51ab1da4f1ac3d39c9b8cfdf15feb5c40ab98,com/microsoft/azure/maven/springcloud/configuration/AppDeploymentMavenConfigTest.java,38,7,7,27,0.21,8,7,1,0,0,0,0,0,0,0,0,0,0,0,0,0,0,0,0,7,0,0,False
3055,microsoft/azure-maven-plugins,0bd51ab1da4f1ac3d39c9b8cfdf15feb5c40ab98,com/microsoft/azure/maven/springcloud/prompt/ConfigurationPrompterTest.java,185,16,37,75,0.09,16,16,8,1,0,0,0,14,15,0,0,0,2,0,0,7,1,0,1,15,0,0,False
3056,microsoft/azure-maven-plugins,0bd51ab1da4f1ac3d39c9b8cfdf15feb5c40ab98,com/microsoft/azure/maven/webapp/DeployMojoTest.java,53,7,16,36,0.34,18,5,3,0,0,0,0,3,0,0,0,0,0,0,0,0,0,0,0,3,0,0,False
3057,microsoft/azure-maven-plugins,0bd51ab1da4f1ac3d39c9b8cfdf15feb5c40ab98,com/microsoft/azure/maven/webapp/parser/ConfigParserTest.java,80,5,7,49,0.29,23,5,4,0,0,0,0,1,4,0,0,0,0,0,0,0,0,0,0,4,0,0,False
3058,microsoft/azure-maven-plugins,0bd51ab1da4f1ac3d39c9b8cfdf15feb5c40ab98,com/microsoft/azure/maven/webapp/utils/TestUtils.java,52,6,20,29,0.0,0,6,0,0,0,0,0,0,0,0,0,0,0,0,0,0,0,0,0,0,0,0,False
3059,microsoft/azure-maven-plugins,8f246bad57fffcb008f1bea90bec4428927e991a,com/microsoft/azure/maven/appservice/AbstractAppServiceMojoTest.java,17,2,3,10,0.06,1,1,0,0,0,0,0,0,0,0,0,0,1,0,0,0,0,0,0,1,0,0,False
3060,microsoft/azure-maven-plugins,8f246bad57fffcb008f1bea90bec4428927e991a,com/microsoft/azure/maven/function/AddMojoTest.java,44,7,15,24,0.11,5,7,1,0,0,0,0,4,0,0,0,0,0,0,0,0,0,2,0,4,0,0,False
3061,microsoft/azure-maven-plugins,8f246bad57fffcb008f1bea90bec4428927e991a,com/microsoft/azure/maven/function/DeployMojoTest.java,18,3,7,8,0.22,4,3,1,0,0,0,0,0,1,0,0,0,0,0,0,0,0,0,0,1,0,0,False
3062,microsoft/azure-maven-plugins,8f246bad57fffcb008f1bea90bec4428927e991a,com/microsoft/azure/maven/function/ListMojoTest.java,12,2,6,8,0.0,0,2,0,0,0,0,0,1,0,0,0,0,0,0,0,0,1,0,0,1,0,0,False
3063,microsoft/azure-maven-plugins,8f246bad57fffcb008f1bea90bec4428927e991a,com/microsoft/azure/maven/function/PackageMojoTest.java,42,5,13,41,0.1,4,5,1,0,0,0,0,4,0,0,0,0,0,0,0,0,2,0,0,4,0,0,False
3064,microsoft/azure-maven-plugins,8f246bad57fffcb008f1bea90bec4428927e991a,com/microsoft/azure/maven/function/RunMojoTest.java,57,8,20,60,0.07,4,8,1,0,0,0,0,7,0,0,0,0,0,0,0,0,1,0,0,7,0,0,False
3065,microsoft/azure-maven-plugins,8f246bad57fffcb008f1bea90bec4428927e991a,com/microsoft/azure/maven/AbstractAzureMojoTest.java,85,14,29,43,0.26,22,13,3,0,0,0,0,10,0,0,0,0,0,0,0,0,1,0,0,12,0,0,False
3066,microsoft/azure-maven-plugins,8f246bad57fffcb008f1bea90bec4428927e991a,com/microsoft/azure/maven/prompt/DefaultPrompterTest.java,54,13,27,17,0.22,12,13,8,4,0,0,0,12,0,0,0,0,0,0,0,4,1,0,0,12,0,0,False
3067,microsoft/azure-maven-plugins,8f246bad57fffcb008f1bea90bec4428927e991a,com/microsoft/azure/maven/prompt/InputValidateResultTest.java,15,2,2,12,0.4,6,2,2,0,0,0,0,0,0,0,0,0,0,0,0,0,0,0,0,2,0,0,False
3068,microsoft/azure-maven-plugins,8f246bad57fffcb008f1bea90bec4428927e991a,com/microsoft/azure/maven/prompt/SchemaValidatorTest.java,66,6,15,17,0.18,12,6,1,0,0,0,0,5,1,0,1,0,0,0,0,2,0,0,0,5,0,0,False
3069,microsoft/azure-maven-plugins,8f246bad57fffcb008f1bea90bec4428927e991a,com/microsoft/azure/maven/utils/MavenUtilsTest.java,34,3,6,39,0.32,11,3,2,0,0,0,0,3,0,3,0,0,0,0,0,0,0,0,3,3,0,0,False
3070,microsoft/azure-maven-plugins,8f246bad57fffcb008f1bea90bec4428927e991a,com/microsoft/azure/maven/utils/TemplateUtilsTest.java,54,8,10,28,0.19,10,8,2,0,0,0,0,1,0,0,0,0,0,0,0,1,0,0,0,8,0,0,False
3071,microsoft/azure-maven-plugins,8f246bad57fffcb008f1bea90bec4428927e991a,com/microsoft/azure/maven/utils/XmlUtilsTest.java,49,6,10,30,0.33,16,6,4,0,0,0,0,1,0,0,0,0,0,0,0,0,0,0,0,5,0,0,False
3072,microsoft/azure-maven-plugins,8f246bad57fffcb008f1bea90bec4428927e991a,com/microsoft/azure/maven/springcloud/DeployMojoTest.java,16,1,3,8,0.13,2,1,1,0,0,0,0,1,0,0,0,0,0,0,0,0,0,0,0,1,0,0,False
3073,microsoft/azure-maven-plugins,8f246bad57fffcb008f1bea90bec4428927e991a,com/microsoft/azure/maven/springcloud/configuration/AppDeploymentMavenConfigTest.java,38,7,7,27,0.21,8,7,1,0,0,0,0,0,0,0,0,0,0,0,0,0,0,0,0,7,0,0,False
3074,microsoft/azure-maven-plugins,8f246bad57fffcb008f1bea90bec4428927e991a,com/microsoft/azure/maven/springcloud/prompt/ConfigurationPrompterTest.java,185,16,37,75,0.09,16,16,8,1,0,0,0,14,15,0,0,0,2,0,0,7,1,0,1,15,0,0,False
3075,microsoft/azure-maven-plugins,8f246bad57fffcb008f1bea90bec4428927e991a,com/microsoft/azure/maven/webapp/DeployMojoTest.java,53,7,16,36,0.34,18,5,3,0,0,0,0,3,0,0,0,0,0,0,0,0,0,0,0,3,0,0,False
3076,microsoft/azure-maven-plugins,8f246bad57fffcb008f1bea90bec4428927e991a,com/microsoft/azure/maven/webapp/parser/ConfigParserTest.java,80,5,7,49,0.29,23,5,4,0,0,0,0,1,4,0,0,0,0,0,0,0,0,0,0,4,0,0,False
3077,microsoft/azure-maven-plugins,8f246bad57fffcb008f1bea90bec4428927e991a,com/microsoft/azure/maven/webapp/utils/TestUtils.java,52,6,20,29,0.0,0,6,0,0,0,0,0,0,0,0,0,0,0,0,0,0,0,0,0,0,0,0,False
3078,microsoft/azure-maven-plugins,e7936823df6c477575bbca3801b76d2f4da8ea82,com/microsoft/azure/maven/appservice/AbstractAppServiceMojoTest.java,17,2,3,10,0.06,1,1,0,0,0,0,0,0,0,0,0,0,1,0,0,0,0,0,0,1,0,0,False
3079,microsoft/azure-maven-plugins,e7936823df6c477575bbca3801b76d2f4da8ea82,com/microsoft/azure/maven/function/AddMojoTest.java,44,7,15,24,0.11,5,7,1,0,0,0,0,4,0,0,0,0,0,0,0,0,0,2,0,4,0,0,False
3080,microsoft/azure-maven-plugins,e7936823df6c477575bbca3801b76d2f4da8ea82,com/microsoft/azure/maven/function/DeployMojoTest.java,18,3,7,8,0.22,4,3,1,0,0,0,0,0,1,0,0,0,0,0,0,0,0,0,0,1,0,0,False
3081,microsoft/azure-maven-plugins,e7936823df6c477575bbca3801b76d2f4da8ea82,com/microsoft/azure/maven/function/ListMojoTest.java,12,2,6,8,0.0,0,2,0,0,0,0,0,1,0,0,0,0,0,0,0,0,1,0,0,1,0,0,False
3082,microsoft/azure-maven-plugins,e7936823df6c477575bbca3801b76d2f4da8ea82,com/microsoft/azure/maven/function/PackageMojoTest.java,42,5,13,41,0.1,4,5,1,0,0,0,0,4,0,0,0,0,0,0,0,0,2,0,0,4,0,0,False
3083,microsoft/azure-maven-plugins,e7936823df6c477575bbca3801b76d2f4da8ea82,com/microsoft/azure/maven/function/RunMojoTest.java,57,8,20,60,0.07,4,8,1,0,0,0,0,7,0,0,0,0,0,0,0,0,1,0,0,7,0,0,False
3084,microsoft/azure-maven-plugins,e7936823df6c477575bbca3801b76d2f4da8ea82,com/microsoft/azure/maven/AbstractAzureMojoTest.java,85,14,29,43,0.26,22,13,3,0,0,0,0,10,0,0,0,0,0,0,0,0,1,0,0,12,0,0,False
3085,microsoft/azure-maven-plugins,e7936823df6c477575bbca3801b76d2f4da8ea82,com/microsoft/azure/maven/prompt/DefaultPrompterTest.java,54,13,27,17,0.22,12,13,8,4,0,0,0,12,0,0,0,0,0,0,0,4,1,0,0,12,0,0,False
3086,microsoft/azure-maven-plugins,e7936823df6c477575bbca3801b76d2f4da8ea82,com/microsoft/azure/maven/prompt/InputValidateResultTest.java,15,2,2,12,0.4,6,2,2,0,0,0,0,0,0,0,0,0,0,0,0,0,0,0,0,2,0,0,False
3087,microsoft/azure-maven-plugins,e7936823df6c477575bbca3801b76d2f4da8ea82,com/microsoft/azure/maven/prompt/SchemaValidatorTest.java,66,6,15,17,0.18,12,6,1,0,0,0,0,5,1,0,1,0,0,0,0,2,0,0,0,5,0,0,False
3088,microsoft/azure-maven-plugins,e7936823df6c477575bbca3801b76d2f4da8ea82,com/microsoft/azure/maven/utils/MavenUtilsTest.java,34,3,6,39,0.32,11,3,2,0,0,0,0,3,0,3,0,0,0,0,0,0,0,0,3,3,0,0,False
3089,microsoft/azure-maven-plugins,e7936823df6c477575bbca3801b76d2f4da8ea82,com/microsoft/azure/maven/utils/TemplateUtilsTest.java,54,8,10,28,0.19,10,8,2,0,0,0,0,1,0,0,0,0,0,0,0,1,0,0,0,8,0,0,False
3090,microsoft/azure-maven-plugins,e7936823df6c477575bbca3801b76d2f4da8ea82,com/microsoft/azure/maven/utils/XmlUtilsTest.java,49,6,10,30,0.33,16,6,4,0,0,0,0,1,0,0,0,0,0,0,0,0,0,0,0,5,0,0,False
3091,microsoft/azure-maven-plugins,e7936823df6c477575bbca3801b76d2f4da8ea82,com/microsoft/azure/maven/springcloud/DeployMojoTest.java,16,1,3,8,0.13,2,1,1,0,0,0,0,1,0,0,0,0,0,0,0,0,0,0,0,1,0,0,False
3092,microsoft/azure-maven-plugins,e7936823df6c477575bbca3801b76d2f4da8ea82,com/microsoft/azure/maven/springcloud/configuration/AppDeploymentMavenConfigTest.java,38,7,7,27,0.21,8,7,1,0,0,0,0,0,0,0,0,0,0,0,0,0,0,0,0,7,0,0,False
3093,microsoft/azure-maven-plugins,e7936823df6c477575bbca3801b76d2f4da8ea82,com/microsoft/azure/maven/springcloud/prompt/ConfigurationPrompterTest.java,185,16,37,75,0.09,16,16,8,1,0,0,0,14,15,0,0,0,2,0,0,7,1,0,1,15,0,0,False
3094,microsoft/azure-maven-plugins,e7936823df6c477575bbca3801b76d2f4da8ea82,com/microsoft/azure/maven/webapp/DeployMojoTest.java,53,7,16,36,0.34,18,5,3,0,0,0,0,3,0,0,0,0,0,0,0,0,0,0,0,3,0,0,False
3095,microsoft/azure-maven-plugins,e7936823df6c477575bbca3801b76d2f4da8ea82,com/microsoft/azure/maven/webapp/parser/ConfigParserTest.java,80,5,7,49,0.29,23,5,4,0,0,0,0,1,4,0,0,0,0,0,0,0,0,0,0,4,0,0,False
3096,microsoft/azure-maven-plugins,e7936823df6c477575bbca3801b76d2f4da8ea82,com/microsoft/azure/maven/webapp/utils/TestUtils.java,52,6,20,29,0.0,0,6,0,0,0,0,0,0,0,0,0,0,0,0,0,0,0,0,0,0,0,0,False
3097,microsoft/azure-maven-plugins,499009279334c7c6685ba33ba6f02b7b68f5ddf8,com/microsoft/azure/maven/function/AddMojoTest.java,44,7,15,24,0.11,5,7,1,0,0,0,0,4,0,0,0,0,0,0,0,0,0,2,0,4,0,0,False
3098,microsoft/azure-maven-plugins,499009279334c7c6685ba33ba6f02b7b68f5ddf8,com/microsoft/azure/maven/function/DeployMojoTest.java,18,3,7,8,0.22,4,3,1,0,0,0,0,0,1,0,0,0,0,0,0,0,0,0,0,1,0,0,False
3099,microsoft/azure-maven-plugins,499009279334c7c6685ba33ba6f02b7b68f5ddf8,com/microsoft/azure/maven/function/ListMojoTest.java,12,2,6,8,0.0,0,2,0,0,0,0,0,1,0,0,0,0,0,0,0,0,1,0,0,1,0,0,False
3100,microsoft/azure-maven-plugins,499009279334c7c6685ba33ba6f02b7b68f5ddf8,com/microsoft/azure/maven/function/PackageMojoTest.java,42,5,13,41,0.1,4,5,1,0,0,0,0,4,0,0,0,0,0,0,0,0,2,0,0,4,0,0,False
3101,microsoft/azure-maven-plugins,499009279334c7c6685ba33ba6f02b7b68f5ddf8,com/microsoft/azure/maven/function/RunMojoTest.java,57,8,20,60,0.07,4,8,1,0,0,0,0,7,0,0,0,0,0,0,0,0,1,0,0,7,0,0,False
3102,microsoft/azure-maven-plugins,499009279334c7c6685ba33ba6f02b7b68f5ddf8,com/microsoft/azure/maven/AbstractAppServiceMojoTest.java,17,2,3,10,0.06,1,1,0,0,0,0,0,0,0,0,0,0,1,0,0,0,0,0,0,1,0,0,False
3103,microsoft/azure-maven-plugins,499009279334c7c6685ba33ba6f02b7b68f5ddf8,com/microsoft/azure/maven/AbstractAzureMojoTest.java,85,14,29,43,0.26,22,13,3,0,0,0,0,10,0,0,0,0,0,0,0,0,1,0,0,12,0,0,False
3104,microsoft/azure-maven-plugins,499009279334c7c6685ba33ba6f02b7b68f5ddf8,com/microsoft/azure/maven/prompt/DefaultPrompterTest.java,54,13,27,17,0.22,12,13,8,4,0,0,0,12,0,0,0,0,0,0,0,4,1,0,0,12,0,0,False
3105,microsoft/azure-maven-plugins,499009279334c7c6685ba33ba6f02b7b68f5ddf8,com/microsoft/azure/maven/prompt/InputValidateResultTest.java,15,2,2,12,0.4,6,2,2,0,0,0,0,0,0,0,0,0,0,0,0,0,0,0,0,2,0,0,False
3106,microsoft/azure-maven-plugins,499009279334c7c6685ba33ba6f02b7b68f5ddf8,com/microsoft/azure/maven/prompt/SchemaValidatorTest.java,66,6,15,17,0.18,12,6,1,0,0,0,0,5,1,0,1,0,0,0,0,2,0,0,0,5,0,0,False
3107,microsoft/azure-maven-plugins,499009279334c7c6685ba33ba6f02b7b68f5ddf8,com/microsoft/azure/maven/utils/MavenUtilsTest.java,34,3,6,39,0.32,11,3,2,0,0,0,0,3,0,3,0,0,0,0,0,0,0,0,3,3,0,0,False
3108,microsoft/azure-maven-plugins,499009279334c7c6685ba33ba6f02b7b68f5ddf8,com/microsoft/azure/maven/utils/TemplateUtilsTest.java,54,8,10,28,0.19,10,8,2,0,0,0,0,1,0,0,0,0,0,0,0,1,0,0,0,8,0,0,False
3109,microsoft/azure-maven-plugins,499009279334c7c6685ba33ba6f02b7b68f5ddf8,com/microsoft/azure/maven/utils/XmlUtilsTest.java,49,6,10,30,0.33,16,6,4,0,0,0,0,1,0,0,0,0,0,0,0,0,0,0,0,5,0,0,False
3110,microsoft/azure-maven-plugins,499009279334c7c6685ba33ba6f02b7b68f5ddf8,com/microsoft/azure/maven/webapp/DeployMojoTest.java,51,7,16,36,0.31,16,5,3,0,0,0,0,3,0,0,0,0,0,0,0,0,0,0,0,3,0,0,False
3111,microsoft/azure-maven-plugins,499009279334c7c6685ba33ba6f02b7b68f5ddf8,com/microsoft/azure/maven/webapp/parser/ConfigParserTest.java,80,5,7,49,0.29,23,5,4,0,0,0,0,1,4,0,0,0,0,0,0,0,0,0,0,4,0,0,False
3112,microsoft/azure-maven-plugins,499009279334c7c6685ba33ba6f02b7b68f5ddf8,com/microsoft/azure/maven/webapp/utils/TestUtils.java,52,6,20,29,0.0,0,6,0,0,0,0,0,0,0,0,0,0,0,0,0,0,0,0,0,0,0,0,False
3113,microsoft/azure-maven-plugins,4b7d143f1875359b58b5f85e2134c3f4909264e1,com/microsoft/azure/maven/function/AddMojoTest.java,44,7,15,24,0.11,5,7,1,0,0,0,0,4,0,0,0,0,0,0,0,0,0,2,0,4,0,0,False
3114,microsoft/azure-maven-plugins,4b7d143f1875359b58b5f85e2134c3f4909264e1,com/microsoft/azure/maven/function/DeployMojoTest.java,18,3,7,8,0.22,4,3,1,0,0,0,0,0,1,0,0,0,0,0,0,0,0,0,0,1,0,0,False
3115,microsoft/azure-maven-plugins,4b7d143f1875359b58b5f85e2134c3f4909264e1,com/microsoft/azure/maven/function/ListMojoTest.java,12,2,6,8,0.0,0,2,0,0,0,0,0,1,0,0,0,0,0,0,0,0,1,0,0,1,0,0,False
3116,microsoft/azure-maven-plugins,4b7d143f1875359b58b5f85e2134c3f4909264e1,com/microsoft/azure/maven/function/PackageMojoTest.java,42,5,13,41,0.1,4,5,1,0,0,0,0,4,0,0,0,0,0,0,0,0,2,0,0,4,0,0,False
3117,microsoft/azure-maven-plugins,4b7d143f1875359b58b5f85e2134c3f4909264e1,com/microsoft/azure/maven/function/RunMojoTest.java,57,8,20,60,0.07,4,8,1,0,0,0,0,7,0,0,0,0,0,0,0,0,1,0,0,7,0,0,False
3118,microsoft/azure-maven-plugins,4b7d143f1875359b58b5f85e2134c3f4909264e1,com/microsoft/azure/maven/AbstractAppServiceMojoTest.java,17,2,3,10,0.06,1,1,0,0,0,0,0,0,0,0,0,0,1,0,0,0,0,0,0,1,0,0,False
3119,microsoft/azure-maven-plugins,4b7d143f1875359b58b5f85e2134c3f4909264e1,com/microsoft/azure/maven/AbstractAzureMojoTest.java,85,14,29,43,0.26,22,13,3,0,0,0,0,10,0,0,0,0,0,0,0,0,1,0,0,12,0,0,False
3120,microsoft/azure-maven-plugins,4b7d143f1875359b58b5f85e2134c3f4909264e1,com/microsoft/azure/maven/prompt/DefaultPrompterTest.java,54,13,27,17,0.22,12,13,8,4,0,0,0,12,0,0,0,0,0,0,0,4,1,0,0,12,0,0,False
3121,microsoft/azure-maven-plugins,4b7d143f1875359b58b5f85e2134c3f4909264e1,com/microsoft/azure/maven/prompt/InputValidateResultTest.java,15,2,2,12,0.4,6,2,2,0,0,0,0,0,0,0,0,0,0,0,0,0,0,0,0,2,0,0,False
3122,microsoft/azure-maven-plugins,4b7d143f1875359b58b5f85e2134c3f4909264e1,com/microsoft/azure/maven/prompt/SchemaValidatorTest.java,66,6,15,17,0.18,12,6,1,0,0,0,0,5,1,0,1,0,0,0,0,2,0,0,0,5,0,0,False
3123,microsoft/azure-maven-plugins,4b7d143f1875359b58b5f85e2134c3f4909264e1,com/microsoft/azure/maven/utils/MavenUtilsTest.java,34,3,6,39,0.32,11,3,2,0,0,0,0,3,0,3,0,0,0,0,0,0,0,0,3,3,0,0,False
3124,microsoft/azure-maven-plugins,4b7d143f1875359b58b5f85e2134c3f4909264e1,com/microsoft/azure/maven/utils/TemplateUtilsTest.java,54,8,10,28,0.19,10,8,2,0,0,0,0,1,0,0,0,0,0,0,0,1,0,0,0,8,0,0,False
3125,microsoft/azure-maven-plugins,4b7d143f1875359b58b5f85e2134c3f4909264e1,com/microsoft/azure/maven/utils/XmlUtilsTest.java,49,6,10,30,0.33,16,6,4,0,0,0,0,1,0,0,0,0,0,0,0,0,0,0,0,5,0,0,False
3126,microsoft/azure-maven-plugins,4b7d143f1875359b58b5f85e2134c3f4909264e1,com/microsoft/azure/maven/webapp/DeployMojoTest.java,51,7,16,36,0.31,16,5,3,0,0,0,0,3,0,0,0,0,0,0,0,0,0,0,0,3,0,0,False
3127,microsoft/azure-maven-plugins,4b7d143f1875359b58b5f85e2134c3f4909264e1,com/microsoft/azure/maven/webapp/parser/ConfigParserTest.java,80,5,7,49,0.29,23,5,4,0,0,0,0,1,4,0,0,0,0,0,0,0,0,0,0,4,0,0,False
3128,microsoft/azure-maven-plugins,4b7d143f1875359b58b5f85e2134c3f4909264e1,com/microsoft/azure/maven/webapp/utils/TestUtils.java,52,6,20,29,0.0,0,6,0,0,0,0,0,0,0,0,0,0,0,0,0,0,0,0,0,0,0,0,False
3129,microsoft/azure-maven-plugins,8bec9377229474d4a71c261b9337caa5973ee132,com/microsoft/azure/maven/function/AddMojoTest.java,44,7,15,24,0.11,5,7,1,0,0,0,0,4,0,0,0,0,0,0,0,0,0,2,0,4,0,0,False
3130,microsoft/azure-maven-plugins,8bec9377229474d4a71c261b9337caa5973ee132,com/microsoft/azure/maven/function/DeployMojoTest.java,18,3,7,8,0.22,4,3,1,0,0,0,0,0,1,0,0,0,0,0,0,0,0,0,0,1,0,0,False
3131,microsoft/azure-maven-plugins,8bec9377229474d4a71c261b9337caa5973ee132,com/microsoft/azure/maven/function/ListMojoTest.java,12,2,6,8,0.0,0,2,0,0,0,0,0,1,0,0,0,0,0,0,0,0,1,0,0,1,0,0,False
3132,microsoft/azure-maven-plugins,8bec9377229474d4a71c261b9337caa5973ee132,com/microsoft/azure/maven/function/PackageMojoTest.java,42,5,13,41,0.1,4,5,1,0,0,0,0,4,0,0,0,0,0,0,0,0,2,0,0,4,0,0,False
3133,microsoft/azure-maven-plugins,8bec9377229474d4a71c261b9337caa5973ee132,com/microsoft/azure/maven/function/RunMojoTest.java,57,8,20,60,0.07,4,8,1,0,0,0,0,7,0,0,0,0,0,0,0,0,1,0,0,7,0,0,False
3134,microsoft/azure-maven-plugins,8bec9377229474d4a71c261b9337caa5973ee132,com/microsoft/azure/maven/AbstractAppServiceMojoTest.java,17,2,3,10,0.06,1,1,0,0,0,0,0,0,0,0,0,0,1,0,0,0,0,0,0,1,0,0,False
3135,microsoft/azure-maven-plugins,8bec9377229474d4a71c261b9337caa5973ee132,com/microsoft/azure/maven/AbstractAzureMojoTest.java,85,14,29,43,0.26,22,13,3,0,0,0,0,10,0,0,0,0,0,0,0,0,1,0,0,12,0,0,False
3136,microsoft/azure-maven-plugins,8bec9377229474d4a71c261b9337caa5973ee132,com/microsoft/azure/maven/prompt/DefaultPrompterTest.java,54,13,27,17,0.22,12,13,8,4,0,0,0,12,0,0,0,0,0,0,0,4,1,0,0,12,0,0,False
3137,microsoft/azure-maven-plugins,8bec9377229474d4a71c261b9337caa5973ee132,com/microsoft/azure/maven/prompt/InputValidateResultTest.java,15,2,2,12,0.4,6,2,2,0,0,0,0,0,0,0,0,0,0,0,0,0,0,0,0,2,0,0,False
3138,microsoft/azure-maven-plugins,8bec9377229474d4a71c261b9337caa5973ee132,com/microsoft/azure/maven/prompt/SchemaValidatorTest.java,66,6,15,17,0.18,12,6,1,0,0,0,0,5,1,0,1,0,0,0,0,2,0,0,0,5,0,0,False
3139,microsoft/azure-maven-plugins,8bec9377229474d4a71c261b9337caa5973ee132,com/microsoft/azure/maven/utils/MavenUtilsTest.java,34,3,6,39,0.32,11,3,2,0,0,0,0,3,0,3,0,0,0,0,0,0,0,0,3,3,0,0,False
3140,microsoft/azure-maven-plugins,8bec9377229474d4a71c261b9337caa5973ee132,com/microsoft/azure/maven/utils/TemplateUtilsTest.java,54,8,10,28,0.19,10,8,2,0,0,0,0,1,0,0,0,0,0,0,0,1,0,0,0,8,0,0,False
3141,microsoft/azure-maven-plugins,8bec9377229474d4a71c261b9337caa5973ee132,com/microsoft/azure/maven/utils/XmlUtilsTest.java,49,6,10,30,0.33,16,6,4,0,0,0,0,1,0,0,0,0,0,0,0,0,0,0,0,5,0,0,False
3142,microsoft/azure-maven-plugins,8bec9377229474d4a71c261b9337caa5973ee132,com/microsoft/azure/maven/webapp/DeployMojoTest.java,53,7,16,37,0.34,18,5,3,0,0,0,0,3,0,0,0,0,0,0,0,0,0,0,0,3,0,0,False
3143,microsoft/azure-maven-plugins,8bec9377229474d4a71c261b9337caa5973ee132,com/microsoft/azure/maven/webapp/parser/ConfigParserTest.java,80,5,7,49,0.29,23,5,4,0,0,0,0,1,4,0,0,0,0,0,0,0,0,0,0,4,0,0,False
3144,microsoft/azure-maven-plugins,8bec9377229474d4a71c261b9337caa5973ee132,com/microsoft/azure/maven/webapp/utils/TestUtils.java,52,6,20,29,0.0,0,6,0,0,0,0,0,0,0,0,0,0,0,0,0,0,0,0,0,0,0,0,False
3145,microsoft/azure-maven-plugins,04ff0ead9dcb743fb1d3525e9197da1872d33373,com/microsoft/azure/maven/function/AddMojoTest.java,44,7,15,24,0.11,5,7,1,0,0,0,0,4,0,0,0,0,0,0,0,0,0,2,0,4,0,0,False
3146,microsoft/azure-maven-plugins,04ff0ead9dcb743fb1d3525e9197da1872d33373,com/microsoft/azure/maven/function/DeployMojoTest.java,18,3,7,8,0.22,4,3,1,0,0,0,0,0,1,0,0,0,0,0,0,0,0,0,0,1,0,0,False
3147,microsoft/azure-maven-plugins,04ff0ead9dcb743fb1d3525e9197da1872d33373,com/microsoft/azure/maven/function/ListMojoTest.java,12,2,6,8,0.0,0,2,0,0,0,0,0,1,0,0,0,0,0,0,0,0,1,0,0,1,0,0,False
3148,microsoft/azure-maven-plugins,04ff0ead9dcb743fb1d3525e9197da1872d33373,com/microsoft/azure/maven/function/PackageMojoTest.java,42,5,13,41,0.1,4,5,1,0,0,0,0,4,0,0,0,0,0,0,0,0,2,0,0,4,0,0,False
3149,microsoft/azure-maven-plugins,04ff0ead9dcb743fb1d3525e9197da1872d33373,com/microsoft/azure/maven/function/RunMojoTest.java,57,8,20,60,0.07,4,8,1,0,0,0,0,7,0,0,0,0,0,0,0,0,1,0,0,7,0,0,False
3150,microsoft/azure-maven-plugins,04ff0ead9dcb743fb1d3525e9197da1872d33373,com/microsoft/azure/maven/AbstractAppServiceMojoTest.java,17,2,3,10,0.06,1,1,0,0,0,0,0,0,0,0,0,0,1,0,0,0,0,0,0,1,0,0,False
3151,microsoft/azure-maven-plugins,04ff0ead9dcb743fb1d3525e9197da1872d33373,com/microsoft/azure/maven/AbstractAzureMojoTest.java,85,14,29,43,0.26,22,13,3,0,0,0,0,10,0,0,0,0,0,0,0,0,1,0,0,12,0,0,False
3152,microsoft/azure-maven-plugins,04ff0ead9dcb743fb1d3525e9197da1872d33373,com/microsoft/azure/maven/prompt/DefaultPrompterTest.java,54,13,27,17,0.22,12,13,8,4,0,0,0,12,0,0,0,0,0,0,0,4,1,0,0,12,0,0,False
3153,microsoft/azure-maven-plugins,04ff0ead9dcb743fb1d3525e9197da1872d33373,com/microsoft/azure/maven/prompt/InputValidateResultTest.java,15,2,2,12,0.4,6,2,2,0,0,0,0,0,0,0,0,0,0,0,0,0,0,0,0,2,0,0,False
3154,microsoft/azure-maven-plugins,04ff0ead9dcb743fb1d3525e9197da1872d33373,com/microsoft/azure/maven/prompt/SchemaValidatorTest.java,66,6,15,17,0.18,12,6,1,0,0,0,0,5,1,0,1,0,0,0,0,2,0,0,0,5,0,0,False
3155,microsoft/azure-maven-plugins,04ff0ead9dcb743fb1d3525e9197da1872d33373,com/microsoft/azure/maven/utils/MavenUtilsTest.java,34,3,6,39,0.32,11,3,2,0,0,0,0,3,0,3,0,0,0,0,0,0,0,0,3,3,0,0,False
3156,microsoft/azure-maven-plugins,04ff0ead9dcb743fb1d3525e9197da1872d33373,com/microsoft/azure/maven/utils/TemplateUtilsTest.java,54,8,10,28,0.19,10,8,2,0,0,0,0,1,0,0,0,0,0,0,0,1,0,0,0,8,0,0,False
3157,microsoft/azure-maven-plugins,04ff0ead9dcb743fb1d3525e9197da1872d33373,com/microsoft/azure/maven/utils/XmlUtilsTest.java,49,6,10,30,0.33,16,6,4,0,0,0,0,1,0,0,0,0,0,0,0,0,0,0,0,5,0,0,False
3158,microsoft/azure-maven-plugins,04ff0ead9dcb743fb1d3525e9197da1872d33373,com/microsoft/azure/maven/webapp/DeployMojoTest.java,53,7,16,37,0.34,18,5,3,0,0,0,0,3,0,0,0,0,0,0,0,0,0,0,0,3,0,0,False
3159,microsoft/azure-maven-plugins,04ff0ead9dcb743fb1d3525e9197da1872d33373,com/microsoft/azure/maven/webapp/parser/ConfigParserTest.java,80,5,7,49,0.29,23,5,4,0,0,0,0,1,4,0,0,0,0,0,0,0,0,0,0,4,0,0,False
3160,microsoft/azure-maven-plugins,04ff0ead9dcb743fb1d3525e9197da1872d33373,com/microsoft/azure/maven/webapp/utils/TestUtils.java,52,6,20,29,0.0,0,6,0,0,0,0,0,0,0,0,0,0,0,0,0,0,0,0,0,0,0,0,False
3161,microsoft/azure-maven-plugins,dc9a60481c4f52b96502925966c2235ebc127430,com/microsoft/azure/maven/function/AddMojoTest.java,44,7,15,24,0.11,5,7,1,0,0,0,0,4,0,0,0,0,0,0,0,0,0,2,0,4,0,0,False
3162,microsoft/azure-maven-plugins,dc9a60481c4f52b96502925966c2235ebc127430,com/microsoft/azure/maven/function/DeployMojoTest.java,25,4,9,14,0.16,4,4,1,0,0,0,0,0,1,0,0,0,0,0,0,0,0,1,0,1,0,0,False
3163,microsoft/azure-maven-plugins,dc9a60481c4f52b96502925966c2235ebc127430,com/microsoft/azure/maven/function/ListMojoTest.java,12,2,6,8,0.0,0,2,0,0,0,0,0,1,0,0,0,0,0,0,0,0,1,0,0,1,0,0,False
3164,microsoft/azure-maven-plugins,dc9a60481c4f52b96502925966c2235ebc127430,com/microsoft/azure/maven/function/PackageMojoTest.java,42,5,13,41,0.1,4,5,1,0,0,0,0,4,0,0,0,0,0,0,0,0,2,0,0,4,0,0,False
3165,microsoft/azure-maven-plugins,dc9a60481c4f52b96502925966c2235ebc127430,com/microsoft/azure/maven/function/RunMojoTest.java,57,8,20,60,0.07,4,8,1,0,0,0,0,7,0,0,0,0,0,0,0,0,1,0,0,7,0,0,False
3166,microsoft/azure-maven-plugins,dc9a60481c4f52b96502925966c2235ebc127430,com/microsoft/azure/maven/AbstractAppServiceMojoTest.java,17,2,3,10,0.06,1,1,0,0,0,0,0,0,0,0,0,0,1,0,0,0,0,0,0,1,0,0,False
3167,microsoft/azure-maven-plugins,dc9a60481c4f52b96502925966c2235ebc127430,com/microsoft/azure/maven/AbstractAzureMojoTest.java,85,14,29,43,0.26,22,13,3,0,0,0,0,10,0,0,0,0,0,0,0,0,1,0,0,12,0,0,False
3168,microsoft/azure-maven-plugins,dc9a60481c4f52b96502925966c2235ebc127430,com/microsoft/azure/maven/prompt/DefaultPrompterTest.java,54,13,27,17,0.22,12,13,8,4,0,0,0,12,0,0,0,0,0,0,0,4,1,0,0,12,0,0,False
3169,microsoft/azure-maven-plugins,dc9a60481c4f52b96502925966c2235ebc127430,com/microsoft/azure/maven/prompt/InputValidateResultTest.java,15,2,2,12,0.4,6,2,2,0,0,0,0,0,0,0,0,0,0,0,0,0,0,0,0,2,0,0,False
3170,microsoft/azure-maven-plugins,dc9a60481c4f52b96502925966c2235ebc127430,com/microsoft/azure/maven/prompt/SchemaValidatorTest.java,66,6,15,17,0.18,12,6,1,0,0,0,0,5,1,0,1,0,0,0,0,2,0,0,0,5,0,0,False
3171,microsoft/azure-maven-plugins,dc9a60481c4f52b96502925966c2235ebc127430,com/microsoft/azure/maven/utils/MavenUtilsTest.java,34,3,6,39,0.32,11,3,2,0,0,0,0,3,0,3,0,0,0,0,0,0,0,0,3,3,0,0,False
3172,microsoft/azure-maven-plugins,dc9a60481c4f52b96502925966c2235ebc127430,com/microsoft/azure/maven/utils/TemplateUtilsTest.java,54,8,10,28,0.19,10,8,2,0,0,0,0,1,0,0,0,0,0,0,0,1,0,0,0,8,0,0,False
3173,microsoft/azure-maven-plugins,dc9a60481c4f52b96502925966c2235ebc127430,com/microsoft/azure/maven/utils/XmlUtilsTest.java,49,6,10,30,0.33,16,6,4,0,0,0,0,1,0,0,0,0,0,0,0,0,0,0,0,5,0,0,False
3174,microsoft/azure-maven-plugins,dc9a60481c4f52b96502925966c2235ebc127430,com/microsoft/azure/maven/webapp/DeployMojoTest.java,53,7,16,37,0.34,18,5,3,0,0,0,0,3,0,0,0,0,0,0,0,0,0,0,0,3,0,0,False
3175,microsoft/azure-maven-plugins,dc9a60481c4f52b96502925966c2235ebc127430,com/microsoft/azure/maven/webapp/parser/ConfigParserTest.java,80,5,7,49,0.29,23,5,4,0,0,0,0,1,4,0,0,0,0,0,0,0,0,0,0,4,0,0,False
3176,microsoft/azure-maven-plugins,dc9a60481c4f52b96502925966c2235ebc127430,com/microsoft/azure/maven/webapp/utils/TestUtils.java,52,6,20,29,0.0,0,6,0,0,0,0,0,0,0,0,0,0,0,0,0,0,0,0,0,0,0,0,False
3177,microsoft/azure-maven-plugins,6aa372c76a6f80c74bd213aa99b7ec47ca6650b2,com/microsoft/azure/maven/function/AddMojoTest.java,44,7,15,24,0.11,5,7,1,0,0,0,0,4,0,0,0,0,0,0,0,0,0,2,0,4,0,0,False
3178,microsoft/azure-maven-plugins,6aa372c76a6f80c74bd213aa99b7ec47ca6650b2,com/microsoft/azure/maven/function/DeployMojoTest.java,44,6,15,32,0.09,4,6,1,0,0,0,0,1,1,0,0,0,0,0,0,0,0,3,0,1,0,0,False
3179,microsoft/azure-maven-plugins,6aa372c76a6f80c74bd213aa99b7ec47ca6650b2,com/microsoft/azure/maven/function/ListMojoTest.java,12,2,6,8,0.0,0,2,0,0,0,0,0,1,0,0,0,0,0,0,0,0,1,0,0,1,0,0,False
3180,microsoft/azure-maven-plugins,6aa372c76a6f80c74bd213aa99b7ec47ca6650b2,com/microsoft/azure/maven/function/PackageMojoTest.java,42,5,13,41,0.1,4,5,1,0,0,0,0,4,0,0,0,0,0,0,0,0,2,0,0,4,0,0,False
3181,microsoft/azure-maven-plugins,6aa372c76a6f80c74bd213aa99b7ec47ca6650b2,com/microsoft/azure/maven/function/RunMojoTest.java,57,8,20,60,0.07,4,8,1,0,0,0,0,7,0,0,0,0,0,0,0,0,1,0,0,7,0,0,False
3182,microsoft/azure-maven-plugins,6aa372c76a6f80c74bd213aa99b7ec47ca6650b2,com/microsoft/azure/maven/AbstractAppServiceMojoTest.java,17,2,3,10,0.06,1,1,0,0,0,0,0,0,0,0,0,0,1,0,0,0,0,0,0,1,0,0,False
3183,microsoft/azure-maven-plugins,6aa372c76a6f80c74bd213aa99b7ec47ca6650b2,com/microsoft/azure/maven/AbstractAzureMojoTest.java,93,16,33,47,0.26,24,15,3,0,0,0,0,12,0,0,0,0,0,0,0,0,1,0,0,14,0,0,False
3184,microsoft/azure-maven-plugins,6aa372c76a6f80c74bd213aa99b7ec47ca6650b2,com/microsoft/azure/maven/prompt/DefaultPrompterTest.java,54,13,27,17,0.22,12,13,8,4,0,0,0,12,0,0,0,0,0,0,0,4,1,0,0,12,0,0,False
3185,microsoft/azure-maven-plugins,6aa372c76a6f80c74bd213aa99b7ec47ca6650b2,com/microsoft/azure/maven/prompt/InputValidateResultTest.java,15,2,2,12,0.4,6,2,2,0,0,0,0,0,0,0,0,0,0,0,0,0,0,0,0,2,0,0,False
3186,microsoft/azure-maven-plugins,6aa372c76a6f80c74bd213aa99b7ec47ca6650b2,com/microsoft/azure/maven/prompt/SchemaValidatorTest.java,66,6,15,17,0.18,12,6,1,0,0,0,0,5,1,0,1,0,0,0,0,2,0,0,0,5,0,0,False
3187,microsoft/azure-maven-plugins,6aa372c76a6f80c74bd213aa99b7ec47ca6650b2,com/microsoft/azure/maven/utils/MavenUtilsTest.java,34,3,6,39,0.32,11,3,2,0,0,0,0,3,0,3,0,0,0,0,0,0,0,0,3,3,0,0,False
3188,microsoft/azure-maven-plugins,6aa372c76a6f80c74bd213aa99b7ec47ca6650b2,com/microsoft/azure/maven/utils/TemplateUtilsTest.java,54,8,10,28,0.19,10,8,2,0,0,0,0,1,0,0,0,0,0,0,0,1,0,0,0,8,0,0,False
3189,microsoft/azure-maven-plugins,6aa372c76a6f80c74bd213aa99b7ec47ca6650b2,com/microsoft/azure/maven/utils/XmlUtilsTest.java,49,6,10,30,0.33,16,6,4,0,0,0,0,1,0,0,0,0,0,0,0,0,0,0,0,5,0,0,False
3190,microsoft/azure-maven-plugins,6aa372c76a6f80c74bd213aa99b7ec47ca6650b2,com/microsoft/azure/maven/webapp/DeployMojoTest.java,85,12,29,61,0.29,25,10,3,0,0,0,0,8,0,0,0,0,0,0,0,0,0,0,0,8,0,0,False
3191,microsoft/azure-maven-plugins,6aa372c76a6f80c74bd213aa99b7ec47ca6650b2,com/microsoft/azure/maven/webapp/parser/ConfigurationParserTest.java,138,21,44,39,0.18,25,5,3,0,0,0,0,3,0,0,0,0,0,0,0,0,0,0,0,3,0,0,False
3192,microsoft/azure-maven-plugins,6aa372c76a6f80c74bd213aa99b7ec47ca6650b2,com/microsoft/azure/maven/webapp/parser/V1ConfigParserTest.java,24,3,7,13,0.17,4,3,2,0,0,0,0,2,2,0,0,0,0,0,0,0,0,0,0,2,0,0,False
3193,microsoft/azure-maven-plugins,6aa372c76a6f80c74bd213aa99b7ec47ca6650b2,com/microsoft/azure/maven/webapp/parser/V1ConfigurationParserTest.java,120,9,23,56,0.23,27,9,8,0,0,0,0,6,0,0,0,0,0,0,0,0,0,0,0,8,0,0,False
3194,microsoft/azure-maven-plugins,6aa372c76a6f80c74bd213aa99b7ec47ca6650b2,com/microsoft/azure/maven/webapp/parser/V2ConfigParserTest.java,59,6,13,32,0.17,10,6,3,0,0,0,0,5,5,0,0,0,0,0,0,0,0,0,0,5,0,0,False
3195,microsoft/azure-maven-plugins,6aa372c76a6f80c74bd213aa99b7ec47ca6650b2,com/microsoft/azure/maven/webapp/parser/V2ConfigurationParserTest.java,148,10,24,76,0.19,28,10,9,0,0,0,0,6,0,0,0,0,0,0,0,1,0,0,0,9,0,0,False
3196,microsoft/azure-maven-plugins,6aa372c76a6f80c74bd213aa99b7ec47ca6650b2,com/microsoft/azure/maven/webapp/utils/RuntimeStackUtilsTest.java,13,2,2,4,0.54,7,2,2,0,0,0,0,0,0,0,0,0,0,0,0,0,0,0,0,2,0,0,False
3197,microsoft/azure-maven-plugins,6aa372c76a6f80c74bd213aa99b7ec47ca6650b2,com/microsoft/azure/maven/webapp/utils/TestUtils.java,52,6,20,29,0.0,0,6,0,0,0,0,0,0,0,0,0,0,0,0,0,0,0,0,0,0,0,0,False
3198,microsoft/azure-maven-plugins,6aa372c76a6f80c74bd213aa99b7ec47ca6650b2,com/microsoft/azure/maven/webapp/WebAppUtilsTest.java,149,8,20,90,0.05,7,8,1,0,0,0,0,7,0,0,0,0,0,0,0,0,0,0,0,8,0,0,False
3199,microsoft/azure-maven-plugins,22ec87cedec0b4a30f96fc60d201a782c97198fe,com/microsoft/azure/maven/function/AddMojoTest.java,47,7,15,30,0.11,5,7,1,0,0,0,0,6,0,1,0,0,0,0,0,0,0,0,2,6,0,0,False
3200,microsoft/azure-maven-plugins,22ec87cedec0b4a30f96fc60d201a782c97198fe,com/microsoft/azure/maven/function/DeployMojoTest.java,120,14,38,109,0.12,14,14,5,0,0,0,0,12,12,0,0,0,0,0,0,1,4,0,0,12,0,0,False
3201,microsoft/azure-maven-plugins,22ec87cedec0b4a30f96fc60d201a782c97198fe,com/microsoft/azure/maven/function/ListMojoTest.java,12,2,6,8,0.0,0,2,0,0,0,0,0,1,0,0,0,0,0,0,0,0,1,0,0,1,0,0,False
3202,microsoft/azure-maven-plugins,22ec87cedec0b4a30f96fc60d201a782c97198fe,com/microsoft/azure/maven/function/PackageMojoTest.java,42,5,13,41,0.1,4,5,1,0,0,0,0,4,0,0,0,0,0,0,0,0,2,0,0,4,0,0,False
3203,microsoft/azure-maven-plugins,22ec87cedec0b4a30f96fc60d201a782c97198fe,com/microsoft/azure/maven/function/RunMojoTest.java,57,8,20,60,0.07,4,8,1,0,0,0,0,7,0,0,0,0,0,0,0,0,1,0,0,7,0,0,False
3204,microsoft/azure-maven-plugins,22ec87cedec0b4a30f96fc60d201a782c97198fe,com/microsoft/azure/maven/AbstractAppServiceMojoTest.java,17,2,3,10,0.06,1,1,0,0,0,0,0,0,0,0,0,0,1,0,0,0,0,0,0,1,0,0,False
3205,microsoft/azure-maven-plugins,22ec87cedec0b4a30f96fc60d201a782c97198fe,com/microsoft/azure/maven/AbstractAzureMojoTest.java,96,17,34,48,0.26,25,16,3,0,0,0,0,12,0,0,0,0,0,0,0,0,1,0,0,15,0,0,False
3206,microsoft/azure-maven-plugins,22ec87cedec0b4a30f96fc60d201a782c97198fe,com/microsoft/azure/maven/utils/MavenUtilsTest.java,34,3,6,39,0.32,11,3,2,0,0,0,0,3,0,3,0,0,0,0,0,0,0,0,3,3,0,0,False
3207,microsoft/azure-maven-plugins,22ec87cedec0b4a30f96fc60d201a782c97198fe,com/microsoft/azure/maven/utils/TemplateUtilsTest.java,54,8,10,28,0.19,10,8,2,0,0,0,0,1,0,0,0,0,0,0,0,1,0,0,0,8,0,0,False
3208,microsoft/azure-maven-plugins,22ec87cedec0b4a30f96fc60d201a782c97198fe,com/microsoft/azure/maven/utils/XmlUtilsTest.java,49,6,10,30,0.33,16,6,4,0,0,0,0,1,0,0,0,0,0,0,0,0,0,0,0,5,0,0,False
3209,microsoft/azure-maven-plugins,22ec87cedec0b4a30f96fc60d201a782c97198fe,com/microsoft/azure/maven/webapp/DeployMojoTest.java,85,12,29,61,0.29,25,10,3,0,0,0,0,8,0,0,0,0,0,0,0,0,0,0,0,8,0,0,False
3210,microsoft/azure-maven-plugins,22ec87cedec0b4a30f96fc60d201a782c97198fe,com/microsoft/azure/maven/webapp/parser/ConfigurationParserTest.java,138,21,44,39,0.18,25,5,3,0,0,0,0,3,0,0,0,0,0,0,0,0,0,0,0,3,0,0,False
3211,microsoft/azure-maven-plugins,22ec87cedec0b4a30f96fc60d201a782c97198fe,com/microsoft/azure/maven/webapp/parser/V1ConfigParserTest.java,24,3,7,13,0.17,4,3,2,0,0,0,0,2,2,0,0,0,0,0,0,0,0,0,0,2,0,0,False
3212,microsoft/azure-maven-plugins,22ec87cedec0b4a30f96fc60d201a782c97198fe,com/microsoft/azure/maven/webapp/parser/V1ConfigurationParserTest.java,120,9,23,56,0.23,27,9,8,0,0,0,0,6,0,0,0,0,0,0,0,0,0,0,0,8,0,0,False
3213,microsoft/azure-maven-plugins,22ec87cedec0b4a30f96fc60d201a782c97198fe,com/microsoft/azure/maven/webapp/parser/V2ConfigParserTest.java,43,4,9,25,0.12,5,4,2,0,0,0,0,3,3,0,0,0,0,0,0,0,0,0,0,3,0,0,False
3214,microsoft/azure-maven-plugins,22ec87cedec0b4a30f96fc60d201a782c97198fe,com/microsoft/azure/maven/webapp/parser/V2ConfigurationParserTest.java,148,10,24,76,0.19,28,10,9,0,0,0,0,6,0,0,0,0,0,0,0,1,0,0,0,9,0,0,False
3215,microsoft/azure-maven-plugins,22ec87cedec0b4a30f96fc60d201a782c97198fe,com/microsoft/azure/maven/webapp/utils/RuntimeStackUtilsTest.java,13,2,2,4,0.54,7,2,2,0,0,0,0,0,0,0,0,0,0,0,0,0,0,0,0,2,0,0,False
3216,microsoft/azure-maven-plugins,22ec87cedec0b4a30f96fc60d201a782c97198fe,com/microsoft/azure/maven/webapp/utils/TestUtils.java,52,6,20,29,0.0,0,6,0,0,0,0,0,0,0,0,0,0,0,0,0,0,0,0,0,0,0,0,False
3217,microsoft/azure-maven-plugins,22ec87cedec0b4a30f96fc60d201a782c97198fe,com/microsoft/azure/maven/webapp/WebAppUtilsTest.java,149,8,20,90,0.05,7,8,1,0,0,0,0,7,0,0,0,0,0,0,0,0,0,0,0,8,0,0,False
3218,microsoft/azure-maven-plugins,a8f28b228e4d3dc654ce4c93e51f7dc4a3c8ec5b,com/microsoft/azure/maven/function/AddMojoTest.java,47,7,15,30,0.11,5,7,1,0,0,0,0,6,0,1,0,0,0,0,0,0,0,0,2,6,0,0,False
3219,microsoft/azure-maven-plugins,a8f28b228e4d3dc654ce4c93e51f7dc4a3c8ec5b,com/microsoft/azure/maven/function/DeployMojoTest.java,150,14,39,136,0.09,14,14,5,0,0,0,0,12,12,0,0,0,0,0,0,1,4,0,0,12,0,0,False
3220,microsoft/azure-maven-plugins,a8f28b228e4d3dc654ce4c93e51f7dc4a3c8ec5b,com/microsoft/azure/maven/function/ListMojoTest.java,15,2,6,12,0.0,0,2,0,0,0,0,0,1,0,0,0,0,0,0,0,0,1,0,0,1,0,0,False
3221,microsoft/azure-maven-plugins,a8f28b228e4d3dc654ce4c93e51f7dc4a3c8ec5b,com/microsoft/azure/maven/function/PackageMojoTest.java,45,5,13,44,0.09,4,5,1,0,0,0,0,4,0,0,0,0,0,0,0,0,2,0,0,4,0,0,False
3222,microsoft/azure-maven-plugins,a8f28b228e4d3dc654ce4c93e51f7dc4a3c8ec5b,com/microsoft/azure/maven/function/RunMojoTest.java,57,8,20,60,0.07,4,8,1,0,0,0,0,7,0,0,0,0,0,0,0,0,1,0,0,7,0,0,False
3223,microsoft/azure-maven-plugins,a8f28b228e4d3dc654ce4c93e51f7dc4a3c8ec5b,com/microsoft/azure/maven/AbstractAppServiceMojoTest.java,17,2,3,10,0.06,1,1,0,0,0,0,0,0,0,0,0,0,1,0,0,0,0,0,0,1,0,0,False
3224,microsoft/azure-maven-plugins,a8f28b228e4d3dc654ce4c93e51f7dc4a3c8ec5b,com/microsoft/azure/maven/AbstractAzureMojoTest.java,96,17,34,48,0.26,25,16,3,0,0,0,0,12,0,0,0,0,0,0,0,0,1,0,0,15,0,0,False
3225,microsoft/azure-maven-plugins,a8f28b228e4d3dc654ce4c93e51f7dc4a3c8ec5b,com/microsoft/azure/maven/utils/MavenUtilsTest.java,34,3,6,39,0.32,11,3,2,0,0,0,0,3,0,3,0,0,0,0,0,0,0,0,3,3,0,0,False
3226,microsoft/azure-maven-plugins,a8f28b228e4d3dc654ce4c93e51f7dc4a3c8ec5b,com/microsoft/azure/maven/utils/TemplateUtilsTest.java,54,8,10,28,0.19,10,8,2,0,0,0,0,1,0,0,0,0,0,0,0,1,0,0,0,8,0,0,False
3227,microsoft/azure-maven-plugins,a8f28b228e4d3dc654ce4c93e51f7dc4a3c8ec5b,com/microsoft/azure/maven/utils/XmlUtilsTest.java,49,6,10,30,0.33,16,6,4,0,0,0,0,1,0,0,0,0,0,0,0,0,0,0,0,5,0,0,False
3228,microsoft/azure-maven-plugins,a8f28b228e4d3dc654ce4c93e51f7dc4a3c8ec5b,com/microsoft/azure/maven/webapp/DeployMojoTest.java,84,12,29,61,0.29,24,10,3,0,0,0,0,8,0,0,0,0,0,0,0,0,0,0,0,8,0,0,False
3229,microsoft/azure-maven-plugins,a8f28b228e4d3dc654ce4c93e51f7dc4a3c8ec5b,com/microsoft/azure/maven/webapp/parser/ConfigurationParserTest.java,138,21,44,39,0.18,25,5,3,0,0,0,0,3,0,0,0,0,0,0,0,0,0,0,0,3,0,0,False
3230,microsoft/azure-maven-plugins,a8f28b228e4d3dc654ce4c93e51f7dc4a3c8ec5b,com/microsoft/azure/maven/webapp/parser/V1ConfigParserTest.java,24,3,7,13,0.17,4,3,2,0,0,0,0,2,2,0,0,0,0,0,0,0,0,0,0,2,0,0,False
3231,microsoft/azure-maven-plugins,a8f28b228e4d3dc654ce4c93e51f7dc4a3c8ec5b,com/microsoft/azure/maven/webapp/parser/V1ConfigurationParserTest.java,120,9,23,56,0.23,27,9,8,0,0,0,0,6,0,0,0,0,0,0,0,0,0,0,0,8,0,0,False
3232,microsoft/azure-maven-plugins,a8f28b228e4d3dc654ce4c93e51f7dc4a3c8ec5b,com/microsoft/azure/maven/webapp/parser/V2ConfigParserTest.java,43,4,9,25,0.12,5,4,2,0,0,0,0,3,3,0,0,0,0,0,0,0,0,0,0,3,0,0,False
3233,microsoft/azure-maven-plugins,a8f28b228e4d3dc654ce4c93e51f7dc4a3c8ec5b,com/microsoft/azure/maven/webapp/parser/V2ConfigurationParserTest.java,148,10,24,76,0.19,28,10,9,0,0,0,0,6,0,0,0,0,0,0,0,1,0,0,0,9,0,0,False
3234,microsoft/azure-maven-plugins,a8f28b228e4d3dc654ce4c93e51f7dc4a3c8ec5b,com/microsoft/azure/maven/webapp/utils/RuntimeStackUtilsTest.java,13,2,2,4,0.54,7,2,2,0,0,0,0,0,0,0,0,0,0,0,0,0,0,0,0,2,0,0,False
3235,microsoft/azure-maven-plugins,a8f28b228e4d3dc654ce4c93e51f7dc4a3c8ec5b,com/microsoft/azure/maven/webapp/utils/TestUtils.java,52,6,20,29,0.0,0,6,0,0,0,0,0,0,0,0,0,0,0,0,0,0,0,0,0,0,0,0,False
3236,microsoft/azure-maven-plugins,a8f28b228e4d3dc654ce4c93e51f7dc4a3c8ec5b,com/microsoft/azure/maven/webapp/WebAppUtilsTest.java,149,8,20,90,0.05,7,8,1,0,0,0,0,7,0,0,0,0,0,0,0,0,0,0,0,8,0,0,False
3237,microsoft/azure-maven-plugins,ce267a2d000b9618b87de0ebe1b7876edfecabea,com/microsoft/azure/maven/function/AddMojoTest.java,47,7,15,30,0.11,5,7,1,0,0,0,0,6,0,1,0,0,0,0,0,0,0,0,2,6,0,0,False
3238,microsoft/azure-maven-plugins,ce267a2d000b9618b87de0ebe1b7876edfecabea,com/microsoft/azure/maven/function/DeployMojoTest.java,150,14,39,136,0.09,14,14,5,0,0,0,0,12,12,0,0,0,0,0,0,1,4,0,0,12,0,0,False
3239,microsoft/azure-maven-plugins,ce267a2d000b9618b87de0ebe1b7876edfecabea,com/microsoft/azure/maven/function/ListMojoTest.java,15,2,6,12,0.0,0,2,0,0,0,0,0,1,0,0,0,0,0,0,0,0,1,0,0,1,0,0,False
3240,microsoft/azure-maven-plugins,ce267a2d000b9618b87de0ebe1b7876edfecabea,com/microsoft/azure/maven/function/PackageMojoTest.java,45,5,13,44,0.09,4,5,1,0,0,0,0,4,0,0,0,0,0,0,0,0,2,0,0,4,0,0,False
3241,microsoft/azure-maven-plugins,ce267a2d000b9618b87de0ebe1b7876edfecabea,com/microsoft/azure/maven/function/RunMojoTest.java,57,8,20,60,0.07,4,8,1,0,0,0,0,7,0,0,0,0,0,0,0,0,1,0,0,7,0,0,False
3242,microsoft/azure-maven-plugins,ce267a2d000b9618b87de0ebe1b7876edfecabea,com/microsoft/azure/maven/AbstractAppServiceMojoTest.java,17,2,3,10,0.06,1,1,0,0,0,0,0,0,0,0,0,0,1,0,0,0,0,0,0,1,0,0,False
3243,microsoft/azure-maven-plugins,ce267a2d000b9618b87de0ebe1b7876edfecabea,com/microsoft/azure/maven/AbstractAzureMojoTest.java,96,17,34,48,0.26,25,16,3,0,0,0,0,12,0,0,0,0,0,0,0,0,1,0,0,15,0,0,False
3244,microsoft/azure-maven-plugins,ce267a2d000b9618b87de0ebe1b7876edfecabea,com/microsoft/azure/maven/utils/MavenUtilsTest.java,34,3,6,39,0.32,11,3,2,0,0,0,0,3,0,3,0,0,0,0,0,0,0,0,3,3,0,0,False
3245,microsoft/azure-maven-plugins,ce267a2d000b9618b87de0ebe1b7876edfecabea,com/microsoft/azure/maven/utils/TemplateUtilsTest.java,54,8,10,28,0.19,10,8,2,0,0,0,0,1,0,0,0,0,0,0,0,1,0,0,0,8,0,0,False
3246,microsoft/azure-maven-plugins,ce267a2d000b9618b87de0ebe1b7876edfecabea,com/microsoft/azure/maven/utils/XmlUtilsTest.java,49,6,10,30,0.33,16,6,4,0,0,0,0,1,0,0,0,0,0,0,0,0,0,0,0,5,0,0,False
3247,microsoft/azure-maven-plugins,ce267a2d000b9618b87de0ebe1b7876edfecabea,com/microsoft/azure/maven/webapp/DeployMojoTest.java,84,12,29,61,0.29,24,10,3,0,0,0,0,8,0,0,0,0,0,0,0,0,0,0,0,8,0,0,False
3248,microsoft/azure-maven-plugins,ce267a2d000b9618b87de0ebe1b7876edfecabea,com/microsoft/azure/maven/webapp/parser/ConfigurationParserTest.java,138,21,44,39,0.18,25,5,3,0,0,0,0,3,0,0,0,0,0,0,0,0,0,0,0,3,0,0,False
3249,microsoft/azure-maven-plugins,ce267a2d000b9618b87de0ebe1b7876edfecabea,com/microsoft/azure/maven/webapp/parser/V1ConfigParserTest.java,24,3,7,13,0.17,4,3,2,0,0,0,0,2,2,0,0,0,0,0,0,0,0,0,0,2,0,0,False
3250,microsoft/azure-maven-plugins,ce267a2d000b9618b87de0ebe1b7876edfecabea,com/microsoft/azure/maven/webapp/parser/V1ConfigurationParserTest.java,120,9,23,56,0.23,27,9,8,0,0,0,0,6,0,0,0,0,0,0,0,0,0,0,0,8,0,0,False
3251,microsoft/azure-maven-plugins,ce267a2d000b9618b87de0ebe1b7876edfecabea,com/microsoft/azure/maven/webapp/parser/V2ConfigParserTest.java,43,4,9,25,0.12,5,4,2,0,0,0,0,3,3,0,0,0,0,0,0,0,0,0,0,3,0,0,False
3252,microsoft/azure-maven-plugins,ce267a2d000b9618b87de0ebe1b7876edfecabea,com/microsoft/azure/maven/webapp/parser/V2ConfigurationParserTest.java,148,10,24,76,0.19,28,10,9,0,0,0,0,6,0,0,0,0,0,0,0,1,0,0,0,9,0,0,False
3253,microsoft/azure-maven-plugins,ce267a2d000b9618b87de0ebe1b7876edfecabea,com/microsoft/azure/maven/webapp/utils/RuntimeStackUtilsTest.java,13,2,2,4,0.54,7,2,2,0,0,0,0,0,0,0,0,0,0,0,0,0,0,0,0,2,0,0,False
3254,microsoft/azure-maven-plugins,ce267a2d000b9618b87de0ebe1b7876edfecabea,com/microsoft/azure/maven/webapp/utils/TestUtils.java,52,6,20,29,0.0,0,6,0,0,0,0,0,0,0,0,0,0,0,0,0,0,0,0,0,0,0,0,False
3255,microsoft/azure-maven-plugins,ce267a2d000b9618b87de0ebe1b7876edfecabea,com/microsoft/azure/maven/webapp/WebAppUtilsTest.java,149,8,20,90,0.05,7,8,1,0,0,0,0,7,0,0,0,0,0,0,0,0,0,0,0,8,0,0,False
3256,microsoft/azure-maven-plugins,d0da922f6f50fe9eb02765305530307f9cbec779,com/microsoft/azure/maven/function/AddMojoTest.java,44,7,15,24,0.11,5,7,1,0,0,0,0,6,0,1,0,0,0,0,0,0,0,0,2,6,0,0,False
3257,microsoft/azure-maven-plugins,d0da922f6f50fe9eb02765305530307f9cbec779,com/microsoft/azure/maven/function/DeployMojoTest.java,162,16,43,143,0.12,19,16,7,0,0,0,0,14,14,0,0,0,0,0,0,1,4,0,0,14,0,0,False
3258,microsoft/azure-maven-plugins,d0da922f6f50fe9eb02765305530307f9cbec779,com/microsoft/azure/maven/function/ListMojoTest.java,15,2,6,12,0.0,0,2,0,0,0,0,0,1,0,0,0,0,0,0,0,0,1,0,0,1,0,0,False
3259,microsoft/azure-maven-plugins,d0da922f6f50fe9eb02765305530307f9cbec779,com/microsoft/azure/maven/function/PackageMojoTest.java,44,5,13,43,0.09,4,5,1,0,0,0,0,4,0,0,0,0,0,0,0,0,2,0,0,4,0,0,False
3260,microsoft/azure-maven-plugins,d0da922f6f50fe9eb02765305530307f9cbec779,com/microsoft/azure/maven/function/RunMojoTest.java,57,8,20,60,0.07,4,8,1,0,0,0,0,7,0,0,0,0,0,0,0,0,1,0,0,7,0,0,False
3261,microsoft/azure-maven-plugins,d0da922f6f50fe9eb02765305530307f9cbec779,com/microsoft/azure/maven/AbstractAppServiceMojoTest.java,17,2,3,10,0.06,1,1,0,0,0,0,0,0,0,0,0,0,1,0,0,0,0,0,0,1,0,0,False
3262,microsoft/azure-maven-plugins,d0da922f6f50fe9eb02765305530307f9cbec779,com/microsoft/azure/maven/AbstractAzureMojoTest.java,96,17,34,48,0.26,25,16,3,0,0,0,0,12,0,0,0,0,0,0,0,0,1,0,0,15,0,0,False
3263,microsoft/azure-maven-plugins,d0da922f6f50fe9eb02765305530307f9cbec779,com/microsoft/azure/maven/utils/MavenUtilsTest.java,34,3,6,39,0.32,11,3,2,0,0,0,0,3,0,3,0,0,0,0,0,0,0,0,3,3,0,0,False
3264,microsoft/azure-maven-plugins,d0da922f6f50fe9eb02765305530307f9cbec779,com/microsoft/azure/maven/utils/TemplateUtilsTest.java,54,8,10,28,0.19,10,8,2,0,0,0,0,1,0,0,0,0,0,0,0,1,0,0,0,8,0,0,False
3265,microsoft/azure-maven-plugins,d0da922f6f50fe9eb02765305530307f9cbec779,com/microsoft/azure/maven/utils/XmlUtilsTest.java,49,6,10,30,0.33,16,6,4,0,0,0,0,1,0,0,0,0,0,0,0,0,0,0,0,5,0,0,False
3266,microsoft/azure-maven-plugins,d0da922f6f50fe9eb02765305530307f9cbec779,com/microsoft/azure/maven/webapp/DeployMojoTest.java,176,20,54,133,0.14,25,14,3,0,0,0,0,11,0,0,0,0,0,0,0,0,0,0,3,11,0,0,False
3267,microsoft/azure-maven-plugins,d0da922f6f50fe9eb02765305530307f9cbec779,com/microsoft/azure/maven/webapp/handlers/artifact/ArtifactHandlerImplV2Test.java,105,10,27,86,0.04,4,10,1,0,0,0,1,8,0,4,0,0,0,0,0,1,2,0,5,8,0,0,False
3268,microsoft/azure-maven-plugins,d0da922f6f50fe9eb02765305530307f9cbec779,com/microsoft/azure/maven/webapp/handlers/artifact/JarArtifactHandlerImplTest.java,76,11,24,59,0.04,3,11,1,0,0,0,2,7,0,3,0,0,0,0,0,1,4,0,4,9,0,0,False
3269,microsoft/azure-maven-plugins,d0da922f6f50fe9eb02765305530307f9cbec779,com/microsoft/azure/maven/webapp/handlers/artifact/WarArtifactHandlerImplTest.java,138,12,26,111,0.08,11,12,2,0,0,0,0,8,0,8,0,0,1,0,0,1,2,0,9,10,0,0,False
3270,microsoft/azure-maven-plugins,d0da922f6f50fe9eb02765305530307f9cbec779,com/microsoft/azure/maven/webapp/handlers/DeploymentSlotHandlerTest.java,87,9,24,71,0.0,0,9,0,0,0,0,0,8,0,0,0,0,0,0,0,0,4,0,0,8,0,0,False
3271,microsoft/azure-maven-plugins,d0da922f6f50fe9eb02765305530307f9cbec779,com/microsoft/azure/maven/webapp/handlers/HandlerFactoryImplTest.java,89,8,22,54,0.16,14,8,3,0,0,0,0,7,3,0,0,0,0,0,0,0,0,0,0,7,0,0,False
3272,microsoft/azure-maven-plugins,d0da922f6f50fe9eb02765305530307f9cbec779,com/microsoft/azure/maven/webapp/handlers/SettingsHandlerImplTest.java,24,3,9,17,0.0,0,3,0,0,0,0,0,2,0,0,0,0,0,0,0,0,2,0,0,2,0,0,False
3273,microsoft/azure-maven-plugins,d0da922f6f50fe9eb02765305530307f9cbec779,com/microsoft/azure/maven/webapp/handlers/runtime/LinuxRuntimeHandlerImplTest.java,41,5,10,60,0.05,2,5,0,0,0,0,0,2,0,0,0,0,0,0,0,0,0,0,0,2,0,0,False
3274,microsoft/azure-maven-plugins,d0da922f6f50fe9eb02765305530307f9cbec779,com/microsoft/azure/maven/webapp/handlers/runtime/NullRuntimeHandlerImplTest.java,22,3,7,5,0.09,2,3,0,0,0,0,0,1,0,0,0,0,0,0,0,0,0,0,0,2,0,0,False
3275,microsoft/azure-maven-plugins,d0da922f6f50fe9eb02765305530307f9cbec779,com/microsoft/azure/maven/webapp/handlers/runtime/PrivateDockerHubRuntimeHandlerImplTest.java,62,5,12,80,0.0,0,5,0,0,0,0,0,2,0,0,0,0,0,0,0,0,2,0,0,2,0,0,False
3276,microsoft/azure-maven-plugins,d0da922f6f50fe9eb02765305530307f9cbec779,com/microsoft/azure/maven/webapp/handlers/runtime/PrivateRegistryRuntimeHandlerImplTest.java,63,5,12,81,0.0,0,5,0,0,0,0,0,2,0,0,0,0,0,0,0,0,2,0,0,2,0,0,False
3277,microsoft/azure-maven-plugins,d0da922f6f50fe9eb02765305530307f9cbec779,com/microsoft/azure/maven/webapp/handlers/runtime/PublicDockerHubRuntimeHandlerImplTest.java,41,5,10,64,0.0,0,5,0,0,0,0,0,2,0,0,0,0,0,0,0,0,2,0,0,2,0,0,False
3278,microsoft/azure-maven-plugins,d0da922f6f50fe9eb02765305530307f9cbec779,com/microsoft/azure/maven/webapp/handlers/runtime/WindowsRuntimeHandlerImplTest.java,46,5,10,68,0.04,2,5,0,0,0,0,0,2,0,0,0,0,0,0,0,0,0,0,0,2,0,0,False
3279,microsoft/azure-maven-plugins,d0da922f6f50fe9eb02765305530307f9cbec779,com/microsoft/azure/maven/webapp/parser/ConfigurationParserTest.java,138,21,44,39,0.18,25,5,3,0,0,0,0,3,0,0,0,0,0,0,0,0,0,0,0,3,0,0,False
3280,microsoft/azure-maven-plugins,d0da922f6f50fe9eb02765305530307f9cbec779,com/microsoft/azure/maven/webapp/parser/V1ConfigurationParserTest.java,120,9,23,56,0.23,27,9,8,0,0,0,0,6,0,0,0,0,0,0,0,0,0,0,0,8,0,0,False
3281,microsoft/azure-maven-plugins,d0da922f6f50fe9eb02765305530307f9cbec779,com/microsoft/azure/maven/webapp/parser/V2ConfigurationParserTest.java,146,10,22,68,0.19,28,10,9,0,0,0,0,6,0,0,0,0,0,0,0,1,0,0,0,9,0,0,False
3282,microsoft/azure-maven-plugins,d0da922f6f50fe9eb02765305530307f9cbec779,com/microsoft/azure/maven/webapp/utils/RuntimeStackUtilsTest.java,13,2,2,4,0.54,7,2,2,0,0,0,0,0,0,0,0,0,0,0,0,0,0,0,0,2,0,0,False
3283,microsoft/azure-maven-plugins,d0da922f6f50fe9eb02765305530307f9cbec779,com/microsoft/azure/maven/webapp/utils/TestUtils.java,52,6,20,29,0.0,0,6,0,0,0,0,0,0,0,0,0,0,0,0,0,0,0,0,0,0,0,0,False
3284,microsoft/azure-maven-plugins,d0da922f6f50fe9eb02765305530307f9cbec779,com/microsoft/azure/maven/webapp/WebAppUtilsTest.java,149,8,20,90,0.05,7,8,1,0,0,0,0,7,0,0,0,0,0,0,0,0,0,0,0,8,0,0,False
3285,microsoft/azure-maven-plugins,4f8edec2b831ea9d29165dcaf09daef10e7653e5,com/microsoft/azure/maven/function/AddMojoTest.java,44,7,15,24,0.11,5,7,1,0,0,0,0,6,0,1,0,0,0,0,0,0,0,0,2,6,0,0,False
3286,microsoft/azure-maven-plugins,4f8edec2b831ea9d29165dcaf09daef10e7653e5,com/microsoft/azure/maven/function/DeployMojoTest.java,156,16,43,139,0.12,19,16,7,0,0,0,0,14,14,0,0,0,0,0,0,1,4,0,0,14,0,0,False
3287,microsoft/azure-maven-plugins,4f8edec2b831ea9d29165dcaf09daef10e7653e5,com/microsoft/azure/maven/function/ListMojoTest.java,15,2,6,12,0.0,0,2,0,0,0,0,0,1,0,0,0,0,0,0,0,0,1,0,0,1,0,0,False
3288,microsoft/azure-maven-plugins,4f8edec2b831ea9d29165dcaf09daef10e7653e5,com/microsoft/azure/maven/function/PackageMojoTest.java,44,5,13,43,0.09,4,5,1,0,0,0,0,4,0,0,0,0,0,0,0,0,2,0,0,4,0,0,False
3289,microsoft/azure-maven-plugins,4f8edec2b831ea9d29165dcaf09daef10e7653e5,com/microsoft/azure/maven/function/RunMojoTest.java,57,8,20,60,0.07,4,8,1,0,0,0,0,7,0,0,0,0,0,0,0,0,1,0,0,7,0,0,False
3290,microsoft/azure-maven-plugins,4f8edec2b831ea9d29165dcaf09daef10e7653e5,com/microsoft/azure/maven/AbstractAppServiceMojoTest.java,17,2,3,10,0.06,1,1,0,0,0,0,0,0,0,0,0,0,1,0,0,0,0,0,0,1,0,0,False
3291,microsoft/azure-maven-plugins,4f8edec2b831ea9d29165dcaf09daef10e7653e5,com/microsoft/azure/maven/AbstractAzureMojoTest.java,96,17,34,48,0.26,25,16,3,0,0,0,0,12,0,0,0,0,0,0,0,0,1,0,0,15,0,0,False
3292,microsoft/azure-maven-plugins,4f8edec2b831ea9d29165dcaf09daef10e7653e5,com/microsoft/azure/maven/webapp/DeployMojoTest.java,163,20,53,126,0.15,25,14,3,0,0,0,0,11,0,0,0,0,0,0,0,0,0,0,3,11,0,0,False
3293,microsoft/azure-maven-plugins,4f8edec2b831ea9d29165dcaf09daef10e7653e5,com/microsoft/azure/maven/webapp/handlers/artifact/ArtifactHandlerImplV2Test.java,105,10,27,86,0.04,4,10,1,0,0,0,1,8,0,4,0,0,0,0,0,1,2,0,5,8,0,0,False
3294,microsoft/azure-maven-plugins,4f8edec2b831ea9d29165dcaf09daef10e7653e5,com/microsoft/azure/maven/webapp/handlers/artifact/JarArtifactHandlerImplTest.java,76,11,24,59,0.04,3,11,1,0,0,0,2,7,0,3,0,0,0,0,0,1,4,0,4,9,0,0,False
3295,microsoft/azure-maven-plugins,4f8edec2b831ea9d29165dcaf09daef10e7653e5,com/microsoft/azure/maven/webapp/handlers/artifact/WarArtifactHandlerImplTest.java,138,12,26,111,0.08,11,12,2,0,0,0,0,8,0,8,0,0,1,0,0,1,2,0,9,10,0,0,False
3296,microsoft/azure-maven-plugins,4f8edec2b831ea9d29165dcaf09daef10e7653e5,com/microsoft/azure/maven/webapp/handlers/DeploymentSlotHandlerTest.java,87,9,24,71,0.0,0,9,0,0,0,0,0,8,0,0,0,0,0,0,0,0,4,0,0,8,0,0,False
3297,microsoft/azure-maven-plugins,4f8edec2b831ea9d29165dcaf09daef10e7653e5,com/microsoft/azure/maven/webapp/handlers/HandlerFactoryImplTest.java,89,8,22,54,0.16,14,8,3,0,0,0,0,7,3,0,0,0,0,0,0,0,0,0,0,7,0,0,False
3298,microsoft/azure-maven-plugins,4f8edec2b831ea9d29165dcaf09daef10e7653e5,com/microsoft/azure/maven/webapp/handlers/SettingsHandlerImplTest.java,24,3,9,17,0.0,0,3,0,0,0,0,0,2,0,0,0,0,0,0,0,0,2,0,0,2,0,0,False
3299,microsoft/azure-maven-plugins,4f8edec2b831ea9d29165dcaf09daef10e7653e5,com/microsoft/azure/maven/webapp/handlers/runtime/LinuxRuntimeHandlerImplTest.java,41,5,10,60,0.05,2,5,0,0,0,0,0,2,0,0,0,0,0,0,0,0,0,0,0,2,0,0,False
3300,microsoft/azure-maven-plugins,4f8edec2b831ea9d29165dcaf09daef10e7653e5,com/microsoft/azure/maven/webapp/handlers/runtime/NullRuntimeHandlerImplTest.java,22,3,7,5,0.09,2,3,0,0,0,0,0,1,0,0,0,0,0,0,0,0,0,0,0,2,0,0,False
3301,microsoft/azure-maven-plugins,4f8edec2b831ea9d29165dcaf09daef10e7653e5,com/microsoft/azure/maven/webapp/handlers/runtime/PrivateDockerHubRuntimeHandlerImplTest.java,62,5,12,80,0.0,0,5,0,0,0,0,0,2,0,0,0,0,0,0,0,0,2,0,0,2,0,0,False
3302,microsoft/azure-maven-plugins,4f8edec2b831ea9d29165dcaf09daef10e7653e5,com/microsoft/azure/maven/webapp/handlers/runtime/PrivateRegistryRuntimeHandlerImplTest.java,63,5,12,81,0.0,0,5,0,0,0,0,0,2,0,0,0,0,0,0,0,0,2,0,0,2,0,0,False
3303,microsoft/azure-maven-plugins,4f8edec2b831ea9d29165dcaf09daef10e7653e5,com/microsoft/azure/maven/webapp/handlers/runtime/PublicDockerHubRuntimeHandlerImplTest.java,41,5,10,64,0.0,0,5,0,0,0,0,0,2,0,0,0,0,0,0,0,0,2,0,0,2,0,0,False
3304,microsoft/azure-maven-plugins,4f8edec2b831ea9d29165dcaf09daef10e7653e5,com/microsoft/azure/maven/webapp/handlers/runtime/WindowsRuntimeHandlerImplTest.java,46,5,10,68,0.04,2,5,0,0,0,0,0,2,0,0,0,0,0,0,0,0,0,0,0,2,0,0,False
3305,microsoft/azure-maven-plugins,4f8edec2b831ea9d29165dcaf09daef10e7653e5,com/microsoft/azure/maven/webapp/parser/ConfigurationParserTest.java,138,21,44,39,0.18,25,5,3,0,0,0,0,3,0,0,0,0,0,0,0,0,0,0,0,3,0,0,False
3306,microsoft/azure-maven-plugins,4f8edec2b831ea9d29165dcaf09daef10e7653e5,com/microsoft/azure/maven/webapp/parser/V1ConfigurationParserTest.java,120,9,23,56,0.23,27,9,8,0,0,0,0,6,0,0,0,0,0,0,0,0,0,0,0,8,0,0,False
3307,microsoft/azure-maven-plugins,4f8edec2b831ea9d29165dcaf09daef10e7653e5,com/microsoft/azure/maven/webapp/parser/V2ConfigurationParserTest.java,146,10,22,68,0.19,28,10,9,0,0,0,0,6,0,0,0,0,0,0,0,1,0,0,0,9,0,0,False
3308,microsoft/azure-maven-plugins,4f8edec2b831ea9d29165dcaf09daef10e7653e5,com/microsoft/azure/maven/webapp/utils/RuntimeStackUtilsTest.java,13,2,2,4,0.54,7,2,2,0,0,0,0,0,0,0,0,0,0,0,0,0,0,0,0,2,0,0,False
3309,microsoft/azure-maven-plugins,4f8edec2b831ea9d29165dcaf09daef10e7653e5,com/microsoft/azure/maven/webapp/utils/TestUtils.java,52,6,20,29,0.0,0,6,0,0,0,0,0,0,0,0,0,0,0,0,0,0,0,0,0,0,0,0,False
3310,microsoft/azure-maven-plugins,4f8edec2b831ea9d29165dcaf09daef10e7653e5,com/microsoft/azure/maven/webapp/WebAppUtilsTest.java,149,8,20,90,0.05,7,8,1,0,0,0,0,7,0,0,0,0,0,0,0,0,0,0,0,8,0,0,False
3311,microsoft/azure-maven-plugins,750f7aaafc5afe564eaa4622ef21fbb026d302b1,com/microsoft/azure/maven/function/AddMojoTest.java,44,7,15,24,0.11,5,7,1,0,0,0,0,6,0,1,0,0,0,0,0,0,0,0,2,6,0,0,False
3312,microsoft/azure-maven-plugins,750f7aaafc5afe564eaa4622ef21fbb026d302b1,com/microsoft/azure/maven/function/DeployMojoTest.java,114,14,37,102,0.17,19,14,7,0,0,0,0,12,12,0,0,0,0,0,0,1,4,0,0,12,0,0,False
3313,microsoft/azure-maven-plugins,750f7aaafc5afe564eaa4622ef21fbb026d302b1,com/microsoft/azure/maven/function/ListMojoTest.java,15,2,6,12,0.0,0,2,0,0,0,0,0,1,0,0,0,0,0,0,0,0,1,0,0,1,0,0,False
3314,microsoft/azure-maven-plugins,750f7aaafc5afe564eaa4622ef21fbb026d302b1,com/microsoft/azure/maven/function/PackageMojoTest.java,44,5,13,43,0.09,4,5,1,0,0,0,0,4,0,0,0,0,0,0,0,0,2,0,0,4,0,0,False
3315,microsoft/azure-maven-plugins,750f7aaafc5afe564eaa4622ef21fbb026d302b1,com/microsoft/azure/maven/function/RunMojoTest.java,57,8,20,60,0.07,4,8,1,0,0,0,0,7,0,0,0,0,0,0,0,0,1,0,0,7,0,0,False
3316,microsoft/azure-maven-plugins,750f7aaafc5afe564eaa4622ef21fbb026d302b1,com/microsoft/azure/maven/AbstractAppServiceMojoTest.java,17,2,3,10,0.06,1,1,0,0,0,0,0,0,0,0,0,0,1,0,0,0,0,0,0,1,0,0,False
3317,microsoft/azure-maven-plugins,750f7aaafc5afe564eaa4622ef21fbb026d302b1,com/microsoft/azure/maven/AbstractAzureMojoTest.java,96,17,34,48,0.26,25,16,3,0,0,0,0,12,0,0,0,0,0,0,0,0,1,0,0,15,0,0,False
3318,microsoft/azure-maven-plugins,750f7aaafc5afe564eaa4622ef21fbb026d302b1,com/microsoft/azure/maven/webapp/DeployMojoTest.java,163,20,53,126,0.15,25,14,3,0,0,0,0,11,0,0,0,0,0,0,0,0,0,0,3,11,0,0,False
3319,microsoft/azure-maven-plugins,750f7aaafc5afe564eaa4622ef21fbb026d302b1,com/microsoft/azure/maven/webapp/handlers/artifact/ArtifactHandlerImplV2Test.java,105,10,27,86,0.04,4,10,1,0,0,0,1,8,0,4,0,0,0,0,0,1,2,0,5,8,0,0,False
3320,microsoft/azure-maven-plugins,750f7aaafc5afe564eaa4622ef21fbb026d302b1,com/microsoft/azure/maven/webapp/handlers/artifact/JarArtifactHandlerImplTest.java,76,11,24,59,0.04,3,11,1,0,0,0,2,7,0,3,0,0,0,0,0,1,4,0,4,9,0,0,False
3321,microsoft/azure-maven-plugins,750f7aaafc5afe564eaa4622ef21fbb026d302b1,com/microsoft/azure/maven/webapp/handlers/artifact/WarArtifactHandlerImplTest.java,138,12,26,111,0.08,11,12,2,0,0,0,0,8,0,8,0,0,1,0,0,1,2,0,9,10,0,0,False
3322,microsoft/azure-maven-plugins,750f7aaafc5afe564eaa4622ef21fbb026d302b1,com/microsoft/azure/maven/webapp/handlers/DeploymentSlotHandlerTest.java,87,9,24,71,0.0,0,9,0,0,0,0,0,8,0,0,0,0,0,0,0,0,4,0,0,8,0,0,False
3323,microsoft/azure-maven-plugins,750f7aaafc5afe564eaa4622ef21fbb026d302b1,com/microsoft/azure/maven/webapp/handlers/HandlerFactoryImplTest.java,89,8,22,54,0.16,14,8,3,0,0,0,0,7,3,0,0,0,0,0,0,0,0,0,0,7,0,0,False
3324,microsoft/azure-maven-plugins,750f7aaafc5afe564eaa4622ef21fbb026d302b1,com/microsoft/azure/maven/webapp/handlers/SettingsHandlerImplTest.java,24,3,9,17,0.0,0,3,0,0,0,0,0,2,0,0,0,0,0,0,0,0,2,0,0,2,0,0,False
3325,microsoft/azure-maven-plugins,750f7aaafc5afe564eaa4622ef21fbb026d302b1,com/microsoft/azure/maven/webapp/handlers/runtime/LinuxRuntimeHandlerImplTest.java,41,5,10,60,0.05,2,5,0,0,0,0,0,2,0,0,0,0,0,0,0,0,0,0,0,2,0,0,False
3326,microsoft/azure-maven-plugins,750f7aaafc5afe564eaa4622ef21fbb026d302b1,com/microsoft/azure/maven/webapp/handlers/runtime/NullRuntimeHandlerImplTest.java,22,3,7,5,0.09,2,3,0,0,0,0,0,1,0,0,0,0,0,0,0,0,0,0,0,2,0,0,False
3327,microsoft/azure-maven-plugins,750f7aaafc5afe564eaa4622ef21fbb026d302b1,com/microsoft/azure/maven/webapp/handlers/runtime/PrivateDockerHubRuntimeHandlerImplTest.java,62,5,12,80,0.0,0,5,0,0,0,0,0,2,0,0,0,0,0,0,0,0,2,0,0,2,0,0,False
3328,microsoft/azure-maven-plugins,750f7aaafc5afe564eaa4622ef21fbb026d302b1,com/microsoft/azure/maven/webapp/handlers/runtime/PrivateRegistryRuntimeHandlerImplTest.java,63,5,12,81,0.0,0,5,0,0,0,0,0,2,0,0,0,0,0,0,0,0,2,0,0,2,0,0,False
3329,microsoft/azure-maven-plugins,750f7aaafc5afe564eaa4622ef21fbb026d302b1,com/microsoft/azure/maven/webapp/handlers/runtime/PublicDockerHubRuntimeHandlerImplTest.java,41,5,10,64,0.0,0,5,0,0,0,0,0,2,0,0,0,0,0,0,0,0,2,0,0,2,0,0,False
3330,microsoft/azure-maven-plugins,750f7aaafc5afe564eaa4622ef21fbb026d302b1,com/microsoft/azure/maven/webapp/handlers/runtime/WindowsRuntimeHandlerImplTest.java,46,5,10,68,0.04,2,5,0,0,0,0,0,2,0,0,0,0,0,0,0,0,0,0,0,2,0,0,False
3331,microsoft/azure-maven-plugins,750f7aaafc5afe564eaa4622ef21fbb026d302b1,com/microsoft/azure/maven/webapp/parser/ConfigurationParserTest.java,138,21,44,39,0.18,25,5,3,0,0,0,0,3,0,0,0,0,0,0,0,0,0,0,0,3,0,0,False
3332,microsoft/azure-maven-plugins,750f7aaafc5afe564eaa4622ef21fbb026d302b1,com/microsoft/azure/maven/webapp/parser/V1ConfigurationParserTest.java,120,9,23,56,0.23,27,9,8,0,0,0,0,6,0,0,0,0,0,0,0,0,0,0,0,8,0,0,False
3333,microsoft/azure-maven-plugins,750f7aaafc5afe564eaa4622ef21fbb026d302b1,com/microsoft/azure/maven/webapp/parser/V2ConfigurationParserTest.java,146,10,22,68,0.19,28,10,9,0,0,0,0,6,0,0,0,0,0,0,0,1,0,0,0,9,0,0,False
3334,microsoft/azure-maven-plugins,750f7aaafc5afe564eaa4622ef21fbb026d302b1,com/microsoft/azure/maven/webapp/utils/RuntimeStackUtilsTest.java,13,2,2,4,0.54,7,2,2,0,0,0,0,0,0,0,0,0,0,0,0,0,0,0,0,2,0,0,False
3335,microsoft/azure-maven-plugins,750f7aaafc5afe564eaa4622ef21fbb026d302b1,com/microsoft/azure/maven/webapp/utils/TestUtils.java,52,6,20,29,0.0,0,6,0,0,0,0,0,0,0,0,0,0,0,0,0,0,0,0,0,0,0,0,False
3336,microsoft/azure-maven-plugins,750f7aaafc5afe564eaa4622ef21fbb026d302b1,com/microsoft/azure/maven/webapp/WebAppUtilsTest.java,149,8,20,90,0.05,7,8,1,0,0,0,0,7,0,0,0,0,0,0,0,0,0,0,0,8,0,0,False
3337,microsoft/azure-maven-plugins,5f14e611b634dacb664221196eb71149cd53e349,com/microsoft/azure/maven/function/AddMojoTest.java,44,7,15,24,0.11,5,7,1,0,0,0,0,6,0,1,0,0,0,0,0,0,0,0,2,6,0,0,False
3338,microsoft/azure-maven-plugins,5f14e611b634dacb664221196eb71149cd53e349,com/microsoft/azure/maven/function/DeployMojoTest.java,114,14,37,102,0.17,19,14,7,0,0,0,0,12,12,0,0,0,0,0,0,1,4,0,0,12,0,0,False
3339,microsoft/azure-maven-plugins,5f14e611b634dacb664221196eb71149cd53e349,com/microsoft/azure/maven/function/ListMojoTest.java,15,2,6,12,0.0,0,2,0,0,0,0,0,1,0,0,0,0,0,0,0,0,1,0,0,1,0,0,False
3340,microsoft/azure-maven-plugins,5f14e611b634dacb664221196eb71149cd53e349,com/microsoft/azure/maven/function/PackageMojoTest.java,44,5,13,43,0.09,4,5,1,0,0,0,0,4,0,0,0,0,0,0,0,0,2,0,0,4,0,0,False
3341,microsoft/azure-maven-plugins,5f14e611b634dacb664221196eb71149cd53e349,com/microsoft/azure/maven/function/RunMojoTest.java,57,8,20,60,0.07,4,8,1,0,0,0,0,7,0,0,0,0,0,0,0,0,1,0,0,7,0,0,False
3342,microsoft/azure-maven-plugins,5f14e611b634dacb664221196eb71149cd53e349,com/microsoft/azure/maven/AbstractAppServiceMojoTest.java,17,2,3,10,0.06,1,1,0,0,0,0,0,0,0,0,0,0,1,0,0,0,0,0,0,1,0,0,False
3343,microsoft/azure-maven-plugins,5f14e611b634dacb664221196eb71149cd53e349,com/microsoft/azure/maven/AbstractAzureMojoTest.java,96,17,34,48,0.26,25,16,3,0,0,0,0,12,0,0,0,0,0,0,0,0,1,0,0,15,0,0,False
3344,microsoft/azure-maven-plugins,5f14e611b634dacb664221196eb71149cd53e349,com/microsoft/azure/maven/webapp/DeployMojoTest.java,163,20,53,126,0.15,25,14,3,0,0,0,0,11,0,0,0,0,0,0,0,0,0,0,3,11,0,0,False
3345,microsoft/azure-maven-plugins,5f14e611b634dacb664221196eb71149cd53e349,com/microsoft/azure/maven/webapp/handlers/artifact/ArtifactHandlerImplV2Test.java,105,10,27,86,0.04,4,10,1,0,0,0,1,8,0,4,0,0,0,0,0,1,2,0,5,8,0,0,False
3346,microsoft/azure-maven-plugins,5f14e611b634dacb664221196eb71149cd53e349,com/microsoft/azure/maven/webapp/handlers/artifact/JarArtifactHandlerImplTest.java,76,11,24,59,0.04,3,11,1,0,0,0,2,7,0,3,0,0,0,0,0,1,4,0,4,9,0,0,False
3347,microsoft/azure-maven-plugins,5f14e611b634dacb664221196eb71149cd53e349,com/microsoft/azure/maven/webapp/handlers/artifact/WarArtifactHandlerImplTest.java,138,12,26,111,0.08,11,12,2,0,0,0,0,8,0,8,0,0,1,0,0,1,2,0,9,10,0,0,False
3348,microsoft/azure-maven-plugins,5f14e611b634dacb664221196eb71149cd53e349,com/microsoft/azure/maven/webapp/handlers/DeploymentSlotHandlerTest.java,87,9,24,71,0.0,0,9,0,0,0,0,0,8,0,0,0,0,0,0,0,0,4,0,0,8,0,0,False
3349,microsoft/azure-maven-plugins,5f14e611b634dacb664221196eb71149cd53e349,com/microsoft/azure/maven/webapp/handlers/HandlerFactoryImplTest.java,89,8,22,54,0.16,14,8,3,0,0,0,0,7,3,0,0,0,0,0,0,0,0,0,0,7,0,0,False
3350,microsoft/azure-maven-plugins,5f14e611b634dacb664221196eb71149cd53e349,com/microsoft/azure/maven/webapp/handlers/SettingsHandlerImplTest.java,24,3,9,17,0.0,0,3,0,0,0,0,0,2,0,0,0,0,0,0,0,0,2,0,0,2,0,0,False
3351,microsoft/azure-maven-plugins,5f14e611b634dacb664221196eb71149cd53e349,com/microsoft/azure/maven/webapp/handlers/runtime/LinuxRuntimeHandlerImplTest.java,41,5,10,60,0.05,2,5,0,0,0,0,0,2,0,0,0,0,0,0,0,0,0,0,0,2,0,0,False
3352,microsoft/azure-maven-plugins,5f14e611b634dacb664221196eb71149cd53e349,com/microsoft/azure/maven/webapp/handlers/runtime/NullRuntimeHandlerImplTest.java,22,3,7,5,0.09,2,3,0,0,0,0,0,1,0,0,0,0,0,0,0,0,0,0,0,2,0,0,False
3353,microsoft/azure-maven-plugins,5f14e611b634dacb664221196eb71149cd53e349,com/microsoft/azure/maven/webapp/handlers/runtime/PrivateDockerHubRuntimeHandlerImplTest.java,62,5,12,80,0.0,0,5,0,0,0,0,0,2,0,0,0,0,0,0,0,0,2,0,0,2,0,0,False
3354,microsoft/azure-maven-plugins,5f14e611b634dacb664221196eb71149cd53e349,com/microsoft/azure/maven/webapp/handlers/runtime/PrivateRegistryRuntimeHandlerImplTest.java,63,5,12,81,0.0,0,5,0,0,0,0,0,2,0,0,0,0,0,0,0,0,2,0,0,2,0,0,False
3355,microsoft/azure-maven-plugins,5f14e611b634dacb664221196eb71149cd53e349,com/microsoft/azure/maven/webapp/handlers/runtime/PublicDockerHubRuntimeHandlerImplTest.java,41,5,10,64,0.0,0,5,0,0,0,0,0,2,0,0,0,0,0,0,0,0,2,0,0,2,0,0,False
3356,microsoft/azure-maven-plugins,5f14e611b634dacb664221196eb71149cd53e349,com/microsoft/azure/maven/webapp/handlers/runtime/WindowsRuntimeHandlerImplTest.java,46,5,10,68,0.04,2,5,0,0,0,0,0,2,0,0,0,0,0,0,0,0,0,0,0,2,0,0,False
3357,microsoft/azure-maven-plugins,5f14e611b634dacb664221196eb71149cd53e349,com/microsoft/azure/maven/webapp/parser/ConfigurationParserTest.java,138,21,44,39,0.18,25,5,3,0,0,0,0,3,0,0,0,0,0,0,0,0,0,0,0,3,0,0,False
3358,microsoft/azure-maven-plugins,5f14e611b634dacb664221196eb71149cd53e349,com/microsoft/azure/maven/webapp/parser/V1ConfigurationParserTest.java,120,9,23,56,0.23,27,9,8,0,0,0,0,6,0,0,0,0,0,0,0,0,0,0,0,8,0,0,False
3359,microsoft/azure-maven-plugins,5f14e611b634dacb664221196eb71149cd53e349,com/microsoft/azure/maven/webapp/parser/V2ConfigurationParserTest.java,146,10,22,68,0.19,28,10,9,0,0,0,0,6,0,0,0,0,0,0,0,1,0,0,0,9,0,0,False
3360,microsoft/azure-maven-plugins,5f14e611b634dacb664221196eb71149cd53e349,com/microsoft/azure/maven/webapp/utils/RuntimeStackUtilsTest.java,13,2,2,4,0.54,7,2,2,0,0,0,0,0,0,0,0,0,0,0,0,0,0,0,0,2,0,0,False
3361,microsoft/azure-maven-plugins,5f14e611b634dacb664221196eb71149cd53e349,com/microsoft/azure/maven/webapp/utils/TestUtils.java,52,6,20,29,0.0,0,6,0,0,0,0,0,0,0,0,0,0,0,0,0,0,0,0,0,0,0,0,False
3362,microsoft/azure-maven-plugins,5f14e611b634dacb664221196eb71149cd53e349,com/microsoft/azure/maven/webapp/WebAppUtilsTest.java,149,8,20,90,0.05,7,8,1,0,0,0,0,7,0,0,0,0,0,0,0,0,0,0,0,8,0,0,False
3363,microsoft/azure-maven-plugins,e5a7ce7754b4ee3a95ad09491883e28f8ebf39dd,com/microsoft/azure/maven/function/AddMojoTest.java,44,7,15,24,0.11,5,7,1,0,0,0,0,6,0,1,0,0,0,0,0,0,0,0,2,6,0,0,False
3364,microsoft/azure-maven-plugins,e5a7ce7754b4ee3a95ad09491883e28f8ebf39dd,com/microsoft/azure/maven/function/DeployMojoTest.java,112,15,38,87,0.21,23,15,8,0,0,0,0,12,13,0,0,0,0,0,0,2,4,0,0,13,0,0,False
3365,microsoft/azure-maven-plugins,e5a7ce7754b4ee3a95ad09491883e28f8ebf39dd,com/microsoft/azure/maven/function/ListMojoTest.java,15,2,6,12,0.0,0,2,0,0,0,0,0,1,0,0,0,0,0,0,0,0,1,0,0,1,0,0,False
3366,microsoft/azure-maven-plugins,e5a7ce7754b4ee3a95ad09491883e28f8ebf39dd,com/microsoft/azure/maven/function/PackageMojoTest.java,43,5,13,42,0.09,4,5,1,0,0,0,0,4,0,0,0,0,0,0,0,0,2,0,0,4,0,0,False
3367,microsoft/azure-maven-plugins,e5a7ce7754b4ee3a95ad09491883e28f8ebf39dd,com/microsoft/azure/maven/function/RunMojoTest.java,57,8,20,60,0.07,4,8,1,0,0,0,0,7,0,0,0,0,0,0,0,0,1,0,0,7,0,0,False
3368,microsoft/azure-maven-plugins,e5a7ce7754b4ee3a95ad09491883e28f8ebf39dd,com/microsoft/azure/maven/AbstractAppServiceMojoTest.java,17,2,3,10,0.06,1,1,0,0,0,0,0,0,0,0,0,0,1,0,0,0,0,0,0,1,0,0,False
3369,microsoft/azure-maven-plugins,e5a7ce7754b4ee3a95ad09491883e28f8ebf39dd,com/microsoft/azure/maven/AbstractAzureMojoTest.java,96,17,34,48,0.26,25,16,3,0,0,0,0,12,0,0,0,0,0,0,0,0,1,0,0,15,0,0,False
3370,microsoft/azure-maven-plugins,e5a7ce7754b4ee3a95ad09491883e28f8ebf39dd,com/microsoft/azure/maven/webapp/DeployMojoTest.java,163,20,53,126,0.15,25,14,3,0,0,0,0,11,0,0,0,0,0,0,0,0,0,0,3,11,0,0,False
3371,microsoft/azure-maven-plugins,e5a7ce7754b4ee3a95ad09491883e28f8ebf39dd,com/microsoft/azure/maven/webapp/handlers/artifact/ArtifactHandlerImplV2Test.java,105,10,27,86,0.04,4,10,1,0,0,0,1,8,0,4,0,0,0,0,0,1,2,0,5,8,0,0,False
3372,microsoft/azure-maven-plugins,e5a7ce7754b4ee3a95ad09491883e28f8ebf39dd,com/microsoft/azure/maven/webapp/handlers/artifact/JarArtifactHandlerImplTest.java,76,11,24,59,0.04,3,11,1,0,0,0,2,7,0,3,0,0,0,0,0,1,4,0,4,9,0,0,False
3373,microsoft/azure-maven-plugins,e5a7ce7754b4ee3a95ad09491883e28f8ebf39dd,com/microsoft/azure/maven/webapp/handlers/artifact/WarArtifactHandlerImplTest.java,138,12,26,111,0.08,11,12,2,0,0,0,0,8,0,8,0,0,1,0,0,1,2,0,9,10,0,0,False
3374,microsoft/azure-maven-plugins,e5a7ce7754b4ee3a95ad09491883e28f8ebf39dd,com/microsoft/azure/maven/webapp/handlers/DeploymentSlotHandlerTest.java,87,9,24,71,0.0,0,9,0,0,0,0,0,8,0,0,0,0,0,0,0,0,4,0,0,8,0,0,False
3375,microsoft/azure-maven-plugins,e5a7ce7754b4ee3a95ad09491883e28f8ebf39dd,com/microsoft/azure/maven/webapp/handlers/HandlerFactoryImplTest.java,89,8,22,54,0.16,14,8,3,0,0,0,0,7,3,0,0,0,0,0,0,0,0,0,0,7,0,0,False
3376,microsoft/azure-maven-plugins,e5a7ce7754b4ee3a95ad09491883e28f8ebf39dd,com/microsoft/azure/maven/webapp/handlers/SettingsHandlerImplTest.java,24,3,9,17,0.0,0,3,0,0,0,0,0,2,0,0,0,0,0,0,0,0,2,0,0,2,0,0,False
3377,microsoft/azure-maven-plugins,e5a7ce7754b4ee3a95ad09491883e28f8ebf39dd,com/microsoft/azure/maven/webapp/handlers/runtime/LinuxRuntimeHandlerImplTest.java,41,5,10,60,0.05,2,5,0,0,0,0,0,2,0,0,0,0,0,0,0,0,0,0,0,2,0,0,False
3378,microsoft/azure-maven-plugins,e5a7ce7754b4ee3a95ad09491883e28f8ebf39dd,com/microsoft/azure/maven/webapp/handlers/runtime/NullRuntimeHandlerImplTest.java,22,3,7,5,0.09,2,3,0,0,0,0,0,1,0,0,0,0,0,0,0,0,0,0,0,2,0,0,False
3379,microsoft/azure-maven-plugins,e5a7ce7754b4ee3a95ad09491883e28f8ebf39dd,com/microsoft/azure/maven/webapp/handlers/runtime/PrivateDockerHubRuntimeHandlerImplTest.java,62,5,12,80,0.0,0,5,0,0,0,0,0,2,0,0,0,0,0,0,0,0,2,0,0,2,0,0,False
3380,microsoft/azure-maven-plugins,e5a7ce7754b4ee3a95ad09491883e28f8ebf39dd,com/microsoft/azure/maven/webapp/handlers/runtime/PrivateRegistryRuntimeHandlerImplTest.java,63,5,12,81,0.0,0,5,0,0,0,0,0,2,0,0,0,0,0,0,0,0,2,0,0,2,0,0,False
3381,microsoft/azure-maven-plugins,e5a7ce7754b4ee3a95ad09491883e28f8ebf39dd,com/microsoft/azure/maven/webapp/handlers/runtime/PublicDockerHubRuntimeHandlerImplTest.java,41,5,10,64,0.0,0,5,0,0,0,0,0,2,0,0,0,0,0,0,0,0,2,0,0,2,0,0,False
3382,microsoft/azure-maven-plugins,e5a7ce7754b4ee3a95ad09491883e28f8ebf39dd,com/microsoft/azure/maven/webapp/handlers/runtime/WindowsRuntimeHandlerImplTest.java,46,5,10,68,0.04,2,5,0,0,0,0,0,2,0,0,0,0,0,0,0,0,0,0,0,2,0,0,False
3383,microsoft/azure-maven-plugins,e5a7ce7754b4ee3a95ad09491883e28f8ebf39dd,com/microsoft/azure/maven/webapp/parser/ConfigurationParserTest.java,138,21,44,39,0.18,25,5,3,0,0,0,0,3,0,0,0,0,0,0,0,0,0,0,0,3,0,0,False
3384,microsoft/azure-maven-plugins,e5a7ce7754b4ee3a95ad09491883e28f8ebf39dd,com/microsoft/azure/maven/webapp/parser/V1ConfigurationParserTest.java,120,9,23,56,0.23,27,9,8,0,0,0,0,6,0,0,0,0,0,0,0,0,0,0,0,8,0,0,False
3385,microsoft/azure-maven-plugins,e5a7ce7754b4ee3a95ad09491883e28f8ebf39dd,com/microsoft/azure/maven/webapp/parser/V2ConfigurationParserTest.java,146,10,22,68,0.19,28,10,9,0,0,0,0,6,0,0,0,0,0,0,0,1,0,0,0,9,0,0,False
3386,microsoft/azure-maven-plugins,e5a7ce7754b4ee3a95ad09491883e28f8ebf39dd,com/microsoft/azure/maven/webapp/utils/RuntimeStackUtilsTest.java,13,2,2,4,0.54,7,2,2,0,0,0,0,0,0,0,0,0,0,0,0,0,0,0,0,2,0,0,False
3387,microsoft/azure-maven-plugins,e5a7ce7754b4ee3a95ad09491883e28f8ebf39dd,com/microsoft/azure/maven/webapp/utils/TestUtils.java,52,6,20,29,0.0,0,6,0,0,0,0,0,0,0,0,0,0,0,0,0,0,0,0,0,0,0,0,False
3388,microsoft/azure-maven-plugins,e5a7ce7754b4ee3a95ad09491883e28f8ebf39dd,com/microsoft/azure/maven/webapp/WebAppUtilsTest.java,149,8,20,90,0.05,7,8,1,0,0,0,0,7,0,0,0,0,0,0,0,0,0,0,0,8,0,0,False
3389,microsoft/azure-maven-plugins,a3ed23889b156643af1569645fd5f15a1b1d5e0f,com/microsoft/azure/maven/function/AddMojoTest.java,44,7,15,24,0.11,5,7,1,0,0,0,0,6,0,1,0,0,0,0,0,0,0,0,2,6,0,0,False
3390,microsoft/azure-maven-plugins,a3ed23889b156643af1569645fd5f15a1b1d5e0f,com/microsoft/azure/maven/function/DeployMojoTest.java,116,15,38,91,0.2,23,15,8,0,0,0,0,12,13,0,0,0,0,0,0,2,4,0,0,13,0,0,False
3391,microsoft/azure-maven-plugins,a3ed23889b156643af1569645fd5f15a1b1d5e0f,com/microsoft/azure/maven/function/ListMojoTest.java,15,2,6,12,0.0,0,2,0,0,0,0,0,1,0,0,0,0,0,0,0,0,1,0,0,1,0,0,False
3392,microsoft/azure-maven-plugins,a3ed23889b156643af1569645fd5f15a1b1d5e0f,com/microsoft/azure/maven/function/PackageMojoTest.java,43,5,13,42,0.09,4,5,1,0,0,0,0,4,0,0,0,0,0,0,0,0,2,0,0,4,0,0,False
3393,microsoft/azure-maven-plugins,a3ed23889b156643af1569645fd5f15a1b1d5e0f,com/microsoft/azure/maven/function/RunMojoTest.java,57,8,20,60,0.07,4,8,1,0,0,0,0,7,0,0,0,0,0,0,0,0,1,0,0,7,0,0,False
3394,microsoft/azure-maven-plugins,a3ed23889b156643af1569645fd5f15a1b1d5e0f,com/microsoft/azure/maven/AbstractAppServiceMojoTest.java,17,2,3,10,0.06,1,1,0,0,0,0,0,0,0,0,0,0,1,0,0,0,0,0,0,1,0,0,False
3395,microsoft/azure-maven-plugins,a3ed23889b156643af1569645fd5f15a1b1d5e0f,com/microsoft/azure/maven/AbstractAzureMojoTest.java,96,17,34,48,0.26,25,16,3,0,0,0,0,12,0,0,0,0,0,0,0,0,1,0,0,15,0,0,False
3396,microsoft/azure-maven-plugins,a3ed23889b156643af1569645fd5f15a1b1d5e0f,com/microsoft/azure/maven/webapp/DeployMojoTest.java,163,20,53,126,0.15,25,14,3,0,0,0,0,11,0,0,0,0,0,0,0,0,0,0,3,11,0,0,False
3397,microsoft/azure-maven-plugins,a3ed23889b156643af1569645fd5f15a1b1d5e0f,com/microsoft/azure/maven/webapp/handlers/artifact/ArtifactHandlerImplV2Test.java,105,10,27,86,0.04,4,10,1,0,0,0,1,8,0,4,0,0,0,0,0,1,2,0,5,8,0,0,False
3398,microsoft/azure-maven-plugins,a3ed23889b156643af1569645fd5f15a1b1d5e0f,com/microsoft/azure/maven/webapp/handlers/artifact/JarArtifactHandlerImplTest.java,76,11,24,59,0.04,3,11,1,0,0,0,2,7,0,3,0,0,0,0,0,1,4,0,4,9,0,0,False
3399,microsoft/azure-maven-plugins,a3ed23889b156643af1569645fd5f15a1b1d5e0f,com/microsoft/azure/maven/webapp/handlers/artifact/WarArtifactHandlerImplTest.java,138,12,26,111,0.08,11,12,2,0,0,0,0,8,0,8,0,0,1,0,0,1,2,0,9,10,0,0,False
3400,microsoft/azure-maven-plugins,a3ed23889b156643af1569645fd5f15a1b1d5e0f,com/microsoft/azure/maven/webapp/handlers/DeploymentSlotHandlerTest.java,87,9,24,71,0.0,0,9,0,0,0,0,0,8,0,0,0,0,0,0,0,0,4,0,0,8,0,0,False
3401,microsoft/azure-maven-plugins,a3ed23889b156643af1569645fd5f15a1b1d5e0f,com/microsoft/azure/maven/webapp/handlers/HandlerFactoryImplTest.java,89,8,22,54,0.16,14,8,3,0,0,0,0,7,3,0,0,0,0,0,0,0,0,0,0,7,0,0,False
3402,microsoft/azure-maven-plugins,a3ed23889b156643af1569645fd5f15a1b1d5e0f,com/microsoft/azure/maven/webapp/handlers/SettingsHandlerImplTest.java,24,3,9,17,0.0,0,3,0,0,0,0,0,2,0,0,0,0,0,0,0,0,2,0,0,2,0,0,False
3403,microsoft/azure-maven-plugins,a3ed23889b156643af1569645fd5f15a1b1d5e0f,com/microsoft/azure/maven/webapp/handlers/runtime/LinuxRuntimeHandlerImplTest.java,41,5,10,60,0.05,2,5,0,0,0,0,0,2,0,0,0,0,0,0,0,0,0,0,0,2,0,0,False
3404,microsoft/azure-maven-plugins,a3ed23889b156643af1569645fd5f15a1b1d5e0f,com/microsoft/azure/maven/webapp/handlers/runtime/NullRuntimeHandlerImplTest.java,22,3,7,5,0.09,2,3,0,0,0,0,0,1,0,0,0,0,0,0,0,0,0,0,0,2,0,0,False
3405,microsoft/azure-maven-plugins,a3ed23889b156643af1569645fd5f15a1b1d5e0f,com/microsoft/azure/maven/webapp/handlers/runtime/PrivateDockerHubRuntimeHandlerImplTest.java,62,5,12,80,0.0,0,5,0,0,0,0,0,2,0,0,0,0,0,0,0,0,2,0,0,2,0,0,False
3406,microsoft/azure-maven-plugins,a3ed23889b156643af1569645fd5f15a1b1d5e0f,com/microsoft/azure/maven/webapp/handlers/runtime/PrivateRegistryRuntimeHandlerImplTest.java,63,5,12,81,0.0,0,5,0,0,0,0,0,2,0,0,0,0,0,0,0,0,2,0,0,2,0,0,False
3407,microsoft/azure-maven-plugins,a3ed23889b156643af1569645fd5f15a1b1d5e0f,com/microsoft/azure/maven/webapp/handlers/runtime/PublicDockerHubRuntimeHandlerImplTest.java,41,5,10,64,0.0,0,5,0,0,0,0,0,2,0,0,0,0,0,0,0,0,2,0,0,2,0,0,False
3408,microsoft/azure-maven-plugins,a3ed23889b156643af1569645fd5f15a1b1d5e0f,com/microsoft/azure/maven/webapp/handlers/runtime/WindowsRuntimeHandlerImplTest.java,46,5,10,68,0.04,2,5,0,0,0,0,0,2,0,0,0,0,0,0,0,0,0,0,0,2,0,0,False
3409,microsoft/azure-maven-plugins,a3ed23889b156643af1569645fd5f15a1b1d5e0f,com/microsoft/azure/maven/webapp/parser/ConfigurationParserTest.java,138,21,44,39,0.18,25,5,3,0,0,0,0,3,0,0,0,0,0,0,0,0,0,0,0,3,0,0,False
3410,microsoft/azure-maven-plugins,a3ed23889b156643af1569645fd5f15a1b1d5e0f,com/microsoft/azure/maven/webapp/parser/V1ConfigurationParserTest.java,120,9,23,56,0.23,27,9,8,0,0,0,0,6,0,0,0,0,0,0,0,0,0,0,0,8,0,0,False
3411,microsoft/azure-maven-plugins,a3ed23889b156643af1569645fd5f15a1b1d5e0f,com/microsoft/azure/maven/webapp/parser/V2ConfigurationParserTest.java,146,10,22,68,0.19,28,10,9,0,0,0,0,6,0,0,0,0,0,0,0,1,0,0,0,9,0,0,False
3412,microsoft/azure-maven-plugins,a3ed23889b156643af1569645fd5f15a1b1d5e0f,com/microsoft/azure/maven/webapp/utils/RuntimeStackUtilsTest.java,13,2,2,4,0.54,7,2,2,0,0,0,0,0,0,0,0,0,0,0,0,0,0,0,0,2,0,0,False
3413,microsoft/azure-maven-plugins,a3ed23889b156643af1569645fd5f15a1b1d5e0f,com/microsoft/azure/maven/webapp/utils/TestUtils.java,52,6,20,29,0.0,0,6,0,0,0,0,0,0,0,0,0,0,0,0,0,0,0,0,0,0,0,0,False
3414,microsoft/azure-maven-plugins,a3ed23889b156643af1569645fd5f15a1b1d5e0f,com/microsoft/azure/maven/webapp/WebAppUtilsTest.java,149,8,20,90,0.05,7,8,1,0,0,0,0,7,0,0,0,0,0,0,0,0,0,0,0,8,0,0,False
3415,microsoft/azure-maven-plugins,d290db9499f4c9fa452185bdd7f872bf1e2f8b88,com/microsoft/azure/maven/function/AddMojoTest.java,44,7,15,24,0.11,5,7,1,0,0,0,0,6,0,1,0,0,0,0,0,0,0,0,2,6,0,0,False
3416,microsoft/azure-maven-plugins,d290db9499f4c9fa452185bdd7f872bf1e2f8b88,com/microsoft/azure/maven/function/DeployMojoTest.java,116,15,38,91,0.2,23,15,8,0,0,0,0,12,13,0,0,0,0,0,0,2,4,0,0,13,0,0,False
3417,microsoft/azure-maven-plugins,d290db9499f4c9fa452185bdd7f872bf1e2f8b88,com/microsoft/azure/maven/function/ListMojoTest.java,15,2,6,12,0.0,0,2,0,0,0,0,0,1,0,0,0,0,0,0,0,0,1,0,0,1,0,0,False
3418,microsoft/azure-maven-plugins,d290db9499f4c9fa452185bdd7f872bf1e2f8b88,com/microsoft/azure/maven/function/PackageMojoTest.java,43,5,13,42,0.09,4,5,1,0,0,0,0,4,0,0,0,0,0,0,0,0,2,0,0,4,0,0,False
3419,microsoft/azure-maven-plugins,d290db9499f4c9fa452185bdd7f872bf1e2f8b88,com/microsoft/azure/maven/function/RunMojoTest.java,57,8,20,60,0.07,4,8,1,0,0,0,0,7,0,0,0,0,0,0,0,0,1,0,0,7,0,0,False
3420,microsoft/azure-maven-plugins,d290db9499f4c9fa452185bdd7f872bf1e2f8b88,com/microsoft/azure/maven/AbstractAppServiceMojoTest.java,17,2,3,10,0.06,1,1,0,0,0,0,0,0,0,0,0,0,1,0,0,0,0,0,0,1,0,0,False
3421,microsoft/azure-maven-plugins,d290db9499f4c9fa452185bdd7f872bf1e2f8b88,com/microsoft/azure/maven/AbstractAzureMojoTest.java,96,17,34,48,0.26,25,16,3,0,0,0,0,12,0,0,0,0,0,0,0,0,1,0,0,15,0,0,False
3422,microsoft/azure-maven-plugins,d290db9499f4c9fa452185bdd7f872bf1e2f8b88,com/microsoft/azure/maven/webapp/DeployMojoTest.java,163,20,53,126,0.15,25,14,3,0,0,0,0,11,0,0,0,0,0,0,0,0,0,0,3,11,0,0,False
3423,microsoft/azure-maven-plugins,d290db9499f4c9fa452185bdd7f872bf1e2f8b88,com/microsoft/azure/maven/webapp/handlers/artifact/ArtifactHandlerImplV2Test.java,105,10,27,86,0.04,4,10,1,0,0,0,1,8,0,4,0,0,0,0,0,1,2,0,5,8,0,0,False
3424,microsoft/azure-maven-plugins,d290db9499f4c9fa452185bdd7f872bf1e2f8b88,com/microsoft/azure/maven/webapp/handlers/artifact/JarArtifactHandlerImplTest.java,76,11,24,59,0.04,3,11,1,0,0,0,2,7,0,3,0,0,0,0,0,1,4,0,4,9,0,0,False
3425,microsoft/azure-maven-plugins,d290db9499f4c9fa452185bdd7f872bf1e2f8b88,com/microsoft/azure/maven/webapp/handlers/artifact/WarArtifactHandlerImplTest.java,138,12,26,111,0.08,11,12,2,0,0,0,0,8,0,8,0,0,1,0,0,1,2,0,9,10,0,0,False
3426,microsoft/azure-maven-plugins,d290db9499f4c9fa452185bdd7f872bf1e2f8b88,com/microsoft/azure/maven/webapp/handlers/DeploymentSlotHandlerTest.java,87,9,24,71,0.0,0,9,0,0,0,0,0,8,0,0,0,0,0,0,0,0,4,0,0,8,0,0,False
3427,microsoft/azure-maven-plugins,d290db9499f4c9fa452185bdd7f872bf1e2f8b88,com/microsoft/azure/maven/webapp/handlers/HandlerFactoryImplTest.java,89,8,22,54,0.16,14,8,3,0,0,0,0,7,3,0,0,0,0,0,0,0,0,0,0,7,0,0,False
3428,microsoft/azure-maven-plugins,d290db9499f4c9fa452185bdd7f872bf1e2f8b88,com/microsoft/azure/maven/webapp/handlers/SettingsHandlerImplTest.java,24,3,9,17,0.0,0,3,0,0,0,0,0,2,0,0,0,0,0,0,0,0,2,0,0,2,0,0,False
3429,microsoft/azure-maven-plugins,d290db9499f4c9fa452185bdd7f872bf1e2f8b88,com/microsoft/azure/maven/webapp/handlers/runtime/LinuxRuntimeHandlerImplTest.java,41,5,10,60,0.05,2,5,0,0,0,0,0,2,0,0,0,0,0,0,0,0,0,0,0,2,0,0,False
3430,microsoft/azure-maven-plugins,d290db9499f4c9fa452185bdd7f872bf1e2f8b88,com/microsoft/azure/maven/webapp/handlers/runtime/NullRuntimeHandlerImplTest.java,22,3,7,5,0.09,2,3,0,0,0,0,0,1,0,0,0,0,0,0,0,0,0,0,0,2,0,0,False
3431,microsoft/azure-maven-plugins,d290db9499f4c9fa452185bdd7f872bf1e2f8b88,com/microsoft/azure/maven/webapp/handlers/runtime/PrivateDockerHubRuntimeHandlerImplTest.java,62,5,12,80,0.0,0,5,0,0,0,0,0,2,0,0,0,0,0,0,0,0,2,0,0,2,0,0,False
3432,microsoft/azure-maven-plugins,d290db9499f4c9fa452185bdd7f872bf1e2f8b88,com/microsoft/azure/maven/webapp/handlers/runtime/PrivateRegistryRuntimeHandlerImplTest.java,63,5,12,81,0.0,0,5,0,0,0,0,0,2,0,0,0,0,0,0,0,0,2,0,0,2,0,0,False
3433,microsoft/azure-maven-plugins,d290db9499f4c9fa452185bdd7f872bf1e2f8b88,com/microsoft/azure/maven/webapp/handlers/runtime/PublicDockerHubRuntimeHandlerImplTest.java,41,5,10,64,0.0,0,5,0,0,0,0,0,2,0,0,0,0,0,0,0,0,2,0,0,2,0,0,False
3434,microsoft/azure-maven-plugins,d290db9499f4c9fa452185bdd7f872bf1e2f8b88,com/microsoft/azure/maven/webapp/handlers/runtime/WindowsRuntimeHandlerImplTest.java,46,5,10,68,0.04,2,5,0,0,0,0,0,2,0,0,0,0,0,0,0,0,0,0,0,2,0,0,False
3435,microsoft/azure-maven-plugins,d290db9499f4c9fa452185bdd7f872bf1e2f8b88,com/microsoft/azure/maven/webapp/parser/ConfigurationParserTest.java,138,21,44,39,0.18,25,5,3,0,0,0,0,3,0,0,0,0,0,0,0,0,0,0,0,3,0,0,False
3436,microsoft/azure-maven-plugins,d290db9499f4c9fa452185bdd7f872bf1e2f8b88,com/microsoft/azure/maven/webapp/parser/V1ConfigurationParserTest.java,122,9,23,56,0.23,28,9,8,0,0,0,0,6,0,0,0,0,0,0,0,0,0,0,0,8,0,0,False
3437,microsoft/azure-maven-plugins,d290db9499f4c9fa452185bdd7f872bf1e2f8b88,com/microsoft/azure/maven/webapp/parser/V2ConfigurationParserTest.java,146,10,22,68,0.19,28,10,9,0,0,0,0,6,0,0,0,0,0,0,0,1,0,0,0,9,0,0,False
3438,microsoft/azure-maven-plugins,d290db9499f4c9fa452185bdd7f872bf1e2f8b88,com/microsoft/azure/maven/webapp/utils/RuntimeStackUtilsTest.java,13,2,2,4,0.54,7,2,2,0,0,0,0,0,0,0,0,0,0,0,0,0,0,0,0,2,0,0,False
3439,microsoft/azure-maven-plugins,d290db9499f4c9fa452185bdd7f872bf1e2f8b88,com/microsoft/azure/maven/webapp/utils/TestUtils.java,52,6,20,29,0.0,0,6,0,0,0,0,0,0,0,0,0,0,0,0,0,0,0,0,0,0,0,0,False
3440,microsoft/azure-maven-plugins,d290db9499f4c9fa452185bdd7f872bf1e2f8b88,com/microsoft/azure/maven/webapp/WebAppUtilsTest.java,149,8,20,90,0.05,7,8,1,0,0,0,0,7,0,0,0,0,0,0,0,0,0,0,0,8,0,0,False
3441,microsoft/azure-maven-plugins,1d1aff144fc7d4c68a86522916bf9cdb341e433b,com/microsoft/azure/maven/function/AddMojoTest.java,44,7,15,24,0.11,5,7,1,0,0,0,0,6,0,1,0,0,0,0,0,0,0,0,2,6,0,0,False
3442,microsoft/azure-maven-plugins,1d1aff144fc7d4c68a86522916bf9cdb341e433b,com/microsoft/azure/maven/function/DeployMojoTest.java,132,17,42,110,0.18,24,17,8,0,0,0,0,13,14,0,0,0,0,0,0,2,4,0,0,14,0,0,False
3443,microsoft/azure-maven-plugins,1d1aff144fc7d4c68a86522916bf9cdb341e433b,com/microsoft/azure/maven/function/ListMojoTest.java,22,2,6,14,0.05,1,2,0,0,0,0,0,1,0,0,0,0,0,0,0,0,1,0,0,1,0,0,False
3444,microsoft/azure-maven-plugins,1d1aff144fc7d4c68a86522916bf9cdb341e433b,com/microsoft/azure/maven/function/PackageMojoTest.java,42,5,13,40,0.1,4,5,1,0,0,0,0,4,0,0,0,0,0,0,0,0,2,0,0,4,0,0,False
3445,microsoft/azure-maven-plugins,1d1aff144fc7d4c68a86522916bf9cdb341e433b,com/microsoft/azure/maven/function/RunMojoTest.java,57,8,20,60,0.07,4,8,1,0,0,0,0,7,0,0,0,0,0,0,0,0,1,0,0,7,0,0,False
3446,microsoft/azure-maven-plugins,1d1aff144fc7d4c68a86522916bf9cdb341e433b,com/microsoft/azure/maven/function/handlers/AnnotationHandlerImplTest.java,90,7,17,13,0.03,3,7,2,0,0,0,0,2,0,0,0,0,0,0,0,0,0,0,0,2,0,0,False
3447,microsoft/azure-maven-plugins,1d1aff144fc7d4c68a86522916bf9cdb341e433b,com/microsoft/azure/maven/function/handlers/CommandHandlerImplTest.java,20,3,4,14,0.15,3,3,1,0,0,0,0,1,0,0,0,0,0,0,0,0,0,0,0,3,0,0,False
3448,microsoft/azure-maven-plugins,1d1aff144fc7d4c68a86522916bf9cdb341e433b,com/microsoft/azure/maven/function/handlers/FunctionCoreToolsHandlerImplTest.java,76,7,18,83,0.03,2,7,0,0,0,0,0,6,0,0,0,0,0,0,0,0,3,0,0,7,0,0,False
3449,microsoft/azure-maven-plugins,1d1aff144fc7d4c68a86522916bf9cdb341e433b,com/microsoft/azure/maven/function/handlers/artifact/FunctionArtifactHelperTest.java,79,5,15,41,0.05,4,5,0,0,0,0,0,5,0,0,0,0,0,0,0,0,1,0,0,5,0,0,False
3450,microsoft/azure-maven-plugins,1d1aff144fc7d4c68a86522916bf9cdb341e433b,com/microsoft/azure/maven/function/handlers/artifact/MSDeployArtifactHandlerImplTest.java,91,7,16,82,0.02,2,7,0,0,0,0,0,5,0,3,0,0,0,0,0,0,3,0,2,5,0,0,False
3451,microsoft/azure-maven-plugins,1d1aff144fc7d4c68a86522916bf9cdb341e433b,com/microsoft/azure/maven/function/utils/CommandUtilsTest.java,12,3,4,9,0.33,4,3,1,0,0,0,0,1,0,0,0,0,0,0,0,0,0,0,0,3,0,0,False
3452,microsoft/azure-maven-plugins,1d1aff144fc7d4c68a86522916bf9cdb341e433b,com/microsoft/azure/maven/AbstractAppServiceMojoTest.java,17,2,3,10,0.06,1,1,0,0,0,0,0,0,0,0,0,0,1,0,0,0,0,0,0,1,0,0,False
3453,microsoft/azure-maven-plugins,1d1aff144fc7d4c68a86522916bf9cdb341e433b,com/microsoft/azure/maven/AbstractAzureMojoTest.java,113,19,38,59,0.27,30,18,4,0,0,0,0,14,0,0,0,0,0,0,0,0,2,0,1,17,0,0,False
3454,microsoft/azure-maven-plugins,1d1aff144fc7d4c68a86522916bf9cdb341e433b,com/microsoft/azure/maven/FTPUploaderTest.java,49,4,11,23,0.04,2,4,0,0,0,0,0,3,0,0,0,0,0,0,0,0,1,0,0,3,0,0,False
3455,microsoft/azure-maven-plugins,1d1aff144fc7d4c68a86522916bf9cdb341e433b,com/microsoft/azure/maven/UtilsTest.java,44,4,8,27,0.18,8,4,2,0,0,0,0,1,0,0,0,0,0,0,0,1,1,0,0,3,0,0,False
3456,microsoft/azure-maven-plugins,1d1aff144fc7d4c68a86522916bf9cdb341e433b,com/microsoft/azure/maven/handlers/artifact/ArtifactHandlerBaseTest.java,51,8,18,40,0.0,0,5,0,0,0,0,0,4,0,0,0,0,0,0,0,0,1,0,0,4,0,0,False
3457,microsoft/azure-maven-plugins,1d1aff144fc7d4c68a86522916bf9cdb341e433b,com/microsoft/azure/maven/handlers/artifact/FTPArtifactHandlerImplTest.java,96,7,16,75,0.03,3,7,1,0,0,0,0,4,0,0,0,0,0,0,0,1,4,0,0,5,0,0,False
3458,microsoft/azure-maven-plugins,1d1aff144fc7d4c68a86522916bf9cdb341e433b,com/microsoft/azure/maven/handlers/artifact/ZIPArtifactHandlerImplTest.java,73,7,14,55,0.04,3,7,0,0,0,0,0,3,0,3,0,0,0,0,0,0,1,0,3,5,0,0,False
3459,microsoft/azure-maven-plugins,1d1aff144fc7d4c68a86522916bf9cdb341e433b,com/microsoft/azure/maven/webapp/DeployMojoTest.java,147,22,57,104,0.18,26,16,3,0,0,0,0,12,0,0,0,0,0,0,0,0,0,0,0,12,0,0,False
3460,microsoft/azure-maven-plugins,1d1aff144fc7d4c68a86522916bf9cdb341e433b,com/microsoft/azure/maven/webapp/handlers/artifact/ArtifactHandlerImplV2Test.java,171,11,30,147,0.02,4,11,1,0,0,0,0,8,0,4,0,0,0,0,0,1,3,0,6,9,0,0,False
3461,microsoft/azure-maven-plugins,1d1aff144fc7d4c68a86522916bf9cdb341e433b,com/microsoft/azure/maven/webapp/handlers/artifact/JarArtifactHandlerImplTest.java,70,11,23,54,0.04,3,11,1,0,0,0,2,7,0,3,0,0,0,0,0,1,4,0,4,9,0,0,False
3462,microsoft/azure-maven-plugins,1d1aff144fc7d4c68a86522916bf9cdb341e433b,com/microsoft/azure/maven/webapp/handlers/artifact/WarArtifactHandlerImplTest.java,149,12,26,121,0.07,11,12,2,0,0,0,0,8,0,8,0,0,1,0,0,1,2,0,9,10,0,0,False
3463,microsoft/azure-maven-plugins,1d1aff144fc7d4c68a86522916bf9cdb341e433b,com/microsoft/azure/maven/webapp/handlers/DeploymentSlotHandlerTest.java,93,9,24,74,0.0,0,9,0,0,0,0,0,8,0,0,0,0,0,0,0,0,4,0,0,8,0,0,False
3464,microsoft/azure-maven-plugins,1d1aff144fc7d4c68a86522916bf9cdb341e433b,com/microsoft/azure/maven/webapp/handlers/HandlerFactoryImplTest.java,92,8,21,57,0.15,14,8,3,0,0,0,0,7,0,0,0,0,0,0,0,0,0,0,0,7,0,0,False
3465,microsoft/azure-maven-plugins,1d1aff144fc7d4c68a86522916bf9cdb341e433b,com/microsoft/azure/maven/webapp/handlers/SettingsHandlerImplTest.java,24,3,9,17,0.0,0,3,0,0,0,0,0,2,0,0,0,0,0,0,0,0,2,0,0,2,0,0,False
3466,microsoft/azure-maven-plugins,1d1aff144fc7d4c68a86522916bf9cdb341e433b,com/microsoft/azure/maven/webapp/handlers/runtime/LinuxRuntimeHandlerImplTest.java,42,5,10,62,0.05,2,5,0,0,0,0,0,2,0,0,0,0,0,0,0,0,0,0,0,2,0,0,False
3467,microsoft/azure-maven-plugins,1d1aff144fc7d4c68a86522916bf9cdb341e433b,com/microsoft/azure/maven/webapp/handlers/runtime/NullRuntimeHandlerImplTest.java,22,3,7,5,0.09,2,3,0,0,0,0,0,1,0,0,0,0,0,0,0,0,0,0,0,2,0,0,False
3468,microsoft/azure-maven-plugins,1d1aff144fc7d4c68a86522916bf9cdb341e433b,com/microsoft/azure/maven/webapp/handlers/runtime/PrivateDockerHubRuntimeHandlerImplTest.java,57,5,10,82,0.0,0,5,0,0,0,0,0,2,0,0,0,0,0,0,0,0,2,0,0,2,0,0,False
3469,microsoft/azure-maven-plugins,1d1aff144fc7d4c68a86522916bf9cdb341e433b,com/microsoft/azure/maven/webapp/handlers/runtime/PrivateRegistryRuntimeHandlerImplTest.java,58,5,10,83,0.0,0,5,0,0,0,0,0,2,0,0,0,0,0,0,0,0,2,0,0,2,0,0,False
3470,microsoft/azure-maven-plugins,1d1aff144fc7d4c68a86522916bf9cdb341e433b,com/microsoft/azure/maven/webapp/handlers/runtime/PublicDockerHubRuntimeHandlerImplTest.java,42,5,10,70,0.0,0,5,0,0,0,0,0,2,0,0,0,0,0,0,0,0,2,0,0,2,0,0,False
3471,microsoft/azure-maven-plugins,1d1aff144fc7d4c68a86522916bf9cdb341e433b,com/microsoft/azure/maven/webapp/handlers/runtime/WindowsRuntimeHandlerImplTest.java,47,5,10,70,0.04,2,5,0,0,0,0,0,2,0,0,0,0,0,0,0,0,0,0,0,2,0,0,False
3472,microsoft/azure-maven-plugins,1d1aff144fc7d4c68a86522916bf9cdb341e433b,com/microsoft/azure/maven/webapp/parser/ConfigurationParserTest.java,138,21,44,39,0.18,25,5,3,0,0,0,0,3,0,0,0,0,0,0,0,0,0,0,0,3,0,0,False
3473,microsoft/azure-maven-plugins,1d1aff144fc7d4c68a86522916bf9cdb341e433b,com/microsoft/azure/maven/webapp/parser/V1ConfigurationParserTest.java,122,9,23,56,0.23,28,9,8,0,0,0,0,6,0,0,0,0,0,0,0,0,0,0,0,8,0,0,False
3474,microsoft/azure-maven-plugins,1d1aff144fc7d4c68a86522916bf9cdb341e433b,com/microsoft/azure/maven/webapp/parser/V2ConfigurationParserTest.java,146,10,22,68,0.19,28,10,9,0,0,0,0,6,0,0,0,0,0,0,0,1,0,0,0,9,0,0,False
3475,microsoft/azure-maven-plugins,1d1aff144fc7d4c68a86522916bf9cdb341e433b,com/microsoft/azure/maven/webapp/utils/RuntimeStackUtilsTest.java,13,2,2,4,0.54,7,2,2,0,0,0,0,0,0,0,0,0,0,0,0,0,0,0,0,2,0,0,False
3476,microsoft/azure-maven-plugins,1d1aff144fc7d4c68a86522916bf9cdb341e433b,com/microsoft/azure/maven/webapp/utils/TestUtils.java,32,4,13,11,0.0,0,4,0,0,0,0,0,0,0,0,0,0,0,0,0,0,0,0,0,0,0,0,False
3477,microsoft/azure-maven-plugins,1d1aff144fc7d4c68a86522916bf9cdb341e433b,com/microsoft/azure/maven/webapp/WebAppUtilsTest.java,151,8,20,92,0.05,7,8,1,0,0,0,0,7,0,0,0,0,0,0,0,0,0,0,0,8,0,0,False
3478,microsoft/azure-maven-plugins,a29188733fe137cf4356f55d74387b0eff6580c4,com/microsoft/azure/maven/function/AddMojoTest.java,44,7,15,24,0.11,5,7,1,0,0,0,0,6,0,1,0,0,0,0,0,0,0,0,2,6,0,0,False
3479,microsoft/azure-maven-plugins,a29188733fe137cf4356f55d74387b0eff6580c4,com/microsoft/azure/maven/function/DeployMojoTest.java,178,20,52,161,0.1,18,20,6,0,0,0,0,17,17,0,0,0,0,0,0,0,7,0,0,17,0,0,False
3480,microsoft/azure-maven-plugins,a29188733fe137cf4356f55d74387b0eff6580c4,com/microsoft/azure/maven/function/ListMojoTest.java,22,2,6,14,0.05,1,2,0,0,0,0,0,1,0,0,0,0,0,0,0,0,1,0,0,1,0,0,False
3481,microsoft/azure-maven-plugins,a29188733fe137cf4356f55d74387b0eff6580c4,com/microsoft/azure/maven/function/PackageMojoTest.java,42,5,13,42,0.1,4,5,1,0,0,0,0,4,0,0,0,0,1,0,0,0,2,0,0,4,0,0,False
3482,microsoft/azure-maven-plugins,a29188733fe137cf4356f55d74387b0eff6580c4,com/microsoft/azure/maven/function/RunMojoTest.java,57,8,20,60,0.07,4,8,1,0,0,0,0,7,0,0,0,0,0,0,0,0,1,0,0,7,0,0,False
3483,microsoft/azure-maven-plugins,a29188733fe137cf4356f55d74387b0eff6580c4,com/microsoft/azure/maven/function/handlers/AnnotationHandlerImplTest.java,90,7,17,13,0.03,3,7,2,0,0,0,0,2,0,0,0,0,0,0,0,0,0,0,0,2,0,0,False
3484,microsoft/azure-maven-plugins,a29188733fe137cf4356f55d74387b0eff6580c4,com/microsoft/azure/maven/function/handlers/CommandHandlerImplTest.java,20,3,4,14,0.15,3,3,1,0,0,0,0,1,0,0,0,0,0,0,0,0,0,0,0,3,0,0,False
3485,microsoft/azure-maven-plugins,a29188733fe137cf4356f55d74387b0eff6580c4,com/microsoft/azure/maven/function/handlers/FunctionCoreToolsHandlerImplTest.java,76,7,18,83,0.03,2,7,0,0,0,0,0,6,0,0,0,0,0,0,0,0,3,0,0,7,0,0,False
3486,microsoft/azure-maven-plugins,a29188733fe137cf4356f55d74387b0eff6580c4,com/microsoft/azure/maven/function/handlers/MSDeployArtifactHandlerImplTest.java,122,9,21,101,0.03,4,9,0,0,0,0,0,7,0,3,0,0,0,0,0,0,3,0,2,7,0,0,False
3487,microsoft/azure-maven-plugins,a29188733fe137cf4356f55d74387b0eff6580c4,com/microsoft/azure/maven/function/utils/CommandUtilsTest.java,12,3,4,9,0.33,4,3,1,0,0,0,0,1,0,0,0,0,0,0,0,0,0,0,0,3,0,0,False
3488,microsoft/azure-maven-plugins,a29188733fe137cf4356f55d74387b0eff6580c4,com/microsoft/azure/maven/AbstractAppServiceMojoTest.java,17,2,3,10,0.06,1,1,0,0,0,0,0,0,0,0,0,0,1,0,0,0,0,0,0,1,0,0,False
3489,microsoft/azure-maven-plugins,a29188733fe137cf4356f55d74387b0eff6580c4,com/microsoft/azure/maven/AbstractAzureMojoTest.java,113,19,38,59,0.27,30,18,4,0,0,0,0,14,0,0,0,0,0,0,0,0,2,0,1,17,0,0,False
3490,microsoft/azure-maven-plugins,a29188733fe137cf4356f55d74387b0eff6580c4,com/microsoft/azure/maven/FTPUploaderTest.java,49,4,11,23,0.04,2,4,0,0,0,0,0,3,0,0,0,0,0,0,0,0,1,0,0,3,0,0,False
3491,microsoft/azure-maven-plugins,a29188733fe137cf4356f55d74387b0eff6580c4,com/microsoft/azure/maven/UtilsTest.java,44,4,8,27,0.18,8,4,2,0,0,0,0,1,0,0,0,0,0,0,0,1,1,0,0,3,0,0,False
3492,microsoft/azure-maven-plugins,a29188733fe137cf4356f55d74387b0eff6580c4,com/microsoft/azure/maven/artifacthandler/ArtifactHandlerBaseTest.java,51,8,18,40,0.0,0,5,0,0,0,0,0,4,0,0,0,0,0,0,0,0,1,0,0,4,0,0,False
3493,microsoft/azure-maven-plugins,a29188733fe137cf4356f55d74387b0eff6580c4,com/microsoft/azure/maven/artifacthandler/FTPArtifactHandlerImplTest.java,96,7,16,75,0.03,3,7,1,0,0,0,0,4,0,0,0,0,0,0,0,1,4,0,0,5,0,0,False
3494,microsoft/azure-maven-plugins,a29188733fe137cf4356f55d74387b0eff6580c4,com/microsoft/azure/maven/artifacthandler/ZIPArtifactHandlerImplTest.java,73,7,14,55,0.04,3,7,0,0,0,0,0,3,0,3,0,0,0,0,0,0,1,0,3,5,0,0,False
3495,microsoft/azure-maven-plugins,a29188733fe137cf4356f55d74387b0eff6580c4,com/microsoft/azure/maven/webapp/DeployMojoTest.java,147,22,57,104,0.18,26,16,3,0,0,0,0,12,0,0,0,0,0,0,0,0,0,0,0,12,0,0,False
3496,microsoft/azure-maven-plugins,a29188733fe137cf4356f55d74387b0eff6580c4,com/microsoft/azure/maven/webapp/handlers/artifact/ArtifactHandlerImplV2Test.java,171,11,30,147,0.02,4,11,1,0,0,0,0,8,0,4,0,0,0,0,0,1,3,0,6,9,0,0,False
3497,microsoft/azure-maven-plugins,a29188733fe137cf4356f55d74387b0eff6580c4,com/microsoft/azure/maven/webapp/handlers/artifact/JarArtifactHandlerImplTest.java,70,11,23,54,0.04,3,11,1,0,0,0,2,7,0,3,0,0,0,0,0,1,4,0,4,9,0,0,False
3498,microsoft/azure-maven-plugins,a29188733fe137cf4356f55d74387b0eff6580c4,com/microsoft/azure/maven/webapp/handlers/artifact/WarArtifactHandlerImplTest.java,149,12,26,121,0.07,11,12,2,0,0,0,0,8,0,8,0,0,1,0,0,1,2,0,9,10,0,0,False
3499,microsoft/azure-maven-plugins,a29188733fe137cf4356f55d74387b0eff6580c4,com/microsoft/azure/maven/webapp/handlers/DeploymentSlotHandlerTest.java,93,9,24,74,0.0,0,9,0,0,0,0,0,8,0,0,0,0,0,0,0,0,4,0,0,8,0,0,False
3500,microsoft/azure-maven-plugins,a29188733fe137cf4356f55d74387b0eff6580c4,com/microsoft/azure/maven/webapp/handlers/HandlerFactoryImplTest.java,92,8,21,57,0.15,14,8,3,0,0,0,0,7,0,0,0,0,0,0,0,0,0,0,0,7,0,0,False
3501,microsoft/azure-maven-plugins,a29188733fe137cf4356f55d74387b0eff6580c4,com/microsoft/azure/maven/webapp/handlers/SettingsHandlerImplTest.java,24,3,9,17,0.0,0,3,0,0,0,0,0,2,0,0,0,0,0,0,0,0,2,0,0,2,0,0,False
3502,microsoft/azure-maven-plugins,a29188733fe137cf4356f55d74387b0eff6580c4,com/microsoft/azure/maven/webapp/handlers/runtime/LinuxRuntimeHandlerImplTest.java,42,5,10,62,0.05,2,5,0,0,0,0,0,2,0,0,0,0,0,0,0,0,0,0,0,2,0,0,False
3503,microsoft/azure-maven-plugins,a29188733fe137cf4356f55d74387b0eff6580c4,com/microsoft/azure/maven/webapp/handlers/runtime/NullRuntimeHandlerImplTest.java,22,3,7,5,0.09,2,3,0,0,0,0,0,1,0,0,0,0,0,0,0,0,0,0,0,2,0,0,False
3504,microsoft/azure-maven-plugins,a29188733fe137cf4356f55d74387b0eff6580c4,com/microsoft/azure/maven/webapp/handlers/runtime/PrivateDockerHubRuntimeHandlerImplTest.java,57,5,10,82,0.0,0,5,0,0,0,0,0,2,0,0,0,0,0,0,0,0,2,0,0,2,0,0,False
3505,microsoft/azure-maven-plugins,a29188733fe137cf4356f55d74387b0eff6580c4,com/microsoft/azure/maven/webapp/handlers/runtime/PrivateRegistryRuntimeHandlerImplTest.java,58,5,10,83,0.0,0,5,0,0,0,0,0,2,0,0,0,0,0,0,0,0,2,0,0,2,0,0,False
3506,microsoft/azure-maven-plugins,a29188733fe137cf4356f55d74387b0eff6580c4,com/microsoft/azure/maven/webapp/handlers/runtime/PublicDockerHubRuntimeHandlerImplTest.java,42,5,10,70,0.0,0,5,0,0,0,0,0,2,0,0,0,0,0,0,0,0,2,0,0,2,0,0,False
3507,microsoft/azure-maven-plugins,a29188733fe137cf4356f55d74387b0eff6580c4,com/microsoft/azure/maven/webapp/handlers/runtime/WindowsRuntimeHandlerImplTest.java,47,5,10,70,0.04,2,5,0,0,0,0,0,2,0,0,0,0,0,0,0,0,0,0,0,2,0,0,False
3508,microsoft/azure-maven-plugins,a29188733fe137cf4356f55d74387b0eff6580c4,com/microsoft/azure/maven/webapp/parser/ConfigurationParserTest.java,138,21,44,39,0.18,25,5,3,0,0,0,0,3,0,0,0,0,0,0,0,0,0,0,0,3,0,0,False
3509,microsoft/azure-maven-plugins,a29188733fe137cf4356f55d74387b0eff6580c4,com/microsoft/azure/maven/webapp/parser/V1ConfigurationParserTest.java,122,9,23,56,0.23,28,9,8,0,0,0,0,6,0,0,0,0,0,0,0,0,0,0,0,8,0,0,False
3510,microsoft/azure-maven-plugins,a29188733fe137cf4356f55d74387b0eff6580c4,com/microsoft/azure/maven/webapp/parser/V2ConfigurationParserTest.java,146,10,22,68,0.19,28,10,9,0,0,0,0,6,0,0,0,0,0,0,0,1,0,0,0,9,0,0,False
3511,microsoft/azure-maven-plugins,a29188733fe137cf4356f55d74387b0eff6580c4,com/microsoft/azure/maven/webapp/utils/RuntimeStackUtilsTest.java,13,2,2,4,0.54,7,2,2,0,0,0,0,0,0,0,0,0,0,0,0,0,0,0,0,2,0,0,False
3512,microsoft/azure-maven-plugins,a29188733fe137cf4356f55d74387b0eff6580c4,com/microsoft/azure/maven/webapp/utils/TestUtils.java,32,4,13,11,0.0,0,4,0,0,0,0,0,0,0,0,0,0,0,0,0,0,0,0,0,0,0,0,False
3513,microsoft/azure-maven-plugins,a29188733fe137cf4356f55d74387b0eff6580c4,com/microsoft/azure/maven/webapp/WebAppUtilsTest.java,151,8,20,92,0.05,7,8,1,0,0,0,0,7,0,0,0,0,0,0,0,0,0,0,0,8,0,0,False
3514,microsoft/azure-maven-plugins,ddb4d169acaed9797616c53b9d6431d6482b5a25,com/microsoft/azure/maven/function/AddMojoTest.java,44,7,15,24,0.11,5,7,1,0,0,0,0,6,0,1,0,0,0,0,0,0,0,0,2,6,0,0,False
3515,microsoft/azure-maven-plugins,ddb4d169acaed9797616c53b9d6431d6482b5a25,com/microsoft/azure/maven/function/DeployMojoTest.java,166,18,48,154,0.08,13,18,4,0,0,0,0,15,15,0,0,0,0,0,0,0,7,0,0,15,0,0,False
3516,microsoft/azure-maven-plugins,ddb4d169acaed9797616c53b9d6431d6482b5a25,com/microsoft/azure/maven/function/ListMojoTest.java,22,2,6,14,0.05,1,2,0,0,0,0,0,1,0,0,0,0,0,0,0,0,1,0,0,1,0,0,False
3517,microsoft/azure-maven-plugins,ddb4d169acaed9797616c53b9d6431d6482b5a25,com/microsoft/azure/maven/function/PackageMojoTest.java,42,5,13,42,0.1,4,5,1,0,0,0,0,4,0,0,0,0,1,0,0,0,2,0,0,4,0,0,False
3518,microsoft/azure-maven-plugins,ddb4d169acaed9797616c53b9d6431d6482b5a25,com/microsoft/azure/maven/function/RunMojoTest.java,57,8,20,60,0.07,4,8,1,0,0,0,0,7,0,0,0,0,0,0,0,0,1,0,0,7,0,0,False
3519,microsoft/azure-maven-plugins,ddb4d169acaed9797616c53b9d6431d6482b5a25,com/microsoft/azure/maven/function/handlers/AnnotationHandlerImplTest.java,90,7,17,13,0.03,3,7,2,0,0,0,0,2,0,0,0,0,0,0,0,0,0,0,0,2,0,0,False
3520,microsoft/azure-maven-plugins,ddb4d169acaed9797616c53b9d6431d6482b5a25,com/microsoft/azure/maven/function/handlers/CommandHandlerImplTest.java,20,3,4,14,0.15,3,3,1,0,0,0,0,1,0,0,0,0,0,0,0,0,0,0,0,3,0,0,False
3521,microsoft/azure-maven-plugins,ddb4d169acaed9797616c53b9d6431d6482b5a25,com/microsoft/azure/maven/function/handlers/FunctionCoreToolsHandlerImplTest.java,76,7,18,83,0.03,2,7,0,0,0,0,0,6,0,0,0,0,0,0,0,0,3,0,0,7,0,0,False
3522,microsoft/azure-maven-plugins,ddb4d169acaed9797616c53b9d6431d6482b5a25,com/microsoft/azure/maven/function/handlers/MSDeployArtifactHandlerImplTest.java,122,9,21,101,0.03,4,9,0,0,0,0,0,7,0,3,0,0,0,0,0,0,3,0,2,7,0,0,False
3523,microsoft/azure-maven-plugins,ddb4d169acaed9797616c53b9d6431d6482b5a25,com/microsoft/azure/maven/function/utils/CommandUtilsTest.java,12,3,4,9,0.33,4,3,1,0,0,0,0,1,0,0,0,0,0,0,0,0,0,0,0,3,0,0,False
3524,microsoft/azure-maven-plugins,ddb4d169acaed9797616c53b9d6431d6482b5a25,com/microsoft/azure/maven/AbstractAppServiceMojoTest.java,17,2,3,10,0.06,1,1,0,0,0,0,0,0,0,0,0,0,1,0,0,0,0,0,0,1,0,0,False
3525,microsoft/azure-maven-plugins,ddb4d169acaed9797616c53b9d6431d6482b5a25,com/microsoft/azure/maven/AbstractAzureMojoTest.java,113,19,38,59,0.27,30,18,4,0,0,0,0,14,0,0,0,0,0,0,0,0,2,0,1,17,0,0,False
3526,microsoft/azure-maven-plugins,ddb4d169acaed9797616c53b9d6431d6482b5a25,com/microsoft/azure/maven/FTPUploaderTest.java,49,4,11,23,0.04,2,4,0,0,0,0,0,3,0,0,0,0,0,0,0,0,1,0,0,3,0,0,False
3527,microsoft/azure-maven-plugins,ddb4d169acaed9797616c53b9d6431d6482b5a25,com/microsoft/azure/maven/UtilsTest.java,44,4,8,27,0.18,8,4,2,0,0,0,0,1,0,0,0,0,0,0,0,1,1,0,0,3,0,0,False
3528,microsoft/azure-maven-plugins,ddb4d169acaed9797616c53b9d6431d6482b5a25,com/microsoft/azure/maven/artifacthandler/ArtifactHandlerBaseTest.java,51,8,18,40,0.0,0,5,0,0,0,0,0,4,0,0,0,0,0,0,0,0,1,0,0,4,0,0,False
3529,microsoft/azure-maven-plugins,ddb4d169acaed9797616c53b9d6431d6482b5a25,com/microsoft/azure/maven/artifacthandler/FTPArtifactHandlerImplTest.java,96,7,16,75,0.03,3,7,1,0,0,0,0,4,0,0,0,0,0,0,0,1,4,0,0,5,0,0,False
3530,microsoft/azure-maven-plugins,ddb4d169acaed9797616c53b9d6431d6482b5a25,com/microsoft/azure/maven/artifacthandler/ZIPArtifactHandlerImplTest.java,73,7,14,55,0.04,3,7,0,0,0,0,0,3,0,3,0,0,0,0,0,0,1,0,3,5,0,0,False
3531,microsoft/azure-maven-plugins,ddb4d169acaed9797616c53b9d6431d6482b5a25,com/microsoft/azure/maven/auth/AzureAuthHelperTest.java,196,13,27,123,0.16,31,13,5,0,0,0,0,4,0,0,0,0,0,0,0,3,1,0,0,12,0,0,False
3532,microsoft/azure-maven-plugins,ddb4d169acaed9797616c53b9d6431d6482b5a25,com/microsoft/azure/maven/webapp/DeployMojoTest.java,147,22,57,104,0.18,26,16,3,0,0,0,0,12,0,0,0,0,0,0,0,0,0,0,0,12,0,0,False
3533,microsoft/azure-maven-plugins,ddb4d169acaed9797616c53b9d6431d6482b5a25,com/microsoft/azure/maven/webapp/handlers/artifact/ArtifactHandlerImplV2Test.java,147,10,28,122,0.0,0,10,0,0,0,0,0,8,0,4,0,0,0,0,0,0,3,0,6,8,0,0,False
3534,microsoft/azure-maven-plugins,ddb4d169acaed9797616c53b9d6431d6482b5a25,com/microsoft/azure/maven/webapp/handlers/artifact/JarArtifactHandlerImplTest.java,70,11,23,54,0.04,3,11,1,0,0,0,2,7,0,3,0,0,0,0,0,1,4,0,4,9,0,0,False
3535,microsoft/azure-maven-plugins,ddb4d169acaed9797616c53b9d6431d6482b5a25,com/microsoft/azure/maven/webapp/handlers/artifact/WarArtifactHandlerImplTest.java,149,12,26,121,0.07,11,12,2,0,0,0,0,8,0,8,0,0,1,0,0,1,2,0,9,10,0,0,False
3536,microsoft/azure-maven-plugins,ddb4d169acaed9797616c53b9d6431d6482b5a25,com/microsoft/azure/maven/webapp/handlers/DeploymentSlotHandlerTest.java,93,9,24,74,0.0,0,9,0,0,0,0,0,8,0,0,0,0,0,0,0,0,4,0,0,8,0,0,False
3537,microsoft/azure-maven-plugins,ddb4d169acaed9797616c53b9d6431d6482b5a25,com/microsoft/azure/maven/webapp/handlers/HandlerFactoryImplTest.java,92,8,21,57,0.15,14,8,3,0,0,0,0,7,0,0,0,0,0,0,0,0,0,0,0,7,0,0,False
3538,microsoft/azure-maven-plugins,ddb4d169acaed9797616c53b9d6431d6482b5a25,com/microsoft/azure/maven/webapp/handlers/SettingsHandlerImplTest.java,24,3,9,17,0.0,0,3,0,0,0,0,0,2,0,0,0,0,0,0,0,0,2,0,0,2,0,0,False
3539,microsoft/azure-maven-plugins,ddb4d169acaed9797616c53b9d6431d6482b5a25,com/microsoft/azure/maven/webapp/handlers/runtime/LinuxRuntimeHandlerImplTest.java,42,5,10,62,0.05,2,5,0,0,0,0,0,2,0,0,0,0,0,0,0,0,0,0,0,2,0,0,False
3540,microsoft/azure-maven-plugins,ddb4d169acaed9797616c53b9d6431d6482b5a25,com/microsoft/azure/maven/webapp/handlers/runtime/NullRuntimeHandlerImplTest.java,22,3,7,5,0.09,2,3,0,0,0,0,0,1,0,0,0,0,0,0,0,0,0,0,0,2,0,0,False
3541,microsoft/azure-maven-plugins,ddb4d169acaed9797616c53b9d6431d6482b5a25,com/microsoft/azure/maven/webapp/handlers/runtime/PrivateDockerHubRuntimeHandlerImplTest.java,57,5,10,82,0.0,0,5,0,0,0,0,0,2,0,0,0,0,0,0,0,0,2,0,0,2,0,0,False
3542,microsoft/azure-maven-plugins,ddb4d169acaed9797616c53b9d6431d6482b5a25,com/microsoft/azure/maven/webapp/handlers/runtime/PrivateRegistryRuntimeHandlerImplTest.java,58,5,10,83,0.0,0,5,0,0,0,0,0,2,0,0,0,0,0,0,0,0,2,0,0,2,0,0,False
3543,microsoft/azure-maven-plugins,ddb4d169acaed9797616c53b9d6431d6482b5a25,com/microsoft/azure/maven/webapp/handlers/runtime/PublicDockerHubRuntimeHandlerImplTest.java,42,5,10,70,0.0,0,5,0,0,0,0,0,2,0,0,0,0,0,0,0,0,2,0,0,2,0,0,False
3544,microsoft/azure-maven-plugins,ddb4d169acaed9797616c53b9d6431d6482b5a25,com/microsoft/azure/maven/webapp/handlers/runtime/WindowsRuntimeHandlerImplTest.java,47,5,10,70,0.04,2,5,0,0,0,0,0,2,0,0,0,0,0,0,0,0,0,0,0,2,0,0,False
3545,microsoft/azure-maven-plugins,ddb4d169acaed9797616c53b9d6431d6482b5a25,com/microsoft/azure/maven/webapp/parser/ConfigurationParserTest.java,138,21,44,39,0.18,25,5,3,0,0,0,0,3,0,0,0,0,0,0,0,0,0,0,0,3,0,0,False
3546,microsoft/azure-maven-plugins,ddb4d169acaed9797616c53b9d6431d6482b5a25,com/microsoft/azure/maven/webapp/parser/V1ConfigurationParserTest.java,122,9,23,56,0.23,28,9,8,0,0,0,0,6,0,0,0,0,0,0,0,0,0,0,0,8,0,0,False
3547,microsoft/azure-maven-plugins,ddb4d169acaed9797616c53b9d6431d6482b5a25,com/microsoft/azure/maven/webapp/parser/V2ConfigurationParserTest.java,146,10,22,68,0.19,28,10,9,0,0,0,0,6,0,0,0,0,0,0,0,1,0,0,0,9,0,0,False
3548,microsoft/azure-maven-plugins,ddb4d169acaed9797616c53b9d6431d6482b5a25,com/microsoft/azure/maven/webapp/utils/RuntimeStackUtilsTest.java,13,2,2,4,0.54,7,2,2,0,0,0,0,0,0,0,0,0,0,0,0,0,0,0,0,2,0,0,False
3549,microsoft/azure-maven-plugins,ddb4d169acaed9797616c53b9d6431d6482b5a25,com/microsoft/azure/maven/webapp/WebAppUtilsTest.java,151,8,20,92,0.05,7,8,1,0,0,0,0,7,0,0,0,0,0,0,0,0,0,0,0,8,0,0,False
3550,microsoft/azure-maven-plugins,0d0ddd8e6731670686215de0b22d2900ec1bba92,com/microsoft/azure/maven/function/AddMojoTest.java,44,7,15,24,0.11,5,7,1,0,0,0,0,6,0,1,0,0,0,0,0,0,0,0,2,6,0,0,False
3551,microsoft/azure-maven-plugins,0d0ddd8e6731670686215de0b22d2900ec1bba92,com/microsoft/azure/maven/function/DeployMojoTest.java,167,18,48,154,0.08,13,18,4,0,0,0,0,15,15,0,0,0,0,0,0,0,7,0,0,15,0,0,False
3552,microsoft/azure-maven-plugins,0d0ddd8e6731670686215de0b22d2900ec1bba92,com/microsoft/azure/maven/function/ListMojoTest.java,22,2,6,14,0.05,1,2,0,0,0,0,0,1,0,0,0,0,0,0,0,0,1,0,0,1,0,0,False
3553,microsoft/azure-maven-plugins,0d0ddd8e6731670686215de0b22d2900ec1bba92,com/microsoft/azure/maven/function/PackageMojoTest.java,41,5,13,41,0.1,4,5,1,0,0,0,0,4,0,0,0,0,1,0,0,0,2,0,0,4,0,0,False
3554,microsoft/azure-maven-plugins,0d0ddd8e6731670686215de0b22d2900ec1bba92,com/microsoft/azure/maven/function/RunMojoTest.java,57,8,20,60,0.07,4,8,1,0,0,0,0,7,0,0,0,0,0,0,0,0,1,0,0,7,0,0,False
3555,microsoft/azure-maven-plugins,0d0ddd8e6731670686215de0b22d2900ec1bba92,com/microsoft/azure/maven/function/handlers/AnnotationHandlerImplTest.java,90,7,17,13,0.03,3,7,2,0,0,0,0,2,0,0,0,0,0,0,0,0,0,0,0,2,0,0,False
3556,microsoft/azure-maven-plugins,0d0ddd8e6731670686215de0b22d2900ec1bba92,com/microsoft/azure/maven/function/handlers/CommandHandlerImplTest.java,20,3,4,14,0.15,3,3,1,0,0,0,0,1,0,0,0,0,0,0,0,0,0,0,0,3,0,0,False
3557,microsoft/azure-maven-plugins,0d0ddd8e6731670686215de0b22d2900ec1bba92,com/microsoft/azure/maven/function/handlers/FunctionCoreToolsHandlerImplTest.java,76,7,18,83,0.03,2,7,0,0,0,0,0,6,0,0,0,0,0,0,0,0,3,0,0,7,0,0,False
3558,microsoft/azure-maven-plugins,0d0ddd8e6731670686215de0b22d2900ec1bba92,com/microsoft/azure/maven/function/handlers/MSDeployArtifactHandlerImplTest.java,122,9,21,101,0.03,4,9,0,0,0,0,0,7,0,3,0,0,0,0,0,0,3,0,2,7,0,0,False
3559,microsoft/azure-maven-plugins,0d0ddd8e6731670686215de0b22d2900ec1bba92,com/microsoft/azure/maven/function/utils/CommandUtilsTest.java,12,3,4,9,0.33,4,3,1,0,0,0,0,1,0,0,0,0,0,0,0,0,0,0,0,3,0,0,False
3560,microsoft/azure-maven-plugins,0d0ddd8e6731670686215de0b22d2900ec1bba92,com/microsoft/azure/maven/AbstractAppServiceMojoTest.java,17,2,3,10,0.06,1,1,0,0,0,0,0,0,0,0,0,0,1,0,0,0,0,0,0,1,0,0,False
3561,microsoft/azure-maven-plugins,0d0ddd8e6731670686215de0b22d2900ec1bba92,com/microsoft/azure/maven/AbstractAzureMojoTest.java,113,19,38,59,0.27,30,18,4,0,0,0,0,14,0,0,0,0,0,0,0,0,2,0,1,17,0,0,False
3562,microsoft/azure-maven-plugins,0d0ddd8e6731670686215de0b22d2900ec1bba92,com/microsoft/azure/maven/FTPUploaderTest.java,49,4,11,23,0.04,2,4,0,0,0,0,0,3,0,0,0,0,0,0,0,0,1,0,0,3,0,0,False
3563,microsoft/azure-maven-plugins,0d0ddd8e6731670686215de0b22d2900ec1bba92,com/microsoft/azure/maven/UtilsTest.java,44,4,8,27,0.18,8,4,2,0,0,0,0,1,0,0,0,0,0,0,0,1,1,0,0,3,0,0,False
3564,microsoft/azure-maven-plugins,0d0ddd8e6731670686215de0b22d2900ec1bba92,com/microsoft/azure/maven/artifacthandler/ArtifactHandlerBaseTest.java,51,8,18,40,0.0,0,5,0,0,0,0,0,4,0,0,0,0,0,0,0,0,1,0,0,4,0,0,False
3565,microsoft/azure-maven-plugins,0d0ddd8e6731670686215de0b22d2900ec1bba92,com/microsoft/azure/maven/artifacthandler/FTPArtifactHandlerImplTest.java,96,7,16,75,0.03,3,7,1,0,0,0,0,4,0,0,0,0,0,0,0,1,4,0,0,5,0,0,False
3566,microsoft/azure-maven-plugins,0d0ddd8e6731670686215de0b22d2900ec1bba92,com/microsoft/azure/maven/artifacthandler/ZIPArtifactHandlerImplTest.java,73,7,14,55,0.04,3,7,0,0,0,0,0,3,0,3,0,0,0,0,0,0,1,0,3,5,0,0,False
3567,microsoft/azure-maven-plugins,0d0ddd8e6731670686215de0b22d2900ec1bba92,com/microsoft/azure/maven/auth/AzureAuthHelperTest.java,196,13,27,123,0.16,31,13,5,0,0,0,0,4,0,0,0,0,0,0,0,3,1,0,0,12,0,0,False
3568,microsoft/azure-maven-plugins,0d0ddd8e6731670686215de0b22d2900ec1bba92,com/microsoft/azure/maven/webapp/DeployMojoTest.java,147,22,57,104,0.18,26,16,3,0,0,0,0,12,0,0,0,0,0,0,0,0,0,0,0,12,0,0,False
3569,microsoft/azure-maven-plugins,0d0ddd8e6731670686215de0b22d2900ec1bba92,com/microsoft/azure/maven/webapp/handlers/artifact/ArtifactHandlerImplV2Test.java,147,10,28,122,0.0,0,10,0,0,0,0,0,8,0,4,0,0,0,0,0,0,3,0,6,8,0,0,False
3570,microsoft/azure-maven-plugins,0d0ddd8e6731670686215de0b22d2900ec1bba92,com/microsoft/azure/maven/webapp/handlers/artifact/JarArtifactHandlerImplTest.java,70,11,23,54,0.04,3,11,1,0,0,0,2,7,0,3,0,0,0,0,0,1,4,0,4,9,0,0,False
3571,microsoft/azure-maven-plugins,0d0ddd8e6731670686215de0b22d2900ec1bba92,com/microsoft/azure/maven/webapp/handlers/artifact/WarArtifactHandlerImplTest.java,149,12,26,121,0.07,11,12,2,0,0,0,0,8,0,8,0,0,1,0,0,1,2,0,9,10,0,0,False
3572,microsoft/azure-maven-plugins,0d0ddd8e6731670686215de0b22d2900ec1bba92,com/microsoft/azure/maven/webapp/handlers/DeploymentSlotHandlerTest.java,93,9,24,74,0.0,0,9,0,0,0,0,0,8,0,0,0,0,0,0,0,0,4,0,0,8,0,0,False
3573,microsoft/azure-maven-plugins,0d0ddd8e6731670686215de0b22d2900ec1bba92,com/microsoft/azure/maven/webapp/handlers/HandlerFactoryImplTest.java,92,8,21,57,0.15,14,8,3,0,0,0,0,7,0,0,0,0,0,0,0,0,0,0,0,7,0,0,False
3574,microsoft/azure-maven-plugins,0d0ddd8e6731670686215de0b22d2900ec1bba92,com/microsoft/azure/maven/webapp/handlers/SettingsHandlerImplTest.java,24,3,9,17,0.0,0,3,0,0,0,0,0,2,0,0,0,0,0,0,0,0,2,0,0,2,0,0,False
3575,microsoft/azure-maven-plugins,0d0ddd8e6731670686215de0b22d2900ec1bba92,com/microsoft/azure/maven/webapp/handlers/runtime/LinuxRuntimeHandlerImplTest.java,42,5,10,62,0.05,2,5,0,0,0,0,0,2,0,0,0,0,0,0,0,0,0,0,0,2,0,0,False
3576,microsoft/azure-maven-plugins,0d0ddd8e6731670686215de0b22d2900ec1bba92,com/microsoft/azure/maven/webapp/handlers/runtime/NullRuntimeHandlerImplTest.java,22,3,7,5,0.09,2,3,0,0,0,0,0,1,0,0,0,0,0,0,0,0,0,0,0,2,0,0,False
3577,microsoft/azure-maven-plugins,0d0ddd8e6731670686215de0b22d2900ec1bba92,com/microsoft/azure/maven/webapp/handlers/runtime/PrivateDockerHubRuntimeHandlerImplTest.java,57,5,10,82,0.0,0,5,0,0,0,0,0,2,0,0,0,0,0,0,0,0,2,0,0,2,0,0,False
3578,microsoft/azure-maven-plugins,0d0ddd8e6731670686215de0b22d2900ec1bba92,com/microsoft/azure/maven/webapp/handlers/runtime/PrivateRegistryRuntimeHandlerImplTest.java,58,5,10,83,0.0,0,5,0,0,0,0,0,2,0,0,0,0,0,0,0,0,2,0,0,2,0,0,False
3579,microsoft/azure-maven-plugins,0d0ddd8e6731670686215de0b22d2900ec1bba92,com/microsoft/azure/maven/webapp/handlers/runtime/PublicDockerHubRuntimeHandlerImplTest.java,42,5,10,70,0.0,0,5,0,0,0,0,0,2,0,0,0,0,0,0,0,0,2,0,0,2,0,0,False
3580,microsoft/azure-maven-plugins,0d0ddd8e6731670686215de0b22d2900ec1bba92,com/microsoft/azure/maven/webapp/handlers/runtime/WindowsRuntimeHandlerImplTest.java,47,5,10,70,0.04,2,5,0,0,0,0,0,2,0,0,0,0,0,0,0,0,0,0,0,2,0,0,False
3581,microsoft/azure-maven-plugins,0d0ddd8e6731670686215de0b22d2900ec1bba92,com/microsoft/azure/maven/webapp/parser/ConfigurationParserTest.java,138,21,44,39,0.18,25,5,3,0,0,0,0,3,0,0,0,0,0,0,0,0,0,0,0,3,0,0,False
3582,microsoft/azure-maven-plugins,0d0ddd8e6731670686215de0b22d2900ec1bba92,com/microsoft/azure/maven/webapp/parser/V1ConfigurationParserTest.java,122,9,23,56,0.23,28,9,8,0,0,0,0,6,0,0,0,0,0,0,0,0,0,0,0,8,0,0,False
3583,microsoft/azure-maven-plugins,0d0ddd8e6731670686215de0b22d2900ec1bba92,com/microsoft/azure/maven/webapp/parser/V2ConfigurationParserTest.java,146,10,22,68,0.19,28,10,9,0,0,0,0,6,0,0,0,0,0,0,0,1,0,0,0,9,0,0,False
3584,microsoft/azure-maven-plugins,0d0ddd8e6731670686215de0b22d2900ec1bba92,com/microsoft/azure/maven/webapp/utils/RuntimeStackUtilsTest.java,13,2,2,4,0.54,7,2,2,0,0,0,0,0,0,0,0,0,0,0,0,0,0,0,0,2,0,0,False
3585,microsoft/azure-maven-plugins,0d0ddd8e6731670686215de0b22d2900ec1bba92,com/microsoft/azure/maven/webapp/WebAppUtilsTest.java,151,8,20,92,0.05,7,8,1,0,0,0,0,7,0,0,0,0,0,0,0,0,0,0,0,8,0,0,False
3586,microsoft/azure-maven-plugins,640c424b3746245d52bf09934819c280f39be165,com/microsoft/azure/maven/function/AddMojoTest.java,44,7,15,24,0.11,5,7,1,0,0,0,0,6,0,1,0,0,0,0,0,0,0,0,2,6,0,0,False
3587,microsoft/azure-maven-plugins,640c424b3746245d52bf09934819c280f39be165,com/microsoft/azure/maven/function/DeployMojoTest.java,167,18,48,154,0.08,13,18,4,0,0,0,0,15,15,0,0,0,0,0,0,0,7,0,0,15,0,0,False
3588,microsoft/azure-maven-plugins,640c424b3746245d52bf09934819c280f39be165,com/microsoft/azure/maven/function/ListMojoTest.java,22,2,6,14,0.05,1,2,0,0,0,0,0,1,0,0,0,0,0,0,0,0,1,0,0,1,0,0,False
3589,microsoft/azure-maven-plugins,640c424b3746245d52bf09934819c280f39be165,com/microsoft/azure/maven/function/PackageMojoTest.java,40,5,14,39,0.1,4,5,1,0,0,0,0,4,0,0,0,0,1,0,0,0,2,0,0,4,0,0,False
3590,microsoft/azure-maven-plugins,640c424b3746245d52bf09934819c280f39be165,com/microsoft/azure/maven/function/RunMojoTest.java,57,8,20,60,0.07,4,8,1,0,0,0,0,7,0,0,0,0,0,0,0,0,1,0,0,7,0,0,False
3591,microsoft/azure-maven-plugins,640c424b3746245d52bf09934819c280f39be165,com/microsoft/azure/maven/function/handlers/AnnotationHandlerImplTest.java,90,7,17,13,0.03,3,7,2,0,0,0,0,2,0,0,0,0,0,0,0,0,0,0,0,2,0,0,False
3592,microsoft/azure-maven-plugins,640c424b3746245d52bf09934819c280f39be165,com/microsoft/azure/maven/function/handlers/CommandHandlerImplTest.java,20,3,4,14,0.15,3,3,1,0,0,0,0,1,0,0,0,0,0,0,0,0,0,0,0,3,0,0,False
3593,microsoft/azure-maven-plugins,640c424b3746245d52bf09934819c280f39be165,com/microsoft/azure/maven/function/handlers/FunctionCoreToolsHandlerImplTest.java,76,7,18,83,0.03,2,7,0,0,0,0,0,6,0,0,0,0,0,0,0,0,3,0,0,7,0,0,False
3594,microsoft/azure-maven-plugins,640c424b3746245d52bf09934819c280f39be165,com/microsoft/azure/maven/function/handlers/MSDeployArtifactHandlerImplTest.java,122,9,21,101,0.03,4,9,0,0,0,0,0,7,0,3,0,0,0,0,0,0,3,0,2,7,0,0,False
3595,microsoft/azure-maven-plugins,640c424b3746245d52bf09934819c280f39be165,com/microsoft/azure/maven/function/utils/CommandUtilsTest.java,12,3,4,9,0.33,4,3,1,0,0,0,0,1,0,0,0,0,0,0,0,0,0,0,0,3,0,0,False
3596,microsoft/azure-maven-plugins,640c424b3746245d52bf09934819c280f39be165,com/microsoft/azure/maven/AbstractAppServiceMojoTest.java,17,2,3,10,0.06,1,1,0,0,0,0,0,0,0,0,0,0,1,0,0,0,0,0,0,1,0,0,False
3597,microsoft/azure-maven-plugins,640c424b3746245d52bf09934819c280f39be165,com/microsoft/azure/maven/AbstractAzureMojoTest.java,113,19,38,59,0.27,30,18,4,0,0,0,0,14,0,0,0,0,0,0,0,0,2,0,1,17,0,0,False
3598,microsoft/azure-maven-plugins,640c424b3746245d52bf09934819c280f39be165,com/microsoft/azure/maven/FTPUploaderTest.java,49,4,11,23,0.04,2,4,0,0,0,0,0,3,0,0,0,0,0,0,0,0,1,0,0,3,0,0,False
3599,microsoft/azure-maven-plugins,640c424b3746245d52bf09934819c280f39be165,com/microsoft/azure/maven/UtilsTest.java,44,4,8,27,0.18,8,4,2,0,0,0,0,1,0,0,0,0,0,0,0,1,1,0,0,3,0,0,False
3600,microsoft/azure-maven-plugins,640c424b3746245d52bf09934819c280f39be165,com/microsoft/azure/maven/artifacthandler/ArtifactHandlerBaseTest.java,51,8,18,40,0.0,0,5,0,0,0,0,0,4,0,0,0,0,0,0,0,0,1,0,0,4,0,0,False
3601,microsoft/azure-maven-plugins,640c424b3746245d52bf09934819c280f39be165,com/microsoft/azure/maven/artifacthandler/FTPArtifactHandlerImplTest.java,96,7,16,75,0.03,3,7,1,0,0,0,0,4,0,0,0,0,0,0,0,1,4,0,0,5,0,0,False
3602,microsoft/azure-maven-plugins,640c424b3746245d52bf09934819c280f39be165,com/microsoft/azure/maven/artifacthandler/ZIPArtifactHandlerImplTest.java,73,7,14,55,0.04,3,7,0,0,0,0,0,3,0,3,0,0,0,0,0,0,1,0,3,5,0,0,False
3603,microsoft/azure-maven-plugins,640c424b3746245d52bf09934819c280f39be165,com/microsoft/azure/maven/auth/AzureAuthHelperTest.java,183,12,24,110,0.17,31,12,5,0,0,0,0,3,0,0,0,0,0,0,0,3,0,0,0,11,0,0,False
3604,microsoft/azure-maven-plugins,640c424b3746245d52bf09934819c280f39be165,com/microsoft/azure/maven/webapp/DeployMojoTest.java,147,22,57,102,0.18,26,16,3,0,0,0,0,12,0,0,0,0,0,0,0,0,0,0,0,12,0,0,False
3605,microsoft/azure-maven-plugins,640c424b3746245d52bf09934819c280f39be165,com/microsoft/azure/maven/webapp/handlers/ArtifactHandlerImplV2Test.java,147,10,28,122,0.0,0,10,0,0,0,0,0,8,0,4,0,0,0,0,0,0,3,0,6,8,0,0,False
3606,microsoft/azure-maven-plugins,640c424b3746245d52bf09934819c280f39be165,com/microsoft/azure/maven/webapp/handlers/DeploymentSlotHandlerTest.java,93,9,24,74,0.0,0,9,0,0,0,0,0,8,0,0,0,0,0,0,0,0,4,0,0,8,0,0,False
3607,microsoft/azure-maven-plugins,640c424b3746245d52bf09934819c280f39be165,com/microsoft/azure/maven/webapp/handlers/HandlerFactoryImplTest.java,92,8,21,57,0.15,14,8,3,0,0,0,0,7,0,0,0,0,0,0,0,0,0,0,0,7,0,0,False
3608,microsoft/azure-maven-plugins,640c424b3746245d52bf09934819c280f39be165,com/microsoft/azure/maven/webapp/handlers/JarArtifactHandlerImplTest.java,70,11,23,54,0.04,3,11,1,0,0,0,2,7,0,3,0,0,0,0,0,1,4,0,4,9,0,0,False
3609,microsoft/azure-maven-plugins,640c424b3746245d52bf09934819c280f39be165,com/microsoft/azure/maven/webapp/handlers/LinuxRuntimeHandlerImplTest.java,42,5,10,62,0.05,2,5,0,0,0,0,0,2,0,0,0,0,0,0,0,0,0,0,0,2,0,0,False
3610,microsoft/azure-maven-plugins,640c424b3746245d52bf09934819c280f39be165,com/microsoft/azure/maven/webapp/handlers/NullRuntimeHandlerImplTest.java,22,3,7,5,0.09,2,3,0,0,0,0,0,1,0,0,0,0,0,0,0,0,0,0,0,2,0,0,False
3611,microsoft/azure-maven-plugins,640c424b3746245d52bf09934819c280f39be165,com/microsoft/azure/maven/webapp/handlers/PrivateDockerHubRuntimeHandlerImplTest.java,57,5,10,82,0.0,0,5,0,0,0,0,0,2,0,0,0,0,0,0,0,0,2,0,0,2,0,0,False
3612,microsoft/azure-maven-plugins,640c424b3746245d52bf09934819c280f39be165,com/microsoft/azure/maven/webapp/handlers/PrivateRegistryRuntimeHandlerImplTest.java,58,5,10,83,0.0,0,5,0,0,0,0,0,2,0,0,0,0,0,0,0,0,2,0,0,2,0,0,False
3613,microsoft/azure-maven-plugins,640c424b3746245d52bf09934819c280f39be165,com/microsoft/azure/maven/webapp/handlers/PublicDockerHubRuntimeHandlerImplTest.java,42,5,10,70,0.0,0,5,0,0,0,0,0,2,0,0,0,0,0,0,0,0,2,0,0,2,0,0,False
3614,microsoft/azure-maven-plugins,640c424b3746245d52bf09934819c280f39be165,com/microsoft/azure/maven/webapp/handlers/SettingsHandlerImplTest.java,24,3,9,17,0.0,0,3,0,0,0,0,0,2,0,0,0,0,0,0,0,0,2,0,0,2,0,0,False
3615,microsoft/azure-maven-plugins,640c424b3746245d52bf09934819c280f39be165,com/microsoft/azure/maven/webapp/handlers/WarArtifactHandlerImplTest.java,149,12,26,121,0.07,11,12,2,0,0,0,0,8,0,8,0,0,1,0,0,1,2,0,9,10,0,0,False
3616,microsoft/azure-maven-plugins,640c424b3746245d52bf09934819c280f39be165,com/microsoft/azure/maven/webapp/handlers/WindowsRuntimeHandlerImplTest.java,47,5,10,70,0.04,2,5,0,0,0,0,0,2,0,0,0,0,0,0,0,0,0,0,0,2,0,0,False
3617,microsoft/azure-maven-plugins,640c424b3746245d52bf09934819c280f39be165,com/microsoft/azure/maven/webapp/parser/ConfigurationParserTest.java,118,15,32,39,0.21,25,5,3,0,0,0,0,3,0,0,0,0,0,0,0,0,0,0,0,3,0,0,False
3618,microsoft/azure-maven-plugins,640c424b3746245d52bf09934819c280f39be165,com/microsoft/azure/maven/webapp/parser/V1ConfigurationParserTest.java,122,9,23,56,0.23,28,9,8,0,0,0,0,6,0,0,0,0,0,0,0,0,0,0,0,8,0,0,False
3619,microsoft/azure-maven-plugins,640c424b3746245d52bf09934819c280f39be165,com/microsoft/azure/maven/webapp/parser/V2ConfigurationParserTest.java,146,10,22,68,0.19,28,10,9,0,0,0,0,6,0,0,0,0,0,0,0,1,0,0,0,9,0,0,False
3620,microsoft/azure-maven-plugins,640c424b3746245d52bf09934819c280f39be165,com/microsoft/azure/maven/webapp/utils/RuntimeStackUtilsTest.java,13,2,2,4,0.54,7,2,2,0,0,0,0,0,0,0,0,0,0,0,0,0,0,0,0,2,0,0,False
3621,microsoft/azure-maven-plugins,640c424b3746245d52bf09934819c280f39be165,com/microsoft/azure/maven/webapp/WebAppUtilsTest.java,151,8,20,92,0.05,7,8,1,0,0,0,0,7,0,0,0,0,0,0,0,0,0,0,0,8,0,0,False
3622,microsoft/azure-maven-plugins,d3e0b6fa0e00f38c04b622589a939fb3bae2227e,com/microsoft/azure/maven/function/AddMojoTest.java,44,7,15,24,0.11,5,7,1,0,0,0,0,6,0,1,0,0,0,0,0,0,0,0,2,6,0,0,False
3623,microsoft/azure-maven-plugins,d3e0b6fa0e00f38c04b622589a939fb3bae2227e,com/microsoft/azure/maven/function/DeployMojoTest.java,167,18,48,154,0.08,13,18,4,0,0,0,0,15,15,0,0,0,0,0,0,0,7,0,0,15,0,0,False
3624,microsoft/azure-maven-plugins,d3e0b6fa0e00f38c04b622589a939fb3bae2227e,com/microsoft/azure/maven/function/ListMojoTest.java,22,2,6,14,0.05,1,2,0,0,0,0,0,1,0,0,0,0,0,0,0,0,1,0,0,1,0,0,False
3625,microsoft/azure-maven-plugins,d3e0b6fa0e00f38c04b622589a939fb3bae2227e,com/microsoft/azure/maven/function/PackageMojoTest.java,40,5,14,39,0.1,4,5,1,0,0,0,0,4,0,0,0,0,1,0,0,0,2,0,0,4,0,0,False
3626,microsoft/azure-maven-plugins,d3e0b6fa0e00f38c04b622589a939fb3bae2227e,com/microsoft/azure/maven/function/RunMojoTest.java,57,8,20,60,0.07,4,8,1,0,0,0,0,7,0,0,0,0,0,0,0,0,1,0,0,7,0,0,False
3627,microsoft/azure-maven-plugins,d3e0b6fa0e00f38c04b622589a939fb3bae2227e,com/microsoft/azure/maven/function/handlers/AnnotationHandlerImplTest.java,90,7,17,13,0.03,3,7,2,0,0,0,0,2,0,0,0,0,0,0,0,0,0,0,0,2,0,0,False
3628,microsoft/azure-maven-plugins,d3e0b6fa0e00f38c04b622589a939fb3bae2227e,com/microsoft/azure/maven/function/handlers/CommandHandlerImplTest.java,20,3,4,14,0.15,3,3,1,0,0,0,0,1,0,0,0,0,0,0,0,0,0,0,0,3,0,0,False
3629,microsoft/azure-maven-plugins,d3e0b6fa0e00f38c04b622589a939fb3bae2227e,com/microsoft/azure/maven/function/handlers/FunctionCoreToolsHandlerImplTest.java,76,7,18,83,0.03,2,7,0,0,0,0,0,6,0,0,0,0,0,0,0,0,3,0,0,7,0,0,False
3630,microsoft/azure-maven-plugins,d3e0b6fa0e00f38c04b622589a939fb3bae2227e,com/microsoft/azure/maven/function/handlers/MSDeployArtifactHandlerImplTest.java,122,9,21,101,0.03,4,9,0,0,0,0,0,7,0,3,0,0,0,0,0,0,3,0,2,7,0,0,False
3631,microsoft/azure-maven-plugins,d3e0b6fa0e00f38c04b622589a939fb3bae2227e,com/microsoft/azure/maven/function/utils/CommandUtilsTest.java,12,3,4,9,0.33,4,3,1,0,0,0,0,1,0,0,0,0,0,0,0,0,0,0,0,3,0,0,False
3632,microsoft/azure-maven-plugins,d3e0b6fa0e00f38c04b622589a939fb3bae2227e,com/microsoft/azure/maven/AbstractAppServiceMojoTest.java,17,2,3,10,0.06,1,1,0,0,0,0,0,0,0,0,0,0,1,0,0,0,0,0,0,1,0,0,False
3633,microsoft/azure-maven-plugins,d3e0b6fa0e00f38c04b622589a939fb3bae2227e,com/microsoft/azure/maven/AbstractAzureMojoTest.java,113,19,38,59,0.27,30,18,4,0,0,0,0,14,0,0,0,0,0,0,0,0,2,0,1,17,0,0,False
3634,microsoft/azure-maven-plugins,d3e0b6fa0e00f38c04b622589a939fb3bae2227e,com/microsoft/azure/maven/FTPUploaderTest.java,49,4,11,23,0.04,2,4,0,0,0,0,0,3,0,0,0,0,0,0,0,0,1,0,0,3,0,0,False
3635,microsoft/azure-maven-plugins,d3e0b6fa0e00f38c04b622589a939fb3bae2227e,com/microsoft/azure/maven/UtilsTest.java,44,4,8,27,0.18,8,4,2,0,0,0,0,1,0,0,0,0,0,0,0,1,1,0,0,3,0,0,False
3636,microsoft/azure-maven-plugins,d3e0b6fa0e00f38c04b622589a939fb3bae2227e,com/microsoft/azure/maven/artifacthandler/ArtifactHandlerBaseTest.java,51,8,18,40,0.0,0,5,0,0,0,0,0,4,0,0,0,0,0,0,0,0,1,0,0,4,0,0,False
3637,microsoft/azure-maven-plugins,d3e0b6fa0e00f38c04b622589a939fb3bae2227e,com/microsoft/azure/maven/artifacthandler/FTPArtifactHandlerImplTest.java,96,7,16,75,0.03,3,7,1,0,0,0,0,4,0,0,0,0,0,0,0,1,4,0,0,5,0,0,False
3638,microsoft/azure-maven-plugins,d3e0b6fa0e00f38c04b622589a939fb3bae2227e,com/microsoft/azure/maven/artifacthandler/ZIPArtifactHandlerImplTest.java,73,7,14,55,0.04,3,7,0,0,0,0,0,3,0,3,0,0,0,0,0,0,1,0,3,5,0,0,False
3639,microsoft/azure-maven-plugins,d3e0b6fa0e00f38c04b622589a939fb3bae2227e,com/microsoft/azure/maven/auth/AzureAuthHelperTest.java,183,12,24,110,0.17,31,12,5,0,0,0,0,3,0,0,0,0,0,0,0,3,0,0,0,11,0,0,False
3640,microsoft/azure-maven-plugins,d3e0b6fa0e00f38c04b622589a939fb3bae2227e,com/microsoft/azure/maven/webapp/DeployMojoTest.java,147,22,57,102,0.18,26,16,3,0,0,0,0,12,0,0,0,0,0,0,0,0,0,0,0,12,0,0,False
3641,microsoft/azure-maven-plugins,d3e0b6fa0e00f38c04b622589a939fb3bae2227e,com/microsoft/azure/maven/webapp/handlers/ArtifactHandlerImplV2Test.java,147,10,28,122,0.0,0,10,0,0,0,0,0,8,0,4,0,0,0,0,0,0,3,0,6,8,0,0,False
3642,microsoft/azure-maven-plugins,d3e0b6fa0e00f38c04b622589a939fb3bae2227e,com/microsoft/azure/maven/webapp/handlers/DeploymentSlotHandlerTest.java,93,9,24,74,0.0,0,9,0,0,0,0,0,8,0,0,0,0,0,0,0,0,4,0,0,8,0,0,False
3643,microsoft/azure-maven-plugins,d3e0b6fa0e00f38c04b622589a939fb3bae2227e,com/microsoft/azure/maven/webapp/handlers/HandlerFactoryImplTest.java,92,8,21,57,0.15,14,8,3,0,0,0,0,7,0,0,0,0,0,0,0,0,0,0,0,7,0,0,False
3644,microsoft/azure-maven-plugins,d3e0b6fa0e00f38c04b622589a939fb3bae2227e,com/microsoft/azure/maven/webapp/handlers/JarArtifactHandlerImplTest.java,70,11,23,54,0.04,3,11,1,0,0,0,2,7,0,3,0,0,0,0,0,1,4,0,4,9,0,0,False
3645,microsoft/azure-maven-plugins,d3e0b6fa0e00f38c04b622589a939fb3bae2227e,com/microsoft/azure/maven/webapp/handlers/LinuxRuntimeHandlerImplTest.java,42,5,10,62,0.05,2,5,0,0,0,0,0,2,0,0,0,0,0,0,0,0,0,0,0,2,0,0,False
3646,microsoft/azure-maven-plugins,d3e0b6fa0e00f38c04b622589a939fb3bae2227e,com/microsoft/azure/maven/webapp/handlers/NullRuntimeHandlerImplTest.java,22,3,7,5,0.09,2,3,0,0,0,0,0,1,0,0,0,0,0,0,0,0,0,0,0,2,0,0,False
3647,microsoft/azure-maven-plugins,d3e0b6fa0e00f38c04b622589a939fb3bae2227e,com/microsoft/azure/maven/webapp/handlers/PrivateDockerHubRuntimeHandlerImplTest.java,57,5,10,82,0.0,0,5,0,0,0,0,0,2,0,0,0,0,0,0,0,0,2,0,0,2,0,0,False
3648,microsoft/azure-maven-plugins,d3e0b6fa0e00f38c04b622589a939fb3bae2227e,com/microsoft/azure/maven/webapp/handlers/PrivateRegistryRuntimeHandlerImplTest.java,58,5,10,83,0.0,0,5,0,0,0,0,0,2,0,0,0,0,0,0,0,0,2,0,0,2,0,0,False
3649,microsoft/azure-maven-plugins,d3e0b6fa0e00f38c04b622589a939fb3bae2227e,com/microsoft/azure/maven/webapp/handlers/PublicDockerHubRuntimeHandlerImplTest.java,42,5,10,70,0.0,0,5,0,0,0,0,0,2,0,0,0,0,0,0,0,0,2,0,0,2,0,0,False
3650,microsoft/azure-maven-plugins,d3e0b6fa0e00f38c04b622589a939fb3bae2227e,com/microsoft/azure/maven/webapp/handlers/SettingsHandlerImplTest.java,24,3,9,17,0.0,0,3,0,0,0,0,0,2,0,0,0,0,0,0,0,0,2,0,0,2,0,0,False
3651,microsoft/azure-maven-plugins,d3e0b6fa0e00f38c04b622589a939fb3bae2227e,com/microsoft/azure/maven/webapp/handlers/WarArtifactHandlerImplTest.java,149,12,26,121,0.07,11,12,2,0,0,0,0,8,0,8,0,0,1,0,0,1,2,0,9,10,0,0,False
3652,microsoft/azure-maven-plugins,d3e0b6fa0e00f38c04b622589a939fb3bae2227e,com/microsoft/azure/maven/webapp/handlers/WindowsRuntimeHandlerImplTest.java,47,5,10,70,0.04,2,5,0,0,0,0,0,2,0,0,0,0,0,0,0,0,0,0,0,2,0,0,False
3653,microsoft/azure-maven-plugins,d3e0b6fa0e00f38c04b622589a939fb3bae2227e,com/microsoft/azure/maven/webapp/parser/ConfigurationParserTest.java,118,15,32,39,0.21,25,5,3,0,0,0,0,3,0,0,0,0,0,0,0,0,0,0,0,3,0,0,False
3654,microsoft/azure-maven-plugins,d3e0b6fa0e00f38c04b622589a939fb3bae2227e,com/microsoft/azure/maven/webapp/parser/V1ConfigurationParserTest.java,114,9,22,56,0.21,24,9,8,0,0,0,0,6,0,0,0,0,0,0,0,0,0,0,0,8,0,0,False
3655,microsoft/azure-maven-plugins,d3e0b6fa0e00f38c04b622589a939fb3bae2227e,com/microsoft/azure/maven/webapp/parser/V2ConfigurationParserTest.java,146,10,22,68,0.19,28,10,9,0,0,0,0,6,0,0,0,0,0,0,0,1,0,0,0,9,0,0,False
3656,microsoft/azure-maven-plugins,d3e0b6fa0e00f38c04b622589a939fb3bae2227e,com/microsoft/azure/maven/webapp/WebAppUtilsTest.java,162,11,26,96,0.06,10,11,2,0,0,0,0,10,0,0,0,0,0,0,0,0,0,0,0,11,0,0,False
3657,microsoft/azure-maven-plugins,a8664c05e9811078ae2517f165b51883d7e5cb9b,com/microsoft/azure/maven/function/AddMojoTest.java,44,7,15,24,0.11,5,7,1,0,0,0,0,6,0,1,0,0,0,0,0,0,0,0,2,6,0,0,False
3658,microsoft/azure-maven-plugins,a8664c05e9811078ae2517f165b51883d7e5cb9b,com/microsoft/azure/maven/function/DeployMojoTest.java,167,18,48,154,0.08,13,18,4,0,0,0,0,15,15,0,0,0,0,0,0,0,7,0,0,15,0,0,False
3659,microsoft/azure-maven-plugins,a8664c05e9811078ae2517f165b51883d7e5cb9b,com/microsoft/azure/maven/function/ListMojoTest.java,22,2,6,14,0.05,1,2,0,0,0,0,0,1,0,0,0,0,0,0,0,0,1,0,0,1,0,0,False
3660,microsoft/azure-maven-plugins,a8664c05e9811078ae2517f165b51883d7e5cb9b,com/microsoft/azure/maven/function/PackageMojoTest.java,40,5,14,39,0.1,4,5,1,0,0,0,0,4,0,0,0,0,1,0,0,0,2,0,0,4,0,0,False
3661,microsoft/azure-maven-plugins,a8664c05e9811078ae2517f165b51883d7e5cb9b,com/microsoft/azure/maven/function/RunMojoTest.java,57,8,20,60,0.07,4,8,1,0,0,0,0,7,0,0,0,0,0,0,0,0,1,0,0,7,0,0,False
3662,microsoft/azure-maven-plugins,a8664c05e9811078ae2517f165b51883d7e5cb9b,com/microsoft/azure/maven/function/handlers/AnnotationHandlerImplTest.java,90,7,17,13,0.03,3,7,2,0,0,0,0,2,0,0,0,0,0,0,0,0,0,0,0,2,0,0,False
3663,microsoft/azure-maven-plugins,a8664c05e9811078ae2517f165b51883d7e5cb9b,com/microsoft/azure/maven/function/handlers/CommandHandlerImplTest.java,20,3,4,14,0.15,3,3,1,0,0,0,0,1,0,0,0,0,0,0,0,0,0,0,0,3,0,0,False
3664,microsoft/azure-maven-plugins,a8664c05e9811078ae2517f165b51883d7e5cb9b,com/microsoft/azure/maven/function/handlers/FunctionCoreToolsHandlerImplTest.java,76,7,18,83,0.03,2,7,0,0,0,0,0,6,0,0,0,0,0,0,0,0,3,0,0,7,0,0,False
3665,microsoft/azure-maven-plugins,a8664c05e9811078ae2517f165b51883d7e5cb9b,com/microsoft/azure/maven/function/handlers/MSDeployArtifactHandlerImplTest.java,122,9,21,101,0.03,4,9,0,0,0,0,0,7,0,3,0,0,0,0,0,0,3,0,2,7,0,0,False
3666,microsoft/azure-maven-plugins,a8664c05e9811078ae2517f165b51883d7e5cb9b,com/microsoft/azure/maven/function/utils/CommandUtilsTest.java,12,3,4,9,0.33,4,3,1,0,0,0,0,1,0,0,0,0,0,0,0,0,0,0,0,3,0,0,False
3667,microsoft/azure-maven-plugins,a8664c05e9811078ae2517f165b51883d7e5cb9b,com/microsoft/azure/maven/AbstractAppServiceMojoTest.java,17,2,3,10,0.06,1,1,0,0,0,0,0,0,0,0,0,0,1,0,0,0,0,0,0,1,0,0,False
3668,microsoft/azure-maven-plugins,a8664c05e9811078ae2517f165b51883d7e5cb9b,com/microsoft/azure/maven/AbstractAzureMojoTest.java,113,19,38,59,0.27,30,18,4,0,0,0,0,14,0,0,0,0,0,0,0,0,2,0,1,17,0,0,False
3669,microsoft/azure-maven-plugins,a8664c05e9811078ae2517f165b51883d7e5cb9b,com/microsoft/azure/maven/FTPUploaderTest.java,49,4,11,23,0.04,2,4,0,0,0,0,0,3,0,0,0,0,0,0,0,0,1,0,0,3,0,0,False
3670,microsoft/azure-maven-plugins,a8664c05e9811078ae2517f165b51883d7e5cb9b,com/microsoft/azure/maven/UtilsTest.java,44,4,8,27,0.18,8,4,2,0,0,0,0,1,0,0,0,0,0,0,0,1,1,0,0,3,0,0,False
3671,microsoft/azure-maven-plugins,a8664c05e9811078ae2517f165b51883d7e5cb9b,com/microsoft/azure/maven/artifacthandler/ArtifactHandlerBaseTest.java,51,8,18,40,0.0,0,5,0,0,0,0,0,4,0,0,0,0,0,0,0,0,1,0,0,4,0,0,False
3672,microsoft/azure-maven-plugins,a8664c05e9811078ae2517f165b51883d7e5cb9b,com/microsoft/azure/maven/artifacthandler/FTPArtifactHandlerImplTest.java,96,7,16,75,0.03,3,7,1,0,0,0,0,4,0,0,0,0,0,0,0,1,4,0,0,5,0,0,False
3673,microsoft/azure-maven-plugins,a8664c05e9811078ae2517f165b51883d7e5cb9b,com/microsoft/azure/maven/artifacthandler/ZIPArtifactHandlerImplTest.java,73,7,14,55,0.04,3,7,0,0,0,0,0,3,0,3,0,0,0,0,0,0,1,0,3,5,0,0,False
3674,microsoft/azure-maven-plugins,a8664c05e9811078ae2517f165b51883d7e5cb9b,com/microsoft/azure/maven/auth/AzureAuthHelperTest.java,183,12,24,110,0.17,31,12,5,0,0,0,0,3,0,0,0,0,0,0,0,3,0,0,0,11,0,0,False
3675,microsoft/azure-maven-plugins,a8664c05e9811078ae2517f165b51883d7e5cb9b,com/microsoft/azure/maven/webapp/DeployMojoTest.java,147,22,57,102,0.18,26,16,3,0,0,0,0,12,0,0,0,0,0,0,0,0,0,0,0,12,0,0,False
3676,microsoft/azure-maven-plugins,a8664c05e9811078ae2517f165b51883d7e5cb9b,com/microsoft/azure/maven/webapp/handlers/ArtifactHandlerImplV2Test.java,147,10,28,122,0.0,0,10,0,0,0,0,0,8,0,4,0,0,0,0,0,0,3,0,6,8,0,0,False
3677,microsoft/azure-maven-plugins,a8664c05e9811078ae2517f165b51883d7e5cb9b,com/microsoft/azure/maven/webapp/handlers/DeploymentSlotHandlerTest.java,93,9,24,74,0.0,0,9,0,0,0,0,0,8,0,0,0,0,0,0,0,0,4,0,0,8,0,0,False
3678,microsoft/azure-maven-plugins,a8664c05e9811078ae2517f165b51883d7e5cb9b,com/microsoft/azure/maven/webapp/handlers/HandlerFactoryImplTest.java,92,8,21,57,0.15,14,8,3,0,0,0,0,7,0,0,0,0,0,0,0,0,0,0,0,7,0,0,False
3679,microsoft/azure-maven-plugins,a8664c05e9811078ae2517f165b51883d7e5cb9b,com/microsoft/azure/maven/webapp/handlers/JarArtifactHandlerImplTest.java,70,11,23,54,0.04,3,11,1,0,0,0,2,7,0,3,0,0,0,0,0,1,4,0,4,9,0,0,False
3680,microsoft/azure-maven-plugins,a8664c05e9811078ae2517f165b51883d7e5cb9b,com/microsoft/azure/maven/webapp/handlers/LinuxRuntimeHandlerImplTest.java,42,5,10,62,0.05,2,5,0,0,0,0,0,2,0,0,0,0,0,0,0,0,0,0,0,2,0,0,False
3681,microsoft/azure-maven-plugins,a8664c05e9811078ae2517f165b51883d7e5cb9b,com/microsoft/azure/maven/webapp/handlers/NullRuntimeHandlerImplTest.java,22,3,7,5,0.09,2,3,0,0,0,0,0,1,0,0,0,0,0,0,0,0,0,0,0,2,0,0,False
3682,microsoft/azure-maven-plugins,a8664c05e9811078ae2517f165b51883d7e5cb9b,com/microsoft/azure/maven/webapp/handlers/PrivateDockerHubRuntimeHandlerImplTest.java,57,5,10,82,0.0,0,5,0,0,0,0,0,2,0,0,0,0,0,0,0,0,2,0,0,2,0,0,False
3683,microsoft/azure-maven-plugins,a8664c05e9811078ae2517f165b51883d7e5cb9b,com/microsoft/azure/maven/webapp/handlers/PrivateRegistryRuntimeHandlerImplTest.java,58,5,10,83,0.0,0,5,0,0,0,0,0,2,0,0,0,0,0,0,0,0,2,0,0,2,0,0,False
3684,microsoft/azure-maven-plugins,a8664c05e9811078ae2517f165b51883d7e5cb9b,com/microsoft/azure/maven/webapp/handlers/PublicDockerHubRuntimeHandlerImplTest.java,42,5,10,70,0.0,0,5,0,0,0,0,0,2,0,0,0,0,0,0,0,0,2,0,0,2,0,0,False
3685,microsoft/azure-maven-plugins,a8664c05e9811078ae2517f165b51883d7e5cb9b,com/microsoft/azure/maven/webapp/handlers/SettingsHandlerImplTest.java,24,3,9,17,0.0,0,3,0,0,0,0,0,2,0,0,0,0,0,0,0,0,2,0,0,2,0,0,False
3686,microsoft/azure-maven-plugins,a8664c05e9811078ae2517f165b51883d7e5cb9b,com/microsoft/azure/maven/webapp/handlers/WarArtifactHandlerImplTest.java,149,12,26,121,0.07,11,12,2,0,0,0,0,8,0,8,0,0,1,0,0,1,2,0,9,10,0,0,False
3687,microsoft/azure-maven-plugins,a8664c05e9811078ae2517f165b51883d7e5cb9b,com/microsoft/azure/maven/webapp/handlers/WindowsRuntimeHandlerImplTest.java,47,5,10,70,0.04,2,5,0,0,0,0,0,2,0,0,0,0,0,0,0,0,0,0,0,2,0,0,False
3688,microsoft/azure-maven-plugins,a8664c05e9811078ae2517f165b51883d7e5cb9b,com/microsoft/azure/maven/webapp/parser/ConfigurationParserTest.java,118,15,32,39,0.21,25,5,3,0,0,0,0,3,0,0,0,0,0,0,0,0,0,0,0,3,0,0,False
3689,microsoft/azure-maven-plugins,a8664c05e9811078ae2517f165b51883d7e5cb9b,com/microsoft/azure/maven/webapp/parser/V1ConfigurationParserTest.java,114,9,22,56,0.21,24,9,8,0,0,0,0,6,0,0,0,0,0,0,0,0,0,0,0,8,0,0,False
3690,microsoft/azure-maven-plugins,a8664c05e9811078ae2517f165b51883d7e5cb9b,com/microsoft/azure/maven/webapp/parser/V2ConfigurationParserTest.java,146,10,22,68,0.19,28,10,9,0,0,0,0,6,0,0,0,0,0,0,0,1,0,0,0,9,0,0,False
3691,microsoft/azure-maven-plugins,a8664c05e9811078ae2517f165b51883d7e5cb9b,com/microsoft/azure/maven/webapp/WebAppUtilsTest.java,162,11,26,96,0.06,10,11,2,0,0,0,0,10,0,0,0,0,0,0,0,0,0,0,0,11,0,0,False
3692,microsoft/azure-maven-plugins,acc92307975efe1040b97d2a137288c25609d696,com/microsoft/azure/maven/function/AddMojoTest.java,44,7,15,24,0.11,5,7,1,0,0,0,0,6,0,1,0,0,0,0,0,0,0,0,2,6,0,0,False
3693,microsoft/azure-maven-plugins,acc92307975efe1040b97d2a137288c25609d696,com/microsoft/azure/maven/function/DeployMojoTest.java,159,18,48,149,0.08,13,18,4,0,0,0,0,15,15,0,0,0,0,0,0,0,7,0,0,15,0,0,False
3694,microsoft/azure-maven-plugins,acc92307975efe1040b97d2a137288c25609d696,com/microsoft/azure/maven/function/ListMojoTest.java,22,2,6,14,0.05,1,2,0,0,0,0,0,1,0,0,0,0,0,0,0,0,1,0,0,1,0,0,False
3695,microsoft/azure-maven-plugins,acc92307975efe1040b97d2a137288c25609d696,com/microsoft/azure/maven/function/PackageMojoTest.java,40,5,14,39,0.1,4,5,1,0,0,0,0,4,0,0,0,0,1,0,0,0,2,0,0,4,0,0,False
3696,microsoft/azure-maven-plugins,acc92307975efe1040b97d2a137288c25609d696,com/microsoft/azure/maven/function/RunMojoTest.java,57,8,20,60,0.07,4,8,1,0,0,0,0,7,0,0,0,0,0,0,0,0,1,0,0,7,0,0,False
3697,microsoft/azure-maven-plugins,acc92307975efe1040b97d2a137288c25609d696,com/microsoft/azure/maven/function/handlers/AnnotationHandlerImplTest.java,76,7,17,13,0.04,3,7,1,0,0,0,0,2,0,0,0,0,0,0,0,0,0,0,0,2,0,0,False
3698,microsoft/azure-maven-plugins,acc92307975efe1040b97d2a137288c25609d696,com/microsoft/azure/maven/function/handlers/CommandHandlerImplTest.java,20,3,4,14,0.15,3,3,1,0,0,0,0,1,0,0,0,0,0,0,0,0,0,0,0,3,0,0,False
3699,microsoft/azure-maven-plugins,acc92307975efe1040b97d2a137288c25609d696,com/microsoft/azure/maven/function/handlers/FunctionCoreToolsHandlerImplTest.java,76,7,18,83,0.03,2,7,0,0,0,0,0,6,0,0,0,0,0,0,0,0,3,0,0,7,0,0,False
3700,microsoft/azure-maven-plugins,acc92307975efe1040b97d2a137288c25609d696,com/microsoft/azure/maven/function/handlers/MSDeployArtifactHandlerImplTest.java,122,9,21,101,0.03,4,9,0,0,0,0,0,7,0,3,0,0,0,0,0,0,3,0,2,7,0,0,False
3701,microsoft/azure-maven-plugins,acc92307975efe1040b97d2a137288c25609d696,com/microsoft/azure/maven/function/utils/CommandUtilsTest.java,12,3,4,9,0.33,4,3,1,0,0,0,0,1,0,0,0,0,0,0,0,0,0,0,0,3,0,0,False
3702,microsoft/azure-maven-plugins,acc92307975efe1040b97d2a137288c25609d696,com/microsoft/azure/maven/AbstractAppServiceMojoTest.java,17,2,3,10,0.06,1,1,0,0,0,0,0,0,0,0,0,0,1,0,0,0,0,0,0,1,0,0,False
3703,microsoft/azure-maven-plugins,acc92307975efe1040b97d2a137288c25609d696,com/microsoft/azure/maven/AbstractAzureMojoTest.java,113,19,38,59,0.27,30,18,4,0,0,0,0,14,0,0,0,0,0,0,0,0,2,0,1,17,0,0,False
3704,microsoft/azure-maven-plugins,acc92307975efe1040b97d2a137288c25609d696,com/microsoft/azure/maven/FTPUploaderTest.java,49,4,11,23,0.04,2,4,0,0,0,0,0,3,0,0,0,0,0,0,0,0,1,0,0,3,0,0,False
3705,microsoft/azure-maven-plugins,acc92307975efe1040b97d2a137288c25609d696,com/microsoft/azure/maven/UtilsTest.java,44,4,8,27,0.18,8,4,2,0,0,0,0,1,0,0,0,0,0,0,0,1,1,0,0,3,0,0,False
3706,microsoft/azure-maven-plugins,acc92307975efe1040b97d2a137288c25609d696,com/microsoft/azure/maven/artifacthandler/ArtifactHandlerBaseTest.java,51,8,18,40,0.0,0,5,0,0,0,0,0,4,0,0,0,0,0,0,0,0,1,0,0,4,0,0,False
3707,microsoft/azure-maven-plugins,acc92307975efe1040b97d2a137288c25609d696,com/microsoft/azure/maven/artifacthandler/FTPArtifactHandlerImplTest.java,96,7,16,75,0.03,3,7,1,0,0,0,0,4,0,0,0,0,0,0,0,1,4,0,0,5,0,0,False
3708,microsoft/azure-maven-plugins,acc92307975efe1040b97d2a137288c25609d696,com/microsoft/azure/maven/artifacthandler/ZIPArtifactHandlerImplTest.java,73,7,14,55,0.04,3,7,0,0,0,0,0,3,0,3,0,0,0,0,0,0,1,0,3,5,0,0,False
3709,microsoft/azure-maven-plugins,acc92307975efe1040b97d2a137288c25609d696,com/microsoft/azure/maven/auth/AzureAuthHelperTest.java,183,12,24,110,0.17,31,12,5,0,0,0,0,3,0,0,0,0,0,0,0,3,0,0,0,11,0,0,False
3710,microsoft/azure-maven-plugins,acc92307975efe1040b97d2a137288c25609d696,com/microsoft/azure/maven/webapp/DeployMojoTest.java,147,22,57,102,0.18,26,16,3,0,0,0,0,12,0,0,0,0,0,0,0,0,0,0,0,12,0,0,False
3711,microsoft/azure-maven-plugins,acc92307975efe1040b97d2a137288c25609d696,com/microsoft/azure/maven/webapp/handlers/ArtifactHandlerImplV2Test.java,147,10,28,122,0.0,0,10,0,0,0,0,0,8,0,4,0,0,0,0,0,0,3,0,6,8,0,0,False
3712,microsoft/azure-maven-plugins,acc92307975efe1040b97d2a137288c25609d696,com/microsoft/azure/maven/webapp/handlers/DeploymentSlotHandlerTest.java,93,9,24,74,0.0,0,9,0,0,0,0,0,8,0,0,0,0,0,0,0,0,4,0,0,8,0,0,False
3713,microsoft/azure-maven-plugins,acc92307975efe1040b97d2a137288c25609d696,com/microsoft/azure/maven/webapp/handlers/HandlerFactoryImplTest.java,92,8,21,57,0.15,14,8,3,0,0,0,0,7,0,0,0,0,0,0,0,0,0,0,0,7,0,0,False
3714,microsoft/azure-maven-plugins,acc92307975efe1040b97d2a137288c25609d696,com/microsoft/azure/maven/webapp/handlers/JarArtifactHandlerImplTest.java,70,11,23,54,0.04,3,11,1,0,0,0,2,7,0,3,0,0,0,0,0,1,4,0,4,9,0,0,False
3715,microsoft/azure-maven-plugins,acc92307975efe1040b97d2a137288c25609d696,com/microsoft/azure/maven/webapp/handlers/LinuxRuntimeHandlerImplTest.java,42,5,10,62,0.05,2,5,0,0,0,0,0,2,0,0,0,0,0,0,0,0,0,0,0,2,0,0,False
3716,microsoft/azure-maven-plugins,acc92307975efe1040b97d2a137288c25609d696,com/microsoft/azure/maven/webapp/handlers/NullRuntimeHandlerImplTest.java,22,3,7,5,0.09,2,3,0,0,0,0,0,1,0,0,0,0,0,0,0,0,0,0,0,2,0,0,False
3717,microsoft/azure-maven-plugins,acc92307975efe1040b97d2a137288c25609d696,com/microsoft/azure/maven/webapp/handlers/PrivateDockerHubRuntimeHandlerImplTest.java,57,5,10,82,0.0,0,5,0,0,0,0,0,2,0,0,0,0,0,0,0,0,2,0,0,2,0,0,False
3718,microsoft/azure-maven-plugins,acc92307975efe1040b97d2a137288c25609d696,com/microsoft/azure/maven/webapp/handlers/PrivateRegistryRuntimeHandlerImplTest.java,58,5,10,83,0.0,0,5,0,0,0,0,0,2,0,0,0,0,0,0,0,0,2,0,0,2,0,0,False
3719,microsoft/azure-maven-plugins,acc92307975efe1040b97d2a137288c25609d696,com/microsoft/azure/maven/webapp/handlers/PublicDockerHubRuntimeHandlerImplTest.java,42,5,10,70,0.0,0,5,0,0,0,0,0,2,0,0,0,0,0,0,0,0,2,0,0,2,0,0,False
3720,microsoft/azure-maven-plugins,acc92307975efe1040b97d2a137288c25609d696,com/microsoft/azure/maven/webapp/handlers/SettingsHandlerImplTest.java,24,3,9,17,0.0,0,3,0,0,0,0,0,2,0,0,0,0,0,0,0,0,2,0,0,2,0,0,False
3721,microsoft/azure-maven-plugins,acc92307975efe1040b97d2a137288c25609d696,com/microsoft/azure/maven/webapp/handlers/WarArtifactHandlerImplTest.java,149,12,26,121,0.07,11,12,2,0,0,0,0,8,0,8,0,0,1,0,0,1,2,0,9,10,0,0,False
3722,microsoft/azure-maven-plugins,acc92307975efe1040b97d2a137288c25609d696,com/microsoft/azure/maven/webapp/handlers/WindowsRuntimeHandlerImplTest.java,47,5,10,70,0.04,2,5,0,0,0,0,0,2,0,0,0,0,0,0,0,0,0,0,0,2,0,0,False
3723,microsoft/azure-maven-plugins,acc92307975efe1040b97d2a137288c25609d696,com/microsoft/azure/maven/webapp/parser/ConfigurationParserTest.java,118,15,32,39,0.21,25,5,3,0,0,0,0,3,0,0,0,0,0,0,0,0,0,0,0,3,0,0,False
3724,microsoft/azure-maven-plugins,acc92307975efe1040b97d2a137288c25609d696,com/microsoft/azure/maven/webapp/parser/V1ConfigurationParserTest.java,114,9,22,56,0.21,24,9,8,0,0,0,0,6,0,0,0,0,0,0,0,0,0,0,0,8,0,0,False
3725,microsoft/azure-maven-plugins,acc92307975efe1040b97d2a137288c25609d696,com/microsoft/azure/maven/webapp/parser/V2ConfigurationParserTest.java,146,10,22,68,0.19,28,10,9,0,0,0,0,6,0,0,0,0,0,0,0,1,0,0,0,9,0,0,False
3726,microsoft/azure-maven-plugins,acc92307975efe1040b97d2a137288c25609d696,com/microsoft/azure/maven/webapp/WebAppUtilsTest.java,162,11,26,96,0.06,10,11,2,0,0,0,0,10,0,0,0,0,0,0,0,0,0,0,0,11,0,0,False
3727,microsoft/azure-maven-plugins,89ff204cfb6b52f129a2e8795f3992f7e7f78979,com/microsoft/azure/maven/function/AddMojoTest.java,44,7,15,24,0.11,5,7,1,0,0,0,0,6,0,1,0,0,0,0,0,0,0,0,2,6,0,0,False
3728,microsoft/azure-maven-plugins,89ff204cfb6b52f129a2e8795f3992f7e7f78979,com/microsoft/azure/maven/function/DeployMojoTest.java,159,18,48,149,0.08,13,18,4,0,0,0,0,15,15,0,0,0,0,0,0,0,7,0,0,15,0,0,False
3729,microsoft/azure-maven-plugins,89ff204cfb6b52f129a2e8795f3992f7e7f78979,com/microsoft/azure/maven/function/ListMojoTest.java,22,2,6,14,0.05,1,2,0,0,0,0,0,1,0,0,0,0,0,0,0,0,1,0,0,1,0,0,False
3730,microsoft/azure-maven-plugins,89ff204cfb6b52f129a2e8795f3992f7e7f78979,com/microsoft/azure/maven/function/PackageMojoTest.java,40,5,14,39,0.1,4,5,1,0,0,0,0,4,0,0,0,0,1,0,0,0,2,0,0,4,0,0,False
3731,microsoft/azure-maven-plugins,89ff204cfb6b52f129a2e8795f3992f7e7f78979,com/microsoft/azure/maven/function/RunMojoTest.java,57,8,20,60,0.07,4,8,1,0,0,0,0,7,0,0,0,0,0,0,0,0,1,0,0,7,0,0,False
3732,microsoft/azure-maven-plugins,89ff204cfb6b52f129a2e8795f3992f7e7f78979,com/microsoft/azure/maven/function/handlers/AnnotationHandlerImplTest.java,75,7,17,13,0.04,3,7,1,0,0,0,0,2,0,0,0,0,0,0,0,0,0,0,0,2,0,0,False
3733,microsoft/azure-maven-plugins,89ff204cfb6b52f129a2e8795f3992f7e7f78979,com/microsoft/azure/maven/function/handlers/CommandHandlerImplTest.java,20,3,4,14,0.15,3,3,1,0,0,0,0,1,0,0,0,0,0,0,0,0,0,0,0,3,0,0,False
3734,microsoft/azure-maven-plugins,89ff204cfb6b52f129a2e8795f3992f7e7f78979,com/microsoft/azure/maven/function/handlers/FunctionCoreToolsHandlerImplTest.java,76,7,18,83,0.03,2,7,0,0,0,0,0,6,0,0,0,0,0,0,0,0,3,0,0,7,0,0,False
3735,microsoft/azure-maven-plugins,89ff204cfb6b52f129a2e8795f3992f7e7f78979,com/microsoft/azure/maven/function/handlers/MSDeployArtifactHandlerImplTest.java,122,9,21,101,0.03,4,9,0,0,0,0,0,7,0,3,0,0,0,0,0,0,3,0,2,7,0,0,False
3736,microsoft/azure-maven-plugins,89ff204cfb6b52f129a2e8795f3992f7e7f78979,com/microsoft/azure/maven/function/utils/CommandUtilsTest.java,12,3,4,9,0.33,4,3,1,0,0,0,0,1,0,0,0,0,0,0,0,0,0,0,0,3,0,0,False
3737,microsoft/azure-maven-plugins,89ff204cfb6b52f129a2e8795f3992f7e7f78979,com/microsoft/azure/maven/AbstractAppServiceMojoTest.java,17,2,3,10,0.06,1,1,0,0,0,0,0,0,0,0,0,0,1,0,0,0,0,0,0,1,0,0,False
3738,microsoft/azure-maven-plugins,89ff204cfb6b52f129a2e8795f3992f7e7f78979,com/microsoft/azure/maven/AbstractAzureMojoTest.java,113,19,38,59,0.27,30,18,4,0,0,0,0,14,0,0,0,0,0,0,0,0,2,0,1,17,0,0,False
3739,microsoft/azure-maven-plugins,89ff204cfb6b52f129a2e8795f3992f7e7f78979,com/microsoft/azure/maven/FTPUploaderTest.java,49,4,11,23,0.04,2,4,0,0,0,0,0,3,0,0,0,0,0,0,0,0,1,0,0,3,0,0,False
3740,microsoft/azure-maven-plugins,89ff204cfb6b52f129a2e8795f3992f7e7f78979,com/microsoft/azure/maven/UtilsTest.java,44,4,8,27,0.18,8,4,2,0,0,0,0,1,0,0,0,0,0,0,0,1,1,0,0,3,0,0,False
3741,microsoft/azure-maven-plugins,89ff204cfb6b52f129a2e8795f3992f7e7f78979,com/microsoft/azure/maven/artifacthandler/ArtifactHandlerBaseTest.java,51,8,18,40,0.0,0,5,0,0,0,0,0,4,0,0,0,0,0,0,0,0,1,0,0,4,0,0,False
3742,microsoft/azure-maven-plugins,89ff204cfb6b52f129a2e8795f3992f7e7f78979,com/microsoft/azure/maven/artifacthandler/FTPArtifactHandlerImplTest.java,96,7,16,75,0.03,3,7,1,0,0,0,0,4,0,0,0,0,0,0,0,1,4,0,0,5,0,0,False
3743,microsoft/azure-maven-plugins,89ff204cfb6b52f129a2e8795f3992f7e7f78979,com/microsoft/azure/maven/artifacthandler/ZIPArtifactHandlerImplTest.java,73,7,14,55,0.04,3,7,0,0,0,0,0,3,0,3,0,0,0,0,0,0,1,0,3,5,0,0,False
3744,microsoft/azure-maven-plugins,89ff204cfb6b52f129a2e8795f3992f7e7f78979,com/microsoft/azure/maven/auth/AzureAuthHelperTest.java,183,12,24,110,0.17,31,12,5,0,0,0,0,3,0,0,0,0,0,0,0,3,0,0,0,11,0,0,False
3745,microsoft/azure-maven-plugins,89ff204cfb6b52f129a2e8795f3992f7e7f78979,com/microsoft/azure/maven/webapp/DeployMojoTest.java,147,22,57,102,0.18,26,16,3,0,0,0,0,12,0,0,0,0,0,0,0,0,0,0,0,12,0,0,False
3746,microsoft/azure-maven-plugins,89ff204cfb6b52f129a2e8795f3992f7e7f78979,com/microsoft/azure/maven/webapp/WebAppUtilsTest.java,162,11,26,96,0.06,10,11,2,0,0,0,0,10,0,0,0,0,0,0,0,0,0,0,0,11,0,0,False
3747,microsoft/azure-maven-plugins,89ff204cfb6b52f129a2e8795f3992f7e7f78979,com/microsoft/azure/maven/webapp/handlers/ArtifactHandlerImplV2Test.java,147,10,28,122,0.0,0,10,0,0,0,0,0,8,0,4,0,0,0,0,0,0,3,0,6,8,0,0,False
3748,microsoft/azure-maven-plugins,89ff204cfb6b52f129a2e8795f3992f7e7f78979,com/microsoft/azure/maven/webapp/handlers/DeploymentSlotHandlerTest.java,93,9,24,74,0.0,0,9,0,0,0,0,0,8,0,0,0,0,0,0,0,0,4,0,0,8,0,0,False
3749,microsoft/azure-maven-plugins,89ff204cfb6b52f129a2e8795f3992f7e7f78979,com/microsoft/azure/maven/webapp/handlers/HandlerFactoryImplTest.java,92,8,21,57,0.15,14,8,3,0,0,0,0,7,0,0,0,0,0,0,0,0,0,0,0,7,0,0,False
3750,microsoft/azure-maven-plugins,89ff204cfb6b52f129a2e8795f3992f7e7f78979,com/microsoft/azure/maven/webapp/handlers/JarArtifactHandlerImplTest.java,70,11,23,54,0.04,3,11,1,0,0,0,2,7,0,3,0,0,0,0,0,1,4,0,4,9,0,0,False
3751,microsoft/azure-maven-plugins,89ff204cfb6b52f129a2e8795f3992f7e7f78979,com/microsoft/azure/maven/webapp/handlers/LinuxRuntimeHandlerImplTest.java,42,5,10,62,0.05,2,5,0,0,0,0,0,2,0,0,0,0,0,0,0,0,0,0,0,2,0,0,False
3752,microsoft/azure-maven-plugins,89ff204cfb6b52f129a2e8795f3992f7e7f78979,com/microsoft/azure/maven/webapp/handlers/NullRuntimeHandlerImplTest.java,22,3,7,5,0.09,2,3,0,0,0,0,0,1,0,0,0,0,0,0,0,0,0,0,0,2,0,0,False
3753,microsoft/azure-maven-plugins,89ff204cfb6b52f129a2e8795f3992f7e7f78979,com/microsoft/azure/maven/webapp/handlers/PrivateDockerHubRuntimeHandlerImplTest.java,57,5,10,82,0.0,0,5,0,0,0,0,0,2,0,0,0,0,0,0,0,0,2,0,0,2,0,0,False
3754,microsoft/azure-maven-plugins,89ff204cfb6b52f129a2e8795f3992f7e7f78979,com/microsoft/azure/maven/webapp/handlers/PrivateRegistryRuntimeHandlerImplTest.java,58,5,10,83,0.0,0,5,0,0,0,0,0,2,0,0,0,0,0,0,0,0,2,0,0,2,0,0,False
3755,microsoft/azure-maven-plugins,89ff204cfb6b52f129a2e8795f3992f7e7f78979,com/microsoft/azure/maven/webapp/handlers/PublicDockerHubRuntimeHandlerImplTest.java,42,5,10,70,0.0,0,5,0,0,0,0,0,2,0,0,0,0,0,0,0,0,2,0,0,2,0,0,False
3756,microsoft/azure-maven-plugins,89ff204cfb6b52f129a2e8795f3992f7e7f78979,com/microsoft/azure/maven/webapp/handlers/SettingsHandlerImplTest.java,24,3,9,17,0.0,0,3,0,0,0,0,0,2,0,0,0,0,0,0,0,0,2,0,0,2,0,0,False
3757,microsoft/azure-maven-plugins,89ff204cfb6b52f129a2e8795f3992f7e7f78979,com/microsoft/azure/maven/webapp/handlers/WarArtifactHandlerImplTest.java,149,12,26,121,0.07,11,12,2,0,0,0,0,8,0,8,0,0,1,0,0,1,2,0,9,10,0,0,False
3758,microsoft/azure-maven-plugins,89ff204cfb6b52f129a2e8795f3992f7e7f78979,com/microsoft/azure/maven/webapp/handlers/WindowsRuntimeHandlerImplTest.java,47,5,10,70,0.04,2,5,0,0,0,0,0,2,0,0,0,0,0,0,0,0,0,0,0,2,0,0,False
3759,microsoft/azure-maven-plugins,89ff204cfb6b52f129a2e8795f3992f7e7f78979,com/microsoft/azure/maven/webapp/parser/ConfigurationParserTest.java,115,14,30,39,0.22,25,5,3,0,0,0,0,3,0,0,0,0,0,0,0,0,0,0,0,3,0,0,False
3760,microsoft/azure-maven-plugins,89ff204cfb6b52f129a2e8795f3992f7e7f78979,com/microsoft/azure/maven/webapp/parser/V1ConfigurationParserTest.java,114,9,22,56,0.21,24,9,8,0,0,0,0,6,0,0,0,0,0,0,0,0,0,0,0,8,0,0,False
3761,microsoft/azure-maven-plugins,89ff204cfb6b52f129a2e8795f3992f7e7f78979,com/microsoft/azure/maven/webapp/parser/V2ConfigurationParserTest.java,146,10,22,68,0.19,28,10,9,0,0,0,0,6,0,0,0,0,0,0,0,1,0,0,0,9,0,0,False
3762,microsoft/azure-maven-plugins,fd224149baf6ea2a7a213ad8ce48aac8d430d7c0,com/microsoft/azure/maven/function/AddMojoTest.java,44,7,15,24,0.11,5,7,1,0,0,0,0,6,0,1,0,0,0,0,0,0,0,0,2,6,0,0,False
3763,microsoft/azure-maven-plugins,fd224149baf6ea2a7a213ad8ce48aac8d430d7c0,com/microsoft/azure/maven/function/DeployMojoTest.java,159,18,48,149,0.08,13,18,4,0,0,0,0,15,15,0,0,0,0,0,0,0,7,0,0,15,0,0,False
3764,microsoft/azure-maven-plugins,fd224149baf6ea2a7a213ad8ce48aac8d430d7c0,com/microsoft/azure/maven/function/ListMojoTest.java,22,2,6,14,0.05,1,2,0,0,0,0,0,1,0,0,0,0,0,0,0,0,1,0,0,1,0,0,False
3765,microsoft/azure-maven-plugins,fd224149baf6ea2a7a213ad8ce48aac8d430d7c0,com/microsoft/azure/maven/function/PackageMojoTest.java,40,5,14,39,0.1,4,5,1,0,0,0,0,4,0,0,0,0,1,0,0,0,2,0,0,4,0,0,False
3766,microsoft/azure-maven-plugins,fd224149baf6ea2a7a213ad8ce48aac8d430d7c0,com/microsoft/azure/maven/function/RunMojoTest.java,57,8,20,60,0.07,4,8,1,0,0,0,0,7,0,0,0,0,0,0,0,0,1,0,0,7,0,0,False
3767,microsoft/azure-maven-plugins,fd224149baf6ea2a7a213ad8ce48aac8d430d7c0,com/microsoft/azure/maven/function/handlers/AnnotationHandlerImplTest.java,75,7,17,13,0.04,3,7,1,0,0,0,0,2,0,0,0,0,0,0,0,0,0,0,0,2,0,0,False
3768,microsoft/azure-maven-plugins,fd224149baf6ea2a7a213ad8ce48aac8d430d7c0,com/microsoft/azure/maven/function/handlers/CommandHandlerImplTest.java,20,3,4,14,0.15,3,3,1,0,0,0,0,1,0,0,0,0,0,0,0,0,0,0,0,3,0,0,False
3769,microsoft/azure-maven-plugins,fd224149baf6ea2a7a213ad8ce48aac8d430d7c0,com/microsoft/azure/maven/function/handlers/FunctionCoreToolsHandlerImplTest.java,76,7,18,83,0.03,2,7,0,0,0,0,0,6,0,0,0,0,0,0,0,0,3,0,0,7,0,0,False
3770,microsoft/azure-maven-plugins,fd224149baf6ea2a7a213ad8ce48aac8d430d7c0,com/microsoft/azure/maven/function/handlers/MSDeployArtifactHandlerImplTest.java,122,9,21,101,0.03,4,9,0,0,0,0,0,7,0,3,0,0,0,0,0,0,3,0,2,7,0,0,False
3771,microsoft/azure-maven-plugins,fd224149baf6ea2a7a213ad8ce48aac8d430d7c0,com/microsoft/azure/maven/function/utils/CommandUtilsTest.java,12,3,4,9,0.33,4,3,1,0,0,0,0,1,0,0,0,0,0,0,0,0,0,0,0,3,0,0,False
3772,microsoft/azure-maven-plugins,fd224149baf6ea2a7a213ad8ce48aac8d430d7c0,com/microsoft/azure/maven/AbstractAppServiceMojoTest.java,17,2,3,10,0.06,1,1,0,0,0,0,0,0,0,0,0,0,1,0,0,0,0,0,0,1,0,0,False
3773,microsoft/azure-maven-plugins,fd224149baf6ea2a7a213ad8ce48aac8d430d7c0,com/microsoft/azure/maven/AbstractAzureMojoTest.java,113,19,38,59,0.27,30,18,4,0,0,0,0,14,0,0,0,0,0,0,0,0,2,0,1,17,0,0,False
3774,microsoft/azure-maven-plugins,fd224149baf6ea2a7a213ad8ce48aac8d430d7c0,com/microsoft/azure/maven/FTPUploaderTest.java,49,4,11,23,0.04,2,4,0,0,0,0,0,3,0,0,0,0,0,0,0,0,1,0,0,3,0,0,False
3775,microsoft/azure-maven-plugins,fd224149baf6ea2a7a213ad8ce48aac8d430d7c0,com/microsoft/azure/maven/UtilsTest.java,44,4,8,27,0.18,8,4,2,0,0,0,0,1,0,0,0,0,0,0,0,1,1,0,0,3,0,0,False
3776,microsoft/azure-maven-plugins,fd224149baf6ea2a7a213ad8ce48aac8d430d7c0,com/microsoft/azure/maven/artifacthandler/ArtifactHandlerBaseTest.java,51,8,18,40,0.0,0,5,0,0,0,0,0,4,0,0,0,0,0,0,0,0,1,0,0,4,0,0,False
3777,microsoft/azure-maven-plugins,fd224149baf6ea2a7a213ad8ce48aac8d430d7c0,com/microsoft/azure/maven/artifacthandler/FTPArtifactHandlerImplTest.java,87,7,16,61,0.03,3,7,1,0,0,0,0,4,0,0,0,0,0,0,0,1,4,0,0,5,0,0,False
3778,microsoft/azure-maven-plugins,fd224149baf6ea2a7a213ad8ce48aac8d430d7c0,com/microsoft/azure/maven/artifacthandler/ZIPArtifactHandlerImplTest.java,73,7,14,55,0.04,3,7,0,0,0,0,0,3,0,3,0,0,0,0,0,0,1,0,3,5,0,0,False
3779,microsoft/azure-maven-plugins,fd224149baf6ea2a7a213ad8ce48aac8d430d7c0,com/microsoft/azure/maven/auth/AzureAuthHelperTest.java,183,12,24,110,0.17,31,12,5,0,0,0,0,3,0,0,0,0,0,0,0,3,0,0,0,11,0,0,False
3780,microsoft/azure-maven-plugins,fd224149baf6ea2a7a213ad8ce48aac8d430d7c0,com/microsoft/azure/maven/webapp/DeployMojoTest.java,145,22,56,99,0.17,25,16,3,0,0,0,0,12,0,0,0,0,0,0,0,0,0,0,0,12,0,0,False
3781,microsoft/azure-maven-plugins,fd224149baf6ea2a7a213ad8ce48aac8d430d7c0,com/microsoft/azure/maven/webapp/WebAppUtilsTest.java,162,11,25,96,0.06,10,11,2,0,0,0,0,9,0,0,0,0,0,0,0,0,0,0,0,11,0,0,False
3782,microsoft/azure-maven-plugins,fd224149baf6ea2a7a213ad8ce48aac8d430d7c0,com/microsoft/azure/maven/webapp/handlers/ArtifactHandlerImplV2Test.java,147,10,28,122,0.0,0,10,0,0,0,0,0,8,0,4,0,0,0,0,0,0,3,0,6,8,0,0,False
3783,microsoft/azure-maven-plugins,fd224149baf6ea2a7a213ad8ce48aac8d430d7c0,com/microsoft/azure/maven/webapp/handlers/DeploymentSlotHandlerTest.java,93,9,24,74,0.0,0,9,0,0,0,0,0,8,0,0,0,0,0,0,0,0,4,0,0,8,0,0,False
3784,microsoft/azure-maven-plugins,fd224149baf6ea2a7a213ad8ce48aac8d430d7c0,com/microsoft/azure/maven/webapp/handlers/HandlerFactoryImplTest.java,92,8,21,57,0.15,14,8,3,0,0,0,0,7,0,0,0,0,0,0,0,0,0,0,0,7,0,0,False
3785,microsoft/azure-maven-plugins,fd224149baf6ea2a7a213ad8ce48aac8d430d7c0,com/microsoft/azure/maven/webapp/handlers/JarArtifactHandlerImplTest.java,70,11,23,54,0.04,3,11,1,0,0,0,2,7,0,3,0,0,0,0,0,1,4,0,4,9,0,0,False
3786,microsoft/azure-maven-plugins,fd224149baf6ea2a7a213ad8ce48aac8d430d7c0,com/microsoft/azure/maven/webapp/handlers/LinuxRuntimeHandlerImplTest.java,42,5,10,62,0.05,2,5,0,0,0,0,0,2,0,0,0,0,0,0,0,0,0,0,0,2,0,0,False
3787,microsoft/azure-maven-plugins,fd224149baf6ea2a7a213ad8ce48aac8d430d7c0,com/microsoft/azure/maven/webapp/handlers/NullRuntimeHandlerImplTest.java,22,3,7,5,0.09,2,3,0,0,0,0,0,1,0,0,0,0,0,0,0,0,0,0,0,2,0,0,False
3788,microsoft/azure-maven-plugins,fd224149baf6ea2a7a213ad8ce48aac8d430d7c0,com/microsoft/azure/maven/webapp/handlers/PrivateDockerHubRuntimeHandlerImplTest.java,57,5,10,82,0.0,0,5,0,0,0,0,0,2,0,0,0,0,0,0,0,0,2,0,0,2,0,0,False
3789,microsoft/azure-maven-plugins,fd224149baf6ea2a7a213ad8ce48aac8d430d7c0,com/microsoft/azure/maven/webapp/handlers/PrivateRegistryRuntimeHandlerImplTest.java,58,5,10,83,0.0,0,5,0,0,0,0,0,2,0,0,0,0,0,0,0,0,2,0,0,2,0,0,False
3790,microsoft/azure-maven-plugins,fd224149baf6ea2a7a213ad8ce48aac8d430d7c0,com/microsoft/azure/maven/webapp/handlers/PublicDockerHubRuntimeHandlerImplTest.java,42,5,10,70,0.0,0,5,0,0,0,0,0,2,0,0,0,0,0,0,0,0,2,0,0,2,0,0,False
3791,microsoft/azure-maven-plugins,fd224149baf6ea2a7a213ad8ce48aac8d430d7c0,com/microsoft/azure/maven/webapp/handlers/SettingsHandlerImplTest.java,24,3,9,17,0.0,0,3,0,0,0,0,0,2,0,0,0,0,0,0,0,0,2,0,0,2,0,0,False
3792,microsoft/azure-maven-plugins,fd224149baf6ea2a7a213ad8ce48aac8d430d7c0,com/microsoft/azure/maven/webapp/handlers/WarArtifactHandlerImplTest.java,149,12,26,121,0.07,11,12,2,0,0,0,0,8,0,8,0,0,1,0,0,1,2,0,9,10,0,0,False
3793,microsoft/azure-maven-plugins,fd224149baf6ea2a7a213ad8ce48aac8d430d7c0,com/microsoft/azure/maven/webapp/handlers/WindowsRuntimeHandlerImplTest.java,47,5,10,70,0.04,2,5,0,0,0,0,0,2,0,0,0,0,0,0,0,0,0,0,0,2,0,0,False
3794,microsoft/azure-maven-plugins,fd224149baf6ea2a7a213ad8ce48aac8d430d7c0,com/microsoft/azure/maven/webapp/parser/ConfigurationParserTest.java,115,14,30,39,0.22,25,5,3,0,0,0,0,3,0,0,0,0,0,0,0,0,0,0,0,3,0,0,False
3795,microsoft/azure-maven-plugins,fd224149baf6ea2a7a213ad8ce48aac8d430d7c0,com/microsoft/azure/maven/webapp/parser/V1ConfigurationParserTest.java,114,9,22,56,0.21,24,9,8,0,0,0,0,6,0,0,0,0,0,0,0,0,0,0,0,8,0,0,False
3796,microsoft/azure-maven-plugins,fd224149baf6ea2a7a213ad8ce48aac8d430d7c0,com/microsoft/azure/maven/webapp/parser/V2ConfigurationParserTest.java,152,10,22,68,0.19,29,10,9,0,0,0,0,6,0,0,0,0,0,0,0,1,0,0,0,9,0,0,False
3797,microsoft/azure-maven-plugins,698ac69f26614d36f329295bd1784a0645a4f445,com/microsoft/azure/maven/function/AddMojoTest.java,44,7,15,24,0.11,5,7,1,0,0,0,0,6,0,1,0,0,0,0,0,0,0,0,2,6,0,0,False
3798,microsoft/azure-maven-plugins,698ac69f26614d36f329295bd1784a0645a4f445,com/microsoft/azure/maven/function/DeployMojoTest.java,153,18,48,143,0.08,13,18,4,0,0,0,0,15,15,0,0,0,0,0,0,0,7,0,0,15,0,0,False
3799,microsoft/azure-maven-plugins,698ac69f26614d36f329295bd1784a0645a4f445,com/microsoft/azure/maven/function/ListMojoTest.java,22,2,6,14,0.05,1,2,0,0,0,0,0,1,0,0,0,0,0,0,0,0,1,0,0,1,0,0,False
3800,microsoft/azure-maven-plugins,698ac69f26614d36f329295bd1784a0645a4f445,com/microsoft/azure/maven/function/PackageMojoTest.java,40,5,14,39,0.1,4,5,1,0,0,0,0,4,0,0,0,0,1,0,0,0,2,0,0,4,0,0,False
3801,microsoft/azure-maven-plugins,698ac69f26614d36f329295bd1784a0645a4f445,com/microsoft/azure/maven/function/RunMojoTest.java,59,8,20,66,0.07,4,8,1,0,0,0,0,7,0,0,0,0,0,0,0,0,1,0,0,7,0,0,False
3802,microsoft/azure-maven-plugins,698ac69f26614d36f329295bd1784a0645a4f445,com/microsoft/azure/maven/function/handlers/AnnotationHandlerImplTest.java,71,6,14,13,0.04,3,6,1,0,0,0,0,2,0,0,0,0,0,0,0,0,0,0,0,2,0,0,False
3803,microsoft/azure-maven-plugins,698ac69f26614d36f329295bd1784a0645a4f445,com/microsoft/azure/maven/function/handlers/CommandHandlerImplTest.java,20,3,4,14,0.15,3,3,1,0,0,0,0,1,0,0,0,0,0,0,0,0,0,0,0,3,0,0,False
3804,microsoft/azure-maven-plugins,698ac69f26614d36f329295bd1784a0645a4f445,com/microsoft/azure/maven/function/handlers/FunctionCoreToolsHandlerImplTest.java,79,8,20,78,0.06,5,8,0,0,0,0,0,8,0,0,0,0,0,0,0,0,3,0,0,8,0,0,False
3805,microsoft/azure-maven-plugins,698ac69f26614d36f329295bd1784a0645a4f445,com/microsoft/azure/maven/function/handlers/MSDeployArtifactHandlerImplTest.java,119,8,24,92,0.03,4,8,0,0,0,0,0,7,0,3,0,0,0,0,0,0,3,0,2,7,0,0,False
3806,microsoft/azure-maven-plugins,698ac69f26614d36f329295bd1784a0645a4f445,com/microsoft/azure/maven/function/utils/CommandUtilsTest.java,12,3,4,9,0.33,4,3,1,0,0,0,0,1,0,0,0,0,0,0,0,0,0,0,0,3,0,0,False
3807,microsoft/azure-maven-plugins,698ac69f26614d36f329295bd1784a0645a4f445,com/microsoft/azure/maven/AbstractAppServiceMojoTest.java,17,2,3,10,0.06,1,1,0,0,0,0,0,0,0,0,0,0,1,0,0,0,0,0,0,1,0,0,False
3808,microsoft/azure-maven-plugins,698ac69f26614d36f329295bd1784a0645a4f445,com/microsoft/azure/maven/AbstractAzureMojoTest.java,114,19,38,59,0.26,30,18,4,0,0,0,0,14,0,0,0,0,0,0,0,0,2,0,1,17,0,0,False
3809,microsoft/azure-maven-plugins,698ac69f26614d36f329295bd1784a0645a4f445,com/microsoft/azure/maven/FTPUploaderTest.java,49,4,11,23,0.04,2,4,0,0,0,0,0,3,0,0,0,0,0,0,0,0,1,0,0,3,0,0,False
3810,microsoft/azure-maven-plugins,698ac69f26614d36f329295bd1784a0645a4f445,com/microsoft/azure/maven/UtilsTest.java,44,4,8,27,0.18,8,4,2,0,0,0,0,1,0,0,0,0,0,0,0,1,1,0,0,3,0,0,False
3811,microsoft/azure-maven-plugins,698ac69f26614d36f329295bd1784a0645a4f445,com/microsoft/azure/maven/artifacthandler/ArtifactHandlerBaseTest.java,36,5,12,27,0.0,0,4,0,0,0,0,0,4,0,0,0,0,0,0,0,0,1,0,0,4,0,0,False
3812,microsoft/azure-maven-plugins,698ac69f26614d36f329295bd1784a0645a4f445,com/microsoft/azure/maven/artifacthandler/FTPArtifactHandlerImplTest.java,86,6,18,63,0.03,3,6,1,0,0,0,0,4,0,0,0,0,0,0,0,1,4,0,0,5,0,0,False
3813,microsoft/azure-maven-plugins,698ac69f26614d36f329295bd1784a0645a4f445,com/microsoft/azure/maven/artifacthandler/ZIPArtifactHandlerImplTest.java,62,6,18,43,0.05,3,6,0,0,0,0,0,3,0,3,0,0,0,0,0,0,1,0,3,5,0,0,False
3814,microsoft/azure-maven-plugins,698ac69f26614d36f329295bd1784a0645a4f445,com/microsoft/azure/maven/auth/AzureAuthHelperTest.java,191,12,24,110,0.16,31,12,5,0,0,0,0,3,0,0,0,0,0,0,0,3,0,0,0,11,0,0,False
3815,microsoft/azure-maven-plugins,698ac69f26614d36f329295bd1784a0645a4f445,com/microsoft/azure/maven/webapp/DeployMojoTest.java,197,27,72,162,0.13,25,21,3,0,0,0,0,17,0,0,0,0,0,0,0,0,0,0,0,17,0,0,False
3816,microsoft/azure-maven-plugins,698ac69f26614d36f329295bd1784a0645a4f445,com/microsoft/azure/maven/webapp/WebAppUtilsTest.java,162,11,25,96,0.06,10,11,2,0,0,0,0,9,0,0,0,0,0,0,0,0,0,0,0,11,0,0,False
3817,microsoft/azure-maven-plugins,698ac69f26614d36f329295bd1784a0645a4f445,com/microsoft/azure/maven/webapp/handlers/DeploymentSlotHandlerTest.java,97,9,24,79,0.0,0,9,0,0,0,0,0,8,0,0,0,0,0,0,0,0,4,0,0,8,0,0,False
3818,microsoft/azure-maven-plugins,698ac69f26614d36f329295bd1784a0645a4f445,com/microsoft/azure/maven/webapp/handlers/HandlerFactoryImplTest.java,91,8,21,46,0.14,13,8,3,0,0,0,0,7,0,0,0,0,0,0,0,0,0,0,0,7,0,0,False
3819,microsoft/azure-maven-plugins,698ac69f26614d36f329295bd1784a0645a4f445,com/microsoft/azure/maven/webapp/handlers/SettingsHandlerImplTest.java,24,3,9,17,0.0,0,3,0,0,0,0,0,2,0,0,0,0,0,0,0,0,2,0,0,2,0,0,False
3820,microsoft/azure-maven-plugins,698ac69f26614d36f329295bd1784a0645a4f445,com/microsoft/azure/maven/webapp/handlers/v1/JarArtifactHandlerImplTest.java,65,10,22,44,0.03,2,10,1,0,0,0,2,7,9,3,0,0,0,0,0,1,4,0,4,9,0,0,False
3821,microsoft/azure-maven-plugins,698ac69f26614d36f329295bd1784a0645a4f445,com/microsoft/azure/maven/webapp/handlers/v1/LinuxRuntimeHandlerImplTest.java,20,2,5,15,0.05,1,2,0,0,0,0,0,1,0,0,0,0,0,0,0,0,0,0,0,1,0,0,False
3822,microsoft/azure-maven-plugins,698ac69f26614d36f329295bd1784a0645a4f445,com/microsoft/azure/maven/webapp/handlers/v1/NullRuntimeHandlerImplTest.java,26,3,8,9,0.08,2,3,0,0,0,0,0,2,0,0,0,0,0,0,0,0,0,0,0,2,0,0,False
3823,microsoft/azure-maven-plugins,698ac69f26614d36f329295bd1784a0645a4f445,com/microsoft/azure/maven/webapp/handlers/v1/PrivateDockerHubRuntimeHandlerImplTest.java,31,3,8,18,0.0,0,3,0,0,0,0,1,2,1,0,0,0,0,0,0,0,2,0,0,2,0,0,False
3824,microsoft/azure-maven-plugins,698ac69f26614d36f329295bd1784a0645a4f445,com/microsoft/azure/maven/webapp/handlers/v1/PrivateRegistryRuntimeHandlerImplTest.java,31,3,8,18,0.0,0,3,0,0,0,0,1,2,1,0,0,0,0,0,0,0,2,0,0,2,0,0,False
3825,microsoft/azure-maven-plugins,698ac69f26614d36f329295bd1784a0645a4f445,com/microsoft/azure/maven/webapp/handlers/v1/PublicDockerHubRuntimeHandlerImplTest.java,24,3,8,15,0.0,0,3,0,0,0,0,1,2,1,0,0,0,0,0,0,0,2,0,0,2,0,0,False
3826,microsoft/azure-maven-plugins,698ac69f26614d36f329295bd1784a0645a4f445,com/microsoft/azure/maven/webapp/handlers/v1/WarArtifactHandlerImplTest.java,130,11,25,104,0.08,11,11,2,0,0,0,0,8,10,8,0,0,1,0,0,1,2,0,9,10,0,0,False
3827,microsoft/azure-maven-plugins,698ac69f26614d36f329295bd1784a0645a4f445,com/microsoft/azure/maven/webapp/handlers/v1/WindowsRuntimeHandlerImplTest.java,24,3,8,15,0.04,1,3,0,0,0,0,1,2,1,0,0,0,0,0,0,0,1,0,0,2,0,0,False
3828,microsoft/azure-maven-plugins,06235edb69321e95207ac94eb70cb74bea09bcc1,com/microsoft/azure/maven/function/AddMojoTest.java,44,7,15,24,0.11,5,7,1,0,0,0,0,6,0,1,0,0,0,0,0,0,0,0,2,6,0,0,False
3829,microsoft/azure-maven-plugins,06235edb69321e95207ac94eb70cb74bea09bcc1,com/microsoft/azure/maven/function/DeployMojoTest.java,153,18,48,143,0.08,13,18,4,0,0,0,0,15,15,0,0,0,0,0,0,0,7,0,0,15,0,0,False
3830,microsoft/azure-maven-plugins,06235edb69321e95207ac94eb70cb74bea09bcc1,com/microsoft/azure/maven/function/ListMojoTest.java,22,2,6,14,0.05,1,2,0,0,0,0,0,1,0,0,0,0,0,0,0,0,1,0,0,1,0,0,False
3831,microsoft/azure-maven-plugins,06235edb69321e95207ac94eb70cb74bea09bcc1,com/microsoft/azure/maven/function/PackageMojoTest.java,40,5,14,39,0.1,4,5,1,0,0,0,0,4,0,0,0,0,1,0,0,0,2,0,0,4,0,0,False
3832,microsoft/azure-maven-plugins,06235edb69321e95207ac94eb70cb74bea09bcc1,com/microsoft/azure/maven/function/RunMojoTest.java,59,8,20,64,0.07,4,8,1,0,0,0,0,7,0,0,0,0,0,0,0,0,1,0,0,7,0,0,False
3833,microsoft/azure-maven-plugins,06235edb69321e95207ac94eb70cb74bea09bcc1,com/microsoft/azure/maven/function/handlers/AnnotationHandlerImplTest.java,71,6,14,13,0.04,3,6,1,0,0,0,0,2,0,0,0,0,0,0,0,0,0,0,0,2,0,0,False
3834,microsoft/azure-maven-plugins,06235edb69321e95207ac94eb70cb74bea09bcc1,com/microsoft/azure/maven/function/handlers/CommandHandlerImplTest.java,20,3,4,14,0.15,3,3,1,0,0,0,0,1,0,0,0,0,0,0,0,0,0,0,0,3,0,0,False
3835,microsoft/azure-maven-plugins,06235edb69321e95207ac94eb70cb74bea09bcc1,com/microsoft/azure/maven/function/handlers/FunctionCoreToolsHandlerImplTest.java,79,8,20,78,0.06,5,8,0,0,0,0,0,8,0,0,0,0,0,0,0,0,3,0,0,8,0,0,False
3836,microsoft/azure-maven-plugins,06235edb69321e95207ac94eb70cb74bea09bcc1,com/microsoft/azure/maven/function/handlers/MSDeployArtifactHandlerImplTest.java,119,8,24,92,0.03,4,8,0,0,0,0,0,7,0,3,0,0,0,0,0,0,3,0,2,7,0,0,False
3837,microsoft/azure-maven-plugins,06235edb69321e95207ac94eb70cb74bea09bcc1,com/microsoft/azure/maven/function/utils/CommandUtilsTest.java,12,3,4,9,0.33,4,3,1,0,0,0,0,1,0,0,0,0,0,0,0,0,0,0,0,3,0,0,False
3838,microsoft/azure-maven-plugins,06235edb69321e95207ac94eb70cb74bea09bcc1,com/microsoft/azure/maven/AbstractAppServiceMojoTest.java,17,2,3,10,0.06,1,1,0,0,0,0,0,0,0,0,0,0,1,0,0,0,0,0,0,1,0,0,False
3839,microsoft/azure-maven-plugins,06235edb69321e95207ac94eb70cb74bea09bcc1,com/microsoft/azure/maven/AbstractAzureMojoTest.java,114,19,38,59,0.26,30,18,4,0,0,0,0,14,0,0,0,0,0,0,0,0,2,0,1,17,0,0,False
3840,microsoft/azure-maven-plugins,06235edb69321e95207ac94eb70cb74bea09bcc1,com/microsoft/azure/maven/FTPUploaderTest.java,49,4,11,23,0.04,2,4,0,0,0,0,0,3,0,0,0,0,0,0,0,0,1,0,0,3,0,0,False
3841,microsoft/azure-maven-plugins,06235edb69321e95207ac94eb70cb74bea09bcc1,com/microsoft/azure/maven/UtilsTest.java,44,4,8,27,0.18,8,4,2,0,0,0,0,1,0,0,0,0,0,0,0,1,1,0,0,3,0,0,False
3842,microsoft/azure-maven-plugins,06235edb69321e95207ac94eb70cb74bea09bcc1,com/microsoft/azure/maven/artifacthandler/ArtifactHandlerBaseTest.java,36,5,12,27,0.0,0,4,0,0,0,0,0,4,0,0,0,0,0,0,0,0,1,0,0,4,0,0,False
3843,microsoft/azure-maven-plugins,06235edb69321e95207ac94eb70cb74bea09bcc1,com/microsoft/azure/maven/artifacthandler/FTPArtifactHandlerImplTest.java,86,6,18,63,0.03,3,6,1,0,0,0,0,4,0,0,0,0,0,0,0,1,4,0,0,5,0,0,False
3844,microsoft/azure-maven-plugins,06235edb69321e95207ac94eb70cb74bea09bcc1,com/microsoft/azure/maven/artifacthandler/ZIPArtifactHandlerImplTest.java,62,6,18,43,0.05,3,6,0,0,0,0,0,3,0,3,0,0,0,0,0,0,1,0,3,5,0,0,False
3845,microsoft/azure-maven-plugins,06235edb69321e95207ac94eb70cb74bea09bcc1,com/microsoft/azure/maven/auth/AzureAuthHelperTest.java,191,12,24,110,0.16,31,12,5,0,0,0,0,3,0,0,0,0,0,0,0,3,0,0,0,11,0,0,False
3846,microsoft/azure-maven-plugins,06235edb69321e95207ac94eb70cb74bea09bcc1,com/microsoft/azure/maven/webapp/DeployMojoTest.java,197,27,72,162,0.13,25,21,3,0,0,0,0,17,0,0,0,0,0,0,0,0,0,0,0,17,0,0,False
3847,microsoft/azure-maven-plugins,06235edb69321e95207ac94eb70cb74bea09bcc1,com/microsoft/azure/maven/webapp/WebAppUtilsTest.java,162,11,25,96,0.06,10,11,2,0,0,0,0,9,0,0,0,0,0,0,0,0,0,0,0,11,0,0,False
3848,microsoft/azure-maven-plugins,06235edb69321e95207ac94eb70cb74bea09bcc1,com/microsoft/azure/maven/webapp/handlers/DeploymentSlotHandlerTest.java,97,9,24,79,0.0,0,9,0,0,0,0,0,8,0,0,0,0,0,0,0,0,4,0,0,8,0,0,False
3849,microsoft/azure-maven-plugins,06235edb69321e95207ac94eb70cb74bea09bcc1,com/microsoft/azure/maven/webapp/handlers/HandlerFactoryImplTest.java,91,8,21,46,0.14,13,8,3,0,0,0,0,7,0,0,0,0,0,0,0,0,0,0,0,7,0,0,False
3850,microsoft/azure-maven-plugins,06235edb69321e95207ac94eb70cb74bea09bcc1,com/microsoft/azure/maven/webapp/handlers/SettingsHandlerImplTest.java,24,3,9,17,0.0,0,3,0,0,0,0,0,2,0,0,0,0,0,0,0,0,2,0,0,2,0,0,False
3851,microsoft/azure-maven-plugins,06235edb69321e95207ac94eb70cb74bea09bcc1,com/microsoft/azure/maven/webapp/handlers/v1/JarArtifactHandlerImplTest.java,65,10,22,44,0.03,2,10,1,0,0,0,2,7,9,3,0,0,0,0,0,1,4,0,4,9,0,0,False
3852,microsoft/azure-maven-plugins,06235edb69321e95207ac94eb70cb74bea09bcc1,com/microsoft/azure/maven/webapp/handlers/v1/LinuxRuntimeHandlerImplTest.java,20,2,5,15,0.05,1,2,0,0,0,0,0,1,0,0,0,0,0,0,0,0,0,0,0,1,0,0,False
3853,microsoft/azure-maven-plugins,06235edb69321e95207ac94eb70cb74bea09bcc1,com/microsoft/azure/maven/webapp/handlers/v1/NullRuntimeHandlerImplTest.java,26,3,8,9,0.08,2,3,0,0,0,0,0,2,0,0,0,0,0,0,0,0,0,0,0,2,0,0,False
3854,microsoft/azure-maven-plugins,06235edb69321e95207ac94eb70cb74bea09bcc1,com/microsoft/azure/maven/webapp/handlers/v1/PrivateDockerHubRuntimeHandlerImplTest.java,31,3,8,18,0.0,0,3,0,0,0,0,1,2,1,0,0,0,0,0,0,0,2,0,0,2,0,0,False
3855,microsoft/azure-maven-plugins,06235edb69321e95207ac94eb70cb74bea09bcc1,com/microsoft/azure/maven/webapp/handlers/v1/PrivateRegistryRuntimeHandlerImplTest.java,31,3,8,18,0.0,0,3,0,0,0,0,1,2,1,0,0,0,0,0,0,0,2,0,0,2,0,0,False
3856,microsoft/azure-maven-plugins,06235edb69321e95207ac94eb70cb74bea09bcc1,com/microsoft/azure/maven/webapp/handlers/v1/PublicDockerHubRuntimeHandlerImplTest.java,24,3,8,15,0.0,0,3,0,0,0,0,1,2,1,0,0,0,0,0,0,0,2,0,0,2,0,0,False
3857,microsoft/azure-maven-plugins,06235edb69321e95207ac94eb70cb74bea09bcc1,com/microsoft/azure/maven/webapp/handlers/v1/WarArtifactHandlerImplTest.java,130,11,25,104,0.08,11,11,2,0,0,0,0,8,10,8,0,0,1,0,0,1,2,0,9,10,0,0,False
3858,microsoft/azure-maven-plugins,06235edb69321e95207ac94eb70cb74bea09bcc1,com/microsoft/azure/maven/webapp/handlers/v1/WindowsRuntimeHandlerImplTest.java,24,3,8,15,0.04,1,3,0,0,0,0,1,2,1,0,0,0,0,0,0,0,1,0,0,2,0,0,False
3859,microsoft/azure-maven-plugins,01e1451e8ebaaea5586481c1789990d11de6680a,com/microsoft/azure/maven/function/AddMojoTest.java,44,7,15,24,0.11,5,7,1,0,0,0,0,6,0,1,0,0,0,0,0,0,0,0,2,6,0,0,False
3860,microsoft/azure-maven-plugins,01e1451e8ebaaea5586481c1789990d11de6680a,com/microsoft/azure/maven/function/DeployMojoTest.java,152,18,48,142,0.09,13,18,4,0,0,0,0,15,15,0,0,0,0,0,0,0,7,0,0,15,0,0,False
3861,microsoft/azure-maven-plugins,01e1451e8ebaaea5586481c1789990d11de6680a,com/microsoft/azure/maven/function/ListMojoTest.java,22,2,6,14,0.05,1,2,0,0,0,0,0,1,0,0,0,0,0,0,0,0,1,0,0,1,0,0,False
3862,microsoft/azure-maven-plugins,01e1451e8ebaaea5586481c1789990d11de6680a,com/microsoft/azure/maven/function/PackageMojoTest.java,40,5,14,39,0.1,4,5,1,0,0,0,0,4,0,0,0,0,1,0,0,0,2,0,0,4,0,0,False
3863,microsoft/azure-maven-plugins,01e1451e8ebaaea5586481c1789990d11de6680a,com/microsoft/azure/maven/function/RunMojoTest.java,59,8,20,64,0.07,4,8,1,0,0,0,0,7,0,0,0,0,0,0,0,0,1,0,0,7,0,0,False
3864,microsoft/azure-maven-plugins,01e1451e8ebaaea5586481c1789990d11de6680a,com/microsoft/azure/maven/function/handlers/AnnotationHandlerImplTest.java,72,6,14,15,0.06,4,6,1,0,0,0,0,2,0,0,0,0,0,0,0,0,0,0,0,2,0,0,False
3865,microsoft/azure-maven-plugins,01e1451e8ebaaea5586481c1789990d11de6680a,com/microsoft/azure/maven/function/handlers/CommandHandlerImplTest.java,20,3,4,14,0.15,3,3,1,0,0,0,0,1,0,0,0,0,0,0,0,0,0,0,0,3,0,0,False
3866,microsoft/azure-maven-plugins,01e1451e8ebaaea5586481c1789990d11de6680a,com/microsoft/azure/maven/function/handlers/FunctionCoreToolsHandlerImplTest.java,79,8,20,78,0.06,5,8,0,0,0,0,0,8,0,0,0,0,0,0,0,0,3,0,0,8,0,0,False
3867,microsoft/azure-maven-plugins,01e1451e8ebaaea5586481c1789990d11de6680a,com/microsoft/azure/maven/function/handlers/MSDeployArtifactHandlerImplTest.java,119,8,24,92,0.03,4,8,0,0,0,0,0,7,0,3,0,0,0,0,0,0,3,0,2,7,0,0,False
3868,microsoft/azure-maven-plugins,01e1451e8ebaaea5586481c1789990d11de6680a,com/microsoft/azure/maven/function/utils/CommandUtilsTest.java,12,3,4,9,0.33,4,3,1,0,0,0,0,1,0,0,0,0,0,0,0,0,0,0,0,3,0,0,False
3869,microsoft/azure-maven-plugins,01e1451e8ebaaea5586481c1789990d11de6680a,com/microsoft/azure/maven/AbstractAppServiceMojoTest.java,17,2,3,10,0.06,1,1,0,0,0,0,0,0,0,0,0,0,1,0,0,0,0,0,0,1,0,0,False
3870,microsoft/azure-maven-plugins,01e1451e8ebaaea5586481c1789990d11de6680a,com/microsoft/azure/maven/AbstractAzureMojoTest.java,114,19,38,59,0.26,30,18,4,0,0,0,0,14,0,0,0,0,0,0,0,0,2,0,1,17,0,0,False
3871,microsoft/azure-maven-plugins,01e1451e8ebaaea5586481c1789990d11de6680a,com/microsoft/azure/maven/FTPUploaderTest.java,49,4,11,23,0.04,2,4,0,0,0,0,0,3,0,0,0,0,0,0,0,0,1,0,0,3,0,0,False
3872,microsoft/azure-maven-plugins,01e1451e8ebaaea5586481c1789990d11de6680a,com/microsoft/azure/maven/UtilsTest.java,44,4,8,27,0.18,8,4,2,0,0,0,0,1,0,0,0,0,0,0,0,1,1,0,0,3,0,0,False
3873,microsoft/azure-maven-plugins,01e1451e8ebaaea5586481c1789990d11de6680a,com/microsoft/azure/maven/artifacthandler/ArtifactHandlerBaseTest.java,32,4,9,25,0.0,0,3,0,0,0,0,0,3,0,0,0,0,0,0,0,0,1,0,0,3,0,0,False
3874,microsoft/azure-maven-plugins,01e1451e8ebaaea5586481c1789990d11de6680a,com/microsoft/azure/maven/artifacthandler/FTPArtifactHandlerImplTest.java,86,6,18,63,0.03,3,6,1,0,0,0,0,4,0,0,0,0,0,0,0,1,4,0,0,5,0,0,False
3875,microsoft/azure-maven-plugins,01e1451e8ebaaea5586481c1789990d11de6680a,com/microsoft/azure/maven/artifacthandler/ZIPArtifactHandlerImplTest.java,48,5,14,36,0.04,2,5,0,0,0,0,0,2,0,3,0,0,0,0,0,0,1,0,3,4,0,0,False
3876,microsoft/azure-maven-plugins,01e1451e8ebaaea5586481c1789990d11de6680a,com/microsoft/azure/maven/auth/AzureAuthHelperTest.java,191,12,24,110,0.16,31,12,5,0,0,0,0,3,0,0,0,0,0,0,0,3,0,0,0,11,0,0,False
3877,microsoft/azure-maven-plugins,01e1451e8ebaaea5586481c1789990d11de6680a,com/microsoft/azure/maven/webapp/DeployMojoTest.java,197,27,72,162,0.13,25,21,3,0,0,0,0,17,0,0,0,0,0,0,0,0,0,0,0,17,0,0,False
3878,microsoft/azure-maven-plugins,01e1451e8ebaaea5586481c1789990d11de6680a,com/microsoft/azure/maven/webapp/WebAppUtilsTest.java,184,11,27,106,0.05,10,11,2,0,0,0,0,11,0,0,0,0,0,0,0,0,0,0,0,11,0,0,False
3879,microsoft/azure-maven-plugins,01e1451e8ebaaea5586481c1789990d11de6680a,com/microsoft/azure/maven/webapp/handlers/DeploymentSlotHandlerTest.java,97,9,24,79,0.0,0,9,0,0,0,0,0,8,0,0,0,0,0,0,0,0,4,0,0,8,0,0,False
3880,microsoft/azure-maven-plugins,01e1451e8ebaaea5586481c1789990d11de6680a,com/microsoft/azure/maven/webapp/handlers/HandlerFactoryImplTest.java,59,4,9,17,0.17,10,4,3,0,0,0,0,3,0,0,0,0,0,0,0,0,0,0,0,3,0,0,False
3881,microsoft/azure-maven-plugins,01e1451e8ebaaea5586481c1789990d11de6680a,com/microsoft/azure/maven/webapp/handlers/JarArtifactHandlerImplTest.java,65,10,22,44,0.03,2,10,1,0,0,0,2,7,9,3,0,0,0,0,0,1,4,0,4,9,0,0,False
3882,microsoft/azure-maven-plugins,01e1451e8ebaaea5586481c1789990d11de6680a,com/microsoft/azure/maven/webapp/handlers/JavaRuntimeHandlerImplTest.java,24,3,8,15,0.04,1,3,0,0,0,0,1,2,1,0,0,0,0,0,0,0,1,0,0,2,0,0,False
3883,microsoft/azure-maven-plugins,01e1451e8ebaaea5586481c1789990d11de6680a,com/microsoft/azure/maven/webapp/handlers/LinuxRuntimeHandlerImplTest.java,20,2,5,15,0.05,1,2,0,0,0,0,0,1,0,0,0,0,0,0,0,0,0,0,0,1,0,0,False
3884,microsoft/azure-maven-plugins,01e1451e8ebaaea5586481c1789990d11de6680a,com/microsoft/azure/maven/webapp/handlers/NullRuntimeHandlerImplTest.java,26,3,8,9,0.08,2,3,0,0,0,0,0,2,0,0,0,0,0,0,0,0,0,0,0,2,0,0,False
3885,microsoft/azure-maven-plugins,01e1451e8ebaaea5586481c1789990d11de6680a,com/microsoft/azure/maven/webapp/handlers/PrivateDockerHubRuntimeHandlerImplTest.java,31,3,8,18,0.0,0,3,0,0,0,0,1,2,1,0,0,0,0,0,0,0,2,0,0,2,0,0,False
3886,microsoft/azure-maven-plugins,01e1451e8ebaaea5586481c1789990d11de6680a,com/microsoft/azure/maven/webapp/handlers/PrivateRegistryRuntimeHandlerImplTest.java,31,3,8,18,0.0,0,3,0,0,0,0,1,2,1,0,0,0,0,0,0,0,2,0,0,2,0,0,False
3887,microsoft/azure-maven-plugins,01e1451e8ebaaea5586481c1789990d11de6680a,com/microsoft/azure/maven/webapp/handlers/PublicDockerHubRuntimeHandlerImplTest.java,24,3,8,15,0.0,0,3,0,0,0,0,1,2,1,0,0,0,0,0,0,0,2,0,0,2,0,0,False
3888,microsoft/azure-maven-plugins,01e1451e8ebaaea5586481c1789990d11de6680a,com/microsoft/azure/maven/webapp/handlers/SettingsHandlerImplTest.java,24,3,9,17,0.0,0,3,0,0,0,0,0,2,0,0,0,0,0,0,0,0,2,0,0,2,0,0,False
3889,microsoft/azure-maven-plugins,01e1451e8ebaaea5586481c1789990d11de6680a,com/microsoft/azure/maven/webapp/handlers/WarArtifactHandlerImplTest.java,130,11,25,104,0.08,11,11,2,0,0,0,0,8,10,8,0,0,1,0,0,1,2,0,9,10,0,0,False
3890,microsoft/azure-maven-plugins,59077c9dfe32539bd771787295f10ecb5073f727,com/microsoft/azure/maven/function/AddMojoTest.java,44,7,15,24,0.11,5,7,1,0,0,0,0,6,0,1,0,0,0,0,0,0,0,0,2,6,0,0,False
3891,microsoft/azure-maven-plugins,59077c9dfe32539bd771787295f10ecb5073f727,com/microsoft/azure/maven/function/DeployMojoTest.java,145,17,44,138,0.08,12,17,3,0,0,0,0,14,14,0,0,0,1,0,0,0,7,0,0,14,0,0,False
3892,microsoft/azure-maven-plugins,59077c9dfe32539bd771787295f10ecb5073f727,com/microsoft/azure/maven/function/PackageMojoTest.java,40,5,14,39,0.1,4,5,1,0,0,0,0,4,0,0,0,0,1,0,0,0,2,0,0,4,0,0,False
3893,microsoft/azure-maven-plugins,59077c9dfe32539bd771787295f10ecb5073f727,com/microsoft/azure/maven/function/RunMojoTest.java,59,8,20,64,0.07,4,8,1,0,0,0,0,7,0,0,0,0,0,0,0,0,1,0,0,7,0,0,False
3894,microsoft/azure-maven-plugins,59077c9dfe32539bd771787295f10ecb5073f727,com/microsoft/azure/maven/function/handlers/AnnotationHandlerImplTest.java,72,6,14,15,0.06,4,6,1,0,0,0,0,2,0,0,0,0,0,0,0,0,0,0,0,2,0,0,False
3895,microsoft/azure-maven-plugins,59077c9dfe32539bd771787295f10ecb5073f727,com/microsoft/azure/maven/function/handlers/CommandHandlerImplTest.java,20,3,4,14,0.15,3,3,1,0,0,0,0,1,0,0,0,0,0,0,0,0,0,0,0,3,0,0,False
3896,microsoft/azure-maven-plugins,59077c9dfe32539bd771787295f10ecb5073f727,com/microsoft/azure/maven/function/handlers/FTPArtifactHandlerImplTest.java,36,2,6,24,0.03,1,2,0,0,0,0,0,2,0,0,0,0,0,0,0,0,1,0,0,2,0,0,False
3897,microsoft/azure-maven-plugins,59077c9dfe32539bd771787295f10ecb5073f727,com/microsoft/azure/maven/function/handlers/FunctionCoreToolsHandlerImplTest.java,79,8,20,78,0.06,5,8,0,0,0,0,0,8,0,0,0,0,0,0,0,0,3,0,0,8,0,0,False
3898,microsoft/azure-maven-plugins,59077c9dfe32539bd771787295f10ecb5073f727,com/microsoft/azure/maven/function/handlers/MSDeployArtifactHandlerImplTest.java,104,8,24,85,0.04,4,8,0,0,0,0,0,7,0,2,0,0,0,0,0,0,3,0,1,7,0,0,False
3899,microsoft/azure-maven-plugins,59077c9dfe32539bd771787295f10ecb5073f727,com/microsoft/azure/maven/function/utils/CommandUtilsTest.java,12,3,4,9,0.33,4,3,1,0,0,0,0,1,0,0,0,0,0,0,0,0,0,0,0,3,0,0,False
3900,microsoft/azure-maven-plugins,59077c9dfe32539bd771787295f10ecb5073f727,com/microsoft/azure/maven/AbstractAzureMojoTest.java,114,19,38,59,0.26,30,18,4,0,0,0,0,14,0,0,0,0,0,0,0,0,2,0,1,17,0,0,False
3901,microsoft/azure-maven-plugins,59077c9dfe32539bd771787295f10ecb5073f727,com/microsoft/azure/maven/FTPUploaderTest.java,49,4,11,23,0.04,2,4,0,0,0,0,0,3,0,0,0,0,0,0,0,0,1,0,0,3,0,0,False
3902,microsoft/azure-maven-plugins,59077c9dfe32539bd771787295f10ecb5073f727,com/microsoft/azure/maven/UtilsTest.java,44,4,8,27,0.18,8,4,2,0,0,0,0,1,0,0,0,0,0,0,0,1,1,0,0,3,0,0,False
3903,microsoft/azure-maven-plugins,59077c9dfe32539bd771787295f10ecb5073f727,com/microsoft/azure/maven/auth/AzureAuthHelperTest.java,191,12,24,110,0.16,31,12,5,0,0,0,0,3,0,0,0,0,0,0,0,3,0,0,0,11,0,0,False
3904,microsoft/azure-maven-plugins,59077c9dfe32539bd771787295f10ecb5073f727,com/microsoft/azure/maven/webapp/DeployMojoTest.java,210,28,75,178,0.12,25,22,3,0,0,0,0,18,0,0,0,0,0,0,0,0,10,0,0,18,0,0,False
3905,microsoft/azure-maven-plugins,59077c9dfe32539bd771787295f10ecb5073f727,com/microsoft/azure/maven/webapp/WebAppUtilsTest.java,184,11,27,106,0.05,10,11,2,0,0,0,0,11,0,0,0,0,0,0,0,0,0,0,0,11,0,0,False
3906,microsoft/azure-maven-plugins,59077c9dfe32539bd771787295f10ecb5073f727,com/microsoft/azure/maven/webapp/handlers/DeploymentSlotHandlerTest.java,97,9,24,79,0.0,0,9,0,0,0,0,0,8,0,0,0,0,0,0,0,0,4,0,0,8,0,0,False
3907,microsoft/azure-maven-plugins,59077c9dfe32539bd771787295f10ecb5073f727,com/microsoft/azure/maven/webapp/handlers/FTPArtifactHandlerImplTest.java,74,6,18,59,0.01,1,6,0,0,0,0,0,5,0,0,0,0,0,0,0,0,4,0,0,5,0,0,False
3908,microsoft/azure-maven-plugins,59077c9dfe32539bd771787295f10ecb5073f727,com/microsoft/azure/maven/webapp/handlers/HandlerFactoryImplTest.java,59,4,9,17,0.17,10,4,3,0,0,0,0,3,0,0,0,0,0,0,0,0,0,0,0,3,0,0,False
3909,microsoft/azure-maven-plugins,59077c9dfe32539bd771787295f10ecb5073f727,com/microsoft/azure/maven/webapp/handlers/JarArtifactHandlerImplTest.java,73,10,22,56,0.03,2,10,1,0,0,0,2,7,9,5,0,0,0,0,0,1,4,0,6,9,0,0,False
3910,microsoft/azure-maven-plugins,59077c9dfe32539bd771787295f10ecb5073f727,com/microsoft/azure/maven/webapp/handlers/JavaRuntimeHandlerImplTest.java,24,3,8,15,0.04,1,3,0,0,0,0,1,2,1,0,0,0,0,0,0,0,1,0,0,2,0,0,False
3911,microsoft/azure-maven-plugins,59077c9dfe32539bd771787295f10ecb5073f727,com/microsoft/azure/maven/webapp/handlers/LinuxRuntimeHandlerImplTest.java,20,2,5,15,0.05,1,2,0,0,0,0,0,1,0,0,0,0,0,0,0,0,0,0,0,1,0,0,False
3912,microsoft/azure-maven-plugins,59077c9dfe32539bd771787295f10ecb5073f727,com/microsoft/azure/maven/webapp/handlers/NullRuntimeHandlerImplTest.java,24,3,8,8,0.08,2,3,0,0,0,0,0,2,0,0,0,0,0,0,0,0,0,0,0,2,0,0,False
3913,microsoft/azure-maven-plugins,59077c9dfe32539bd771787295f10ecb5073f727,com/microsoft/azure/maven/webapp/handlers/PrivateDockerHubRuntimeHandlerImplTest.java,31,3,8,18,0.0,0,3,0,0,0,0,1,2,1,0,0,0,0,0,0,0,2,0,0,2,0,0,False
3914,microsoft/azure-maven-plugins,59077c9dfe32539bd771787295f10ecb5073f727,com/microsoft/azure/maven/webapp/handlers/PrivateRegistryRuntimeHandlerImplTest.java,31,3,8,18,0.0,0,3,0,0,0,0,1,2,1,0,0,0,0,0,0,0,2,0,0,2,0,0,False
3915,microsoft/azure-maven-plugins,59077c9dfe32539bd771787295f10ecb5073f727,com/microsoft/azure/maven/webapp/handlers/PublicDockerHubRuntimeHandlerImplTest.java,24,3,8,15,0.0,0,3,0,0,0,0,1,2,1,0,0,0,0,0,0,0,2,0,0,2,0,0,False
3916,microsoft/azure-maven-plugins,59077c9dfe32539bd771787295f10ecb5073f727,com/microsoft/azure/maven/webapp/handlers/SettingsHandlerImplTest.java,24,3,9,17,0.0,0,3,0,0,0,0,0,2,0,0,0,0,0,0,0,0,2,0,0,2,0,0,False
3917,microsoft/azure-maven-plugins,59077c9dfe32539bd771787295f10ecb5073f727,com/microsoft/azure/maven/webapp/handlers/WarArtifactHandlerImplTest.java,114,10,22,92,0.09,10,10,2,0,0,0,0,7,9,7,0,0,1,0,0,1,2,0,8,9,0,0,False
3918,microsoft/azure-maven-plugins,dfa24f5943dacf00fd2661a857c7cad18beeeec7,com/microsoft/azure/maven/function/AddMojoTest.java,44,7,15,24,0.11,5,7,1,0,0,0,0,6,0,1,0,0,0,0,0,0,0,0,2,6,0,0,False
3919,microsoft/azure-maven-plugins,dfa24f5943dacf00fd2661a857c7cad18beeeec7,com/microsoft/azure/maven/function/DeployMojoTest.java,145,17,44,138,0.08,12,17,3,0,0,0,0,14,14,0,0,0,1,0,0,0,7,0,0,14,0,0,False
3920,microsoft/azure-maven-plugins,dfa24f5943dacf00fd2661a857c7cad18beeeec7,com/microsoft/azure/maven/function/PackageMojoTest.java,40,5,14,39,0.1,4,5,1,0,0,0,0,4,0,0,0,0,1,0,0,0,2,0,0,4,0,0,False
3921,microsoft/azure-maven-plugins,dfa24f5943dacf00fd2661a857c7cad18beeeec7,com/microsoft/azure/maven/function/RunMojoTest.java,59,8,20,64,0.07,4,8,1,0,0,0,0,7,0,0,0,0,0,0,0,0,1,0,0,7,0,0,False
3922,microsoft/azure-maven-plugins,dfa24f5943dacf00fd2661a857c7cad18beeeec7,com/microsoft/azure/maven/function/handlers/AnnotationHandlerImplTest.java,72,6,14,15,0.06,4,6,1,0,0,0,0,2,0,0,0,0,0,0,0,0,0,0,0,2,0,0,False
3923,microsoft/azure-maven-plugins,dfa24f5943dacf00fd2661a857c7cad18beeeec7,com/microsoft/azure/maven/function/handlers/CommandHandlerImplTest.java,20,3,4,14,0.15,3,3,1,0,0,0,0,1,0,0,0,0,0,0,0,0,0,0,0,3,0,0,False
3924,microsoft/azure-maven-plugins,dfa24f5943dacf00fd2661a857c7cad18beeeec7,com/microsoft/azure/maven/function/handlers/FTPArtifactHandlerImplTest.java,36,2,6,24,0.03,1,2,0,0,0,0,0,2,0,0,0,0,0,0,0,0,1,0,0,2,0,0,False
3925,microsoft/azure-maven-plugins,dfa24f5943dacf00fd2661a857c7cad18beeeec7,com/microsoft/azure/maven/function/handlers/FunctionCoreToolsHandlerImplTest.java,79,8,20,78,0.06,5,8,0,0,0,0,0,8,0,0,0,0,0,0,0,0,3,0,0,8,0,0,False
3926,microsoft/azure-maven-plugins,dfa24f5943dacf00fd2661a857c7cad18beeeec7,com/microsoft/azure/maven/function/handlers/MSDeployArtifactHandlerImplTest.java,104,8,24,85,0.04,4,8,0,0,0,0,0,7,0,2,0,0,0,0,0,0,3,0,1,7,0,0,False
3927,microsoft/azure-maven-plugins,dfa24f5943dacf00fd2661a857c7cad18beeeec7,com/microsoft/azure/maven/function/utils/CommandUtilsTest.java,12,3,4,9,0.33,4,3,1,0,0,0,0,1,0,0,0,0,0,0,0,0,0,0,0,3,0,0,False
3928,microsoft/azure-maven-plugins,dfa24f5943dacf00fd2661a857c7cad18beeeec7,com/microsoft/azure/maven/AbstractAzureMojoTest.java,114,19,38,59,0.26,30,18,4,0,0,0,0,14,0,0,0,0,0,0,0,0,2,0,1,17,0,0,False
3929,microsoft/azure-maven-plugins,dfa24f5943dacf00fd2661a857c7cad18beeeec7,com/microsoft/azure/maven/FTPUploaderTest.java,49,4,11,23,0.04,2,4,0,0,0,0,0,3,0,0,0,0,0,0,0,0,1,0,0,3,0,0,False
3930,microsoft/azure-maven-plugins,dfa24f5943dacf00fd2661a857c7cad18beeeec7,com/microsoft/azure/maven/UtilsTest.java,44,4,8,27,0.18,8,4,2,0,0,0,0,1,0,0,0,0,0,0,0,1,1,0,0,3,0,0,False
3931,microsoft/azure-maven-plugins,dfa24f5943dacf00fd2661a857c7cad18beeeec7,com/microsoft/azure/maven/auth/AzureAuthHelperTest.java,191,12,24,110,0.16,31,12,5,0,0,0,0,3,0,0,0,0,0,0,0,3,0,0,0,11,0,0,False
3932,microsoft/azure-maven-plugins,dfa24f5943dacf00fd2661a857c7cad18beeeec7,com/microsoft/azure/maven/webapp/DeployMojoTest.java,210,28,75,178,0.12,25,22,3,0,0,0,0,18,0,0,0,0,0,0,0,0,10,0,0,18,0,0,False
3933,microsoft/azure-maven-plugins,dfa24f5943dacf00fd2661a857c7cad18beeeec7,com/microsoft/azure/maven/webapp/WebAppUtilsTest.java,184,11,27,106,0.05,10,11,2,0,0,0,0,11,0,0,0,0,0,0,0,0,0,0,0,11,0,0,False
3934,microsoft/azure-maven-plugins,dfa24f5943dacf00fd2661a857c7cad18beeeec7,com/microsoft/azure/maven/webapp/handlers/DeploymentSlotHandlerTest.java,97,9,24,79,0.0,0,9,0,0,0,0,0,8,0,0,0,0,0,0,0,0,4,0,0,8,0,0,False
3935,microsoft/azure-maven-plugins,dfa24f5943dacf00fd2661a857c7cad18beeeec7,com/microsoft/azure/maven/webapp/handlers/FTPArtifactHandlerImplTest.java,74,6,18,59,0.01,1,6,0,0,0,0,0,5,0,0,0,0,0,0,0,0,4,0,0,5,0,0,False
3936,microsoft/azure-maven-plugins,dfa24f5943dacf00fd2661a857c7cad18beeeec7,com/microsoft/azure/maven/webapp/handlers/HandlerFactoryImplTest.java,59,4,9,17,0.17,10,4,3,0,0,0,0,3,0,0,0,0,0,0,0,0,0,0,0,3,0,0,False
3937,microsoft/azure-maven-plugins,dfa24f5943dacf00fd2661a857c7cad18beeeec7,com/microsoft/azure/maven/webapp/handlers/JarArtifactHandlerImplTest.java,73,10,22,56,0.03,2,10,1,0,0,0,2,7,9,5,0,0,0,0,0,1,4,0,6,9,0,0,False
3938,microsoft/azure-maven-plugins,dfa24f5943dacf00fd2661a857c7cad18beeeec7,com/microsoft/azure/maven/webapp/handlers/JavaRuntimeHandlerImplTest.java,24,3,8,15,0.04,1,3,0,0,0,0,1,2,1,0,0,0,0,0,0,0,1,0,0,2,0,0,False
3939,microsoft/azure-maven-plugins,dfa24f5943dacf00fd2661a857c7cad18beeeec7,com/microsoft/azure/maven/webapp/handlers/LinuxRuntimeHandlerImplTest.java,20,2,5,15,0.05,1,2,0,0,0,0,0,1,0,0,0,0,0,0,0,0,0,0,0,1,0,0,False
3940,microsoft/azure-maven-plugins,dfa24f5943dacf00fd2661a857c7cad18beeeec7,com/microsoft/azure/maven/webapp/handlers/NullRuntimeHandlerImplTest.java,24,3,8,8,0.08,2,3,0,0,0,0,0,2,0,0,0,0,0,0,0,0,0,0,0,2,0,0,False
3941,microsoft/azure-maven-plugins,dfa24f5943dacf00fd2661a857c7cad18beeeec7,com/microsoft/azure/maven/webapp/handlers/PrivateDockerHubRuntimeHandlerImplTest.java,31,3,8,18,0.0,0,3,0,0,0,0,1,2,1,0,0,0,0,0,0,0,2,0,0,2,0,0,False
3942,microsoft/azure-maven-plugins,dfa24f5943dacf00fd2661a857c7cad18beeeec7,com/microsoft/azure/maven/webapp/handlers/PrivateRegistryRuntimeHandlerImplTest.java,31,3,8,18,0.0,0,3,0,0,0,0,1,2,1,0,0,0,0,0,0,0,2,0,0,2,0,0,False
3943,microsoft/azure-maven-plugins,dfa24f5943dacf00fd2661a857c7cad18beeeec7,com/microsoft/azure/maven/webapp/handlers/PublicDockerHubRuntimeHandlerImplTest.java,24,3,8,15,0.0,0,3,0,0,0,0,1,2,1,0,0,0,0,0,0,0,2,0,0,2,0,0,False
3944,microsoft/azure-maven-plugins,dfa24f5943dacf00fd2661a857c7cad18beeeec7,com/microsoft/azure/maven/webapp/handlers/SettingsHandlerImplTest.java,24,3,9,17,0.0,0,3,0,0,0,0,0,2,0,0,0,0,0,0,0,0,2,0,0,2,0,0,False
3945,microsoft/azure-maven-plugins,dfa24f5943dacf00fd2661a857c7cad18beeeec7,com/microsoft/azure/maven/webapp/handlers/WarArtifactHandlerImplTest.java,114,10,22,92,0.09,10,10,2,0,0,0,0,7,9,7,0,0,1,0,0,1,2,0,8,9,0,0,False
3946,microsoft/azure-maven-plugins,5d166f8d00c77eed340fbb739e32af9d5ea1449a,com/microsoft/azure/maven/function/AddMojoTest.java,44,7,15,24,0.11,5,7,1,0,0,0,0,6,0,1,0,0,0,0,0,0,0,0,2,6,0,0,False
3947,microsoft/azure-maven-plugins,5d166f8d00c77eed340fbb739e32af9d5ea1449a,com/microsoft/azure/maven/function/DeployMojoTest.java,134,14,35,133,0.1,13,14,3,0,0,0,0,13,0,0,0,0,1,0,0,0,5,0,0,13,0,0,False
3948,microsoft/azure-maven-plugins,5d166f8d00c77eed340fbb739e32af9d5ea1449a,com/microsoft/azure/maven/function/PackageMojoTest.java,40,5,14,39,0.1,4,5,1,0,0,0,0,4,0,0,0,0,1,0,0,0,2,0,0,4,0,0,False
3949,microsoft/azure-maven-plugins,5d166f8d00c77eed340fbb739e32af9d5ea1449a,com/microsoft/azure/maven/function/RunMojoTest.java,57,8,20,63,0.05,3,8,0,0,0,0,0,7,0,0,0,0,0,0,0,0,1,0,0,7,0,0,False
3950,microsoft/azure-maven-plugins,5d166f8d00c77eed340fbb739e32af9d5ea1449a,com/microsoft/azure/maven/function/handlers/AnnotationHandlerImplTest.java,72,6,14,15,0.06,4,6,1,0,0,0,0,2,0,0,0,0,0,0,0,0,0,0,0,2,0,0,False
3951,microsoft/azure-maven-plugins,5d166f8d00c77eed340fbb739e32af9d5ea1449a,com/microsoft/azure/maven/function/handlers/CommandHandlerImplTest.java,20,3,4,14,0.15,3,3,1,0,0,0,0,1,0,0,0,0,0,0,0,0,0,0,0,3,0,0,False
3952,microsoft/azure-maven-plugins,5d166f8d00c77eed340fbb739e32af9d5ea1449a,com/microsoft/azure/maven/function/handlers/FTPArtifactHandlerImplTest.java,36,2,6,24,0.03,1,2,0,0,0,0,0,2,0,0,0,0,0,0,0,0,1,0,0,2,0,0,False
3953,microsoft/azure-maven-plugins,5d166f8d00c77eed340fbb739e32af9d5ea1449a,com/microsoft/azure/maven/function/handlers/FunctionCoreToolsHandlerImplTest.java,79,8,20,78,0.06,5,8,0,0,0,0,0,8,0,0,0,0,0,0,0,0,3,0,0,8,0,0,False
3954,microsoft/azure-maven-plugins,5d166f8d00c77eed340fbb739e32af9d5ea1449a,com/microsoft/azure/maven/function/handlers/MSDeployArtifactHandlerImplTest.java,104,8,24,85,0.04,4,8,0,0,0,0,0,7,0,2,0,0,0,0,0,0,3,0,1,7,0,0,False
3955,microsoft/azure-maven-plugins,5d166f8d00c77eed340fbb739e32af9d5ea1449a,com/microsoft/azure/maven/function/utils/CommandUtilsTest.java,12,3,4,9,0.33,4,3,1,0,0,0,0,1,0,0,0,0,0,0,0,0,0,0,0,3,0,0,False
3956,microsoft/azure-maven-plugins,5d166f8d00c77eed340fbb739e32af9d5ea1449a,com/microsoft/azure/maven/AbstractAzureMojoTest.java,114,19,38,59,0.26,30,18,4,0,0,0,0,14,0,0,0,0,0,0,0,0,2,0,1,17,0,0,False
3957,microsoft/azure-maven-plugins,5d166f8d00c77eed340fbb739e32af9d5ea1449a,com/microsoft/azure/maven/FTPUploaderTest.java,49,4,11,23,0.04,2,4,0,0,0,0,0,3,0,0,0,0,0,0,0,0,1,0,0,3,0,0,False
3958,microsoft/azure-maven-plugins,5d166f8d00c77eed340fbb739e32af9d5ea1449a,com/microsoft/azure/maven/UtilsTest.java,44,4,8,27,0.18,8,4,2,0,0,0,0,1,0,0,0,0,0,0,0,1,1,0,0,3,0,0,False
3959,microsoft/azure-maven-plugins,5d166f8d00c77eed340fbb739e32af9d5ea1449a,com/microsoft/azure/maven/auth/AzureAuthHelperTest.java,191,12,24,110,0.16,31,12,5,0,0,0,0,3,0,0,0,0,0,0,0,3,0,0,0,11,0,0,False
3960,microsoft/azure-maven-plugins,5d166f8d00c77eed340fbb739e32af9d5ea1449a,com/microsoft/azure/maven/webapp/DeployMojoTest.java,143,20,55,111,0.15,22,15,3,0,0,0,0,11,0,0,0,0,0,0,0,0,7,0,0,11,0,0,False
3961,microsoft/azure-maven-plugins,5d166f8d00c77eed340fbb739e32af9d5ea1449a,com/microsoft/azure/maven/webapp/WebAppUtilsTest.java,181,11,27,104,0.05,9,11,2,0,0,0,0,11,0,0,0,0,0,0,0,0,0,0,0,11,0,0,False
3962,microsoft/azure-maven-plugins,5d166f8d00c77eed340fbb739e32af9d5ea1449a,com/microsoft/azure/maven/webapp/handlers/FTPArtifactHandlerImplTest.java,59,5,15,45,0.02,1,5,0,0,0,0,0,4,0,0,0,0,0,0,0,0,3,0,0,4,0,0,False
3963,microsoft/azure-maven-plugins,5d166f8d00c77eed340fbb739e32af9d5ea1449a,com/microsoft/azure/maven/webapp/handlers/HandlerFactoryImplTest.java,53,3,7,14,0.15,8,3,2,0,0,0,0,2,0,0,0,0,0,0,0,0,0,0,0,2,0,0,False
3964,microsoft/azure-maven-plugins,5d166f8d00c77eed340fbb739e32af9d5ea1449a,com/microsoft/azure/maven/webapp/handlers/JavaRuntimeHandlerImplTest.java,24,3,8,15,0.04,1,3,0,0,0,0,1,2,1,0,0,0,0,0,0,0,1,0,0,2,0,0,False
3965,microsoft/azure-maven-plugins,5d166f8d00c77eed340fbb739e32af9d5ea1449a,com/microsoft/azure/maven/webapp/handlers/LinuxRuntimeHandlerImplTest.java,20,2,5,15,0.05,1,2,0,0,0,0,0,1,0,0,0,0,0,0,0,0,0,0,0,1,0,0,False
3966,microsoft/azure-maven-plugins,5d166f8d00c77eed340fbb739e32af9d5ea1449a,com/microsoft/azure/maven/webapp/handlers/NullRuntimeHandlerImplTest.java,24,3,8,8,0.08,2,3,0,0,0,0,0,2,0,0,0,0,0,0,0,0,0,0,0,2,0,0,False
3967,microsoft/azure-maven-plugins,5d166f8d00c77eed340fbb739e32af9d5ea1449a,com/microsoft/azure/maven/webapp/handlers/PrivateDockerHubRuntimeHandlerImplTest.java,31,3,8,18,0.0,0,3,0,0,0,0,1,2,1,0,0,0,0,0,0,0,2,0,0,2,0,0,False
3968,microsoft/azure-maven-plugins,5d166f8d00c77eed340fbb739e32af9d5ea1449a,com/microsoft/azure/maven/webapp/handlers/PrivateRegistryRuntimeHandlerImplTest.java,31,3,8,18,0.0,0,3,0,0,0,0,1,2,1,0,0,0,0,0,0,0,2,0,0,2,0,0,False
3969,microsoft/azure-maven-plugins,5d166f8d00c77eed340fbb739e32af9d5ea1449a,com/microsoft/azure/maven/webapp/handlers/PublicDockerHubRuntimeHandlerImplTest.java,24,3,8,15,0.0,0,3,0,0,0,0,1,2,1,0,0,0,0,0,0,0,2,0,0,2,0,0,False
3970,microsoft/azure-maven-plugins,5d166f8d00c77eed340fbb739e32af9d5ea1449a,com/microsoft/azure/maven/webapp/handlers/SettingsHandlerImplTest.java,24,3,9,17,0.0,0,3,0,0,0,0,0,2,0,0,0,0,0,0,0,0,2,0,0,2,0,0,False
3971,microsoft/azure-maven-plugins,5d166f8d00c77eed340fbb739e32af9d5ea1449a,com/microsoft/azure/maven/webapp/handlers/WarArtifactHandlerImplTest.java,75,7,19,55,0.13,10,7,2,0,0,0,0,4,0,4,0,0,1,0,0,1,1,0,5,6,0,0,False
3972,microsoft/azure-maven-plugins,95ad18d928ffc057b6ae6df8fb1b687115c8df26,com/microsoft/azure/maven/function/AddMojoTest.java,44,7,15,24,0.11,5,7,1,0,0,0,0,6,0,1,0,0,0,0,0,0,0,0,2,6,0,0,False
3973,microsoft/azure-maven-plugins,95ad18d928ffc057b6ae6df8fb1b687115c8df26,com/microsoft/azure/maven/function/DeployMojoTest.java,134,14,35,133,0.1,13,14,3,0,0,0,0,13,0,0,0,0,1,0,0,0,5,0,0,13,0,0,False
3974,microsoft/azure-maven-plugins,95ad18d928ffc057b6ae6df8fb1b687115c8df26,com/microsoft/azure/maven/function/PackageMojoTest.java,40,5,14,39,0.1,4,5,1,0,0,0,0,4,0,0,0,0,1,0,0,0,2,0,0,4,0,0,False
3975,microsoft/azure-maven-plugins,95ad18d928ffc057b6ae6df8fb1b687115c8df26,com/microsoft/azure/maven/function/RunMojoTest.java,57,8,20,63,0.05,3,8,0,0,0,0,0,7,0,0,0,0,0,0,0,0,1,0,0,7,0,0,False
3976,microsoft/azure-maven-plugins,95ad18d928ffc057b6ae6df8fb1b687115c8df26,com/microsoft/azure/maven/function/handlers/AnnotationHandlerImplTest.java,77,6,14,15,0.05,4,6,1,0,0,0,0,2,0,0,0,0,0,0,0,0,0,0,0,2,0,0,False
3977,microsoft/azure-maven-plugins,95ad18d928ffc057b6ae6df8fb1b687115c8df26,com/microsoft/azure/maven/function/handlers/CommandHandlerImplTest.java,20,3,4,14,0.15,3,3,1,0,0,0,0,1,0,0,0,0,0,0,0,0,0,0,0,3,0,0,False
3978,microsoft/azure-maven-plugins,95ad18d928ffc057b6ae6df8fb1b687115c8df26,com/microsoft/azure/maven/function/handlers/FTPArtifactHandlerImplTest.java,36,2,6,24,0.03,1,2,0,0,0,0,0,2,0,0,0,0,0,0,0,0,1,0,0,2,0,0,False
3979,microsoft/azure-maven-plugins,95ad18d928ffc057b6ae6df8fb1b687115c8df26,com/microsoft/azure/maven/function/handlers/FunctionCoreToolsHandlerImplTest.java,76,8,20,75,0.07,5,8,0,0,0,0,0,8,0,0,0,0,0,0,0,0,3,0,0,8,0,0,False
3980,microsoft/azure-maven-plugins,95ad18d928ffc057b6ae6df8fb1b687115c8df26,com/microsoft/azure/maven/function/handlers/MSDeployArtifactHandlerImplTest.java,104,8,24,85,0.04,4,8,0,0,0,0,0,7,0,2,0,0,0,0,0,0,3,0,1,7,0,0,False
3981,microsoft/azure-maven-plugins,95ad18d928ffc057b6ae6df8fb1b687115c8df26,com/microsoft/azure/maven/function/utils/CommandUtilsTest.java,12,3,4,9,0.33,4,3,1,0,0,0,0,1,0,0,0,0,0,0,0,0,0,0,0,3,0,0,False
3982,microsoft/azure-maven-plugins,95ad18d928ffc057b6ae6df8fb1b687115c8df26,com/microsoft/azure/maven/AbstractAzureMojoTest.java,114,19,38,59,0.26,30,18,4,0,0,0,0,14,0,0,0,0,0,0,0,0,2,0,1,17,0,0,False
3983,microsoft/azure-maven-plugins,95ad18d928ffc057b6ae6df8fb1b687115c8df26,com/microsoft/azure/maven/FTPUploaderTest.java,49,4,11,23,0.04,2,4,0,0,0,0,0,3,0,0,0,0,0,0,0,0,1,0,0,3,0,0,False
3984,microsoft/azure-maven-plugins,95ad18d928ffc057b6ae6df8fb1b687115c8df26,com/microsoft/azure/maven/UtilsTest.java,44,4,8,27,0.18,8,4,2,0,0,0,0,1,0,0,0,0,0,0,0,1,1,0,0,3,0,0,False
3985,microsoft/azure-maven-plugins,95ad18d928ffc057b6ae6df8fb1b687115c8df26,com/microsoft/azure/maven/auth/AzureAuthHelperTest.java,191,12,24,110,0.16,31,12,5,0,0,0,0,3,0,0,0,0,0,0,0,3,0,0,0,11,0,0,False
3986,microsoft/azure-maven-plugins,95ad18d928ffc057b6ae6df8fb1b687115c8df26,com/microsoft/azure/maven/webapp/DeployMojoTest.java,143,20,55,111,0.15,22,15,3,0,0,0,0,11,0,0,0,0,0,0,0,0,7,0,0,11,0,0,False
3987,microsoft/azure-maven-plugins,95ad18d928ffc057b6ae6df8fb1b687115c8df26,com/microsoft/azure/maven/webapp/WebAppUtilsTest.java,181,11,27,104,0.05,9,11,2,0,0,0,0,11,0,0,0,0,0,0,0,0,0,0,0,11,0,0,False
3988,microsoft/azure-maven-plugins,95ad18d928ffc057b6ae6df8fb1b687115c8df26,com/microsoft/azure/maven/webapp/handlers/FTPArtifactHandlerImplTest.java,59,5,15,45,0.02,1,5,0,0,0,0,0,4,0,0,0,0,0,0,0,0,3,0,0,4,0,0,False
3989,microsoft/azure-maven-plugins,95ad18d928ffc057b6ae6df8fb1b687115c8df26,com/microsoft/azure/maven/webapp/handlers/HandlerFactoryImplTest.java,53,3,7,14,0.15,8,3,2,0,0,0,0,2,0,0,0,0,0,0,0,0,0,0,0,2,0,0,False
3990,microsoft/azure-maven-plugins,95ad18d928ffc057b6ae6df8fb1b687115c8df26,com/microsoft/azure/maven/webapp/handlers/JavaRuntimeHandlerImplTest.java,24,3,8,15,0.04,1,3,0,0,0,0,1,2,1,0,0,0,0,0,0,0,1,0,0,2,0,0,False
3991,microsoft/azure-maven-plugins,95ad18d928ffc057b6ae6df8fb1b687115c8df26,com/microsoft/azure/maven/webapp/handlers/LinuxRuntimeHandlerImplTest.java,20,2,5,15,0.05,1,2,0,0,0,0,0,1,0,0,0,0,0,0,0,0,0,0,0,1,0,0,False
3992,microsoft/azure-maven-plugins,95ad18d928ffc057b6ae6df8fb1b687115c8df26,com/microsoft/azure/maven/webapp/handlers/NullRuntimeHandlerImplTest.java,24,3,8,8,0.08,2,3,0,0,0,0,0,2,0,0,0,0,0,0,0,0,0,0,0,2,0,0,False
3993,microsoft/azure-maven-plugins,95ad18d928ffc057b6ae6df8fb1b687115c8df26,com/microsoft/azure/maven/webapp/handlers/PrivateDockerHubRuntimeHandlerImplTest.java,31,3,8,18,0.0,0,3,0,0,0,0,1,2,1,0,0,0,0,0,0,0,2,0,0,2,0,0,False
3994,microsoft/azure-maven-plugins,95ad18d928ffc057b6ae6df8fb1b687115c8df26,com/microsoft/azure/maven/webapp/handlers/PrivateRegistryRuntimeHandlerImplTest.java,31,3,8,18,0.0,0,3,0,0,0,0,1,2,1,0,0,0,0,0,0,0,2,0,0,2,0,0,False
3995,microsoft/azure-maven-plugins,95ad18d928ffc057b6ae6df8fb1b687115c8df26,com/microsoft/azure/maven/webapp/handlers/PublicDockerHubRuntimeHandlerImplTest.java,24,3,8,15,0.0,0,3,0,0,0,0,1,2,1,0,0,0,0,0,0,0,2,0,0,2,0,0,False
3996,microsoft/azure-maven-plugins,95ad18d928ffc057b6ae6df8fb1b687115c8df26,com/microsoft/azure/maven/webapp/handlers/SettingsHandlerImplTest.java,24,3,9,17,0.0,0,3,0,0,0,0,0,2,0,0,0,0,0,0,0,0,2,0,0,2,0,0,False
3997,microsoft/azure-maven-plugins,95ad18d928ffc057b6ae6df8fb1b687115c8df26,com/microsoft/azure/maven/webapp/handlers/WarArtifactHandlerImplTest.java,75,7,19,55,0.13,10,7,2,0,0,0,0,4,0,4,0,0,1,0,0,1,1,0,5,6,0,0,False
3998,microsoft/azure-maven-plugins,af9c87f94f48c22b6ae2c65bfdd0ad645cf9594b,com/microsoft/azure/maven/function/AddMojoTest.java,44,7,15,24,0.11,5,7,1,0,0,0,0,6,0,1,0,0,0,0,0,0,0,0,2,6,0,0,False
3999,microsoft/azure-maven-plugins,af9c87f94f48c22b6ae2c65bfdd0ad645cf9594b,com/microsoft/azure/maven/function/DeployMojoTest.java,134,14,35,133,0.1,13,14,3,0,0,0,0,13,0,0,0,0,1,0,0,0,5,0,0,13,0,0,False
4000,microsoft/azure-maven-plugins,af9c87f94f48c22b6ae2c65bfdd0ad645cf9594b,com/microsoft/azure/maven/function/PackageMojoTest.java,40,5,14,39,0.1,4,5,1,0,0,0,0,4,0,0,0,0,1,0,0,0,2,0,0,4,0,0,False
4001,microsoft/azure-maven-plugins,af9c87f94f48c22b6ae2c65bfdd0ad645cf9594b,com/microsoft/azure/maven/function/RunMojoTest.java,51,5,15,48,0.04,2,5,0,1,0,0,0,4,0,0,0,0,0,0,0,0,3,0,0,4,0,0,False
4002,microsoft/azure-maven-plugins,af9c87f94f48c22b6ae2c65bfdd0ad645cf9594b,com/microsoft/azure/maven/function/handlers/AnnotationHandlerImplTest.java,69,6,14,15,0.06,4,6,1,0,0,0,0,2,0,0,0,0,0,0,0,0,0,0,0,2,0,0,False
4003,microsoft/azure-maven-plugins,af9c87f94f48c22b6ae2c65bfdd0ad645cf9594b,com/microsoft/azure/maven/function/handlers/FTPArtifactHandlerImplTest.java,36,2,6,24,0.03,1,2,0,0,0,0,0,2,0,0,0,0,0,0,0,0,1,0,0,2,0,0,False
4004,microsoft/azure-maven-plugins,af9c87f94f48c22b6ae2c65bfdd0ad645cf9594b,com/microsoft/azure/maven/function/handlers/MSDeployArtifactHandlerImplTest.java,104,8,24,85,0.04,4,8,0,0,0,0,0,7,0,2,0,0,0,0,0,0,3,0,1,7,0,0,False
4005,microsoft/azure-maven-plugins,af9c87f94f48c22b6ae2c65bfdd0ad645cf9594b,com/microsoft/azure/maven/AbstractAzureMojoTest.java,114,19,38,59,0.26,30,18,4,0,0,0,0,14,0,0,0,0,0,0,0,0,2,0,1,17,0,0,False
4006,microsoft/azure-maven-plugins,af9c87f94f48c22b6ae2c65bfdd0ad645cf9594b,com/microsoft/azure/maven/FTPUploaderTest.java,49,4,11,23,0.04,2,4,0,0,0,0,0,3,0,0,0,0,0,0,0,0,1,0,0,3,0,0,False
4007,microsoft/azure-maven-plugins,af9c87f94f48c22b6ae2c65bfdd0ad645cf9594b,com/microsoft/azure/maven/UtilsTest.java,44,4,8,27,0.18,8,4,2,0,0,0,0,1,0,0,0,0,0,0,0,1,1,0,0,3,0,0,False
4008,microsoft/azure-maven-plugins,af9c87f94f48c22b6ae2c65bfdd0ad645cf9594b,com/microsoft/azure/maven/auth/AzureAuthHelperTest.java,191,12,24,110,0.16,31,12,5,0,0,0,0,3,0,0,0,0,0,0,0,3,0,0,0,11,0,0,False
4009,microsoft/azure-maven-plugins,af9c87f94f48c22b6ae2c65bfdd0ad645cf9594b,com/microsoft/azure/maven/webapp/DeployMojoTest.java,145,20,55,119,0.15,22,15,3,0,0,0,0,11,0,0,0,0,0,0,0,0,7,0,0,11,0,0,False
4010,microsoft/azure-maven-plugins,af9c87f94f48c22b6ae2c65bfdd0ad645cf9594b,com/microsoft/azure/maven/webapp/WebAppUtilsTest.java,60,6,14,23,0.15,9,6,2,0,0,0,0,6,0,0,0,0,0,0,0,0,0,0,0,6,0,0,False
4011,microsoft/azure-maven-plugins,af9c87f94f48c22b6ae2c65bfdd0ad645cf9594b,com/microsoft/azure/maven/webapp/handlers/FTPArtifactHandlerImplTest.java,56,5,15,42,0.02,1,5,0,0,0,0,0,4,0,0,0,0,0,0,0,0,3,0,0,4,0,0,False
4012,microsoft/azure-maven-plugins,af9c87f94f48c22b6ae2c65bfdd0ad645cf9594b,com/microsoft/azure/maven/webapp/handlers/HandlerFactoryImplTest.java,53,3,7,14,0.15,8,3,2,0,0,0,0,2,0,0,0,0,0,0,0,0,0,0,0,2,0,0,False
4013,microsoft/azure-maven-plugins,af9c87f94f48c22b6ae2c65bfdd0ad645cf9594b,com/microsoft/azure/maven/webapp/handlers/JavaRuntimeHandlerImplTest.java,24,3,8,15,0.04,1,3,0,0,0,0,1,2,1,0,0,0,0,0,0,0,1,0,0,2,0,0,False
4014,microsoft/azure-maven-plugins,af9c87f94f48c22b6ae2c65bfdd0ad645cf9594b,com/microsoft/azure/maven/webapp/handlers/LinuxRuntimeHandlerImplTest.java,20,2,5,15,0.05,1,2,0,0,0,0,0,1,0,0,0,0,0,0,0,0,0,0,0,1,0,0,False
4015,microsoft/azure-maven-plugins,af9c87f94f48c22b6ae2c65bfdd0ad645cf9594b,com/microsoft/azure/maven/webapp/handlers/NullRuntimeHandlerImplTest.java,24,3,8,8,0.08,2,3,0,0,0,0,0,2,0,0,0,0,0,0,0,0,0,0,0,2,0,0,False
4016,microsoft/azure-maven-plugins,af9c87f94f48c22b6ae2c65bfdd0ad645cf9594b,com/microsoft/azure/maven/webapp/handlers/PrivateDockerHubRuntimeHandlerImplTest.java,31,3,8,18,0.0,0,3,0,0,0,0,1,2,1,0,0,0,0,0,0,0,2,0,0,2,0,0,False
4017,microsoft/azure-maven-plugins,af9c87f94f48c22b6ae2c65bfdd0ad645cf9594b,com/microsoft/azure/maven/webapp/handlers/PrivateRegistryRuntimeHandlerImplTest.java,31,3,8,18,0.0,0,3,0,0,0,0,1,2,1,0,0,0,0,0,0,0,2,0,0,2,0,0,False
4018,microsoft/azure-maven-plugins,af9c87f94f48c22b6ae2c65bfdd0ad645cf9594b,com/microsoft/azure/maven/webapp/handlers/PublicDockerHubRuntimeHandlerImplTest.java,24,3,8,15,0.0,0,3,0,0,0,0,1,2,1,0,0,0,0,0,0,0,2,0,0,2,0,0,False
4019,microsoft/azure-maven-plugins,af9c87f94f48c22b6ae2c65bfdd0ad645cf9594b,com/microsoft/azure/maven/webapp/handlers/SettingsHandlerImplTest.java,24,3,9,17,0.0,0,3,0,0,0,0,0,2,0,0,0,0,0,0,0,0,2,0,0,2,0,0,False
4020,microsoft/azure-maven-plugins,f5f6421ebde2d534204a2cd8cbf8f0417e4228d8,com/microsoft/azure/maven/function/AddMojoTest.java,44,7,15,24,0.11,5,7,1,0,0,0,0,6,0,1,0,0,0,0,0,0,0,0,2,6,0,0,False
4021,microsoft/azure-maven-plugins,f5f6421ebde2d534204a2cd8cbf8f0417e4228d8,com/microsoft/azure/maven/function/DeployMojoTest.java,134,14,35,133,0.1,13,14,3,0,0,0,0,13,0,0,0,0,1,0,0,0,5,0,0,13,0,0,False
4022,microsoft/azure-maven-plugins,f5f6421ebde2d534204a2cd8cbf8f0417e4228d8,com/microsoft/azure/maven/function/PackageMojoTest.java,40,5,14,39,0.1,4,5,1,0,0,0,0,4,0,0,0,0,1,0,0,0,2,0,0,4,0,0,False
4023,microsoft/azure-maven-plugins,f5f6421ebde2d534204a2cd8cbf8f0417e4228d8,com/microsoft/azure/maven/function/RunMojoTest.java,51,5,15,48,0.04,2,5,0,1,0,0,0,4,0,0,0,0,0,0,0,0,3,0,0,4,0,0,False
4024,microsoft/azure-maven-plugins,f5f6421ebde2d534204a2cd8cbf8f0417e4228d8,com/microsoft/azure/maven/function/handlers/AnnotationHandlerImplTest.java,69,6,14,15,0.06,4,6,1,0,0,0,0,2,0,0,0,0,0,0,0,0,0,0,0,2,0,0,False
4025,microsoft/azure-maven-plugins,f5f6421ebde2d534204a2cd8cbf8f0417e4228d8,com/microsoft/azure/maven/function/handlers/FTPArtifactHandlerImplTest.java,36,2,6,24,0.03,1,2,0,0,0,0,0,2,0,0,0,0,0,0,0,0,1,0,0,2,0,0,False
4026,microsoft/azure-maven-plugins,f5f6421ebde2d534204a2cd8cbf8f0417e4228d8,com/microsoft/azure/maven/function/handlers/MSDeployArtifactHandlerImplTest.java,104,8,24,85,0.04,4,8,0,0,0,0,0,7,0,2,0,0,0,0,0,0,3,0,1,7,0,0,False
4027,microsoft/azure-maven-plugins,f5f6421ebde2d534204a2cd8cbf8f0417e4228d8,com/microsoft/azure/maven/AbstractAzureMojoTest.java,114,19,38,59,0.26,30,18,4,0,0,0,0,14,0,0,0,0,0,0,0,0,2,0,1,17,0,0,False
4028,microsoft/azure-maven-plugins,f5f6421ebde2d534204a2cd8cbf8f0417e4228d8,com/microsoft/azure/maven/FTPUploaderTest.java,49,4,11,23,0.04,2,4,0,0,0,0,0,3,0,0,0,0,0,0,0,0,1,0,0,3,0,0,False
4029,microsoft/azure-maven-plugins,f5f6421ebde2d534204a2cd8cbf8f0417e4228d8,com/microsoft/azure/maven/UtilsTest.java,44,4,8,27,0.18,8,4,2,0,0,0,0,1,0,0,0,0,0,0,0,1,1,0,0,3,0,0,False
4030,microsoft/azure-maven-plugins,f5f6421ebde2d534204a2cd8cbf8f0417e4228d8,com/microsoft/azure/maven/auth/AzureAuthHelperTest.java,191,12,24,110,0.16,31,12,5,0,0,0,0,3,0,0,0,0,0,0,0,3,0,0,0,11,0,0,False
4031,microsoft/azure-maven-plugins,f5f6421ebde2d534204a2cd8cbf8f0417e4228d8,com/microsoft/azure/maven/webapp/DeployMojoTest.java,145,20,55,119,0.15,22,15,3,0,0,0,0,11,0,0,0,0,0,0,0,0,7,0,0,11,0,0,False
4032,microsoft/azure-maven-plugins,f5f6421ebde2d534204a2cd8cbf8f0417e4228d8,com/microsoft/azure/maven/webapp/WebAppUtilsTest.java,60,6,14,23,0.15,9,6,2,0,0,0,0,6,0,0,0,0,0,0,0,0,0,0,0,6,0,0,False
4033,microsoft/azure-maven-plugins,f5f6421ebde2d534204a2cd8cbf8f0417e4228d8,com/microsoft/azure/maven/webapp/handlers/FTPArtifactHandlerImplTest.java,56,5,15,42,0.02,1,5,0,0,0,0,0,4,0,0,0,0,0,0,0,0,3,0,0,4,0,0,False
4034,microsoft/azure-maven-plugins,f5f6421ebde2d534204a2cd8cbf8f0417e4228d8,com/microsoft/azure/maven/webapp/handlers/HandlerFactoryImplTest.java,53,3,7,14,0.15,8,3,2,0,0,0,0,2,0,0,0,0,0,0,0,0,0,0,0,2,0,0,False
4035,microsoft/azure-maven-plugins,f5f6421ebde2d534204a2cd8cbf8f0417e4228d8,com/microsoft/azure/maven/webapp/handlers/JavaRuntimeHandlerImplTest.java,24,3,8,15,0.04,1,3,0,0,0,0,1,2,1,0,0,0,0,0,0,0,1,0,0,2,0,0,False
4036,microsoft/azure-maven-plugins,f5f6421ebde2d534204a2cd8cbf8f0417e4228d8,com/microsoft/azure/maven/webapp/handlers/LinuxRuntimeHandlerImplTest.java,20,2,5,15,0.05,1,2,0,0,0,0,0,1,0,0,0,0,0,0,0,0,0,0,0,1,0,0,False
4037,microsoft/azure-maven-plugins,f5f6421ebde2d534204a2cd8cbf8f0417e4228d8,com/microsoft/azure/maven/webapp/handlers/NullRuntimeHandlerImplTest.java,24,3,8,8,0.08,2,3,0,0,0,0,0,2,0,0,0,0,0,0,0,0,0,0,0,2,0,0,False
4038,microsoft/azure-maven-plugins,f5f6421ebde2d534204a2cd8cbf8f0417e4228d8,com/microsoft/azure/maven/webapp/handlers/PrivateDockerHubRuntimeHandlerImplTest.java,31,3,8,18,0.0,0,3,0,0,0,0,1,2,1,0,0,0,0,0,0,0,2,0,0,2,0,0,False
4039,microsoft/azure-maven-plugins,f5f6421ebde2d534204a2cd8cbf8f0417e4228d8,com/microsoft/azure/maven/webapp/handlers/PrivateRegistryRuntimeHandlerImplTest.java,31,3,8,18,0.0,0,3,0,0,0,0,1,2,1,0,0,0,0,0,0,0,2,0,0,2,0,0,False
4040,microsoft/azure-maven-plugins,f5f6421ebde2d534204a2cd8cbf8f0417e4228d8,com/microsoft/azure/maven/webapp/handlers/PublicDockerHubRuntimeHandlerImplTest.java,24,3,8,15,0.0,0,3,0,0,0,0,1,2,1,0,0,0,0,0,0,0,2,0,0,2,0,0,False
4041,microsoft/azure-maven-plugins,f5f6421ebde2d534204a2cd8cbf8f0417e4228d8,com/microsoft/azure/maven/webapp/handlers/SettingsHandlerImplTest.java,24,3,9,17,0.0,0,3,0,0,0,0,0,2,0,0,0,0,0,0,0,0,2,0,0,2,0,0,False
4042,microsoft/azure-maven-plugins,11fa83e44375d66e0881c0f6aeff025ec3a3ea05,com/microsoft/azure/maven/function/AddMojoTest.java,44,7,15,24,0.11,5,7,1,0,0,0,0,6,0,1,0,0,0,0,0,0,0,0,2,6,0,0,False
4043,microsoft/azure-maven-plugins,11fa83e44375d66e0881c0f6aeff025ec3a3ea05,com/microsoft/azure/maven/function/DeployMojoTest.java,134,14,35,133,0.1,13,14,3,0,0,0,0,13,0,0,0,0,1,0,0,0,5,0,0,13,0,0,False
4044,microsoft/azure-maven-plugins,11fa83e44375d66e0881c0f6aeff025ec3a3ea05,com/microsoft/azure/maven/function/PackageMojoTest.java,40,5,14,39,0.1,4,5,1,0,0,0,0,4,0,0,0,0,1,0,0,0,2,0,0,4,0,0,False
4045,microsoft/azure-maven-plugins,11fa83e44375d66e0881c0f6aeff025ec3a3ea05,com/microsoft/azure/maven/function/RunMojoTest.java,95,9,25,88,0.11,10,9,4,1,0,0,0,8,0,0,0,0,0,0,0,0,3,0,2,8,0,0,False
4046,microsoft/azure-maven-plugins,11fa83e44375d66e0881c0f6aeff025ec3a3ea05,com/microsoft/azure/maven/function/handlers/AnnotationHandlerImplTest.java,69,6,14,15,0.06,4,6,1,0,0,0,0,2,0,0,0,0,0,0,0,0,0,0,0,2,0,0,False
4047,microsoft/azure-maven-plugins,11fa83e44375d66e0881c0f6aeff025ec3a3ea05,com/microsoft/azure/maven/function/handlers/FTPArtifactHandlerImplTest.java,36,2,6,24,0.03,1,2,0,0,0,0,0,2,0,0,0,0,0,0,0,0,1,0,0,2,0,0,False
4048,microsoft/azure-maven-plugins,11fa83e44375d66e0881c0f6aeff025ec3a3ea05,com/microsoft/azure/maven/function/handlers/MSDeployArtifactHandlerImplTest.java,104,8,24,85,0.04,4,8,0,0,0,0,0,7,0,2,0,0,0,0,0,0,3,0,1,7,0,0,False
4049,microsoft/azure-maven-plugins,11fa83e44375d66e0881c0f6aeff025ec3a3ea05,com/microsoft/azure/maven/AbstractAzureMojoTest.java,114,19,38,59,0.26,30,18,4,0,0,0,0,14,0,0,0,0,0,0,0,0,2,0,1,17,0,0,False
4050,microsoft/azure-maven-plugins,11fa83e44375d66e0881c0f6aeff025ec3a3ea05,com/microsoft/azure/maven/FTPUploaderTest.java,49,4,11,23,0.04,2,4,0,0,0,0,0,3,0,0,0,0,0,0,0,0,1,0,0,3,0,0,False
4051,microsoft/azure-maven-plugins,11fa83e44375d66e0881c0f6aeff025ec3a3ea05,com/microsoft/azure/maven/UtilsTest.java,44,4,8,27,0.18,8,4,2,0,0,0,0,1,0,0,0,0,0,0,0,1,1,0,0,3,0,0,False
4052,microsoft/azure-maven-plugins,11fa83e44375d66e0881c0f6aeff025ec3a3ea05,com/microsoft/azure/maven/auth/AzureAuthHelperTest.java,191,12,24,110,0.16,31,12,5,0,0,0,0,3,0,0,0,0,0,0,0,3,0,0,0,11,0,0,False
4053,microsoft/azure-maven-plugins,11fa83e44375d66e0881c0f6aeff025ec3a3ea05,com/microsoft/azure/maven/webapp/DeployMojoTest.java,144,20,55,119,0.15,21,15,3,0,0,0,0,11,0,0,0,0,0,0,0,0,7,0,0,11,0,0,False
4054,microsoft/azure-maven-plugins,11fa83e44375d66e0881c0f6aeff025ec3a3ea05,com/microsoft/azure/maven/webapp/WebAppUtilsTest.java,50,3,8,19,0.14,7,3,1,0,0,0,0,3,0,0,0,0,0,0,0,0,0,0,0,3,0,0,False
4055,microsoft/azure-maven-plugins,11fa83e44375d66e0881c0f6aeff025ec3a3ea05,com/microsoft/azure/maven/webapp/handlers/FTPArtifactHandlerImplTest.java,56,5,15,42,0.02,1,5,0,0,0,0,0,4,0,0,0,0,0,0,0,0,3,0,0,4,0,0,False
4056,microsoft/azure-maven-plugins,11fa83e44375d66e0881c0f6aeff025ec3a3ea05,com/microsoft/azure/maven/webapp/handlers/HandlerFactoryImplTest.java,53,3,7,14,0.15,8,3,2,0,0,0,0,2,0,0,0,0,0,0,0,0,0,0,0,2,0,0,False
4057,microsoft/azure-maven-plugins,11fa83e44375d66e0881c0f6aeff025ec3a3ea05,com/microsoft/azure/maven/webapp/handlers/JavaRuntimeHandlerImplTest.java,24,3,8,15,0.04,1,3,0,0,0,0,1,2,1,0,0,0,0,0,0,0,1,0,0,2,0,0,False
4058,microsoft/azure-maven-plugins,11fa83e44375d66e0881c0f6aeff025ec3a3ea05,com/microsoft/azure/maven/webapp/handlers/NullRuntimeHandlerImplTest.java,26,3,8,9,0.08,2,3,0,0,0,0,0,2,0,0,0,0,0,0,0,0,0,0,0,2,0,0,False
4059,microsoft/azure-maven-plugins,11fa83e44375d66e0881c0f6aeff025ec3a3ea05,com/microsoft/azure/maven/webapp/handlers/PrivateDockerHubRuntimeHandlerImplTest.java,31,3,8,18,0.0,0,3,0,0,0,0,1,2,1,0,0,0,0,0,0,0,2,0,0,2,0,0,False
4060,microsoft/azure-maven-plugins,11fa83e44375d66e0881c0f6aeff025ec3a3ea05,com/microsoft/azure/maven/webapp/handlers/PrivateRegistryRuntimeHandlerImplTest.java,31,3,8,18,0.0,0,3,0,0,0,0,1,2,1,0,0,0,0,0,0,0,2,0,0,2,0,0,False
4061,microsoft/azure-maven-plugins,11fa83e44375d66e0881c0f6aeff025ec3a3ea05,com/microsoft/azure/maven/webapp/handlers/PublicDockerHubRuntimeHandlerImplTest.java,24,3,8,15,0.0,0,3,0,0,0,0,1,2,1,0,0,0,0,0,0,0,2,0,0,2,0,0,False
4062,microsoft/azure-maven-plugins,11fa83e44375d66e0881c0f6aeff025ec3a3ea05,com/microsoft/azure/maven/webapp/handlers/SettingsHandlerImplTest.java,24,3,9,17,0.0,0,3,0,0,0,0,0,2,0,0,0,0,0,0,0,0,2,0,0,2,0,0,False
4063,microsoft/azure-maven-plugins,5d1e1f8650ff043c1d188b59b0774a85ce6ebb71,com/microsoft/azure/maven/function/AddMojoTest.java,44,7,15,24,0.11,5,7,1,0,0,0,0,6,0,1,0,0,0,0,0,0,0,0,2,6,0,0,False
4064,microsoft/azure-maven-plugins,5d1e1f8650ff043c1d188b59b0774a85ce6ebb71,com/microsoft/azure/maven/function/DeployMojoTest.java,134,14,35,133,0.1,13,14,3,0,0,0,0,13,0,0,0,0,1,0,0,0,5,0,0,13,0,0,False
4065,microsoft/azure-maven-plugins,5d1e1f8650ff043c1d188b59b0774a85ce6ebb71,com/microsoft/azure/maven/function/PackageMojoTest.java,40,5,14,39,0.1,4,5,1,0,0,0,0,4,0,0,0,0,1,0,0,0,2,0,0,4,0,0,False
4066,microsoft/azure-maven-plugins,5d1e1f8650ff043c1d188b59b0774a85ce6ebb71,com/microsoft/azure/maven/function/RunMojoTest.java,95,9,25,88,0.11,10,9,4,1,0,0,0,8,0,0,0,0,0,0,0,0,3,0,2,8,0,0,False
4067,microsoft/azure-maven-plugins,5d1e1f8650ff043c1d188b59b0774a85ce6ebb71,com/microsoft/azure/maven/function/handlers/AnnotationHandlerImplTest.java,69,6,14,15,0.06,4,6,1,0,0,0,0,2,0,0,0,0,0,0,0,0,0,0,0,2,0,0,False
4068,microsoft/azure-maven-plugins,5d1e1f8650ff043c1d188b59b0774a85ce6ebb71,com/microsoft/azure/maven/function/handlers/FTPArtifactHandlerImplTest.java,36,2,6,24,0.03,1,2,0,0,0,0,0,2,0,0,0,0,0,0,0,0,1,0,0,2,0,0,False
4069,microsoft/azure-maven-plugins,5d1e1f8650ff043c1d188b59b0774a85ce6ebb71,com/microsoft/azure/maven/function/handlers/MSDeployArtifactHandlerImplTest.java,104,8,24,85,0.04,4,8,0,0,0,0,0,7,0,2,0,0,0,0,0,0,3,0,1,7,0,0,False
4070,microsoft/azure-maven-plugins,5d1e1f8650ff043c1d188b59b0774a85ce6ebb71,com/microsoft/azure/maven/AbstractAzureMojoTest.java,106,18,36,52,0.25,26,17,3,0,0,0,0,13,0,0,0,0,0,0,0,0,2,0,1,16,0,0,False
4071,microsoft/azure-maven-plugins,5d1e1f8650ff043c1d188b59b0774a85ce6ebb71,com/microsoft/azure/maven/FTPUploaderTest.java,49,4,11,23,0.04,2,4,0,0,0,0,0,3,0,0,0,0,0,0,0,0,1,0,0,3,0,0,False
4072,microsoft/azure-maven-plugins,5d1e1f8650ff043c1d188b59b0774a85ce6ebb71,com/microsoft/azure/maven/UtilsTest.java,44,4,8,27,0.18,8,4,2,0,0,0,0,1,0,0,0,0,0,0,0,1,1,0,0,3,0,0,False
4073,microsoft/azure-maven-plugins,5d1e1f8650ff043c1d188b59b0774a85ce6ebb71,com/microsoft/azure/maven/auth/AzureAuthHelperTest.java,191,12,24,110,0.16,31,12,5,0,0,0,0,3,0,0,0,0,0,0,0,3,0,0,0,11,0,0,False
4074,microsoft/azure-maven-plugins,5d1e1f8650ff043c1d188b59b0774a85ce6ebb71,com/microsoft/azure/maven/webapp/DeployMojoTest.java,144,20,55,119,0.15,21,15,3,0,0,0,0,11,0,0,0,0,0,0,0,0,7,0,0,11,0,0,False
4075,microsoft/azure-maven-plugins,5d1e1f8650ff043c1d188b59b0774a85ce6ebb71,com/microsoft/azure/maven/webapp/WebAppUtilsTest.java,50,3,8,19,0.14,7,3,1,0,0,0,0,3,0,0,0,0,0,0,0,0,0,0,0,3,0,0,False
4076,microsoft/azure-maven-plugins,5d1e1f8650ff043c1d188b59b0774a85ce6ebb71,com/microsoft/azure/maven/webapp/handlers/FTPArtifactHandlerImplTest.java,56,5,15,42,0.02,1,5,0,0,0,0,0,4,0,0,0,0,0,0,0,0,3,0,0,4,0,0,False
4077,microsoft/azure-maven-plugins,5d1e1f8650ff043c1d188b59b0774a85ce6ebb71,com/microsoft/azure/maven/webapp/handlers/HandlerFactoryImplTest.java,53,3,7,14,0.15,8,3,2,0,0,0,0,2,0,0,0,0,0,0,0,0,0,0,0,2,0,0,False
4078,microsoft/azure-maven-plugins,5d1e1f8650ff043c1d188b59b0774a85ce6ebb71,com/microsoft/azure/maven/webapp/handlers/JavaRuntimeHandlerImplTest.java,24,3,8,15,0.04,1,3,0,0,0,0,1,2,1,0,0,0,0,0,0,0,1,0,0,2,0,0,False
4079,microsoft/azure-maven-plugins,5d1e1f8650ff043c1d188b59b0774a85ce6ebb71,com/microsoft/azure/maven/webapp/handlers/NullRuntimeHandlerImplTest.java,26,3,8,9,0.08,2,3,0,0,0,0,0,2,0,0,0,0,0,0,0,0,0,0,0,2,0,0,False
4080,microsoft/azure-maven-plugins,5d1e1f8650ff043c1d188b59b0774a85ce6ebb71,com/microsoft/azure/maven/webapp/handlers/PrivateDockerHubRuntimeHandlerImplTest.java,31,3,8,18,0.0,0,3,0,0,0,0,1,2,1,0,0,0,0,0,0,0,2,0,0,2,0,0,False
4081,microsoft/azure-maven-plugins,5d1e1f8650ff043c1d188b59b0774a85ce6ebb71,com/microsoft/azure/maven/webapp/handlers/PrivateRegistryRuntimeHandlerImplTest.java,31,3,8,18,0.0,0,3,0,0,0,0,1,2,1,0,0,0,0,0,0,0,2,0,0,2,0,0,False
4082,microsoft/azure-maven-plugins,5d1e1f8650ff043c1d188b59b0774a85ce6ebb71,com/microsoft/azure/maven/webapp/handlers/PublicDockerHubRuntimeHandlerImplTest.java,24,3,8,15,0.0,0,3,0,0,0,0,1,2,1,0,0,0,0,0,0,0,2,0,0,2,0,0,False
4083,microsoft/azure-maven-plugins,5d1e1f8650ff043c1d188b59b0774a85ce6ebb71,com/microsoft/azure/maven/webapp/handlers/SettingsHandlerImplTest.java,24,3,9,17,0.0,0,3,0,0,0,0,0,2,0,0,0,0,0,0,0,0,2,0,0,2,0,0,False
4084,microsoft/azure-maven-plugins,6d75d3c1f3a340b46f79169d6e0be385fe149962,com/microsoft/azure/maven/function/AddMojoTest.java,30,6,13,16,0.17,5,6,1,0,0,0,0,5,0,1,0,0,0,0,0,0,0,0,1,5,0,0,False
4085,microsoft/azure-maven-plugins,6d75d3c1f3a340b46f79169d6e0be385fe149962,com/microsoft/azure/maven/function/DeployMojoTest.java,134,14,35,133,0.1,13,14,3,0,0,0,0,13,0,0,0,0,1,0,0,0,5,0,0,13,0,0,False
4086,microsoft/azure-maven-plugins,6d75d3c1f3a340b46f79169d6e0be385fe149962,com/microsoft/azure/maven/function/PackageMojoTest.java,40,5,14,39,0.1,4,5,1,0,0,0,0,4,0,0,0,0,1,0,0,0,2,0,0,4,0,0,False
4087,microsoft/azure-maven-plugins,6d75d3c1f3a340b46f79169d6e0be385fe149962,com/microsoft/azure/maven/function/RunMojoTest.java,95,9,25,88,0.11,10,9,4,1,0,0,0,8,0,0,0,0,0,0,0,0,3,0,2,8,0,0,False
4088,microsoft/azure-maven-plugins,6d75d3c1f3a340b46f79169d6e0be385fe149962,com/microsoft/azure/maven/function/handlers/AnnotationHandlerImplTest.java,69,6,14,15,0.06,4,6,1,0,0,0,0,2,0,0,0,0,0,0,0,0,0,0,0,2,0,0,False
4089,microsoft/azure-maven-plugins,6d75d3c1f3a340b46f79169d6e0be385fe149962,com/microsoft/azure/maven/function/handlers/FTPArtifactHandlerImplTest.java,36,2,6,24,0.03,1,2,0,0,0,0,0,2,0,0,0,0,0,0,0,0,1,0,0,2,0,0,False
4090,microsoft/azure-maven-plugins,6d75d3c1f3a340b46f79169d6e0be385fe149962,com/microsoft/azure/maven/function/handlers/MSDeployArtifactHandlerImplTest.java,104,8,24,85,0.04,4,8,0,0,0,0,0,7,0,2,0,0,0,0,0,0,3,0,1,7,0,0,False
4091,microsoft/azure-maven-plugins,6d75d3c1f3a340b46f79169d6e0be385fe149962,com/microsoft/azure/maven/AbstractAzureMojoTest.java,106,18,36,52,0.25,26,17,3,0,0,0,0,13,0,0,0,0,0,0,0,0,2,0,1,16,0,0,False
4092,microsoft/azure-maven-plugins,6d75d3c1f3a340b46f79169d6e0be385fe149962,com/microsoft/azure/maven/FTPUploaderTest.java,49,4,11,23,0.04,2,4,0,0,0,0,0,3,0,0,0,0,0,0,0,0,1,0,0,3,0,0,False
4093,microsoft/azure-maven-plugins,6d75d3c1f3a340b46f79169d6e0be385fe149962,com/microsoft/azure/maven/UtilsTest.java,44,4,8,27,0.18,8,4,2,0,0,0,0,1,0,0,0,0,0,0,0,1,1,0,0,3,0,0,False
4094,microsoft/azure-maven-plugins,6d75d3c1f3a340b46f79169d6e0be385fe149962,com/microsoft/azure/maven/auth/AzureAuthHelperTest.java,191,12,24,110,0.16,31,12,5,0,0,0,0,3,0,0,0,0,0,0,0,3,0,0,0,11,0,0,False
4095,microsoft/azure-maven-plugins,6d75d3c1f3a340b46f79169d6e0be385fe149962,com/microsoft/azure/maven/webapp/DeployMojoTest.java,144,20,55,119,0.15,21,15,3,0,0,0,0,11,0,0,0,0,0,0,0,0,7,0,0,11,0,0,False
4096,microsoft/azure-maven-plugins,6d75d3c1f3a340b46f79169d6e0be385fe149962,com/microsoft/azure/maven/webapp/WebAppUtilsTest.java,50,3,8,19,0.14,7,3,1,0,0,0,0,3,0,0,0,0,0,0,0,0,0,0,0,3,0,0,False
4097,microsoft/azure-maven-plugins,6d75d3c1f3a340b46f79169d6e0be385fe149962,com/microsoft/azure/maven/webapp/handlers/FTPArtifactHandlerImplTest.java,56,5,15,42,0.02,1,5,0,0,0,0,0,4,0,0,0,0,0,0,0,0,3,0,0,4,0,0,False
4098,microsoft/azure-maven-plugins,6d75d3c1f3a340b46f79169d6e0be385fe149962,com/microsoft/azure/maven/webapp/handlers/HandlerFactoryImplTest.java,53,3,7,14,0.15,8,3,2,0,0,0,0,2,0,0,0,0,0,0,0,0,0,0,0,2,0,0,False
4099,microsoft/azure-maven-plugins,6d75d3c1f3a340b46f79169d6e0be385fe149962,com/microsoft/azure/maven/webapp/handlers/JavaRuntimeHandlerImplTest.java,24,3,8,15,0.04,1,3,0,0,0,0,1,2,1,0,0,0,0,0,0,0,1,0,0,2,0,0,False
4100,microsoft/azure-maven-plugins,6d75d3c1f3a340b46f79169d6e0be385fe149962,com/microsoft/azure/maven/webapp/handlers/NullRuntimeHandlerImplTest.java,26,3,8,9,0.08,2,3,0,0,0,0,0,2,0,0,0,0,0,0,0,0,0,0,0,2,0,0,False
4101,microsoft/azure-maven-plugins,6d75d3c1f3a340b46f79169d6e0be385fe149962,com/microsoft/azure/maven/webapp/handlers/PrivateDockerHubRuntimeHandlerImplTest.java,31,3,8,18,0.0,0,3,0,0,0,0,1,2,1,0,0,0,0,0,0,0,2,0,0,2,0,0,False
4102,microsoft/azure-maven-plugins,6d75d3c1f3a340b46f79169d6e0be385fe149962,com/microsoft/azure/maven/webapp/handlers/PrivateRegistryRuntimeHandlerImplTest.java,31,3,8,18,0.0,0,3,0,0,0,0,1,2,1,0,0,0,0,0,0,0,2,0,0,2,0,0,False
4103,microsoft/azure-maven-plugins,6d75d3c1f3a340b46f79169d6e0be385fe149962,com/microsoft/azure/maven/webapp/handlers/PublicDockerHubRuntimeHandlerImplTest.java,24,3,8,15,0.0,0,3,0,0,0,0,1,2,1,0,0,0,0,0,0,0,2,0,0,2,0,0,False
4104,microsoft/azure-maven-plugins,6d75d3c1f3a340b46f79169d6e0be385fe149962,com/microsoft/azure/maven/webapp/handlers/SettingsHandlerImplTest.java,24,3,9,17,0.0,0,3,0,0,0,0,0,2,0,0,0,0,0,0,0,0,2,0,0,2,0,0,False
4105,microsoft/azure-maven-plugins,3f3d1911f1fe0a69853078051c1ba090c97b34d2,com/microsoft/azure/maven/function/AddMojoTest.java,30,6,13,16,0.17,5,6,1,0,0,0,0,5,0,1,0,0,0,0,0,0,0,0,1,5,0,0,False
4106,microsoft/azure-maven-plugins,3f3d1911f1fe0a69853078051c1ba090c97b34d2,com/microsoft/azure/maven/function/DeployMojoTest.java,134,14,35,133,0.1,13,14,3,0,0,0,0,13,0,0,0,0,1,0,0,0,5,0,0,13,0,0,False
4107,microsoft/azure-maven-plugins,3f3d1911f1fe0a69853078051c1ba090c97b34d2,com/microsoft/azure/maven/function/PackageMojoTest.java,40,5,14,39,0.1,4,5,1,0,0,0,0,4,0,0,0,0,1,0,0,0,2,0,0,4,0,0,False
4108,microsoft/azure-maven-plugins,3f3d1911f1fe0a69853078051c1ba090c97b34d2,com/microsoft/azure/maven/function/RunMojoTest.java,95,9,25,88,0.11,10,9,4,1,0,0,0,8,0,0,0,0,0,0,0,0,3,0,2,8,0,0,False
4109,microsoft/azure-maven-plugins,3f3d1911f1fe0a69853078051c1ba090c97b34d2,com/microsoft/azure/maven/function/handlers/AnnotationHandlerImplTest.java,69,6,14,15,0.06,4,6,1,0,0,0,0,2,0,0,0,0,0,0,0,0,0,0,0,2,0,0,False
4110,microsoft/azure-maven-plugins,3f3d1911f1fe0a69853078051c1ba090c97b34d2,com/microsoft/azure/maven/function/handlers/FTPArtifactHandlerImplTest.java,36,2,6,24,0.03,1,2,0,0,0,0,0,2,0,0,0,0,0,0,0,0,1,0,0,2,0,0,False
4111,microsoft/azure-maven-plugins,3f3d1911f1fe0a69853078051c1ba090c97b34d2,com/microsoft/azure/maven/function/handlers/MSDeployArtifactHandlerImplTest.java,104,8,24,85,0.04,4,8,0,0,0,0,0,7,0,2,0,0,0,0,0,0,3,0,1,7,0,0,False
4112,microsoft/azure-maven-plugins,3f3d1911f1fe0a69853078051c1ba090c97b34d2,com/microsoft/azure/maven/AbstractAzureMojoTest.java,106,18,36,52,0.25,26,17,3,0,0,0,0,13,0,0,0,0,0,0,0,0,2,0,1,16,0,0,False
4113,microsoft/azure-maven-plugins,3f3d1911f1fe0a69853078051c1ba090c97b34d2,com/microsoft/azure/maven/FTPUploaderTest.java,49,4,11,23,0.04,2,4,0,0,0,0,0,3,0,0,0,0,0,0,0,0,1,0,0,3,0,0,False
4114,microsoft/azure-maven-plugins,3f3d1911f1fe0a69853078051c1ba090c97b34d2,com/microsoft/azure/maven/UtilsTest.java,44,4,8,27,0.18,8,4,2,0,0,0,0,1,0,0,0,0,0,0,0,1,1,0,0,3,0,0,False
4115,microsoft/azure-maven-plugins,3f3d1911f1fe0a69853078051c1ba090c97b34d2,com/microsoft/azure/maven/auth/AzureAuthHelperTest.java,191,12,24,110,0.16,31,12,5,0,0,0,0,3,0,0,0,0,0,0,0,3,0,0,0,11,0,0,False
4116,microsoft/azure-maven-plugins,3f3d1911f1fe0a69853078051c1ba090c97b34d2,com/microsoft/azure/maven/webapp/DeployMojoTest.java,144,20,55,119,0.15,21,15,3,0,0,0,0,11,0,0,0,0,0,0,0,0,7,0,0,11,0,0,False
4117,microsoft/azure-maven-plugins,3f3d1911f1fe0a69853078051c1ba090c97b34d2,com/microsoft/azure/maven/webapp/WebAppUtilsTest.java,50,3,8,19,0.14,7,3,1,0,0,0,0,3,0,0,0,0,0,0,0,0,0,0,0,3,0,0,False
4118,microsoft/azure-maven-plugins,3f3d1911f1fe0a69853078051c1ba090c97b34d2,com/microsoft/azure/maven/webapp/handlers/FTPArtifactHandlerImplTest.java,56,5,15,42,0.02,1,5,0,0,0,0,0,4,0,0,0,0,0,0,0,0,3,0,0,4,0,0,False
4119,microsoft/azure-maven-plugins,3f3d1911f1fe0a69853078051c1ba090c97b34d2,com/microsoft/azure/maven/webapp/handlers/HandlerFactoryImplTest.java,53,3,7,14,0.15,8,3,2,0,0,0,0,2,0,0,0,0,0,0,0,0,0,0,0,2,0,0,False
4120,microsoft/azure-maven-plugins,3f3d1911f1fe0a69853078051c1ba090c97b34d2,com/microsoft/azure/maven/webapp/handlers/JavaRuntimeHandlerImplTest.java,24,3,8,15,0.04,1,3,0,0,0,0,1,2,1,0,0,0,0,0,0,0,1,0,0,2,0,0,False
4121,microsoft/azure-maven-plugins,3f3d1911f1fe0a69853078051c1ba090c97b34d2,com/microsoft/azure/maven/webapp/handlers/NullRuntimeHandlerImplTest.java,26,3,8,9,0.08,2,3,0,0,0,0,0,2,0,0,0,0,0,0,0,0,0,0,0,2,0,0,False
4122,microsoft/azure-maven-plugins,3f3d1911f1fe0a69853078051c1ba090c97b34d2,com/microsoft/azure/maven/webapp/handlers/PrivateDockerHubRuntimeHandlerImplTest.java,31,3,8,18,0.0,0,3,0,0,0,0,1,2,1,0,0,0,0,0,0,0,2,0,0,2,0,0,False
4123,microsoft/azure-maven-plugins,3f3d1911f1fe0a69853078051c1ba090c97b34d2,com/microsoft/azure/maven/webapp/handlers/PrivateRegistryRuntimeHandlerImplTest.java,31,3,8,18,0.0,0,3,0,0,0,0,1,2,1,0,0,0,0,0,0,0,2,0,0,2,0,0,False
4124,microsoft/azure-maven-plugins,3f3d1911f1fe0a69853078051c1ba090c97b34d2,com/microsoft/azure/maven/webapp/handlers/PublicDockerHubRuntimeHandlerImplTest.java,24,3,8,15,0.0,0,3,0,0,0,0,1,2,1,0,0,0,0,0,0,0,2,0,0,2,0,0,False
4125,microsoft/azure-maven-plugins,3f3d1911f1fe0a69853078051c1ba090c97b34d2,com/microsoft/azure/maven/webapp/handlers/SettingsHandlerImplTest.java,24,3,9,17,0.0,0,3,0,0,0,0,0,2,0,0,0,0,0,0,0,0,2,0,0,2,0,0,False
4126,microsoft/azure-maven-plugins,d221bd90ca95b1d70f78f443248b9cd1f9199155,com/microsoft/azure/maven/function/AddMojoTest.java,26,4,9,16,0.19,5,4,1,0,0,0,0,3,0,1,0,0,0,0,0,0,0,0,1,3,0,0,False
4127,microsoft/azure-maven-plugins,d221bd90ca95b1d70f78f443248b9cd1f9199155,com/microsoft/azure/maven/function/DeployMojoTest.java,134,14,35,133,0.1,13,14,3,0,0,0,0,13,0,0,0,0,1,0,0,0,5,0,0,13,0,0,False
4128,microsoft/azure-maven-plugins,d221bd90ca95b1d70f78f443248b9cd1f9199155,com/microsoft/azure/maven/function/PackageMojoTest.java,40,5,14,39,0.1,4,5,1,0,0,0,0,4,0,0,0,0,1,0,0,0,2,0,0,4,0,0,False
4129,microsoft/azure-maven-plugins,d221bd90ca95b1d70f78f443248b9cd1f9199155,com/microsoft/azure/maven/function/RunMojoTest.java,95,9,25,88,0.11,10,9,4,1,0,0,0,8,0,0,0,0,0,0,0,0,3,0,2,8,0,0,False
4130,microsoft/azure-maven-plugins,d221bd90ca95b1d70f78f443248b9cd1f9199155,com/microsoft/azure/maven/function/handlers/AnnotationHandlerImplTest.java,69,6,14,15,0.06,4,6,1,0,0,0,0,2,0,0,0,0,0,0,0,0,0,0,0,2,0,0,False
4131,microsoft/azure-maven-plugins,d221bd90ca95b1d70f78f443248b9cd1f9199155,com/microsoft/azure/maven/function/handlers/FTPArtifactHandlerImplTest.java,36,2,6,24,0.03,1,2,0,0,0,0,0,2,0,0,0,0,0,0,0,0,1,0,0,2,0,0,False
4132,microsoft/azure-maven-plugins,d221bd90ca95b1d70f78f443248b9cd1f9199155,com/microsoft/azure/maven/function/handlers/MSDeployArtifactHandlerImplTest.java,104,8,24,85,0.04,4,8,0,0,0,0,0,7,0,2,0,0,0,0,0,0,3,0,1,7,0,0,False
4133,microsoft/azure-maven-plugins,d221bd90ca95b1d70f78f443248b9cd1f9199155,com/microsoft/azure/maven/AbstractAzureMojoTest.java,106,18,36,52,0.25,26,17,3,0,0,0,0,13,0,0,0,0,0,0,0,0,2,0,1,16,0,0,False
4134,microsoft/azure-maven-plugins,d221bd90ca95b1d70f78f443248b9cd1f9199155,com/microsoft/azure/maven/FTPUploaderTest.java,49,4,11,23,0.04,2,4,0,0,0,0,0,3,0,0,0,0,0,0,0,0,1,0,0,3,0,0,False
4135,microsoft/azure-maven-plugins,d221bd90ca95b1d70f78f443248b9cd1f9199155,com/microsoft/azure/maven/UtilsTest.java,44,4,8,27,0.18,8,4,2,0,0,0,0,1,0,0,0,0,0,0,0,1,1,0,0,3,0,0,False
4136,microsoft/azure-maven-plugins,d221bd90ca95b1d70f78f443248b9cd1f9199155,com/microsoft/azure/maven/auth/AzureAuthHelperTest.java,191,12,24,110,0.16,31,12,5,0,0,0,0,3,0,0,0,0,0,0,0,3,0,0,0,11,0,0,False
4137,microsoft/azure-maven-plugins,d221bd90ca95b1d70f78f443248b9cd1f9199155,com/microsoft/azure/maven/webapp/DeployMojoTest.java,144,20,55,119,0.15,21,15,3,0,0,0,0,11,0,0,0,0,0,0,0,0,7,0,0,11,0,0,False
4138,microsoft/azure-maven-plugins,d221bd90ca95b1d70f78f443248b9cd1f9199155,com/microsoft/azure/maven/webapp/WebAppUtilsTest.java,50,3,8,19,0.14,7,3,1,0,0,0,0,3,0,0,0,0,0,0,0,0,0,0,0,3,0,0,False
4139,microsoft/azure-maven-plugins,d221bd90ca95b1d70f78f443248b9cd1f9199155,com/microsoft/azure/maven/webapp/handlers/FTPArtifactHandlerImplTest.java,56,5,15,42,0.02,1,5,0,0,0,0,0,4,0,0,0,0,0,0,0,0,3,0,0,4,0,0,False
4140,microsoft/azure-maven-plugins,d221bd90ca95b1d70f78f443248b9cd1f9199155,com/microsoft/azure/maven/webapp/handlers/HandlerFactoryImplTest.java,53,3,7,14,0.15,8,3,2,0,0,0,0,2,0,0,0,0,0,0,0,0,0,0,0,2,0,0,False
4141,microsoft/azure-maven-plugins,d221bd90ca95b1d70f78f443248b9cd1f9199155,com/microsoft/azure/maven/webapp/handlers/JavaRuntimeHandlerImplTest.java,24,3,8,15,0.04,1,3,0,0,0,0,1,2,1,0,0,0,0,0,0,0,1,0,0,2,0,0,False
4142,microsoft/azure-maven-plugins,d221bd90ca95b1d70f78f443248b9cd1f9199155,com/microsoft/azure/maven/webapp/handlers/NullRuntimeHandlerImplTest.java,26,3,8,9,0.08,2,3,0,0,0,0,0,2,0,0,0,0,0,0,0,0,0,0,0,2,0,0,False
4143,microsoft/azure-maven-plugins,d221bd90ca95b1d70f78f443248b9cd1f9199155,com/microsoft/azure/maven/webapp/handlers/PrivateDockerHubRuntimeHandlerImplTest.java,31,3,8,18,0.0,0,3,0,0,0,0,1,2,1,0,0,0,0,0,0,0,2,0,0,2,0,0,False
4144,microsoft/azure-maven-plugins,d221bd90ca95b1d70f78f443248b9cd1f9199155,com/microsoft/azure/maven/webapp/handlers/PrivateRegistryRuntimeHandlerImplTest.java,31,3,8,18,0.0,0,3,0,0,0,0,1,2,1,0,0,0,0,0,0,0,2,0,0,2,0,0,False
4145,microsoft/azure-maven-plugins,d221bd90ca95b1d70f78f443248b9cd1f9199155,com/microsoft/azure/maven/webapp/handlers/PublicDockerHubRuntimeHandlerImplTest.java,24,3,8,15,0.0,0,3,0,0,0,0,1,2,1,0,0,0,0,0,0,0,2,0,0,2,0,0,False
4146,microsoft/azure-maven-plugins,d221bd90ca95b1d70f78f443248b9cd1f9199155,com/microsoft/azure/maven/webapp/handlers/SettingsHandlerImplTest.java,24,3,9,17,0.0,0,3,0,0,0,0,0,2,0,0,0,0,0,0,0,0,2,0,0,2,0,0,False
4147,microsoft/azure-maven-plugins,97d5b8422c241e9bb210ac249ccd6ce697e423a8,com/microsoft/azure/maven/function/AddMojoTest.java,26,4,9,16,0.19,5,4,1,0,0,0,0,3,0,1,0,0,0,0,0,0,0,0,1,3,0,0,False
4148,microsoft/azure-maven-plugins,97d5b8422c241e9bb210ac249ccd6ce697e423a8,com/microsoft/azure/maven/function/DeployMojoTest.java,134,14,35,133,0.1,13,14,3,0,0,0,0,13,0,0,0,0,1,0,0,0,5,0,0,13,0,0,False
4149,microsoft/azure-maven-plugins,97d5b8422c241e9bb210ac249ccd6ce697e423a8,com/microsoft/azure/maven/function/PackageMojoTest.java,40,5,14,39,0.1,4,5,1,0,0,0,0,4,0,0,0,0,1,0,0,0,2,0,0,4,0,0,False
4150,microsoft/azure-maven-plugins,97d5b8422c241e9bb210ac249ccd6ce697e423a8,com/microsoft/azure/maven/function/RunMojoTest.java,95,9,25,88,0.11,10,9,4,1,0,0,0,8,0,0,0,0,0,0,0,0,3,0,2,8,0,0,False
4151,microsoft/azure-maven-plugins,97d5b8422c241e9bb210ac249ccd6ce697e423a8,com/microsoft/azure/maven/function/handlers/AnnotationHandlerImplTest.java,69,6,14,15,0.06,4,6,1,0,0,0,0,2,0,0,0,0,0,0,0,0,0,0,0,2,0,0,False
4152,microsoft/azure-maven-plugins,97d5b8422c241e9bb210ac249ccd6ce697e423a8,com/microsoft/azure/maven/function/handlers/FTPArtifactHandlerImplTest.java,36,2,6,24,0.03,1,2,0,0,0,0,0,2,0,0,0,0,0,0,0,0,1,0,0,2,0,0,False
4153,microsoft/azure-maven-plugins,97d5b8422c241e9bb210ac249ccd6ce697e423a8,com/microsoft/azure/maven/function/handlers/MSDeployArtifactHandlerImplTest.java,104,8,24,85,0.04,4,8,0,0,0,0,0,7,0,2,0,0,0,0,0,0,3,0,1,7,0,0,False
4154,microsoft/azure-maven-plugins,97d5b8422c241e9bb210ac249ccd6ce697e423a8,com/microsoft/azure/maven/AbstractAzureMojoTest.java,106,18,36,52,0.25,26,17,3,0,0,0,0,13,0,0,0,0,0,0,0,0,2,0,1,16,0,0,False
4155,microsoft/azure-maven-plugins,97d5b8422c241e9bb210ac249ccd6ce697e423a8,com/microsoft/azure/maven/FTPUploaderTest.java,49,4,11,23,0.04,2,4,0,0,0,0,0,3,0,0,0,0,0,0,0,0,1,0,0,3,0,0,False
4156,microsoft/azure-maven-plugins,97d5b8422c241e9bb210ac249ccd6ce697e423a8,com/microsoft/azure/maven/UtilsTest.java,44,4,8,27,0.18,8,4,2,0,0,0,0,1,0,0,0,0,0,0,0,1,1,0,0,3,0,0,False
4157,microsoft/azure-maven-plugins,97d5b8422c241e9bb210ac249ccd6ce697e423a8,com/microsoft/azure/maven/auth/AzureAuthHelperTest.java,191,12,24,110,0.16,31,12,5,0,0,0,0,3,0,0,0,0,0,0,0,3,0,0,0,11,0,0,False
4158,microsoft/azure-maven-plugins,97d5b8422c241e9bb210ac249ccd6ce697e423a8,com/microsoft/azure/maven/webapp/DeployMojoTest.java,144,20,55,119,0.15,21,15,3,0,0,0,0,11,0,0,0,0,0,0,0,0,7,0,0,11,0,0,False
4159,microsoft/azure-maven-plugins,97d5b8422c241e9bb210ac249ccd6ce697e423a8,com/microsoft/azure/maven/webapp/WebAppUtilsTest.java,50,3,8,19,0.14,7,3,1,0,0,0,0,3,0,0,0,0,0,0,0,0,0,0,0,3,0,0,False
4160,microsoft/azure-maven-plugins,97d5b8422c241e9bb210ac249ccd6ce697e423a8,com/microsoft/azure/maven/webapp/handlers/FTPArtifactHandlerImplTest.java,56,5,15,42,0.02,1,5,0,0,0,0,0,4,0,0,0,0,0,0,0,0,3,0,0,4,0,0,False
4161,microsoft/azure-maven-plugins,97d5b8422c241e9bb210ac249ccd6ce697e423a8,com/microsoft/azure/maven/webapp/handlers/HandlerFactoryImplTest.java,53,3,7,14,0.15,8,3,2,0,0,0,0,2,0,0,0,0,0,0,0,0,0,0,0,2,0,0,False
4162,microsoft/azure-maven-plugins,97d5b8422c241e9bb210ac249ccd6ce697e423a8,com/microsoft/azure/maven/webapp/handlers/JavaRuntimeHandlerImplTest.java,24,3,8,15,0.04,1,3,0,0,0,0,1,2,1,0,0,0,0,0,0,0,1,0,0,2,0,0,False
4163,microsoft/azure-maven-plugins,97d5b8422c241e9bb210ac249ccd6ce697e423a8,com/microsoft/azure/maven/webapp/handlers/NullRuntimeHandlerImplTest.java,26,3,8,9,0.08,2,3,0,0,0,0,0,2,0,0,0,0,0,0,0,0,0,0,0,2,0,0,False
4164,microsoft/azure-maven-plugins,97d5b8422c241e9bb210ac249ccd6ce697e423a8,com/microsoft/azure/maven/webapp/handlers/PrivateDockerHubRuntimeHandlerImplTest.java,31,3,8,18,0.0,0,3,0,0,0,0,1,2,1,0,0,0,0,0,0,0,2,0,0,2,0,0,False
4165,microsoft/azure-maven-plugins,97d5b8422c241e9bb210ac249ccd6ce697e423a8,com/microsoft/azure/maven/webapp/handlers/PrivateRegistryRuntimeHandlerImplTest.java,31,3,8,18,0.0,0,3,0,0,0,0,1,2,1,0,0,0,0,0,0,0,2,0,0,2,0,0,False
4166,microsoft/azure-maven-plugins,97d5b8422c241e9bb210ac249ccd6ce697e423a8,com/microsoft/azure/maven/webapp/handlers/PublicDockerHubRuntimeHandlerImplTest.java,24,3,8,15,0.0,0,3,0,0,0,0,1,2,1,0,0,0,0,0,0,0,2,0,0,2,0,0,False
4167,microsoft/azure-maven-plugins,97d5b8422c241e9bb210ac249ccd6ce697e423a8,com/microsoft/azure/maven/webapp/handlers/SettingsHandlerImplTest.java,24,3,9,17,0.0,0,3,0,0,0,0,0,2,0,0,0,0,0,0,0,0,2,0,0,2,0,0,False
4168,microsoft/azure-maven-plugins,750f7aaafc5afe564eaa4622ef21fbb026d302b1,com/microsoft/azure/maven/function/AddMojoTest.java,44,7,15,24,0.11,5,7,1,0,0,0,0,6,0,1,0,0,0,0,0,0,0,0,2,6,0,0,False
4169,microsoft/azure-maven-plugins,750f7aaafc5afe564eaa4622ef21fbb026d302b1,com/microsoft/azure/maven/function/DeployMojoTest.java,114,14,37,102,0.17,19,14,7,0,0,0,0,12,12,0,0,0,0,0,0,1,4,0,0,12,0,0,False
4170,microsoft/azure-maven-plugins,750f7aaafc5afe564eaa4622ef21fbb026d302b1,com/microsoft/azure/maven/function/ListMojoTest.java,15,2,6,12,0.0,0,2,0,0,0,0,0,1,0,0,0,0,0,0,0,0,1,0,0,1,0,0,False
4171,microsoft/azure-maven-plugins,750f7aaafc5afe564eaa4622ef21fbb026d302b1,com/microsoft/azure/maven/function/PackageMojoTest.java,44,5,13,43,0.09,4,5,1,0,0,0,0,4,0,0,0,0,0,0,0,0,2,0,0,4,0,0,False
4172,microsoft/azure-maven-plugins,750f7aaafc5afe564eaa4622ef21fbb026d302b1,com/microsoft/azure/maven/function/RunMojoTest.java,57,8,20,60,0.07,4,8,1,0,0,0,0,7,0,0,0,0,0,0,0,0,1,0,0,7,0,0,False
4173,microsoft/azure-maven-plugins,750f7aaafc5afe564eaa4622ef21fbb026d302b1,com/microsoft/azure/maven/AbstractAppServiceMojoTest.java,17,2,3,10,0.06,1,1,0,0,0,0,0,0,0,0,0,0,1,0,0,0,0,0,0,1,0,0,False
4174,microsoft/azure-maven-plugins,750f7aaafc5afe564eaa4622ef21fbb026d302b1,com/microsoft/azure/maven/AbstractAzureMojoTest.java,96,17,34,48,0.26,25,16,3,0,0,0,0,12,0,0,0,0,0,0,0,0,1,0,0,15,0,0,False
4175,microsoft/azure-maven-plugins,750f7aaafc5afe564eaa4622ef21fbb026d302b1,com/microsoft/azure/maven/webapp/DeployMojoTest.java,163,20,53,126,0.15,25,14,3,0,0,0,0,11,0,0,0,0,0,0,0,0,0,0,3,11,0,0,False
4176,microsoft/azure-maven-plugins,750f7aaafc5afe564eaa4622ef21fbb026d302b1,com/microsoft/azure/maven/webapp/handlers/artifact/ArtifactHandlerImplV2Test.java,105,10,27,86,0.04,4,10,1,0,0,0,1,8,0,4,0,0,0,0,0,1,2,0,5,8,0,0,False
4177,microsoft/azure-maven-plugins,750f7aaafc5afe564eaa4622ef21fbb026d302b1,com/microsoft/azure/maven/webapp/handlers/artifact/JarArtifactHandlerImplTest.java,76,11,24,59,0.04,3,11,1,0,0,0,2,7,0,3,0,0,0,0,0,1,4,0,4,9,0,0,False
4178,microsoft/azure-maven-plugins,750f7aaafc5afe564eaa4622ef21fbb026d302b1,com/microsoft/azure/maven/webapp/handlers/artifact/WarArtifactHandlerImplTest.java,138,12,26,111,0.08,11,12,2,0,0,0,0,8,0,8,0,0,1,0,0,1,2,0,9,10,0,0,False
4179,microsoft/azure-maven-plugins,750f7aaafc5afe564eaa4622ef21fbb026d302b1,com/microsoft/azure/maven/webapp/handlers/DeploymentSlotHandlerTest.java,87,9,24,71,0.0,0,9,0,0,0,0,0,8,0,0,0,0,0,0,0,0,4,0,0,8,0,0,False
4180,microsoft/azure-maven-plugins,750f7aaafc5afe564eaa4622ef21fbb026d302b1,com/microsoft/azure/maven/webapp/handlers/HandlerFactoryImplTest.java,89,8,22,54,0.16,14,8,3,0,0,0,0,7,3,0,0,0,0,0,0,0,0,0,0,7,0,0,False
4181,microsoft/azure-maven-plugins,750f7aaafc5afe564eaa4622ef21fbb026d302b1,com/microsoft/azure/maven/webapp/handlers/SettingsHandlerImplTest.java,24,3,9,17,0.0,0,3,0,0,0,0,0,2,0,0,0,0,0,0,0,0,2,0,0,2,0,0,False
4182,microsoft/azure-maven-plugins,750f7aaafc5afe564eaa4622ef21fbb026d302b1,com/microsoft/azure/maven/webapp/handlers/runtime/LinuxRuntimeHandlerImplTest.java,41,5,10,60,0.05,2,5,0,0,0,0,0,2,0,0,0,0,0,0,0,0,0,0,0,2,0,0,False
4183,microsoft/azure-maven-plugins,750f7aaafc5afe564eaa4622ef21fbb026d302b1,com/microsoft/azure/maven/webapp/handlers/runtime/NullRuntimeHandlerImplTest.java,22,3,7,5,0.09,2,3,0,0,0,0,0,1,0,0,0,0,0,0,0,0,0,0,0,2,0,0,False
4184,microsoft/azure-maven-plugins,750f7aaafc5afe564eaa4622ef21fbb026d302b1,com/microsoft/azure/maven/webapp/handlers/runtime/PrivateDockerHubRuntimeHandlerImplTest.java,62,5,12,80,0.0,0,5,0,0,0,0,0,2,0,0,0,0,0,0,0,0,2,0,0,2,0,0,False
4185,microsoft/azure-maven-plugins,750f7aaafc5afe564eaa4622ef21fbb026d302b1,com/microsoft/azure/maven/webapp/handlers/runtime/PrivateRegistryRuntimeHandlerImplTest.java,63,5,12,81,0.0,0,5,0,0,0,0,0,2,0,0,0,0,0,0,0,0,2,0,0,2,0,0,False
4186,microsoft/azure-maven-plugins,750f7aaafc5afe564eaa4622ef21fbb026d302b1,com/microsoft/azure/maven/webapp/handlers/runtime/PublicDockerHubRuntimeHandlerImplTest.java,41,5,10,64,0.0,0,5,0,0,0,0,0,2,0,0,0,0,0,0,0,0,2,0,0,2,0,0,False
4187,microsoft/azure-maven-plugins,750f7aaafc5afe564eaa4622ef21fbb026d302b1,com/microsoft/azure/maven/webapp/handlers/runtime/WindowsRuntimeHandlerImplTest.java,46,5,10,68,0.04,2,5,0,0,0,0,0,2,0,0,0,0,0,0,0,0,0,0,0,2,0,0,False
4188,microsoft/azure-maven-plugins,750f7aaafc5afe564eaa4622ef21fbb026d302b1,com/microsoft/azure/maven/webapp/parser/ConfigurationParserTest.java,138,21,44,39,0.18,25,5,3,0,0,0,0,3,0,0,0,0,0,0,0,0,0,0,0,3,0,0,False
4189,microsoft/azure-maven-plugins,750f7aaafc5afe564eaa4622ef21fbb026d302b1,com/microsoft/azure/maven/webapp/parser/V1ConfigurationParserTest.java,120,9,23,56,0.23,27,9,8,0,0,0,0,6,0,0,0,0,0,0,0,0,0,0,0,8,0,0,False
4190,microsoft/azure-maven-plugins,750f7aaafc5afe564eaa4622ef21fbb026d302b1,com/microsoft/azure/maven/webapp/parser/V2ConfigurationParserTest.java,146,10,22,68,0.19,28,10,9,0,0,0,0,6,0,0,0,0,0,0,0,1,0,0,0,9,0,0,False
4191,microsoft/azure-maven-plugins,750f7aaafc5afe564eaa4622ef21fbb026d302b1,com/microsoft/azure/maven/webapp/utils/RuntimeStackUtilsTest.java,13,2,2,4,0.54,7,2,2,0,0,0,0,0,0,0,0,0,0,0,0,0,0,0,0,2,0,0,False
4192,microsoft/azure-maven-plugins,750f7aaafc5afe564eaa4622ef21fbb026d302b1,com/microsoft/azure/maven/webapp/utils/TestUtils.java,52,6,20,29,0.0,0,6,0,0,0,0,0,0,0,0,0,0,0,0,0,0,0,0,0,0,0,0,False
4193,microsoft/azure-maven-plugins,750f7aaafc5afe564eaa4622ef21fbb026d302b1,com/microsoft/azure/maven/webapp/WebAppUtilsTest.java,149,8,20,90,0.05,7,8,1,0,0,0,0,7,0,0,0,0,0,0,0,0,0,0,0,8,0,0,False
4194,microsoft/azure-maven-plugins,0024493e233b5ec16f0f99c14d14be45ba58ba68,com/microsoft/azure/maven/function/AddMojoTest.java,44,7,15,24,0.11,5,7,1,0,0,0,0,6,0,1,0,0,0,0,0,0,0,0,2,6,0,0,False
4195,microsoft/azure-maven-plugins,0024493e233b5ec16f0f99c14d14be45ba58ba68,com/microsoft/azure/maven/function/DeployMojoTest.java,166,18,48,154,0.08,13,18,4,0,0,0,0,15,15,0,0,0,0,0,0,0,7,0,0,15,0,0,False
4196,microsoft/azure-maven-plugins,0024493e233b5ec16f0f99c14d14be45ba58ba68,com/microsoft/azure/maven/function/ListMojoTest.java,22,2,6,14,0.05,1,2,0,0,0,0,0,1,0,0,0,0,0,0,0,0,1,0,0,1,0,0,False
4197,microsoft/azure-maven-plugins,0024493e233b5ec16f0f99c14d14be45ba58ba68,com/microsoft/azure/maven/function/PackageMojoTest.java,42,5,13,42,0.1,4,5,1,0,0,0,0,4,0,0,0,0,1,0,0,0,2,0,0,4,0,0,False
4198,microsoft/azure-maven-plugins,0024493e233b5ec16f0f99c14d14be45ba58ba68,com/microsoft/azure/maven/function/RunMojoTest.java,57,8,20,60,0.07,4,8,1,0,0,0,0,7,0,0,0,0,0,0,0,0,1,0,0,7,0,0,False
4199,microsoft/azure-maven-plugins,0024493e233b5ec16f0f99c14d14be45ba58ba68,com/microsoft/azure/maven/function/handlers/AnnotationHandlerImplTest.java,90,7,17,13,0.03,3,7,2,0,0,0,0,2,0,0,0,0,0,0,0,0,0,0,0,2,0,0,False
4200,microsoft/azure-maven-plugins,0024493e233b5ec16f0f99c14d14be45ba58ba68,com/microsoft/azure/maven/function/handlers/CommandHandlerImplTest.java,20,3,4,14,0.15,3,3,1,0,0,0,0,1,0,0,0,0,0,0,0,0,0,0,0,3,0,0,False
4201,microsoft/azure-maven-plugins,0024493e233b5ec16f0f99c14d14be45ba58ba68,com/microsoft/azure/maven/function/handlers/FunctionCoreToolsHandlerImplTest.java,76,7,18,83,0.03,2,7,0,0,0,0,0,6,0,0,0,0,0,0,0,0,3,0,0,7,0,0,False
4202,microsoft/azure-maven-plugins,0024493e233b5ec16f0f99c14d14be45ba58ba68,com/microsoft/azure/maven/function/handlers/MSDeployArtifactHandlerImplTest.java,122,9,21,101,0.03,4,9,0,0,0,0,0,7,0,3,0,0,0,0,0,0,3,0,2,7,0,0,False
4203,microsoft/azure-maven-plugins,0024493e233b5ec16f0f99c14d14be45ba58ba68,com/microsoft/azure/maven/function/utils/CommandUtilsTest.java,12,3,4,9,0.33,4,3,1,0,0,0,0,1,0,0,0,0,0,0,0,0,0,0,0,3,0,0,False
4204,microsoft/azure-maven-plugins,0024493e233b5ec16f0f99c14d14be45ba58ba68,com/microsoft/azure/maven/AbstractAppServiceMojoTest.java,17,2,3,10,0.06,1,1,0,0,0,0,0,0,0,0,0,0,1,0,0,0,0,0,0,1,0,0,False
4205,microsoft/azure-maven-plugins,0024493e233b5ec16f0f99c14d14be45ba58ba68,com/microsoft/azure/maven/AbstractAzureMojoTest.java,113,19,38,59,0.27,30,18,4,0,0,0,0,14,0,0,0,0,0,0,0,0,2,0,1,17,0,0,False
4206,microsoft/azure-maven-plugins,0024493e233b5ec16f0f99c14d14be45ba58ba68,com/microsoft/azure/maven/FTPUploaderTest.java,49,4,11,23,0.04,2,4,0,0,0,0,0,3,0,0,0,0,0,0,0,0,1,0,0,3,0,0,False
4207,microsoft/azure-maven-plugins,0024493e233b5ec16f0f99c14d14be45ba58ba68,com/microsoft/azure/maven/UtilsTest.java,44,4,8,27,0.18,8,4,2,0,0,0,0,1,0,0,0,0,0,0,0,1,1,0,0,3,0,0,False
4208,microsoft/azure-maven-plugins,0024493e233b5ec16f0f99c14d14be45ba58ba68,com/microsoft/azure/maven/artifacthandler/ArtifactHandlerBaseTest.java,51,8,18,40,0.0,0,5,0,0,0,0,0,4,0,0,0,0,0,0,0,0,1,0,0,4,0,0,False
4209,microsoft/azure-maven-plugins,0024493e233b5ec16f0f99c14d14be45ba58ba68,com/microsoft/azure/maven/artifacthandler/FTPArtifactHandlerImplTest.java,96,7,16,75,0.03,3,7,1,0,0,0,0,4,0,0,0,0,0,0,0,1,4,0,0,5,0,0,False
4210,microsoft/azure-maven-plugins,0024493e233b5ec16f0f99c14d14be45ba58ba68,com/microsoft/azure/maven/artifacthandler/ZIPArtifactHandlerImplTest.java,73,7,14,55,0.04,3,7,0,0,0,0,0,3,0,3,0,0,0,0,0,0,1,0,3,5,0,0,False
4211,microsoft/azure-maven-plugins,0024493e233b5ec16f0f99c14d14be45ba58ba68,com/microsoft/azure/maven/webapp/DeployMojoTest.java,147,22,57,104,0.18,26,16,3,0,0,0,0,12,0,0,0,0,0,0,0,0,0,0,0,12,0,0,False
4212,microsoft/azure-maven-plugins,0024493e233b5ec16f0f99c14d14be45ba58ba68,com/microsoft/azure/maven/webapp/handlers/artifact/ArtifactHandlerImplV2Test.java,171,11,30,147,0.02,4,11,1,0,0,0,0,8,0,4,0,0,0,0,0,1,3,0,6,9,0,0,False
4213,microsoft/azure-maven-plugins,0024493e233b5ec16f0f99c14d14be45ba58ba68,com/microsoft/azure/maven/webapp/handlers/artifact/JarArtifactHandlerImplTest.java,70,11,23,54,0.04,3,11,1,0,0,0,2,7,0,3,0,0,0,0,0,1,4,0,4,9,0,0,False
4214,microsoft/azure-maven-plugins,0024493e233b5ec16f0f99c14d14be45ba58ba68,com/microsoft/azure/maven/webapp/handlers/artifact/WarArtifactHandlerImplTest.java,149,12,26,121,0.07,11,12,2,0,0,0,0,8,0,8,0,0,1,0,0,1,2,0,9,10,0,0,False
4215,microsoft/azure-maven-plugins,0024493e233b5ec16f0f99c14d14be45ba58ba68,com/microsoft/azure/maven/webapp/handlers/DeploymentSlotHandlerTest.java,93,9,24,74,0.0,0,9,0,0,0,0,0,8,0,0,0,0,0,0,0,0,4,0,0,8,0,0,False
4216,microsoft/azure-maven-plugins,0024493e233b5ec16f0f99c14d14be45ba58ba68,com/microsoft/azure/maven/webapp/handlers/HandlerFactoryImplTest.java,92,8,21,57,0.15,14,8,3,0,0,0,0,7,0,0,0,0,0,0,0,0,0,0,0,7,0,0,False
4217,microsoft/azure-maven-plugins,0024493e233b5ec16f0f99c14d14be45ba58ba68,com/microsoft/azure/maven/webapp/handlers/SettingsHandlerImplTest.java,24,3,9,17,0.0,0,3,0,0,0,0,0,2,0,0,0,0,0,0,0,0,2,0,0,2,0,0,False
4218,microsoft/azure-maven-plugins,0024493e233b5ec16f0f99c14d14be45ba58ba68,com/microsoft/azure/maven/webapp/handlers/runtime/LinuxRuntimeHandlerImplTest.java,42,5,10,62,0.05,2,5,0,0,0,0,0,2,0,0,0,0,0,0,0,0,0,0,0,2,0,0,False
4219,microsoft/azure-maven-plugins,0024493e233b5ec16f0f99c14d14be45ba58ba68,com/microsoft/azure/maven/webapp/handlers/runtime/NullRuntimeHandlerImplTest.java,22,3,7,5,0.09,2,3,0,0,0,0,0,1,0,0,0,0,0,0,0,0,0,0,0,2,0,0,False
4220,microsoft/azure-maven-plugins,0024493e233b5ec16f0f99c14d14be45ba58ba68,com/microsoft/azure/maven/webapp/handlers/runtime/PrivateDockerHubRuntimeHandlerImplTest.java,57,5,10,82,0.0,0,5,0,0,0,0,0,2,0,0,0,0,0,0,0,0,2,0,0,2,0,0,False
4221,microsoft/azure-maven-plugins,0024493e233b5ec16f0f99c14d14be45ba58ba68,com/microsoft/azure/maven/webapp/handlers/runtime/PrivateRegistryRuntimeHandlerImplTest.java,58,5,10,83,0.0,0,5,0,0,0,0,0,2,0,0,0,0,0,0,0,0,2,0,0,2,0,0,False
4222,microsoft/azure-maven-plugins,0024493e233b5ec16f0f99c14d14be45ba58ba68,com/microsoft/azure/maven/webapp/handlers/runtime/PublicDockerHubRuntimeHandlerImplTest.java,42,5,10,70,0.0,0,5,0,0,0,0,0,2,0,0,0,0,0,0,0,0,2,0,0,2,0,0,False
4223,microsoft/azure-maven-plugins,0024493e233b5ec16f0f99c14d14be45ba58ba68,com/microsoft/azure/maven/webapp/handlers/runtime/WindowsRuntimeHandlerImplTest.java,47,5,10,70,0.04,2,5,0,0,0,0,0,2,0,0,0,0,0,0,0,0,0,0,0,2,0,0,False
4224,microsoft/azure-maven-plugins,0024493e233b5ec16f0f99c14d14be45ba58ba68,com/microsoft/azure/maven/webapp/parser/ConfigurationParserTest.java,138,21,44,39,0.18,25,5,3,0,0,0,0,3,0,0,0,0,0,0,0,0,0,0,0,3,0,0,False
4225,microsoft/azure-maven-plugins,0024493e233b5ec16f0f99c14d14be45ba58ba68,com/microsoft/azure/maven/webapp/parser/V1ConfigurationParserTest.java,122,9,23,56,0.23,28,9,8,0,0,0,0,6,0,0,0,0,0,0,0,0,0,0,0,8,0,0,False
4226,microsoft/azure-maven-plugins,0024493e233b5ec16f0f99c14d14be45ba58ba68,com/microsoft/azure/maven/webapp/parser/V2ConfigurationParserTest.java,146,10,22,68,0.19,28,10,9,0,0,0,0,6,0,0,0,0,0,0,0,1,0,0,0,9,0,0,False
4227,microsoft/azure-maven-plugins,0024493e233b5ec16f0f99c14d14be45ba58ba68,com/microsoft/azure/maven/webapp/utils/RuntimeStackUtilsTest.java,13,2,2,4,0.54,7,2,2,0,0,0,0,0,0,0,0,0,0,0,0,0,0,0,0,2,0,0,False
4228,microsoft/azure-maven-plugins,0024493e233b5ec16f0f99c14d14be45ba58ba68,com/microsoft/azure/maven/webapp/utils/TestUtils.java,32,4,13,11,0.0,0,4,0,0,0,0,0,0,0,0,0,0,0,0,0,0,0,0,0,0,0,0,False
4229,microsoft/azure-maven-plugins,0024493e233b5ec16f0f99c14d14be45ba58ba68,com/microsoft/azure/maven/webapp/WebAppUtilsTest.java,151,8,20,92,0.05,7,8,1,0,0,0,0,7,0,0,0,0,0,0,0,0,0,0,0,8,0,0,False
4230,microsoft/azure-maven-plugins,10a9081e0f0d3877dfccf3839c8f09412b9f0b30,function-maven-plugin/src/test/java/com/microsoft/azure/maven/function/DeployMojoTest.java,0,0,0,0,0.0,0,4,2,0,0,0,0,3,0,0,0,0,0,0,0,0,0,0,0,3,0,0,False
4231,microsoft/azure-maven-plugins,10a9081e0f0d3877dfccf3839c8f09412b9f0b30,function-maven-plugin/src/test/java/com/microsoft/azure/maven/function/handlers/FTPArtifactHandlerImplTest.java,0,0,0,0,0.0,0,2,0,0,0,0,0,2,0,0,0,0,0,0,0,0,2,0,0,2,0,0,False
4232,microsoft/azure-maven-plugins,10a9081e0f0d3877dfccf3839c8f09412b9f0b30,function-maven-plugin/src/test/java/com/microsoft/azure/maven/function/handlers/AnnotationHandlerImplTest.java,0,0,0,0,0.0,0,4,2,0,0,0,0,2,0,0,0,0,0,0,0,0,0,0,0,2,0,0,False
4233,microsoft/azure-maven-plugins,10a9081e0f0d3877dfccf3839c8f09412b9f0b30,function-maven-plugin/src/test/java/com/microsoft/azure/maven/function/BuildMojoTest.java,0,0,0,0,0.0,0,3,1,0,0,0,0,2,0,0,0,0,0,0,0,0,0,0,0,2,0,0,False
4234,microsoft/azure-maven-plugins,10a9081e0f0d3877dfccf3839c8f09412b9f0b30,maven-plugin-lib/src/test/java/com/microsoft/azure/maven/AbstractAzureMojoTest.java,0,0,0,0,0.0,0,14,1,0,0,0,0,10,0,0,0,0,0,0,0,0,1,0,0,13,0,4,True
4235,microsoft/azure-maven-plugins,10a9081e0f0d3877dfccf3839c8f09412b9f0b30,maven-plugin-lib/src/test/java/com/microsoft/azure/maven/auth/AzureAuthHelperTest.java,0,0,0,0,0.0,0,12,5,0,0,0,0,3,0,0,0,0,0,0,0,3,0,0,0,11,0,0,False
4236,microsoft/azure-maven-plugins,10a9081e0f0d3877dfccf3839c8f09412b9f0b30,maven-plugin-lib/src/test/java/com/microsoft/azure/maven/UtilsTest.java,0,0,0,0,0.0,0,4,2,0,0,0,0,1,0,0,0,0,0,0,0,1,1,0,0,3,0,0,False
4237,microsoft/azure-maven-plugins,10a9081e0f0d3877dfccf3839c8f09412b9f0b30,maven-plugin-lib/src/test/java/com/microsoft/azure/maven/FTPUploaderTest.java,0,0,0,0,0.0,0,4,0,0,0,0,0,3,0,0,0,0,0,0,0,0,1,0,0,3,0,0,False
4238,microsoft/azure-maven-plugins,10a9081e0f0d3877dfccf3839c8f09412b9f0b30,webapp-maven-plugin/src/test/java/com/microsoft/azure/maven/webapp/DeployMojoTest.java,0,0,0,0,0.0,0,8,4,0,0,0,0,5,0,0,0,0,0,0,0,0,0,0,0,5,0,0,False
4239,microsoft/azure-maven-plugins,10a9081e0f0d3877dfccf3839c8f09412b9f0b30,webapp-maven-plugin/src/test/java/com/microsoft/azure/maven/webapp/handlers/NullRuntimeHandlerImplTest.java,0,0,0,0,0.0,0,3,0,0,0,0,0,2,0,0,0,0,0,0,0,0,0,0,0,2,0,0,False
4240,microsoft/azure-maven-plugins,10a9081e0f0d3877dfccf3839c8f09412b9f0b30,webapp-maven-plugin/src/test/java/com/microsoft/azure/maven/webapp/handlers/FTPArtifactHandlerImplTest.java,0,0,0,0,0.0,0,5,0,0,0,0,0,4,0,0,0,0,0,0,0,0,3,0,0,4,0,0,False
4241,microsoft/azure-maven-plugins,10a9081e0f0d3877dfccf3839c8f09412b9f0b30,webapp-maven-plugin/src/test/java/com/microsoft/azure/maven/webapp/handlers/PublicDockerHubRuntimeHandlerImplTest.java,0,0,0,0,0.0,0,3,0,0,0,0,1,2,1,0,0,0,0,0,0,0,2,0,0,2,0,0,False
4242,microsoft/azure-maven-plugins,10a9081e0f0d3877dfccf3839c8f09412b9f0b30,webapp-maven-plugin/src/test/java/com/microsoft/azure/maven/webapp/handlers/PrivateRegistryRuntimeHandlerImplTest.java,0,0,0,0,0.0,0,3,0,0,0,0,1,2,1,0,0,0,0,0,0,0,2,0,0,2,0,0,False
4243,microsoft/azure-maven-plugins,10a9081e0f0d3877dfccf3839c8f09412b9f0b30,webapp-maven-plugin/src/test/java/com/microsoft/azure/maven/webapp/handlers/JavaRuntimeHandlerImplTest.java,0,0,0,0,0.0,0,3,1,0,0,0,1,2,1,0,0,0,0,0,0,0,1,0,0,2,0,0,False
4244,microsoft/azure-maven-plugins,10a9081e0f0d3877dfccf3839c8f09412b9f0b30,webapp-maven-plugin/src/test/java/com/microsoft/azure/maven/webapp/handlers/PrivateDockerHubRuntimeHandlerImplTest.java,0,0,0,0,0.0,0,3,0,0,0,0,1,2,1,0,0,0,0,0,0,0,2,0,0,2,0,0,False
4245,microsoft/azure-maven-plugins,10a9081e0f0d3877dfccf3839c8f09412b9f0b30,webapp-maven-plugin/src/test/java/com/microsoft/azure/maven/webapp/handlers/SettingsHandlerImplTest.java,0,0,0,0,0.0,0,3,0,0,0,0,0,2,0,0,0,0,0,0,0,0,2,0,0,2,0,0,False
4246,microsoft/azure-maven-plugins,10a9081e0f0d3877dfccf3839c8f09412b9f0b30,webapp-maven-plugin/src/test/java/com/microsoft/azure/maven/webapp/DeployFacadeBaseImplTest.java,0,0,0,0,0.0,0,6,2,0,0,0,0,4,0,0,0,0,0,0,0,0,1,0,0,4,0,0,False
4247,microsoft/azure-maven-plugins,10a9081e0f0d3877dfccf3839c8f09412b9f0b30,webapp-maven-plugin/src/test/java/com/microsoft/azure/maven/webapp/DeployFacadeImplWithCreateTest.java,0,0,0,0,0.0,0,4,0,0,0,0,0,3,0,0,0,0,0,0,0,0,3,0,0,3,0,0,False
4248,microsoft/azure-maven-plugins,10a9081e0f0d3877dfccf3839c8f09412b9f0b30,webapp-maven-plugin/src/test/java/com/microsoft/azure/maven/webapp/DeployFacadeImplWithUpdateTest.java,0,0,0,0,0.0,0,4,0,0,0,0,0,3,0,0,0,0,0,0,0,0,3,0,0,3,0,0,False
4249,microsoft/azure-maven-plugins,10a9081e0f0d3877dfccf3839c8f09412b9f0b30,webapp-maven-plugin/src/test/java/com/microsoft/azure/maven/webapp/WebAppUtilsTest.java,0,0,0,0,0.0,0,5,3,0,0,0,0,5,0,0,0,0,0,0,0,3,0,0,0,5,0,0,False
4250,microsoft/azure-maven-plugins,6f1ba7f4c10a75e63854b6d7a86f7d9e977b9977,function-maven-plugin/src/test/java/com/microsoft/azure/maven/function/DeployMojoTest.java,0,0,0,0,0.0,0,2,1,0,0,0,0,1,0,0,0,0,0,0,0,0,0,0,0,1,0,0,False
4251,microsoft/azure-maven-plugins,6f1ba7f4c10a75e63854b6d7a86f7d9e977b9977,maven-plugin-lib/src/test/java/com/microsoft/azure/maven/AbstractAzureMojoTest.java,0,0,0,0,0.0,0,4,0,0,0,0,0,1,0,0,0,0,0,0,0,0,0,0,0,3,0,0,False
4252,microsoft/azure-maven-plugins,6f1ba7f4c10a75e63854b6d7a86f7d9e977b9977,maven-plugin-lib/src/test/java/com/microsoft/azure/maven/auth/AzureAuthHelperTest.java,0,0,0,0,0.0,0,12,5,0,0,0,0,3,0,0,0,0,0,0,0,3,0,0,0,11,0,0,False
4253,microsoft/azure-maven-plugins,6f1ba7f4c10a75e63854b6d7a86f7d9e977b9977,maven-plugin-lib/src/test/java/com/microsoft/azure/maven/UtilsTest.java,0,0,0,0,0.0,0,3,2,0,0,0,0,0,0,0,0,0,0,0,0,1,0,0,0,2,0,0,False
4254,microsoft/azure-maven-plugins,6f1ba7f4c10a75e63854b6d7a86f7d9e977b9977,maven-plugin-lib/src/test/java/com/microsoft/azure/maven/FTPUploaderTest.java,0,0,0,0,0.0,0,5,0,0,0,0,3,1,3,0,0,0,0,0,0,0,3,0,0,4,0,0,False
4255,microsoft/azure-maven-plugins,6f1ba7f4c10a75e63854b6d7a86f7d9e977b9977,webapp-maven-plugin/src/test/java/com/microsoft/azure/maven/webapp/DeployMojoTest.java,0,0,0,0,0.0,0,7,4,0,0,0,0,5,0,0,0,0,0,0,0,0,0,0,0,5,0,0,False
4256,microsoft/azure-maven-plugins,6f1ba7f4c10a75e63854b6d7a86f7d9e977b9977,webapp-maven-plugin/src/test/java/com/microsoft/azure/maven/webapp/handlers/NullRuntimeHandlerImplTest.java,0,0,0,0,0.0,0,3,0,0,0,0,0,2,0,0,0,0,0,0,0,0,0,0,0,2,0,0,False
4257,microsoft/azure-maven-plugins,6f1ba7f4c10a75e63854b6d7a86f7d9e977b9977,webapp-maven-plugin/src/test/java/com/microsoft/azure/maven/webapp/handlers/FTPArtifactHandlerImplTest.java,0,0,0,0,0.0,0,4,0,0,0,0,2,3,2,0,0,0,0,0,0,0,3,0,0,3,0,0,False
4258,microsoft/azure-maven-plugins,6f1ba7f4c10a75e63854b6d7a86f7d9e977b9977,webapp-maven-plugin/src/test/java/com/microsoft/azure/maven/webapp/handlers/PublicDockerHubRuntimeHandlerImplTest.java,0,0,0,0,0.0,0,3,0,0,0,0,1,2,1,0,0,0,0,0,0,0,2,0,0,2,0,0,False
4259,microsoft/azure-maven-plugins,6f1ba7f4c10a75e63854b6d7a86f7d9e977b9977,webapp-maven-plugin/src/test/java/com/microsoft/azure/maven/webapp/handlers/PrivateRegistryRuntimeHandlerImplTest.java,0,0,0,0,0.0,0,3,0,0,0,0,1,2,1,0,0,0,0,0,0,0,2,0,0,2,0,0,False
4260,microsoft/azure-maven-plugins,6f1ba7f4c10a75e63854b6d7a86f7d9e977b9977,webapp-maven-plugin/src/test/java/com/microsoft/azure/maven/webapp/handlers/JavaRuntimeHandlerImplTest.java,0,0,0,0,0.0,0,3,1,0,0,0,1,2,1,0,0,0,0,0,0,0,1,0,0,2,0,0,False
4261,microsoft/azure-maven-plugins,6f1ba7f4c10a75e63854b6d7a86f7d9e977b9977,webapp-maven-plugin/src/test/java/com/microsoft/azure/maven/webapp/handlers/PrivateDockerHubRuntimeHandlerImplTest.java,0,0,0,0,0.0,0,3,0,0,0,0,1,2,1,0,0,0,0,0,0,0,2,0,0,2,0,0,False
4262,microsoft/azure-maven-plugins,6f1ba7f4c10a75e63854b6d7a86f7d9e977b9977,webapp-maven-plugin/src/test/java/com/microsoft/azure/maven/webapp/handlers/SettingsHandlerImplTest.java,0,0,0,0,0.0,0,3,0,0,0,0,0,2,0,0,0,0,0,0,0,0,2,0,0,2,0,0,False
4263,microsoft/azure-maven-plugins,6f1ba7f4c10a75e63854b6d7a86f7d9e977b9977,webapp-maven-plugin/src/test/java/com/microsoft/azure/maven/webapp/DeployFacadeBaseImplTest.java,0,0,0,0,0.0,0,6,2,0,0,0,0,4,0,0,0,0,0,0,0,0,1,0,0,4,0,0,False
4264,microsoft/azure-maven-plugins,6f1ba7f4c10a75e63854b6d7a86f7d9e977b9977,webapp-maven-plugin/src/test/java/com/microsoft/azure/maven/webapp/DeployFacadeImplWithCreateTest.java,0,0,0,0,0.0,0,4,0,0,0,0,0,3,0,0,0,0,0,0,0,0,3,0,0,3,0,0,False
4265,microsoft/azure-maven-plugins,6f1ba7f4c10a75e63854b6d7a86f7d9e977b9977,webapp-maven-plugin/src/test/java/com/microsoft/azure/maven/webapp/DeployFacadeImplWithUpdateTest.java,0,0,0,0,0.0,0,4,0,0,0,0,0,3,0,0,0,0,0,0,0,0,3,0,0,3,0,0,False
4266,microsoft/azure-maven-plugins,6f1ba7f4c10a75e63854b6d7a86f7d9e977b9977,webapp-maven-plugin/src/test/java/com/microsoft/azure/maven/webapp/WebAppUtilsTest.java,0,0,0,0,0.0,0,5,3,0,0,0,0,5,0,0,0,0,0,0,0,3,0,0,0,5,0,0,False
4267,microsoft/azure-maven-plugins,b851b03df984b2de22aafdb620f0f81f10f0e09c,azure-toolkit-libs/azure-toolkit-appservice-lib/src/test/java/com/microsoft/azure/toolkit/lib/legacy/appservice/handlers/artifact/FTPUploaderTest.java,0,0,0,0,0.0,0,4,0,0,0,0,0,3,0,0,0,0,0,0,0,0,1,0,0,3,0,0,False
4268,microsoft/azure-maven-plugins,b851b03df984b2de22aafdb620f0f81f10f0e09c,azure-toolkit-libs/azure-toolkit-appservice-lib/src/test/java/com/microsoft/azure/toolkit/lib/legacy/function/handlers/CommandHandlerImplTest.java,0,0,0,0,0.0,0,3,1,0,0,0,0,1,0,0,0,0,0,0,0,0,0,0,0,3,0,0,False
4269,microsoft/azure-maven-plugins,b851b03df984b2de22aafdb620f0f81f10f0e09c,azure-toolkit-libs/azure-toolkit-appservice-lib/src/test/java/com/microsoft/azure/toolkit/lib/legacy/function/handlers/AnnotationHandlerImplTest.java,0,0,0,0,0.0,0,7,2,0,0,0,0,2,0,0,0,0,0,0,0,0,0,0,0,2,0,0,False
4270,microsoft/azure-maven-plugins,b851b03df984b2de22aafdb620f0f81f10f0e09c,azure-toolkit-libs/azure-toolkit-appservice-lib/src/test/java/com/microsoft/azure/toolkit/lib/legacy/function/handlers/FunctionCoreToolsHandlerImplTest.java,0,0,0,0,0.0,0,7,0,0,0,0,0,6,0,0,0,0,0,0,0,0,3,0,2,7,0,0,False
4271,microsoft/azure-maven-plugins,b851b03df984b2de22aafdb620f0f81f10f0e09c,azure-toolkit-libs/azure-toolkit-appservice-lib/src/test/java/com/microsoft/azure/toolkit/lib/legacy/function/utils/CommandUtilsTest.java,0,0,0,0,0.0,0,3,1,0,0,0,0,1,0,0,0,0,0,0,0,0,0,0,0,3,0,0,False
4272,microsoft/azure-maven-plugins,b851b03df984b2de22aafdb620f0f81f10f0e09c,azure-maven-plugin-lib/src/test/java/com/microsoft/azure/maven/TestHelper.java,0,0,0,0,0.0,0,2,0,0,0,0,0,0,0,0,0,0,0,0,0,0,0,0,0,0,0,0,False
4273,microsoft/azure-maven-plugins,b851b03df984b2de22aafdb620f0f81f10f0e09c,azure-maven-plugin-lib/src/test/java/com/microsoft/azure/maven/utils/ResourcesUtilsTest.java,0,0,0,0,0.0,0,2,1,0,0,0,0,1,0,0,0,0,0,0,0,0,0,0,0,2,0,0,False
4274,microsoft/azure-maven-plugins,b851b03df984b2de22aafdb620f0f81f10f0e09c,azure-spring-cloud-maven-plugin/src/test/java/com/microsoft/azure/maven/springcloud/configuration/SpringCloudAppSettingsTest.java,0,0,0,0,0.0,0,6,0,0,0,0,0,0,0,0,0,0,0,0,0,0,0,0,0,6,0,0,False
4275,microsoft/azure-maven-plugins,b851b03df984b2de22aafdb620f0f81f10f0e09c,azure-spring-cloud-maven-plugin/src/test/java/com/microsoft/azure/maven/springcloud/configuration/AppDeploymentMavenConfigTest.java,0,0,0,0,0.0,0,7,1,0,0,0,0,0,0,0,0,0,0,0,0,0,0,0,0,7,0,0,False
4276,microsoft/azure-maven-plugins,b851b03df984b2de22aafdb620f0f81f10f0e09c,azure-spring-cloud-maven-plugin/src/test/java/com/microsoft/azure/maven/springcloud/configuration/SpringCloudDeploymentRawConfigTest.java,0,0,0,0,0.0,0,7,0,0,0,0,0,0,0,0,0,0,0,0,0,0,0,0,0,7,0,0,False
4277,microsoft/azure-maven-plugins,b851b03df984b2de22aafdb620f0f81f10f0e09c,azure-spring-cloud-maven-plugin/src/test/java/com/microsoft/azure/maven/springcloud/DeployMojoTest.java,0,0,0,0,0.0,0,1,1,0,0,0,0,1,0,0,0,0,0,0,0,0,0,0,0,1,0,0,False
4278,microsoft/azure-maven-plugins,b851b03df984b2de22aafdb620f0f81f10f0e09c,azure-spring-cloud-maven-plugin/src/test/java/com/microsoft/azure/maven/springcloud/prompt/ConfigurationPrompterTest.java,0,0,0,0,0.0,0,16,8,1,0,0,0,14,15,0,0,0,2,0,0,7,1,0,1,15,0,0,False
4279,microsoft/azure-maven-plugins,b851b03df984b2de22aafdb620f0f81f10f0e09c,azure-spring-cloud-maven-plugin/src/test/java/com/microsoft/azure/maven/springcloud/TestHelper.java,0,0,0,0,0.0,0,1,0,0,0,0,0,0,0,0,0,0,0,0,0,0,0,0,0,0,0,0,False
4280,microsoft/azure-maven-plugins,b851b03df984b2de22aafdb620f0f81f10f0e09c,azure-spring-cloud-maven-plugin/src/test/java/com/microsoft/azure/maven/springcloud/exception/AzureConfigurationExceptionTest.java,0,0,0,0,0.0,0,3,1,0,0,0,0,1,0,0,0,0,0,0,0,0,0,0,0,3,0,0,False
4281,microsoft/azure-maven-plugins,b851b03df984b2de22aafdb620f0f81f10f0e09c,azure-spring-cloud-maven-plugin/src/test/java/com/microsoft/azure/maven/springcloud/pom/PomUtilsTest.java,0,0,0,0,0.0,0,2,2,0,0,0,0,2,0,2,0,0,0,0,0,0,0,0,2,2,0,0,False
4282,microsoft/azure-maven-plugins,baf2c6d177e52caf22187e02bfeeee3c1911c243,azure-toolkit-libs/azure-toolkit-appservice-lib/src/test/java/com/microsoft/azure/toolkit/lib/legacy/appservice/handlers/artifact/FTPUploaderTest.java,0,0,0,0,0.0,0,4,0,0,0,0,0,3,0,0,0,0,0,0,0,0,1,0,0,3,0,0,False
4283,microsoft/azure-maven-plugins,baf2c6d177e52caf22187e02bfeeee3c1911c243,azure-toolkit-libs/azure-toolkit-appservice-lib/src/test/java/com/microsoft/azure/toolkit/lib/legacy/function/handlers/CommandHandlerImplTest.java,0,0,0,0,0.0,0,3,1,0,0,0,0,1,0,0,0,0,0,0,0,0,0,0,0,3,0,0,False
4284,microsoft/azure-maven-plugins,baf2c6d177e52caf22187e02bfeeee3c1911c243,azure-toolkit-libs/azure-toolkit-appservice-lib/src/test/java/com/microsoft/azure/toolkit/lib/legacy/function/handlers/AnnotationHandlerImplTest.java,0,0,0,0,0.0,0,7,2,0,0,0,0,2,0,0,0,0,0,0,0,0,0,0,0,2,0,0,False
4285,microsoft/azure-maven-plugins,baf2c6d177e52caf22187e02bfeeee3c1911c243,azure-toolkit-libs/azure-toolkit-appservice-lib/src/test/java/com/microsoft/azure/toolkit/lib/legacy/function/handlers/FunctionCoreToolsHandlerImplTest.java,0,0,0,0,0.0,0,7,0,0,0,0,0,6,0,0,0,0,0,0,0,0,3,0,2,7,0,0,False
4286,microsoft/azure-maven-plugins,baf2c6d177e52caf22187e02bfeeee3c1911c243,azure-toolkit-libs/azure-toolkit-appservice-lib/src/test/java/com/microsoft/azure/toolkit/lib/legacy/function/utils/CommandUtilsTest.java,0,0,0,0,0.0,0,3,1,0,0,0,0,1,0,0,0,0,0,0,0,0,0,0,0,3,0,0,False
4287,microsoft/azure-maven-plugins,baf2c6d177e52caf22187e02bfeeee3c1911c243,azure-toolkit-libs/azure-toolkit-common-lib/src/test/java/com/microsoft/azure/toolkit/lib/legacy/common/AzureHtmlMessagePatternTest.java,0,0,0,0,0.0,0,5,0,0,0,0,0,0,0,0,0,0,0,0,0,0,0,0,0,5,0,0,False
4288,microsoft/azure-maven-plugins,baf2c6d177e52caf22187e02bfeeee3c1911c243,azure-toolkit-libs/azure-toolkit-common-lib/src/test/java/com/microsoft/azure/toolkit/lib/common/telemetry/AzureTelemetryClientTest.java,0,0,0,0,0.0,0,1,0,0,0,0,0,0,0,0,0,0,0,0,0,0,1,0,0,1,0,0,False
4289,microsoft/azure-maven-plugins,baf2c6d177e52caf22187e02bfeeee3c1911c243,azure-maven-plugin-lib/src/test/java/com/microsoft/azure/maven/TestHelper.java,0,0,0,0,0.0,0,2,0,0,0,0,0,0,0,0,0,0,0,0,0,0,0,0,0,0,0,0,False
4290,microsoft/azure-maven-plugins,baf2c6d177e52caf22187e02bfeeee3c1911c243,azure-maven-plugin-lib/src/test/java/com/microsoft/azure/maven/utils/ResourcesUtilsTest.java,0,0,0,0,0.0,0,2,1,0,0,0,0,1,0,0,0,0,0,0,0,0,0,0,0,2,0,0,False
4291,microsoft/azure-maven-plugins,baf2c6d177e52caf22187e02bfeeee3c1911c243,azure-spring-apps-maven-plugin/src/test/java/com/microsoft/azure/maven/springcloud/configuration/SpringCloudAppSettingsTest.java,0,0,0,0,0.0,0,6,0,0,0,0,0,0,0,0,0,0,0,0,0,0,0,0,0,6,0,0,False
4292,microsoft/azure-maven-plugins,baf2c6d177e52caf22187e02bfeeee3c1911c243,azure-spring-apps-maven-plugin/src/test/java/com/microsoft/azure/maven/springcloud/configuration/SpringCloudDeploymentRawConfigTest.java,0,0,0,0,0.0,0,7,0,0,0,0,0,0,0,0,0,0,0,0,0,0,0,0,0,7,0,0,False
4293,microsoft/azure-maven-plugins,baf2c6d177e52caf22187e02bfeeee3c1911c243,azure-spring-apps-maven-plugin/src/test/java/com/microsoft/azure/maven/springcloud/TestHelper.java,0,0,0,0,0.0,0,1,0,0,0,0,0,0,0,0,0,0,0,0,0,0,0,0,0,0,0,0,False
4294,microsoft/azure-maven-plugins,baf2c6d177e52caf22187e02bfeeee3c1911c243,azure-spring-apps-maven-plugin/src/test/java/com/microsoft/azure/maven/springcloud/exception/AzureConfigurationExceptionTest.java,0,0,0,0,0.0,0,3,1,0,0,0,0,1,0,0,0,0,0,0,0,0,0,0,0,3,0,0,False
4295,microsoft/azure-maven-plugins,baf2c6d177e52caf22187e02bfeeee3c1911c243,azure-spring-apps-maven-plugin/src/test/java/com/microsoft/azure/maven/springcloud/pom/PomUtilsTest.java,0,0,0,0,0.0,0,2,2,0,0,0,0,2,0,2,0,0,0,0,0,0,0,0,2,2,0,0,False
4296,microsoft/azure-maven-plugins,175b3180324ed8be16eeaf998e0138dfa5ae1037,azure-toolkit-libs/azure-toolkit-appservice-lib/src/test/java/com/microsoft/azure/toolkit/lib/legacy/appservice/handlers/artifact/FTPUploaderTest.java,0,0,0,0,0.0,0,4,0,0,0,0,0,3,0,0,0,0,0,0,0,0,1,0,0,3,0,0,False
4297,microsoft/azure-maven-plugins,175b3180324ed8be16eeaf998e0138dfa5ae1037,azure-toolkit-libs/azure-toolkit-appservice-lib/src/test/java/com/microsoft/azure/toolkit/lib/legacy/function/handlers/CommandHandlerImplTest.java,0,0,0,0,0.0,0,3,1,0,0,0,0,1,0,0,0,0,0,0,0,0,0,0,0,3,0,0,False
4298,microsoft/azure-maven-plugins,175b3180324ed8be16eeaf998e0138dfa5ae1037,azure-toolkit-libs/azure-toolkit-appservice-lib/src/test/java/com/microsoft/azure/toolkit/lib/legacy/function/handlers/AnnotationHandlerImplTest.java,0,0,0,0,0.0,0,7,2,0,0,0,0,2,0,0,0,0,0,0,0,0,0,0,0,2,0,0,False
4299,microsoft/azure-maven-plugins,175b3180324ed8be16eeaf998e0138dfa5ae1037,azure-toolkit-libs/azure-toolkit-appservice-lib/src/test/java/com/microsoft/azure/toolkit/lib/legacy/function/handlers/FunctionCoreToolsHandlerImplTest.java,0,0,0,0,0.0,0,7,0,0,0,0,0,6,0,0,0,0,0,0,0,0,3,0,2,7,0,0,False
4300,microsoft/azure-maven-plugins,175b3180324ed8be16eeaf998e0138dfa5ae1037,azure-toolkit-libs/azure-toolkit-appservice-lib/src/test/java/com/microsoft/azure/toolkit/lib/legacy/function/utils/CommandUtilsTest.java,0,0,0,0,0.0,0,3,1,0,0,0,0,1,0,0,0,0,0,0,0,0,0,0,0,3,0,0,False
4301,microsoft/azure-maven-plugins,175b3180324ed8be16eeaf998e0138dfa5ae1037,azure-toolkit-libs/azure-toolkit-common-lib/src/test/java/com/microsoft/azure/toolkit/lib/legacy/common/AzureHtmlMessagePatternTest.java,0,0,0,0,0.0,0,5,0,0,0,0,0,0,0,0,0,0,0,0,0,0,0,0,0,5,0,0,False
4302,microsoft/azure-maven-plugins,175b3180324ed8be16eeaf998e0138dfa5ae1037,azure-toolkit-libs/azure-toolkit-common-lib/src/test/java/com/microsoft/azure/toolkit/lib/common/telemetry/AzureTelemetryClientTest.java,0,0,0,0,0.0,0,1,0,0,0,0,0,0,0,0,0,0,0,0,0,0,1,0,0,1,0,0,False
4303,microsoft/azure-maven-plugins,175b3180324ed8be16eeaf998e0138dfa5ae1037,azure-maven-plugin-lib/src/test/java/com/microsoft/azure/maven/TestHelper.java,0,0,0,0,0.0,0,2,0,0,0,0,0,0,0,0,0,0,0,0,0,0,0,0,0,0,0,0,False
4304,microsoft/azure-maven-plugins,175b3180324ed8be16eeaf998e0138dfa5ae1037,azure-maven-plugin-lib/src/test/java/com/microsoft/azure/maven/utils/ResourcesUtilsTest.java,0,0,0,0,0.0,0,2,1,0,0,0,0,1,0,0,0,0,0,0,0,0,0,0,0,2,0,0,False
4305,microsoft/azure-maven-plugins,175b3180324ed8be16eeaf998e0138dfa5ae1037,azure-spring-apps-maven-plugin/src/test/java/com/microsoft/azure/maven/springcloud/configuration/SpringCloudAppSettingsTest.java,0,0,0,0,0.0,0,6,0,0,0,0,0,0,0,0,0,0,0,0,0,0,0,0,0,6,0,0,False
4306,microsoft/azure-maven-plugins,175b3180324ed8be16eeaf998e0138dfa5ae1037,azure-spring-apps-maven-plugin/src/test/java/com/microsoft/azure/maven/springcloud/configuration/SpringCloudDeploymentRawConfigTest.java,0,0,0,0,0.0,0,7,0,0,0,0,0,0,0,0,0,0,0,0,0,0,0,0,0,7,0,0,False
4307,microsoft/azure-maven-plugins,175b3180324ed8be16eeaf998e0138dfa5ae1037,azure-spring-apps-maven-plugin/src/test/java/com/microsoft/azure/maven/springcloud/TestHelper.java,0,0,0,0,0.0,0,1,0,0,0,0,0,0,0,0,0,0,0,0,0,0,0,0,0,0,0,0,False
4308,microsoft/azure-maven-plugins,175b3180324ed8be16eeaf998e0138dfa5ae1037,azure-spring-apps-maven-plugin/src/test/java/com/microsoft/azure/maven/springcloud/exception/AzureConfigurationExceptionTest.java,0,0,0,0,0.0,0,3,1,0,0,0,0,1,0,0,0,0,0,0,0,0,0,0,0,3,0,0,False
4309,microsoft/azure-maven-plugins,175b3180324ed8be16eeaf998e0138dfa5ae1037,azure-spring-apps-maven-plugin/src/test/java/com/microsoft/azure/maven/springcloud/pom/PomUtilsTest.java,0,0,0,0,0.0,0,2,2,0,0,0,0,2,0,2,0,0,0,0,0,0,0,0,2,2,0,0,False
4310,microsoft/azure-maven-plugins,874b7ec9c3156a38d10aa87799792278666a3955,azure-toolkit-libs/azure-toolkit-appservice-lib/src/test/java/com/microsoft/azure/toolkit/lib/legacy/appservice/handlers/artifact/FTPUploaderTest.java,0,0,0,0,0.0,0,4,0,0,0,0,0,3,0,0,0,0,0,0,0,0,1,0,0,3,0,0,False
4311,microsoft/azure-maven-plugins,874b7ec9c3156a38d10aa87799792278666a3955,azure-toolkit-libs/azure-toolkit-appservice-lib/src/test/java/com/microsoft/azure/toolkit/lib/legacy/function/handlers/CommandHandlerImplTest.java,0,0,0,0,0.0,0,3,1,0,0,0,0,1,0,0,0,0,0,0,0,0,0,0,0,3,0,0,False
4312,microsoft/azure-maven-plugins,874b7ec9c3156a38d10aa87799792278666a3955,azure-toolkit-libs/azure-toolkit-appservice-lib/src/test/java/com/microsoft/azure/toolkit/lib/legacy/function/handlers/AnnotationHandlerImplTest.java,0,0,0,0,0.0,0,7,2,0,0,0,0,2,0,0,0,0,0,0,0,0,0,0,0,2,0,0,False
4313,microsoft/azure-maven-plugins,874b7ec9c3156a38d10aa87799792278666a3955,azure-toolkit-libs/azure-toolkit-appservice-lib/src/test/java/com/microsoft/azure/toolkit/lib/legacy/function/handlers/FunctionCoreToolsHandlerImplTest.java,0,0,0,0,0.0,0,7,0,0,0,0,0,6,0,0,0,0,0,0,0,0,3,0,2,7,0,0,False
4314,microsoft/azure-maven-plugins,874b7ec9c3156a38d10aa87799792278666a3955,azure-toolkit-libs/azure-toolkit-appservice-lib/src/test/java/com/microsoft/azure/toolkit/lib/legacy/function/utils/CommandUtilsTest.java,0,0,0,0,0.0,0,3,1,0,0,0,0,1,0,0,0,0,0,0,0,0,0,0,0,3,0,0,False
4315,microsoft/azure-maven-plugins,874b7ec9c3156a38d10aa87799792278666a3955,azure-maven-plugin-lib/src/test/java/com/microsoft/azure/maven/TestHelper.java,0,0,0,0,0.0,0,2,0,0,0,0,0,0,0,0,0,0,0,0,0,0,0,0,0,0,0,0,False
4316,microsoft/azure-maven-plugins,874b7ec9c3156a38d10aa87799792278666a3955,azure-maven-plugin-lib/src/test/java/com/microsoft/azure/maven/utils/ResourcesUtilsTest.java,0,0,0,0,0.0,0,2,1,0,0,0,0,1,0,0,0,0,0,0,0,0,0,0,0,2,0,0,False
4317,microsoft/azure-maven-plugins,874b7ec9c3156a38d10aa87799792278666a3955,azure-spring-apps-maven-plugin/src/test/java/com/microsoft/azure/maven/springcloud/configuration/SpringCloudAppSettingsTest.java,0,0,0,0,0.0,0,6,0,0,0,0,0,0,0,0,0,0,0,0,0,0,0,0,0,6,0,0,False
4318,microsoft/azure-maven-plugins,874b7ec9c3156a38d10aa87799792278666a3955,azure-spring-apps-maven-plugin/src/test/java/com/microsoft/azure/maven/springcloud/configuration/SpringCloudDeploymentRawConfigTest.java,0,0,0,0,0.0,0,7,0,0,0,0,0,0,0,0,0,0,0,0,0,0,0,0,0,7,0,0,False
4319,microsoft/azure-maven-plugins,874b7ec9c3156a38d10aa87799792278666a3955,azure-spring-apps-maven-plugin/src/test/java/com/microsoft/azure/maven/springcloud/TestHelper.java,0,0,0,0,0.0,0,1,0,0,0,0,0,0,0,0,0,0,0,0,0,0,0,0,0,0,0,0,False
4320,microsoft/azure-maven-plugins,874b7ec9c3156a38d10aa87799792278666a3955,azure-spring-apps-maven-plugin/src/test/java/com/microsoft/azure/maven/springcloud/exception/AzureConfigurationExceptionTest.java,0,0,0,0,0.0,0,3,1,0,0,0,0,1,0,0,0,0,0,0,0,0,0,0,0,3,0,0,False
4321,microsoft/azure-maven-plugins,874b7ec9c3156a38d10aa87799792278666a3955,azure-spring-apps-maven-plugin/src/test/java/com/microsoft/azure/maven/springcloud/pom/PomUtilsTest.java,0,0,0,0,0.0,0,2,2,0,0,0,0,2,0,2,0,0,0,0,0,0,0,0,2,2,0,0,False
4322,microsoft/azure-maven-plugins,0bd51ab1da4f1ac3d39c9b8cfdf15feb5c40ab98,azure-toolkit-libs/azure-toolkit-appservice-lib/src/test/java/com/microsoft/azure/toolkit/lib/legacy/appservice/handlers/artifact/FTPUploaderTest.java,0,0,0,0,0.0,0,4,0,0,0,0,0,3,0,0,0,0,0,0,0,0,1,0,0,3,0,0,False
4323,microsoft/azure-maven-plugins,0bd51ab1da4f1ac3d39c9b8cfdf15feb5c40ab98,azure-toolkit-libs/azure-toolkit-appservice-lib/src/test/java/com/microsoft/azure/toolkit/lib/legacy/function/handlers/CommandHandlerImplTest.java,0,0,0,0,0.0,0,3,1,0,0,0,0,1,0,0,0,0,0,0,0,0,0,0,0,3,0,0,False
4324,microsoft/azure-maven-plugins,0bd51ab1da4f1ac3d39c9b8cfdf15feb5c40ab98,azure-toolkit-libs/azure-toolkit-appservice-lib/src/test/java/com/microsoft/azure/toolkit/lib/legacy/function/handlers/AnnotationHandlerImplTest.java,0,0,0,0,0.0,0,7,2,0,0,0,0,2,0,0,0,0,0,0,0,0,0,0,0,2,0,0,False
4325,microsoft/azure-maven-plugins,0bd51ab1da4f1ac3d39c9b8cfdf15feb5c40ab98,azure-toolkit-libs/azure-toolkit-appservice-lib/src/test/java/com/microsoft/azure/toolkit/lib/legacy/function/handlers/FunctionCoreToolsHandlerImplTest.java,0,0,0,0,0.0,0,7,0,0,0,0,0,6,0,0,0,0,0,0,0,0,3,0,2,7,0,0,False
4326,microsoft/azure-maven-plugins,0bd51ab1da4f1ac3d39c9b8cfdf15feb5c40ab98,azure-toolkit-libs/azure-toolkit-appservice-lib/src/test/java/com/microsoft/azure/toolkit/lib/legacy/function/utils/CommandUtilsTest.java,0,0,0,0,0.0,0,3,1,0,0,0,0,1,0,0,0,0,0,0,0,0,0,0,0,3,0,0,False
4327,microsoft/azure-maven-plugins,0bd51ab1da4f1ac3d39c9b8cfdf15feb5c40ab98,azure-maven-plugin-lib/src/test/java/com/microsoft/azure/maven/TestHelper.java,0,0,0,0,0.0,0,2,0,0,0,0,0,0,0,0,0,0,0,0,0,0,0,0,0,0,0,0,False
4328,microsoft/azure-maven-plugins,0bd51ab1da4f1ac3d39c9b8cfdf15feb5c40ab98,azure-maven-plugin-lib/src/test/java/com/microsoft/azure/maven/utils/ResourcesUtilsTest.java,0,0,0,0,0.0,0,2,1,0,0,0,0,1,0,0,0,0,0,0,0,0,0,0,0,2,0,0,False
4329,microsoft/azure-maven-plugins,0bd51ab1da4f1ac3d39c9b8cfdf15feb5c40ab98,azure-spring-apps-maven-plugin/src/test/java/com/microsoft/azure/maven/springcloud/configuration/SpringCloudAppSettingsTest.java,0,0,0,0,0.0,0,6,0,0,0,0,0,0,0,0,0,0,0,0,0,0,0,0,0,6,0,0,False
4330,microsoft/azure-maven-plugins,0bd51ab1da4f1ac3d39c9b8cfdf15feb5c40ab98,azure-spring-apps-maven-plugin/src/test/java/com/microsoft/azure/maven/springcloud/configuration/SpringCloudDeploymentRawConfigTest.java,0,0,0,0,0.0,0,7,0,0,0,0,0,0,0,0,0,0,0,0,0,0,0,0,0,7,0,0,False
4331,microsoft/azure-maven-plugins,0bd51ab1da4f1ac3d39c9b8cfdf15feb5c40ab98,azure-spring-apps-maven-plugin/src/test/java/com/microsoft/azure/maven/springcloud/TestHelper.java,0,0,0,0,0.0,0,1,0,0,0,0,0,0,0,0,0,0,0,0,0,0,0,0,0,0,0,0,False
4332,microsoft/azure-maven-plugins,0bd51ab1da4f1ac3d39c9b8cfdf15feb5c40ab98,azure-spring-apps-maven-plugin/src/test/java/com/microsoft/azure/maven/springcloud/exception/AzureConfigurationExceptionTest.java,0,0,0,0,0.0,0,3,1,0,0,0,0,1,0,0,0,0,0,0,0,0,0,0,0,3,0,0,False
4333,microsoft/azure-maven-plugins,0bd51ab1da4f1ac3d39c9b8cfdf15feb5c40ab98,azure-spring-apps-maven-plugin/src/test/java/com/microsoft/azure/maven/springcloud/pom/PomUtilsTest.java,0,0,0,0,0.0,0,2,2,0,0,0,0,2,0,2,0,0,0,0,0,0,0,0,2,2,0,0,False
4334,microsoft/azure-maven-plugins,e7936823df6c477575bbca3801b76d2f4da8ea82,azure-toolkit-libs/azure-toolkit-appservice-lib/src/test/java/com/microsoft/azure/toolkit/lib/legacy/appservice/handlers/artifact/FTPUploaderTest.java,0,0,0,0,0.0,0,4,0,0,0,0,0,3,0,0,0,0,0,0,0,0,1,0,0,3,0,0,False
4335,microsoft/azure-maven-plugins,e7936823df6c477575bbca3801b76d2f4da8ea82,azure-toolkit-libs/azure-toolkit-appservice-lib/src/test/java/com/microsoft/azure/toolkit/lib/legacy/function/handlers/CommandHandlerImplTest.java,0,0,0,0,0.0,0,3,1,0,0,0,0,1,0,0,0,0,0,0,0,0,0,0,0,3,0,0,False
4336,microsoft/azure-maven-plugins,e7936823df6c477575bbca3801b76d2f4da8ea82,azure-toolkit-libs/azure-toolkit-appservice-lib/src/test/java/com/microsoft/azure/toolkit/lib/legacy/function/handlers/AnnotationHandlerImplTest.java,0,0,0,0,0.0,0,7,2,0,0,0,0,2,0,0,0,0,0,0,0,0,0,0,0,2,0,0,False
4337,microsoft/azure-maven-plugins,e7936823df6c477575bbca3801b76d2f4da8ea82,azure-toolkit-libs/azure-toolkit-appservice-lib/src/test/java/com/microsoft/azure/toolkit/lib/legacy/function/handlers/FunctionCoreToolsHandlerImplTest.java,0,0,0,0,0.0,0,7,0,0,0,0,0,6,0,0,0,0,0,0,0,0,3,0,2,7,0,0,False
4338,microsoft/azure-maven-plugins,e7936823df6c477575bbca3801b76d2f4da8ea82,azure-toolkit-libs/azure-toolkit-appservice-lib/src/test/java/com/microsoft/azure/toolkit/lib/legacy/function/utils/CommandUtilsTest.java,0,0,0,0,0.0,0,3,1,0,0,0,0,1,0,0,0,0,0,0,0,0,0,0,0,3,0,0,False
4339,microsoft/azure-maven-plugins,e7936823df6c477575bbca3801b76d2f4da8ea82,azure-maven-plugin-lib/src/test/java/com/microsoft/azure/maven/TestHelper.java,0,0,0,0,0.0,0,2,0,0,0,0,0,0,0,0,0,0,0,0,0,0,0,0,0,0,0,0,False
4340,microsoft/azure-maven-plugins,e7936823df6c477575bbca3801b76d2f4da8ea82,azure-maven-plugin-lib/src/test/java/com/microsoft/azure/maven/utils/ResourcesUtilsTest.java,0,0,0,0,0.0,0,2,1,0,0,0,0,1,0,0,0,0,0,0,0,0,0,0,0,2,0,0,False
4341,microsoft/azure-maven-plugins,e7936823df6c477575bbca3801b76d2f4da8ea82,azure-spring-apps-maven-plugin/src/test/java/com/microsoft/azure/maven/springcloud/configuration/SpringCloudAppSettingsTest.java,0,0,0,0,0.0,0,6,0,0,0,0,0,0,0,0,0,0,0,0,0,0,0,0,0,6,0,0,False
4342,microsoft/azure-maven-plugins,e7936823df6c477575bbca3801b76d2f4da8ea82,azure-spring-apps-maven-plugin/src/test/java/com/microsoft/azure/maven/springcloud/configuration/SpringCloudDeploymentRawConfigTest.java,0,0,0,0,0.0,0,7,0,0,0,0,0,0,0,0,0,0,0,0,0,0,0,0,0,7,0,0,False
4343,microsoft/azure-maven-plugins,e7936823df6c477575bbca3801b76d2f4da8ea82,azure-spring-apps-maven-plugin/src/test/java/com/microsoft/azure/maven/springcloud/TestHelper.java,0,0,0,0,0.0,0,1,0,0,0,0,0,0,0,0,0,0,0,0,0,0,0,0,0,0,0,0,False
4344,microsoft/azure-maven-plugins,e7936823df6c477575bbca3801b76d2f4da8ea82,azure-spring-apps-maven-plugin/src/test/java/com/microsoft/azure/maven/springcloud/exception/AzureConfigurationExceptionTest.java,0,0,0,0,0.0,0,3,1,0,0,0,0,1,0,0,0,0,0,0,0,0,0,0,0,3,0,0,False
4345,microsoft/azure-maven-plugins,e7936823df6c477575bbca3801b76d2f4da8ea82,azure-spring-apps-maven-plugin/src/test/java/com/microsoft/azure/maven/springcloud/pom/PomUtilsTest.java,0,0,0,0,0.0,0,2,2,0,0,0,0,2,0,2,0,0,0,0,0,0,0,0,2,2,0,0,False
4346,microsoft/azure-maven-plugins,4b7d143f1875359b58b5f85e2134c3f4909264e1,azure-toolkit-libs/azure-toolkit-appservice-lib/src/test/java/com/microsoft/azure/toolkit/lib/legacy/appservice/handlers/artifact/FTPUploaderTest.java,0,0,0,0,0.0,0,4,0,0,0,0,0,3,0,0,0,0,0,0,0,0,1,0,0,3,0,0,False
4347,microsoft/azure-maven-plugins,4b7d143f1875359b58b5f85e2134c3f4909264e1,azure-toolkit-libs/azure-toolkit-appservice-lib/src/test/java/com/microsoft/azure/toolkit/lib/legacy/function/handlers/CommandHandlerImplTest.java,0,0,0,0,0.0,0,3,1,0,0,0,0,1,0,0,0,0,0,0,0,0,0,0,0,3,0,0,False
4348,microsoft/azure-maven-plugins,4b7d143f1875359b58b5f85e2134c3f4909264e1,azure-toolkit-libs/azure-toolkit-appservice-lib/src/test/java/com/microsoft/azure/toolkit/lib/legacy/function/handlers/AnnotationHandlerImplTest.java,0,0,0,0,0.0,0,7,2,0,0,0,0,2,0,0,0,0,0,0,0,0,0,0,0,2,0,0,False
4349,microsoft/azure-maven-plugins,4b7d143f1875359b58b5f85e2134c3f4909264e1,azure-toolkit-libs/azure-toolkit-appservice-lib/src/test/java/com/microsoft/azure/toolkit/lib/legacy/function/handlers/FunctionCoreToolsHandlerImplTest.java,0,0,0,0,0.0,0,7,0,0,0,0,0,6,0,0,0,0,0,0,0,0,3,0,2,7,0,0,False
4350,microsoft/azure-maven-plugins,4b7d143f1875359b58b5f85e2134c3f4909264e1,azure-toolkit-libs/azure-toolkit-appservice-lib/src/test/java/com/microsoft/azure/toolkit/lib/legacy/function/utils/CommandUtilsTest.java,0,0,0,0,0.0,0,3,1,0,0,0,0,1,0,0,0,0,0,0,0,0,0,0,0,3,0,0,False
4351,microsoft/azure-maven-plugins,4b7d143f1875359b58b5f85e2134c3f4909264e1,azure-maven-plugin-lib/src/test/java/com/microsoft/azure/maven/TestHelper.java,0,0,0,0,0.0,0,2,0,0,0,0,0,0,0,0,0,0,0,0,0,0,0,0,0,0,0,0,False
4352,microsoft/azure-maven-plugins,4b7d143f1875359b58b5f85e2134c3f4909264e1,azure-maven-plugin-lib/src/test/java/com/microsoft/azure/maven/utils/ResourcesUtilsTest.java,0,0,0,0,0.0,0,2,1,0,0,0,0,1,0,0,0,0,0,0,0,0,0,0,0,2,0,0,False
4353,microsoft/azure-maven-plugins,4b7d143f1875359b58b5f85e2134c3f4909264e1,azure-spring-cloud-maven-plugin/src/test/java/com/microsoft/azure/maven/springcloud/configuration/SpringCloudAppSettingsTest.java,0,0,0,0,0.0,0,6,0,0,0,0,0,0,0,0,0,0,0,0,0,0,0,0,0,6,0,0,False
4354,microsoft/azure-maven-plugins,4b7d143f1875359b58b5f85e2134c3f4909264e1,azure-spring-cloud-maven-plugin/src/test/java/com/microsoft/azure/maven/springcloud/configuration/AppDeploymentMavenConfigTest.java,0,0,0,0,0.0,0,7,1,0,0,0,0,0,0,0,0,0,0,0,0,0,0,0,0,7,0,0,False
4355,microsoft/azure-maven-plugins,4b7d143f1875359b58b5f85e2134c3f4909264e1,azure-spring-cloud-maven-plugin/src/test/java/com/microsoft/azure/maven/springcloud/configuration/SpringCloudDeploymentRawConfigTest.java,0,0,0,0,0.0,0,7,0,0,0,0,0,0,0,0,0,0,0,0,0,0,0,0,0,7,0,0,False
4356,microsoft/azure-maven-plugins,4b7d143f1875359b58b5f85e2134c3f4909264e1,azure-spring-cloud-maven-plugin/src/test/java/com/microsoft/azure/maven/springcloud/DeployMojoTest.java,0,0,0,0,0.0,0,1,1,0,0,0,0,1,0,0,0,0,0,0,0,0,0,0,0,1,0,0,False
4357,microsoft/azure-maven-plugins,4b7d143f1875359b58b5f85e2134c3f4909264e1,azure-spring-cloud-maven-plugin/src/test/java/com/microsoft/azure/maven/springcloud/prompt/ConfigurationPrompterTest.java,0,0,0,0,0.0,0,16,8,1,0,0,0,14,15,0,0,0,2,0,0,7,1,0,1,15,0,0,False
4358,microsoft/azure-maven-plugins,4b7d143f1875359b58b5f85e2134c3f4909264e1,azure-spring-cloud-maven-plugin/src/test/java/com/microsoft/azure/maven/springcloud/TestHelper.java,0,0,0,0,0.0,0,1,0,0,0,0,0,0,0,0,0,0,0,0,0,0,0,0,0,0,0,0,False
4359,microsoft/azure-maven-plugins,4b7d143f1875359b58b5f85e2134c3f4909264e1,azure-spring-cloud-maven-plugin/src/test/java/com/microsoft/azure/maven/springcloud/exception/AzureConfigurationExceptionTest.java,0,0,0,0,0.0,0,3,1,0,0,0,0,1,0,0,0,0,0,0,0,0,0,0,0,3,0,0,False
4360,microsoft/azure-maven-plugins,4b7d143f1875359b58b5f85e2134c3f4909264e1,azure-spring-cloud-maven-plugin/src/test/java/com/microsoft/azure/maven/springcloud/pom/PomUtilsTest.java,0,0,0,0,0.0,0,2,2,0,0,0,0,2,0,2,0,0,0,0,0,0,0,0,2,2,0,0,False
4361,microsoft/azure-maven-plugins,499009279334c7c6685ba33ba6f02b7b68f5ddf8,azure-toolkit-libs/azure-toolkit-appservice-lib/src/test/java/com/microsoft/azure/toolkit/lib/legacy/appservice/handlers/artifact/FTPUploaderTest.java,0,0,0,0,0.0,0,4,0,0,0,0,0,3,0,0,0,0,0,0,0,0,1,0,0,3,0,0,False
4362,microsoft/azure-maven-plugins,499009279334c7c6685ba33ba6f02b7b68f5ddf8,azure-toolkit-libs/azure-toolkit-appservice-lib/src/test/java/com/microsoft/azure/toolkit/lib/legacy/function/handlers/CommandHandlerImplTest.java,0,0,0,0,0.0,0,3,1,0,0,0,0,1,0,0,0,0,0,0,0,0,0,0,0,3,0,0,False
4363,microsoft/azure-maven-plugins,499009279334c7c6685ba33ba6f02b7b68f5ddf8,azure-toolkit-libs/azure-toolkit-appservice-lib/src/test/java/com/microsoft/azure/toolkit/lib/legacy/function/handlers/AnnotationHandlerImplTest.java,0,0,0,0,0.0,0,7,2,0,0,0,0,2,0,0,0,0,0,0,0,0,0,0,0,2,0,0,False
4364,microsoft/azure-maven-plugins,499009279334c7c6685ba33ba6f02b7b68f5ddf8,azure-toolkit-libs/azure-toolkit-appservice-lib/src/test/java/com/microsoft/azure/toolkit/lib/legacy/function/handlers/FunctionCoreToolsHandlerImplTest.java,0,0,0,0,0.0,0,7,0,0,0,0,0,6,0,0,0,0,0,0,0,0,3,0,2,7,0,0,False
4365,microsoft/azure-maven-plugins,499009279334c7c6685ba33ba6f02b7b68f5ddf8,azure-toolkit-libs/azure-toolkit-appservice-lib/src/test/java/com/microsoft/azure/toolkit/lib/legacy/function/utils/CommandUtilsTest.java,0,0,0,0,0.0,0,3,1,0,0,0,0,1,0,0,0,0,0,0,0,0,0,0,0,3,0,0,False
4366,microsoft/azure-maven-plugins,499009279334c7c6685ba33ba6f02b7b68f5ddf8,azure-maven-plugin-lib/src/test/java/com/microsoft/azure/maven/TestHelper.java,0,0,0,0,0.0,0,2,0,0,0,0,0,0,0,0,0,0,0,0,0,0,0,0,0,0,0,0,False
4367,microsoft/azure-maven-plugins,499009279334c7c6685ba33ba6f02b7b68f5ddf8,azure-maven-plugin-lib/src/test/java/com/microsoft/azure/maven/utils/ResourcesUtilsTest.java,0,0,0,0,0.0,0,2,1,0,0,0,0,1,0,0,0,0,0,0,0,0,0,0,0,2,0,0,False
4368,microsoft/azure-maven-plugins,499009279334c7c6685ba33ba6f02b7b68f5ddf8,azure-spring-cloud-maven-plugin/src/test/java/com/microsoft/azure/maven/springcloud/configuration/SpringCloudAppSettingsTest.java,0,0,0,0,0.0,0,6,0,0,0,0,0,0,0,0,0,0,0,0,0,0,0,0,0,6,0,0,False
4369,microsoft/azure-maven-plugins,499009279334c7c6685ba33ba6f02b7b68f5ddf8,azure-spring-cloud-maven-plugin/src/test/java/com/microsoft/azure/maven/springcloud/configuration/AppDeploymentMavenConfigTest.java,0,0,0,0,0.0,0,7,1,0,0,0,0,0,0,0,0,0,0,0,0,0,0,0,0,7,0,0,False
4370,microsoft/azure-maven-plugins,499009279334c7c6685ba33ba6f02b7b68f5ddf8,azure-spring-cloud-maven-plugin/src/test/java/com/microsoft/azure/maven/springcloud/configuration/SpringCloudDeploymentRawConfigTest.java,0,0,0,0,0.0,0,7,0,0,0,0,0,0,0,0,0,0,0,0,0,0,0,0,0,7,0,0,False
4371,microsoft/azure-maven-plugins,499009279334c7c6685ba33ba6f02b7b68f5ddf8,azure-spring-cloud-maven-plugin/src/test/java/com/microsoft/azure/maven/springcloud/DeployMojoTest.java,0,0,0,0,0.0,0,1,1,0,0,0,0,1,0,0,0,0,0,0,0,0,0,0,0,1,0,0,False
4372,microsoft/azure-maven-plugins,499009279334c7c6685ba33ba6f02b7b68f5ddf8,azure-spring-cloud-maven-plugin/src/test/java/com/microsoft/azure/maven/springcloud/prompt/ConfigurationPrompterTest.java,0,0,0,0,0.0,0,16,8,1,0,0,0,14,15,0,0,0,2,0,0,7,1,0,1,15,0,0,False
4373,microsoft/azure-maven-plugins,499009279334c7c6685ba33ba6f02b7b68f5ddf8,azure-spring-cloud-maven-plugin/src/test/java/com/microsoft/azure/maven/springcloud/TestHelper.java,0,0,0,0,0.0,0,1,0,0,0,0,0,0,0,0,0,0,0,0,0,0,0,0,0,0,0,0,False
4374,microsoft/azure-maven-plugins,499009279334c7c6685ba33ba6f02b7b68f5ddf8,azure-spring-cloud-maven-plugin/src/test/java/com/microsoft/azure/maven/springcloud/exception/AzureConfigurationExceptionTest.java,0,0,0,0,0.0,0,3,1,0,0,0,0,1,0,0,0,0,0,0,0,0,0,0,0,3,0,0,False
4375,microsoft/azure-maven-plugins,499009279334c7c6685ba33ba6f02b7b68f5ddf8,azure-spring-cloud-maven-plugin/src/test/java/com/microsoft/azure/maven/springcloud/pom/PomUtilsTest.java,0,0,0,0,0.0,0,2,2,0,0,0,0,2,0,2,0,0,0,0,0,0,0,0,2,2,0,0,False
4376,microsoft/azure-maven-plugins,4d8c96fd51cbf5e356c48e47642f2ed67b747527,azure-toolkit-libs/azure-toolkit-appservice-lib/src/test/java/com/microsoft/azure/toolkit/lib/legacy/appservice/handlers/artifact/FTPUploaderTest.java,0,0,0,0,0.0,0,4,0,0,0,0,0,3,0,0,0,0,0,0,0,0,1,0,0,3,0,0,False
4377,microsoft/azure-maven-plugins,4d8c96fd51cbf5e356c48e47642f2ed67b747527,azure-toolkit-libs/azure-toolkit-appservice-lib/src/test/java/com/microsoft/azure/toolkit/lib/legacy/function/handlers/CommandHandlerImplTest.java,0,0,0,0,0.0,0,3,1,0,0,0,0,1,0,0,0,0,0,0,0,0,0,0,0,3,0,0,False
4378,microsoft/azure-maven-plugins,4d8c96fd51cbf5e356c48e47642f2ed67b747527,azure-toolkit-libs/azure-toolkit-appservice-lib/src/test/java/com/microsoft/azure/toolkit/lib/legacy/function/handlers/AnnotationHandlerImplTest.java,0,0,0,0,0.0,0,7,2,0,0,0,0,2,0,0,0,0,0,0,0,0,0,0,0,2,0,0,False
4379,microsoft/azure-maven-plugins,4d8c96fd51cbf5e356c48e47642f2ed67b747527,azure-toolkit-libs/azure-toolkit-appservice-lib/src/test/java/com/microsoft/azure/toolkit/lib/legacy/function/handlers/FunctionCoreToolsHandlerImplTest.java,0,0,0,0,0.0,0,7,0,0,0,0,0,6,0,0,0,0,0,0,0,0,3,0,2,7,0,0,False
4380,microsoft/azure-maven-plugins,4d8c96fd51cbf5e356c48e47642f2ed67b747527,azure-toolkit-libs/azure-toolkit-appservice-lib/src/test/java/com/microsoft/azure/toolkit/lib/legacy/function/utils/CommandUtilsTest.java,0,0,0,0,0.0,0,3,1,0,0,0,0,1,0,0,0,0,0,0,0,0,0,0,0,3,0,0,False
4381,microsoft/azure-maven-plugins,4d8c96fd51cbf5e356c48e47642f2ed67b747527,azure-maven-plugin-lib/src/test/java/com/microsoft/azure/maven/TestHelper.java,0,0,0,0,0.0,0,2,0,0,0,0,0,0,0,0,0,0,0,0,0,0,0,0,0,0,0,0,False
4382,microsoft/azure-maven-plugins,4d8c96fd51cbf5e356c48e47642f2ed67b747527,azure-maven-plugin-lib/src/test/java/com/microsoft/azure/maven/utils/ResourcesUtilsTest.java,0,0,0,0,0.0,0,2,1,0,0,0,0,1,0,0,0,0,0,0,0,0,0,0,0,2,0,0,False
4383,microsoft/azure-maven-plugins,4d8c96fd51cbf5e356c48e47642f2ed67b747527,azure-spring-cloud-maven-plugin/src/test/java/com/microsoft/azure/maven/springcloud/configuration/SpringCloudAppSettingsTest.java,0,0,0,0,0.0,0,6,0,0,0,0,0,0,0,0,0,0,0,0,0,0,0,0,0,6,0,0,False
4384,microsoft/azure-maven-plugins,4d8c96fd51cbf5e356c48e47642f2ed67b747527,azure-spring-cloud-maven-plugin/src/test/java/com/microsoft/azure/maven/springcloud/configuration/AppDeploymentMavenConfigTest.java,0,0,0,0,0.0,0,7,1,0,0,0,0,0,0,0,0,0,0,0,0,0,0,0,0,7,0,0,False
4385,microsoft/azure-maven-plugins,4d8c96fd51cbf5e356c48e47642f2ed67b747527,azure-spring-cloud-maven-plugin/src/test/java/com/microsoft/azure/maven/springcloud/configuration/SpringCloudDeploymentRawConfigTest.java,0,0,0,0,0.0,0,7,0,0,0,0,0,0,0,0,0,0,0,0,0,0,0,0,0,7,0,0,False
4386,microsoft/azure-maven-plugins,4d8c96fd51cbf5e356c48e47642f2ed67b747527,azure-spring-cloud-maven-plugin/src/test/java/com/microsoft/azure/maven/springcloud/DeployMojoTest.java,0,0,0,0,0.0,0,1,1,0,0,0,0,1,0,0,0,0,0,0,0,0,0,0,0,1,0,0,False
4387,microsoft/azure-maven-plugins,4d8c96fd51cbf5e356c48e47642f2ed67b747527,azure-spring-cloud-maven-plugin/src/test/java/com/microsoft/azure/maven/springcloud/prompt/ConfigurationPrompterTest.java,0,0,0,0,0.0,0,16,8,1,0,0,0,14,15,0,0,0,2,0,0,7,1,0,1,15,0,0,False
4388,microsoft/azure-maven-plugins,4d8c96fd51cbf5e356c48e47642f2ed67b747527,azure-spring-cloud-maven-plugin/src/test/java/com/microsoft/azure/maven/springcloud/TestHelper.java,0,0,0,0,0.0,0,1,0,0,0,0,0,0,0,0,0,0,0,0,0,0,0,0,0,0,0,0,False
4389,microsoft/azure-maven-plugins,4d8c96fd51cbf5e356c48e47642f2ed67b747527,azure-spring-cloud-maven-plugin/src/test/java/com/microsoft/azure/maven/springcloud/exception/AzureConfigurationExceptionTest.java,0,0,0,0,0.0,0,3,1,0,0,0,0,1,0,0,0,0,0,0,0,0,0,0,0,3,0,0,False
4390,microsoft/azure-maven-plugins,4d8c96fd51cbf5e356c48e47642f2ed67b747527,azure-spring-cloud-maven-plugin/src/test/java/com/microsoft/azure/maven/springcloud/pom/PomUtilsTest.java,0,0,0,0,0.0,0,2,2,0,0,0,0,2,0,2,0,0,0,0,0,0,0,0,2,2,0,0,False
4391,microsoft/azure-maven-plugins,8bec9377229474d4a71c261b9337caa5973ee132,azure-toolkit-libs/azure-toolkit-appservice-lib/src/test/java/com/microsoft/azure/toolkit/lib/legacy/appservice/handlers/artifact/FTPUploaderTest.java,0,0,0,0,0.0,0,4,0,0,0,0,0,3,0,0,0,0,0,0,0,0,1,0,0,3,0,0,False
4392,microsoft/azure-maven-plugins,8bec9377229474d4a71c261b9337caa5973ee132,azure-toolkit-libs/azure-toolkit-appservice-lib/src/test/java/com/microsoft/azure/toolkit/lib/legacy/function/handlers/CommandHandlerImplTest.java,0,0,0,0,0.0,0,3,1,0,0,0,0,1,0,0,0,0,0,0,0,0,0,0,0,3,0,0,False
4393,microsoft/azure-maven-plugins,8bec9377229474d4a71c261b9337caa5973ee132,azure-toolkit-libs/azure-toolkit-appservice-lib/src/test/java/com/microsoft/azure/toolkit/lib/legacy/function/handlers/AnnotationHandlerImplTest.java,0,0,0,0,0.0,0,7,2,0,0,0,0,2,0,0,0,0,0,0,0,0,0,0,0,2,0,0,False
4394,microsoft/azure-maven-plugins,8bec9377229474d4a71c261b9337caa5973ee132,azure-toolkit-libs/azure-toolkit-appservice-lib/src/test/java/com/microsoft/azure/toolkit/lib/legacy/function/handlers/FunctionCoreToolsHandlerImplTest.java,0,0,0,0,0.0,0,7,0,0,0,0,0,6,0,0,0,0,0,0,0,0,3,0,2,7,0,0,False
4395,microsoft/azure-maven-plugins,8bec9377229474d4a71c261b9337caa5973ee132,azure-toolkit-libs/azure-toolkit-appservice-lib/src/test/java/com/microsoft/azure/toolkit/lib/legacy/function/utils/CommandUtilsTest.java,0,0,0,0,0.0,0,3,1,0,0,0,0,1,0,0,0,0,0,0,0,0,0,0,0,3,0,0,False
4396,microsoft/azure-maven-plugins,8bec9377229474d4a71c261b9337caa5973ee132,azure-maven-plugin-lib/src/test/java/com/microsoft/azure/maven/TestHelper.java,0,0,0,0,0.0,0,2,0,0,0,0,0,0,0,0,0,0,0,0,0,0,0,0,0,0,0,0,False
4397,microsoft/azure-maven-plugins,8bec9377229474d4a71c261b9337caa5973ee132,azure-maven-plugin-lib/src/test/java/com/microsoft/azure/maven/utils/ResourcesUtilsTest.java,0,0,0,0,0.0,0,2,1,0,0,0,0,1,0,0,0,0,0,0,0,0,0,0,0,2,0,0,False
4398,microsoft/azure-maven-plugins,8bec9377229474d4a71c261b9337caa5973ee132,azure-spring-cloud-maven-plugin/src/test/java/com/microsoft/azure/maven/springcloud/configuration/SpringCloudAppSettingsTest.java,0,0,0,0,0.0,0,6,0,0,0,0,0,0,0,0,0,0,0,0,0,0,0,0,0,6,0,0,False
4399,microsoft/azure-maven-plugins,8bec9377229474d4a71c261b9337caa5973ee132,azure-spring-cloud-maven-plugin/src/test/java/com/microsoft/azure/maven/springcloud/configuration/AppDeploymentMavenConfigTest.java,0,0,0,0,0.0,0,7,1,0,0,0,0,0,0,0,0,0,0,0,0,0,0,0,0,7,0,0,False
4400,microsoft/azure-maven-plugins,8bec9377229474d4a71c261b9337caa5973ee132,azure-spring-cloud-maven-plugin/src/test/java/com/microsoft/azure/maven/springcloud/configuration/SpringCloudDeploymentRawConfigTest.java,0,0,0,0,0.0,0,7,0,0,0,0,0,0,0,0,0,0,0,0,0,0,0,0,0,7,0,0,False
4401,microsoft/azure-maven-plugins,8bec9377229474d4a71c261b9337caa5973ee132,azure-spring-cloud-maven-plugin/src/test/java/com/microsoft/azure/maven/springcloud/DeployMojoTest.java,0,0,0,0,0.0,0,1,1,0,0,0,0,1,0,0,0,0,0,0,0,0,0,0,0,1,0,0,False
4402,microsoft/azure-maven-plugins,8bec9377229474d4a71c261b9337caa5973ee132,azure-spring-cloud-maven-plugin/src/test/java/com/microsoft/azure/maven/springcloud/prompt/ConfigurationPrompterTest.java,0,0,0,0,0.0,0,16,8,1,0,0,0,14,15,0,0,0,2,0,0,7,1,0,1,15,0,0,False
4403,microsoft/azure-maven-plugins,8bec9377229474d4a71c261b9337caa5973ee132,azure-spring-cloud-maven-plugin/src/test/java/com/microsoft/azure/maven/springcloud/TestHelper.java,0,0,0,0,0.0,0,1,0,0,0,0,0,0,0,0,0,0,0,0,0,0,0,0,0,0,0,0,False
4404,microsoft/azure-maven-plugins,8bec9377229474d4a71c261b9337caa5973ee132,azure-spring-cloud-maven-plugin/src/test/java/com/microsoft/azure/maven/springcloud/exception/AzureConfigurationExceptionTest.java,0,0,0,0,0.0,0,3,1,0,0,0,0,1,0,0,0,0,0,0,0,0,0,0,0,3,0,0,False
4405,microsoft/azure-maven-plugins,8bec9377229474d4a71c261b9337caa5973ee132,azure-spring-cloud-maven-plugin/src/test/java/com/microsoft/azure/maven/springcloud/pom/PomUtilsTest.java,0,0,0,0,0.0,0,2,2,0,0,0,0,2,0,2,0,0,0,0,0,0,0,0,2,2,0,0,False
4406,microsoft/azure-maven-plugins,04ff0ead9dcb743fb1d3525e9197da1872d33373,azure-toolkit-libs/azure-toolkit-appservice-lib/src/test/java/com/microsoft/azure/toolkit/lib/legacy/appservice/handlers/artifact/FTPUploaderTest.java,0,0,0,0,0.0,0,4,0,0,0,0,0,3,0,0,0,0,0,0,0,0,1,0,0,3,0,0,False
4407,microsoft/azure-maven-plugins,04ff0ead9dcb743fb1d3525e9197da1872d33373,azure-toolkit-libs/azure-toolkit-appservice-lib/src/test/java/com/microsoft/azure/toolkit/lib/legacy/function/handlers/CommandHandlerImplTest.java,0,0,0,0,0.0,0,3,1,0,0,0,0,1,0,0,0,0,0,0,0,0,0,0,0,3,0,0,False
4408,microsoft/azure-maven-plugins,04ff0ead9dcb743fb1d3525e9197da1872d33373,azure-toolkit-libs/azure-toolkit-appservice-lib/src/test/java/com/microsoft/azure/toolkit/lib/legacy/function/handlers/AnnotationHandlerImplTest.java,0,0,0,0,0.0,0,7,2,0,0,0,0,2,0,0,0,0,0,0,0,0,0,0,0,2,0,0,False
4409,microsoft/azure-maven-plugins,04ff0ead9dcb743fb1d3525e9197da1872d33373,azure-toolkit-libs/azure-toolkit-appservice-lib/src/test/java/com/microsoft/azure/toolkit/lib/legacy/function/handlers/FunctionCoreToolsHandlerImplTest.java,0,0,0,0,0.0,0,7,0,0,0,0,0,6,0,0,0,0,0,0,0,0,3,0,2,7,0,0,False
4410,microsoft/azure-maven-plugins,04ff0ead9dcb743fb1d3525e9197da1872d33373,azure-toolkit-libs/azure-toolkit-appservice-lib/src/test/java/com/microsoft/azure/toolkit/lib/legacy/function/utils/CommandUtilsTest.java,0,0,0,0,0.0,0,3,1,0,0,0,0,1,0,0,0,0,0,0,0,0,0,0,0,3,0,0,False
4411,microsoft/azure-maven-plugins,04ff0ead9dcb743fb1d3525e9197da1872d33373,azure-maven-plugin-lib/src/test/java/com/microsoft/azure/maven/TestHelper.java,0,0,0,0,0.0,0,2,0,0,0,0,0,0,0,0,0,0,0,0,0,0,0,0,0,0,0,0,False
4412,microsoft/azure-maven-plugins,04ff0ead9dcb743fb1d3525e9197da1872d33373,azure-maven-plugin-lib/src/test/java/com/microsoft/azure/maven/utils/ResourcesUtilsTest.java,0,0,0,0,0.0,0,2,1,0,0,0,0,1,0,0,0,0,0,0,0,0,0,0,0,2,0,0,False
4413,microsoft/azure-maven-plugins,04ff0ead9dcb743fb1d3525e9197da1872d33373,azure-spring-cloud-maven-plugin/src/test/java/com/microsoft/azure/maven/springcloud/configuration/SpringCloudAppSettingsTest.java,0,0,0,0,0.0,0,6,0,0,0,0,0,0,0,0,0,0,0,0,0,0,0,0,0,6,0,0,False
4414,microsoft/azure-maven-plugins,04ff0ead9dcb743fb1d3525e9197da1872d33373,azure-spring-cloud-maven-plugin/src/test/java/com/microsoft/azure/maven/springcloud/configuration/AppDeploymentMavenConfigTest.java,0,0,0,0,0.0,0,7,1,0,0,0,0,0,0,0,0,0,0,0,0,0,0,0,0,7,0,0,False
4415,microsoft/azure-maven-plugins,04ff0ead9dcb743fb1d3525e9197da1872d33373,azure-spring-cloud-maven-plugin/src/test/java/com/microsoft/azure/maven/springcloud/configuration/SpringCloudDeploymentRawConfigTest.java,0,0,0,0,0.0,0,7,0,0,0,0,0,0,0,0,0,0,0,0,0,0,0,0,0,7,0,0,False
4416,microsoft/azure-maven-plugins,04ff0ead9dcb743fb1d3525e9197da1872d33373,azure-spring-cloud-maven-plugin/src/test/java/com/microsoft/azure/maven/springcloud/DeployMojoTest.java,0,0,0,0,0.0,0,1,1,0,0,0,0,1,0,0,0,0,0,0,0,0,0,0,0,1,0,0,False
4417,microsoft/azure-maven-plugins,04ff0ead9dcb743fb1d3525e9197da1872d33373,azure-spring-cloud-maven-plugin/src/test/java/com/microsoft/azure/maven/springcloud/prompt/ConfigurationPrompterTest.java,0,0,0,0,0.0,0,16,8,1,0,0,0,14,15,0,0,0,2,0,0,7,1,0,1,15,0,0,False
4418,microsoft/azure-maven-plugins,04ff0ead9dcb743fb1d3525e9197da1872d33373,azure-spring-cloud-maven-plugin/src/test/java/com/microsoft/azure/maven/springcloud/TestHelper.java,0,0,0,0,0.0,0,1,0,0,0,0,0,0,0,0,0,0,0,0,0,0,0,0,0,0,0,0,False
4419,microsoft/azure-maven-plugins,04ff0ead9dcb743fb1d3525e9197da1872d33373,azure-spring-cloud-maven-plugin/src/test/java/com/microsoft/azure/maven/springcloud/exception/AzureConfigurationExceptionTest.java,0,0,0,0,0.0,0,3,1,0,0,0,0,1,0,0,0,0,0,0,0,0,0,0,0,3,0,0,False
4420,microsoft/azure-maven-plugins,04ff0ead9dcb743fb1d3525e9197da1872d33373,azure-spring-cloud-maven-plugin/src/test/java/com/microsoft/azure/maven/springcloud/pom/PomUtilsTest.java,0,0,0,0,0.0,0,2,2,0,0,0,0,2,0,2,0,0,0,0,0,0,0,0,2,2,0,0,False
4421,microsoft/azure-maven-plugins,dc9a60481c4f52b96502925966c2235ebc127430,azure-toolkit-libs/azure-toolkit-appservice-lib/src/test/java/com/microsoft/azure/toolkit/lib/legacy/appservice/handlers/artifact/FTPUploaderTest.java,0,0,0,0,0.0,0,4,0,0,0,0,0,3,0,0,0,0,0,0,0,0,1,0,0,3,0,0,False
4422,microsoft/azure-maven-plugins,dc9a60481c4f52b96502925966c2235ebc127430,azure-toolkit-libs/azure-toolkit-appservice-lib/src/test/java/com/microsoft/azure/toolkit/lib/legacy/function/handlers/CommandHandlerImplTest.java,0,0,0,0,0.0,0,3,1,0,0,0,0,1,0,0,0,0,0,0,0,0,0,0,0,3,0,0,False
4423,microsoft/azure-maven-plugins,dc9a60481c4f52b96502925966c2235ebc127430,azure-toolkit-libs/azure-toolkit-appservice-lib/src/test/java/com/microsoft/azure/toolkit/lib/legacy/function/handlers/AnnotationHandlerImplTest.java,0,0,0,0,0.0,0,7,2,0,0,0,0,2,0,0,0,0,0,0,0,0,0,0,0,2,0,0,False
4424,microsoft/azure-maven-plugins,dc9a60481c4f52b96502925966c2235ebc127430,azure-toolkit-libs/azure-toolkit-appservice-lib/src/test/java/com/microsoft/azure/toolkit/lib/legacy/function/handlers/FunctionCoreToolsHandlerImplTest.java,0,0,0,0,0.0,0,7,0,0,0,0,0,6,0,0,0,0,0,0,0,0,3,0,2,7,0,0,False
4425,microsoft/azure-maven-plugins,dc9a60481c4f52b96502925966c2235ebc127430,azure-toolkit-libs/azure-toolkit-appservice-lib/src/test/java/com/microsoft/azure/toolkit/lib/legacy/function/utils/CommandUtilsTest.java,0,0,0,0,0.0,0,3,1,0,0,0,0,1,0,0,0,0,0,0,0,0,0,0,0,3,0,0,False
4426,microsoft/azure-maven-plugins,dc9a60481c4f52b96502925966c2235ebc127430,azure-maven-plugin-lib/src/test/java/com/microsoft/azure/maven/TestHelper.java,0,0,0,0,0.0,0,2,0,0,0,0,0,0,0,0,0,0,0,0,0,0,0,0,0,0,0,0,False
4427,microsoft/azure-maven-plugins,dc9a60481c4f52b96502925966c2235ebc127430,azure-maven-plugin-lib/src/test/java/com/microsoft/azure/maven/utils/ResourcesUtilsTest.java,0,0,0,0,0.0,0,2,1,0,0,0,0,1,0,0,0,0,0,0,0,0,0,0,0,2,0,0,False
4428,microsoft/azure-maven-plugins,dc9a60481c4f52b96502925966c2235ebc127430,azure-spring-cloud-maven-plugin/src/test/java/com/microsoft/azure/maven/springcloud/configuration/SpringCloudAppSettingsTest.java,0,0,0,0,0.0,0,6,0,0,0,0,0,0,0,0,0,0,0,0,0,0,0,0,0,6,0,0,False
4429,microsoft/azure-maven-plugins,dc9a60481c4f52b96502925966c2235ebc127430,azure-spring-cloud-maven-plugin/src/test/java/com/microsoft/azure/maven/springcloud/configuration/AppDeploymentMavenConfigTest.java,0,0,0,0,0.0,0,7,1,0,0,0,0,0,0,0,0,0,0,0,0,0,0,0,0,7,0,0,False
4430,microsoft/azure-maven-plugins,dc9a60481c4f52b96502925966c2235ebc127430,azure-spring-cloud-maven-plugin/src/test/java/com/microsoft/azure/maven/springcloud/configuration/SpringCloudDeploymentRawConfigTest.java,0,0,0,0,0.0,0,7,0,0,0,0,0,0,0,0,0,0,0,0,0,0,0,0,0,7,0,0,False
4431,microsoft/azure-maven-plugins,dc9a60481c4f52b96502925966c2235ebc127430,azure-spring-cloud-maven-plugin/src/test/java/com/microsoft/azure/maven/springcloud/DeployMojoTest.java,0,0,0,0,0.0,0,1,1,0,0,0,0,1,0,0,0,0,0,0,0,0,0,0,0,1,0,0,False
4432,microsoft/azure-maven-plugins,dc9a60481c4f52b96502925966c2235ebc127430,azure-spring-cloud-maven-plugin/src/test/java/com/microsoft/azure/maven/springcloud/prompt/ConfigurationPrompterTest.java,0,0,0,0,0.0,0,16,8,1,0,0,0,14,15,0,0,0,2,0,0,7,1,0,1,15,0,0,False
4433,microsoft/azure-maven-plugins,dc9a60481c4f52b96502925966c2235ebc127430,azure-spring-cloud-maven-plugin/src/test/java/com/microsoft/azure/maven/springcloud/TestHelper.java,0,0,0,0,0.0,0,1,0,0,0,0,0,0,0,0,0,0,0,0,0,0,0,0,0,0,0,0,False
4434,microsoft/azure-maven-plugins,dc9a60481c4f52b96502925966c2235ebc127430,azure-spring-cloud-maven-plugin/src/test/java/com/microsoft/azure/maven/springcloud/exception/AzureConfigurationExceptionTest.java,0,0,0,0,0.0,0,3,1,0,0,0,0,1,0,0,0,0,0,0,0,0,0,0,0,3,0,0,False
4435,microsoft/azure-maven-plugins,dc9a60481c4f52b96502925966c2235ebc127430,azure-spring-cloud-maven-plugin/src/test/java/com/microsoft/azure/maven/springcloud/pom/PomUtilsTest.java,0,0,0,0,0.0,0,2,2,0,0,0,0,2,0,2,0,0,0,0,0,0,0,0,2,2,0,0,False
4436,microsoft/azure-maven-plugins,6647d111314d8202368ff8f16b278b95f834da8c,azure-toolkit-libs/azure-toolkit-appservice-lib/src/test/java/com/microsoft/azure/toolkit/lib/legacy/appservice/handlers/artifact/FTPUploaderTest.java,0,0,0,0,0.0,0,4,0,0,0,0,0,3,0,0,0,0,0,0,0,0,1,0,0,3,0,0,False
4437,microsoft/azure-maven-plugins,6647d111314d8202368ff8f16b278b95f834da8c,azure-toolkit-libs/azure-toolkit-appservice-lib/src/test/java/com/microsoft/azure/toolkit/lib/legacy/function/handlers/CommandHandlerImplTest.java,0,0,0,0,0.0,0,3,1,0,0,0,0,1,0,0,0,0,0,0,0,0,0,0,0,3,0,0,False
4438,microsoft/azure-maven-plugins,6647d111314d8202368ff8f16b278b95f834da8c,azure-toolkit-libs/azure-toolkit-appservice-lib/src/test/java/com/microsoft/azure/toolkit/lib/legacy/function/handlers/AnnotationHandlerImplTest.java,0,0,0,0,0.0,0,7,2,0,0,0,0,2,0,0,0,0,0,0,0,0,0,0,0,2,0,0,False
4439,microsoft/azure-maven-plugins,6647d111314d8202368ff8f16b278b95f834da8c,azure-toolkit-libs/azure-toolkit-appservice-lib/src/test/java/com/microsoft/azure/toolkit/lib/legacy/function/handlers/FunctionCoreToolsHandlerImplTest.java,0,0,0,0,0.0,0,7,0,0,0,0,0,6,0,0,0,0,0,0,0,0,3,0,2,7,0,0,False
4440,microsoft/azure-maven-plugins,6647d111314d8202368ff8f16b278b95f834da8c,azure-toolkit-libs/azure-toolkit-appservice-lib/src/test/java/com/microsoft/azure/toolkit/lib/legacy/function/utils/CommandUtilsTest.java,0,0,0,0,0.0,0,3,1,0,0,0,0,1,0,0,0,0,0,0,0,0,0,0,0,3,0,0,False
4441,microsoft/azure-maven-plugins,6647d111314d8202368ff8f16b278b95f834da8c,azure-maven-plugin-lib/src/test/java/com/microsoft/azure/maven/TestHelper.java,0,0,0,0,0.0,0,2,0,0,0,0,0,0,0,0,0,0,0,0,0,0,0,0,0,0,0,0,False
4442,microsoft/azure-maven-plugins,6647d111314d8202368ff8f16b278b95f834da8c,azure-maven-plugin-lib/src/test/java/com/microsoft/azure/maven/utils/ResourcesUtilsTest.java,0,0,0,0,0.0,0,2,1,0,0,0,0,1,0,0,0,0,0,0,0,0,0,0,0,2,0,0,False
4443,microsoft/azure-maven-plugins,6647d111314d8202368ff8f16b278b95f834da8c,azure-spring-cloud-maven-plugin/src/test/java/com/microsoft/azure/maven/springcloud/configuration/SpringCloudAppSettingsTest.java,0,0,0,0,0.0,0,6,0,0,0,0,0,0,0,0,0,0,0,0,0,0,0,0,0,6,0,0,False
4444,microsoft/azure-maven-plugins,6647d111314d8202368ff8f16b278b95f834da8c,azure-spring-cloud-maven-plugin/src/test/java/com/microsoft/azure/maven/springcloud/configuration/AppDeploymentMavenConfigTest.java,0,0,0,0,0.0,0,7,1,0,0,0,0,0,0,0,0,0,0,0,0,0,0,0,0,7,0,0,False
4445,microsoft/azure-maven-plugins,6647d111314d8202368ff8f16b278b95f834da8c,azure-spring-cloud-maven-plugin/src/test/java/com/microsoft/azure/maven/springcloud/configuration/SpringCloudDeploymentRawConfigTest.java,0,0,0,0,0.0,0,7,0,0,0,0,0,0,0,0,0,0,0,0,0,0,0,0,0,7,0,0,False
4446,microsoft/azure-maven-plugins,6647d111314d8202368ff8f16b278b95f834da8c,azure-spring-cloud-maven-plugin/src/test/java/com/microsoft/azure/maven/springcloud/DeployMojoTest.java,0,0,0,0,0.0,0,1,1,0,0,0,0,1,0,0,0,0,0,0,0,0,0,0,0,1,0,0,False
4447,microsoft/azure-maven-plugins,6647d111314d8202368ff8f16b278b95f834da8c,azure-spring-cloud-maven-plugin/src/test/java/com/microsoft/azure/maven/springcloud/prompt/ConfigurationPrompterTest.java,0,0,0,0,0.0,0,16,8,1,0,0,0,14,15,0,0,0,2,0,0,7,1,0,1,15,0,0,False
4448,microsoft/azure-maven-plugins,6647d111314d8202368ff8f16b278b95f834da8c,azure-spring-cloud-maven-plugin/src/test/java/com/microsoft/azure/maven/springcloud/TestHelper.java,0,0,0,0,0.0,0,1,0,0,0,0,0,0,0,0,0,0,0,0,0,0,0,0,0,0,0,0,False
4449,microsoft/azure-maven-plugins,6647d111314d8202368ff8f16b278b95f834da8c,azure-spring-cloud-maven-plugin/src/test/java/com/microsoft/azure/maven/springcloud/exception/AzureConfigurationExceptionTest.java,0,0,0,0,0.0,0,3,1,0,0,0,0,1,0,0,0,0,0,0,0,0,0,0,0,3,0,0,False
4450,microsoft/azure-maven-plugins,6647d111314d8202368ff8f16b278b95f834da8c,azure-spring-cloud-maven-plugin/src/test/java/com/microsoft/azure/maven/springcloud/pom/PomUtilsTest.java,0,0,0,0,0.0,0,2,2,0,0,0,0,2,0,2,0,0,0,0,0,0,0,0,2,2,0,0,False
4451,microsoft/azure-maven-plugins,c6203f792cdaafc63210c03c428efafc89fb630c,azure-toolkit-libs/azure-toolkit-appservice-lib/src/test/java/com/microsoft/azure/toolkit/lib/legacy/appservice/handlers/artifact/ZIPArtifactHandlerImplTest.java,0,0,0,0,0.0,0,7,0,0,0,0,0,3,0,3,0,0,0,0,0,0,1,0,3,5,0,0,False
4452,microsoft/azure-maven-plugins,c6203f792cdaafc63210c03c428efafc89fb630c,azure-toolkit-libs/azure-toolkit-appservice-lib/src/test/java/com/microsoft/azure/toolkit/lib/legacy/appservice/handlers/artifact/FTPArtifactHandlerImplTest.java,0,0,0,0,0.0,0,6,0,0,0,0,0,4,0,0,0,0,0,0,0,0,4,0,0,4,0,0,False
4453,microsoft/azure-maven-plugins,c6203f792cdaafc63210c03c428efafc89fb630c,azure-toolkit-libs/azure-toolkit-appservice-lib/src/test/java/com/microsoft/azure/toolkit/lib/legacy/appservice/handlers/artifact/FTPUploaderTest.java,0,0,0,0,0.0,0,4,0,0,0,0,0,3,0,0,0,0,0,0,0,0,1,0,0,3,0,0,False
4454,microsoft/azure-maven-plugins,c6203f792cdaafc63210c03c428efafc89fb630c,azure-toolkit-libs/azure-toolkit-appservice-lib/src/test/java/com/microsoft/azure/toolkit/lib/legacy/appservice/handlers/artifact/ArtifactHandlerBaseTest.java,0,0,0,0,0.0,0,4,0,0,0,0,0,3,0,0,0,0,0,0,0,0,0,0,0,3,0,0,False
4455,microsoft/azure-maven-plugins,c6203f792cdaafc63210c03c428efafc89fb630c,azure-toolkit-libs/azure-toolkit-appservice-lib/src/test/java/com/microsoft/azure/toolkit/lib/legacy/function/handlers/artifact/FunctionArtifactHelperTest.java,0,0,0,0,0.0,0,5,0,0,0,0,0,5,0,0,0,0,0,0,0,0,1,0,0,5,0,0,False
4456,microsoft/azure-maven-plugins,c6203f792cdaafc63210c03c428efafc89fb630c,azure-toolkit-libs/azure-toolkit-appservice-lib/src/test/java/com/microsoft/azure/toolkit/lib/legacy/function/handlers/artifact/MSDeployArtifactHandlerImplTest.java,0,0,0,0,0.0,0,7,0,0,0,0,0,5,0,3,0,0,0,0,0,0,3,0,2,5,0,0,False
4457,microsoft/azure-maven-plugins,c6203f792cdaafc63210c03c428efafc89fb630c,azure-toolkit-libs/azure-toolkit-appservice-lib/src/test/java/com/microsoft/azure/toolkit/lib/legacy/function/handlers/CommandHandlerImplTest.java,0,0,0,0,0.0,0,3,1,0,0,0,0,1,0,0,0,0,0,0,0,0,0,0,0,3,0,0,False
4458,microsoft/azure-maven-plugins,c6203f792cdaafc63210c03c428efafc89fb630c,azure-toolkit-libs/azure-toolkit-appservice-lib/src/test/java/com/microsoft/azure/toolkit/lib/legacy/function/handlers/AnnotationHandlerImplTest.java,0,0,0,0,0.0,0,7,2,0,0,0,0,2,0,0,0,0,0,0,0,0,0,0,0,2,0,0,False
4459,microsoft/azure-maven-plugins,c6203f792cdaafc63210c03c428efafc89fb630c,azure-toolkit-libs/azure-toolkit-appservice-lib/src/test/java/com/microsoft/azure/toolkit/lib/legacy/function/handlers/FunctionCoreToolsHandlerImplTest.java,0,0,0,0,0.0,0,7,0,0,0,0,0,6,0,0,0,0,0,0,0,0,3,0,2,7,0,0,False
4460,microsoft/azure-maven-plugins,c6203f792cdaafc63210c03c428efafc89fb630c,azure-toolkit-libs/azure-toolkit-appservice-lib/src/test/java/com/microsoft/azure/toolkit/lib/legacy/function/utils/CommandUtilsTest.java,0,0,0,0,0.0,0,3,1,0,0,0,0,1,0,0,0,0,0,0,0,0,0,0,0,3,0,0,False
4461,microsoft/azure-maven-plugins,c6203f792cdaafc63210c03c428efafc89fb630c,azure-maven-plugin-lib/src/test/java/com/microsoft/azure/maven/TestHelper.java,0,0,0,0,0.0,0,2,0,0,0,0,0,0,0,0,0,0,0,0,0,0,0,0,0,0,0,0,False
4462,microsoft/azure-maven-plugins,c6203f792cdaafc63210c03c428efafc89fb630c,azure-maven-plugin-lib/src/test/java/com/microsoft/azure/maven/utils/ResourcesUtilsTest.java,0,0,0,0,0.0,0,2,1,0,0,0,0,1,0,0,0,0,0,0,0,0,0,0,0,2,0,0,False
4463,microsoft/azure-maven-plugins,c6203f792cdaafc63210c03c428efafc89fb630c,azure-maven-plugin-lib/src/test/java/com/microsoft/azure/maven/auth/AzureAuthHelperTest.java,0,0,0,0,0.0,0,13,5,0,0,0,0,4,0,0,0,0,0,0,0,3,1,0,0,12,0,0,False
4464,microsoft/azure-maven-plugins,c6203f792cdaafc63210c03c428efafc89fb630c,azure-spring-cloud-maven-plugin/src/test/java/com/microsoft/azure/maven/springcloud/configuration/SpringCloudAppSettingsTest.java,0,0,0,0,0.0,0,6,0,0,0,0,0,0,0,0,0,0,0,0,0,0,0,0,0,6,0,0,False
4465,microsoft/azure-maven-plugins,c6203f792cdaafc63210c03c428efafc89fb630c,azure-spring-cloud-maven-plugin/src/test/java/com/microsoft/azure/maven/springcloud/configuration/AppDeploymentMavenConfigTest.java,0,0,0,0,0.0,0,7,1,0,0,0,0,0,0,0,0,0,0,0,0,0,0,0,0,7,0,0,False
4466,microsoft/azure-maven-plugins,c6203f792cdaafc63210c03c428efafc89fb630c,azure-spring-cloud-maven-plugin/src/test/java/com/microsoft/azure/maven/springcloud/configuration/SpringCloudDeploymentRawConfigTest.java,0,0,0,0,0.0,0,7,0,0,0,0,0,0,0,0,0,0,0,0,0,0,0,0,0,7,0,0,False
4467,microsoft/azure-maven-plugins,c6203f792cdaafc63210c03c428efafc89fb630c,azure-spring-cloud-maven-plugin/src/test/java/com/microsoft/azure/maven/springcloud/DeployMojoTest.java,0,0,0,0,0.0,0,1,1,0,0,0,0,1,0,0,0,0,0,0,0,0,0,0,0,1,0,0,False
4468,microsoft/azure-maven-plugins,c6203f792cdaafc63210c03c428efafc89fb630c,azure-spring-cloud-maven-plugin/src/test/java/com/microsoft/azure/maven/springcloud/prompt/ConfigurationPrompterTest.java,0,0,0,0,0.0,0,16,8,1,0,0,0,14,15,0,0,0,2,0,0,7,1,0,1,15,0,0,False
4469,microsoft/azure-maven-plugins,c6203f792cdaafc63210c03c428efafc89fb630c,azure-spring-cloud-maven-plugin/src/test/java/com/microsoft/azure/maven/springcloud/TestHelper.java,0,0,0,0,0.0,0,1,0,0,0,0,0,0,0,0,0,0,0,0,0,0,0,0,0,0,0,0,False
4470,microsoft/azure-maven-plugins,c6203f792cdaafc63210c03c428efafc89fb630c,azure-spring-cloud-maven-plugin/src/test/java/com/microsoft/azure/maven/springcloud/exception/AzureConfigurationExceptionTest.java,0,0,0,0,0.0,0,3,1,0,0,0,0,1,0,0,0,0,0,0,0,0,0,0,0,3,0,0,False
4471,microsoft/azure-maven-plugins,c6203f792cdaafc63210c03c428efafc89fb630c,azure-spring-cloud-maven-plugin/src/test/java/com/microsoft/azure/maven/springcloud/pom/PomUtilsTest.java,0,0,0,0,0.0,0,2,2,0,0,0,0,2,0,2,0,0,0,0,0,0,0,0,2,2,0,0,False
4472,microsoft/azure-maven-plugins,6aa372c76a6f80c74bd213aa99b7ec47ca6650b2,azure-toolkit-libs/azure-toolkit-appservice-lib/src/test/java/com/microsoft/azure/toolkit/lib/legacy/appservice/handlers/artifact/ZIPArtifactHandlerImplTest.java,0,0,0,0,0.0,0,7,0,0,0,0,0,3,0,3,0,0,0,0,0,0,1,0,3,5,0,0,False
4473,microsoft/azure-maven-plugins,6aa372c76a6f80c74bd213aa99b7ec47ca6650b2,azure-toolkit-libs/azure-toolkit-appservice-lib/src/test/java/com/microsoft/azure/toolkit/lib/legacy/appservice/handlers/artifact/FTPArtifactHandlerImplTest.java,0,0,0,0,0.0,0,6,0,0,0,0,0,4,0,0,0,0,0,0,0,0,4,0,0,4,0,0,False
4474,microsoft/azure-maven-plugins,6aa372c76a6f80c74bd213aa99b7ec47ca6650b2,azure-toolkit-libs/azure-toolkit-appservice-lib/src/test/java/com/microsoft/azure/toolkit/lib/legacy/appservice/handlers/artifact/FTPUploaderTest.java,0,0,0,0,0.0,0,4,0,0,0,0,0,3,0,0,0,0,0,0,0,0,1,0,0,3,0,0,False
4475,microsoft/azure-maven-plugins,6aa372c76a6f80c74bd213aa99b7ec47ca6650b2,azure-toolkit-libs/azure-toolkit-appservice-lib/src/test/java/com/microsoft/azure/toolkit/lib/legacy/appservice/handlers/artifact/ArtifactHandlerBaseTest.java,0,0,0,0,0.0,0,4,0,0,0,0,0,3,0,0,0,0,0,0,0,0,0,0,0,3,0,0,False
4476,microsoft/azure-maven-plugins,6aa372c76a6f80c74bd213aa99b7ec47ca6650b2,azure-toolkit-libs/azure-toolkit-appservice-lib/src/test/java/com/microsoft/azure/toolkit/lib/legacy/function/handlers/artifact/FunctionArtifactHelperTest.java,0,0,0,0,0.0,0,5,0,0,0,0,0,5,0,0,0,0,0,0,0,0,1,0,0,5,0,0,False
4477,microsoft/azure-maven-plugins,6aa372c76a6f80c74bd213aa99b7ec47ca6650b2,azure-toolkit-libs/azure-toolkit-appservice-lib/src/test/java/com/microsoft/azure/toolkit/lib/legacy/function/handlers/artifact/MSDeployArtifactHandlerImplTest.java,0,0,0,0,0.0,0,7,0,0,0,0,0,5,0,3,0,0,0,0,0,0,3,0,2,5,0,0,False
4478,microsoft/azure-maven-plugins,6aa372c76a6f80c74bd213aa99b7ec47ca6650b2,azure-toolkit-libs/azure-toolkit-appservice-lib/src/test/java/com/microsoft/azure/toolkit/lib/legacy/function/handlers/CommandHandlerImplTest.java,0,0,0,0,0.0,0,3,1,0,0,0,0,1,0,0,0,0,0,0,0,0,0,0,0,3,0,0,False
4479,microsoft/azure-maven-plugins,6aa372c76a6f80c74bd213aa99b7ec47ca6650b2,azure-toolkit-libs/azure-toolkit-appservice-lib/src/test/java/com/microsoft/azure/toolkit/lib/legacy/function/handlers/AnnotationHandlerImplTest.java,0,0,0,0,0.0,0,7,2,0,0,0,0,2,0,0,0,0,0,0,0,0,0,0,0,2,0,0,False
4480,microsoft/azure-maven-plugins,6aa372c76a6f80c74bd213aa99b7ec47ca6650b2,azure-toolkit-libs/azure-toolkit-appservice-lib/src/test/java/com/microsoft/azure/toolkit/lib/legacy/function/handlers/FunctionCoreToolsHandlerImplTest.java,0,0,0,0,0.0,0,7,0,0,0,0,0,6,0,0,0,0,0,0,0,0,3,0,2,7,0,0,False
4481,microsoft/azure-maven-plugins,6aa372c76a6f80c74bd213aa99b7ec47ca6650b2,azure-toolkit-libs/azure-toolkit-appservice-lib/src/test/java/com/microsoft/azure/toolkit/lib/legacy/function/utils/CommandUtilsTest.java,0,0,0,0,0.0,0,3,1,0,0,0,0,1,0,0,0,0,0,0,0,0,0,0,0,3,0,0,False
4482,microsoft/azure-maven-plugins,6aa372c76a6f80c74bd213aa99b7ec47ca6650b2,azure-maven-plugin-lib/src/test/java/com/microsoft/azure/maven/TestHelper.java,0,0,0,0,0.0,0,2,0,0,0,0,0,0,0,0,0,0,0,0,0,0,0,0,0,0,0,0,False
4483,microsoft/azure-maven-plugins,6aa372c76a6f80c74bd213aa99b7ec47ca6650b2,azure-maven-plugin-lib/src/test/java/com/microsoft/azure/maven/utils/ResourcesUtilsTest.java,0,0,0,0,0.0,0,2,1,0,0,0,0,1,0,0,0,0,0,0,0,0,0,0,0,2,0,0,False
4484,microsoft/azure-maven-plugins,6aa372c76a6f80c74bd213aa99b7ec47ca6650b2,azure-maven-plugin-lib/src/test/java/com/microsoft/azure/maven/auth/AzureAuthHelperTest.java,0,0,0,0,0.0,0,13,5,0,0,0,0,4,0,0,0,0,0,0,0,3,1,0,0,12,0,0,False
4485,microsoft/azure-maven-plugins,6aa372c76a6f80c74bd213aa99b7ec47ca6650b2,azure-spring-cloud-maven-plugin/src/test/java/com/microsoft/azure/maven/springcloud/configuration/SpringCloudAppSettingsTest.java,0,0,0,0,0.0,0,6,0,0,0,0,0,0,0,0,0,0,0,0,0,0,0,0,0,6,0,0,False
4486,microsoft/azure-maven-plugins,6aa372c76a6f80c74bd213aa99b7ec47ca6650b2,azure-spring-cloud-maven-plugin/src/test/java/com/microsoft/azure/maven/springcloud/configuration/AppDeploymentMavenConfigTest.java,0,0,0,0,0.0,0,7,1,0,0,0,0,0,0,0,0,0,0,0,0,0,0,0,0,7,0,0,False
4487,microsoft/azure-maven-plugins,6aa372c76a6f80c74bd213aa99b7ec47ca6650b2,azure-spring-cloud-maven-plugin/src/test/java/com/microsoft/azure/maven/springcloud/configuration/SpringCloudDeploymentRawConfigTest.java,0,0,0,0,0.0,0,7,0,0,0,0,0,0,0,0,0,0,0,0,0,0,0,0,0,7,0,0,False
4488,microsoft/azure-maven-plugins,6aa372c76a6f80c74bd213aa99b7ec47ca6650b2,azure-spring-cloud-maven-plugin/src/test/java/com/microsoft/azure/maven/springcloud/DeployMojoTest.java,0,0,0,0,0.0,0,1,1,0,0,0,0,1,0,0,0,0,0,0,0,0,0,0,0,1,0,0,False
4489,microsoft/azure-maven-plugins,6aa372c76a6f80c74bd213aa99b7ec47ca6650b2,azure-spring-cloud-maven-plugin/src/test/java/com/microsoft/azure/maven/springcloud/prompt/ConfigurationPrompterTest.java,0,0,0,0,0.0,0,16,8,1,0,0,0,14,15,0,0,0,2,0,0,7,1,0,1,15,0,0,False
4490,microsoft/azure-maven-plugins,6aa372c76a6f80c74bd213aa99b7ec47ca6650b2,azure-spring-cloud-maven-plugin/src/test/java/com/microsoft/azure/maven/springcloud/TestHelper.java,0,0,0,0,0.0,0,1,0,0,0,0,0,0,0,0,0,0,0,0,0,0,0,0,0,0,0,0,False
4491,microsoft/azure-maven-plugins,6aa372c76a6f80c74bd213aa99b7ec47ca6650b2,azure-spring-cloud-maven-plugin/src/test/java/com/microsoft/azure/maven/springcloud/exception/AzureConfigurationExceptionTest.java,0,0,0,0,0.0,0,3,1,0,0,0,0,1,0,0,0,0,0,0,0,0,0,0,0,3,0,0,False
4492,microsoft/azure-maven-plugins,6aa372c76a6f80c74bd213aa99b7ec47ca6650b2,azure-spring-cloud-maven-plugin/src/test/java/com/microsoft/azure/maven/springcloud/pom/PomUtilsTest.java,0,0,0,0,0.0,0,2,2,0,0,0,0,2,0,2,0,0,0,0,0,0,0,0,2,2,0,0,False
4493,microsoft/azure-maven-plugins,22ec87cedec0b4a30f96fc60d201a782c97198fe,azure-maven-plugin-lib/src/test/java/com/microsoft/azure/maven/TestHelper.java,0,0,0,0,0.0,0,1,0,0,0,0,0,0,0,0,0,0,0,0,0,0,0,0,0,0,0,0,False
4494,microsoft/azure-maven-plugins,22ec87cedec0b4a30f96fc60d201a782c97198fe,azure-maven-plugin-lib/src/test/java/com/microsoft/azure/maven/utils/ResourcesUtilsTest.java,0,0,0,0,0.0,0,2,1,0,0,0,0,1,0,0,0,0,0,0,0,0,0,0,0,2,0,0,False
4495,microsoft/azure-maven-plugins,22ec87cedec0b4a30f96fc60d201a782c97198fe,azure-maven-plugin-lib/src/test/java/com/microsoft/azure/maven/auth/AzureAuthHelperTest.java,0,0,0,0,0.0,0,13,5,0,0,0,0,4,0,0,0,0,0,0,0,3,1,0,0,12,0,0,False
4496,microsoft/azure-maven-plugins,22ec87cedec0b4a30f96fc60d201a782c97198fe,azure-spring-cloud-maven-plugin/src/test/java/com/microsoft/azure/maven/springcloud/configuration/SpringCloudAppSettingsTest.java,0,0,0,0,0.0,0,6,0,0,0,0,0,0,0,0,0,0,0,0,0,0,0,0,0,6,0,0,False
4497,microsoft/azure-maven-plugins,22ec87cedec0b4a30f96fc60d201a782c97198fe,azure-spring-cloud-maven-plugin/src/test/java/com/microsoft/azure/maven/springcloud/configuration/AppDeploymentMavenConfigTest.java,0,0,0,0,0.0,0,7,1,0,0,0,0,0,0,0,0,0,0,0,0,0,0,0,0,7,0,0,False
4498,microsoft/azure-maven-plugins,22ec87cedec0b4a30f96fc60d201a782c97198fe,azure-spring-cloud-maven-plugin/src/test/java/com/microsoft/azure/maven/springcloud/configuration/SpringCloudDeploymentRawConfigTest.java,0,0,0,0,0.0,0,7,0,0,0,0,0,0,0,0,0,0,0,0,0,0,0,0,0,7,0,0,False
4499,microsoft/azure-maven-plugins,22ec87cedec0b4a30f96fc60d201a782c97198fe,azure-spring-cloud-maven-plugin/src/test/java/com/microsoft/azure/maven/springcloud/DeployMojoTest.java,0,0,0,0,0.0,0,1,1,0,0,0,0,1,0,0,0,0,0,0,0,0,0,0,0,1,0,0,False
4500,microsoft/azure-maven-plugins,22ec87cedec0b4a30f96fc60d201a782c97198fe,azure-spring-cloud-maven-plugin/src/test/java/com/microsoft/azure/maven/springcloud/prompt/ConfigurationPrompterTest.java,0,0,0,0,0.0,0,16,8,1,0,0,0,14,15,0,0,0,2,0,0,7,1,0,1,15,0,0,False
4501,microsoft/azure-maven-plugins,22ec87cedec0b4a30f96fc60d201a782c97198fe,azure-spring-cloud-maven-plugin/src/test/java/com/microsoft/azure/maven/springcloud/TestHelper.java,0,0,0,0,0.0,0,1,0,0,0,0,0,0,0,0,0,0,0,0,0,0,0,0,0,0,0,0,False
4502,microsoft/azure-maven-plugins,22ec87cedec0b4a30f96fc60d201a782c97198fe,azure-spring-cloud-maven-plugin/src/test/java/com/microsoft/azure/maven/springcloud/exception/AzureConfigurationExceptionTest.java,0,0,0,0,0.0,0,3,1,0,0,0,0,1,0,0,0,0,0,0,0,0,0,0,0,3,0,0,False
4503,microsoft/azure-maven-plugins,22ec87cedec0b4a30f96fc60d201a782c97198fe,azure-spring-cloud-maven-plugin/src/test/java/com/microsoft/azure/maven/springcloud/pom/PomUtilsTest.java,0,0,0,0,0.0,0,2,2,0,0,0,0,2,0,2,0,0,0,0,0,0,0,0,2,2,0,0,False
4504,microsoft/azure-maven-plugins,22ec87cedec0b4a30f96fc60d201a782c97198fe,azure-tools-common/src/test/java/com/microsoft/azure/common/validation/SchemaValidatorTest.java,0,0,0,0,0.0,0,6,1,0,0,0,0,5,1,0,1,0,0,0,0,2,0,0,0,5,0,0,False
4505,microsoft/azure-maven-plugins,22ec87cedec0b4a30f96fc60d201a782c97198fe,azure-tools-common/src/test/java/com/microsoft/azure/common/ConfigurationProblemTest.java,0,0,0,0,0.0,0,1,1,0,0,0,0,0,0,0,0,0,1,0,0,0,0,0,0,1,0,0,False
4506,microsoft/azure-maven-plugins,22ec87cedec0b4a30f96fc60d201a782c97198fe,azure-tools-common/src/test/java/com/microsoft/azure/common/prompt/DefaultPrompterTest.java,0,0,0,0,0.0,0,13,8,4,0,0,0,12,0,0,0,0,0,0,0,4,1,0,0,12,0,0,False
4507,microsoft/azure-maven-plugins,22ec87cedec0b4a30f96fc60d201a782c97198fe,azure-tools-common/src/test/java/com/microsoft/azure/common/prompt/InputValidateResultTest.java,0,0,0,0,0.0,0,2,2,0,0,0,0,0,0,0,0,0,0,0,0,0,0,0,0,2,0,0,False
4508,microsoft/azure-maven-plugins,22ec87cedec0b4a30f96fc60d201a782c97198fe,azure-tools-common/src/test/java/com/microsoft/azure/common/handlers/artifact/ZIPArtifactHandlerImplTest.java,0,0,0,0,0.0,0,7,0,0,0,0,0,3,0,3,0,0,0,0,0,0,1,0,3,5,0,0,False
4509,microsoft/azure-maven-plugins,22ec87cedec0b4a30f96fc60d201a782c97198fe,azure-tools-common/src/test/java/com/microsoft/azure/common/handlers/artifact/FTPArtifactHandlerImplTest.java,0,0,0,0,0.0,0,6,0,0,0,0,0,4,0,0,0,0,0,0,0,0,4,0,0,4,0,0,False
4510,microsoft/azure-maven-plugins,22ec87cedec0b4a30f96fc60d201a782c97198fe,azure-tools-common/src/test/java/com/microsoft/azure/common/handlers/artifact/ArtifactHandlerBaseTest.java,0,0,0,0,0.0,0,4,0,0,0,0,0,3,0,0,0,0,0,0,0,0,0,0,0,3,0,0,False
4511,microsoft/azure-maven-plugins,22ec87cedec0b4a30f96fc60d201a782c97198fe,azure-tools-common/src/test/java/com/microsoft/azure/common/TestHelper.java,0,0,0,0,0.0,0,1,0,0,0,0,0,0,0,0,0,0,0,0,0,0,0,0,0,0,0,0,False
4512,microsoft/azure-maven-plugins,22ec87cedec0b4a30f96fc60d201a782c97198fe,azure-tools-common/src/test/java/com/microsoft/azure/common/utils/IndentUtilTest.java,0,0,0,0,0.0,0,2,1,0,0,0,0,1,0,0,0,0,0,0,0,1,0,0,0,2,0,0,False
4513,microsoft/azure-maven-plugins,22ec87cedec0b4a30f96fc60d201a782c97198fe,azure-tools-common/src/test/java/com/microsoft/azure/common/utils/SneakyThrowUtilsTest.java,0,0,0,0,0.0,0,2,0,0,0,0,0,1,0,0,0,0,0,0,0,0,0,0,0,1,0,0,False
4514,microsoft/azure-maven-plugins,22ec87cedec0b4a30f96fc60d201a782c97198fe,azure-tools-common/src/test/java/com/microsoft/azure/common/utils/TextUtilsTest.java,0,0,0,0,0.0,0,11,5,0,0,0,0,1,0,0,5,0,0,0,0,0,0,0,0,10,0,0,False
4515,microsoft/azure-maven-plugins,22ec87cedec0b4a30f96fc60d201a782c97198fe,azure-tools-common/src/test/java/com/microsoft/azure/common/utils/JsonUtilsTest.java,0,0,0,0,0.0,0,2,1,0,0,0,0,1,0,0,0,0,0,0,0,1,0,0,0,2,0,0,False
4516,microsoft/azure-maven-plugins,22ec87cedec0b4a30f96fc60d201a782c97198fe,azure-tools-common/src/test/java/com/microsoft/azure/common/UtilsTest.java,0,0,0,0,0.0,0,2,1,0,0,0,0,2,0,0,0,0,0,0,0,0,0,0,0,2,0,0,False
4517,microsoft/azure-maven-plugins,22ec87cedec0b4a30f96fc60d201a782c97198fe,azure-tools-common/src/test/java/com/microsoft/azure/common/FTPUploaderTest.java,0,0,0,0,0.0,0,4,0,0,0,0,0,3,0,0,0,0,0,0,0,0,1,0,0,3,0,0,False
4518,microsoft/azure-maven-plugins,22ec87cedec0b4a30f96fc60d201a782c97198fe,azure-tools-common/src/test/java/com/microsoft/azure/common/function/handlers/artifact/FunctionArtifactHelperTest.java,0,0,0,0,0.0,0,5,0,0,0,0,0,5,0,0,0,0,0,0,0,0,1,0,0,5,0,0,False
4519,microsoft/azure-maven-plugins,22ec87cedec0b4a30f96fc60d201a782c97198fe,azure-tools-common/src/test/java/com/microsoft/azure/common/function/handlers/artifact/MSDeployArtifactHandlerImplTest.java,0,0,0,0,0.0,0,7,0,0,0,0,0,5,0,3,0,0,0,0,0,0,3,0,2,5,0,0,False
4520,microsoft/azure-maven-plugins,22ec87cedec0b4a30f96fc60d201a782c97198fe,azure-tools-common/src/test/java/com/microsoft/azure/common/function/handlers/CommandHandlerImplTest.java,0,0,0,0,0.0,0,3,1,0,0,0,0,1,0,0,0,0,0,0,0,0,0,0,0,3,0,0,False
4521,microsoft/azure-maven-plugins,22ec87cedec0b4a30f96fc60d201a782c97198fe,azure-tools-common/src/test/java/com/microsoft/azure/common/function/handlers/AnnotationHandlerImplTest.java,0,0,0,0,0.0,0,7,2,0,0,0,0,2,0,0,0,0,0,0,0,0,0,0,0,2,0,0,False
4522,microsoft/azure-maven-plugins,22ec87cedec0b4a30f96fc60d201a782c97198fe,azure-tools-common/src/test/java/com/microsoft/azure/common/function/handlers/FunctionCoreToolsHandlerImplTest.java,0,0,0,0,0.0,0,7,0,0,0,0,0,6,0,0,0,0,0,0,0,0,3,0,2,7,0,0,False
4523,microsoft/azure-maven-plugins,22ec87cedec0b4a30f96fc60d201a782c97198fe,azure-tools-common/src/test/java/com/microsoft/azure/common/function/utils/CommandUtilsTest.java,0,0,0,0,0.0,0,3,1,0,0,0,0,1,0,0,0,0,0,0,0,0,0,0,0,3,0,0,False
4524,microsoft/azure-maven-plugins,d523b06b56197402e1696f0487589482dfba929f,azure-maven-plugin-lib/src/test/java/com/microsoft/azure/maven/TestHelper.java,0,0,0,0,0.0,0,1,0,0,0,0,0,0,0,0,0,0,0,0,0,0,0,0,0,0,0,0,False
4525,microsoft/azure-maven-plugins,d523b06b56197402e1696f0487589482dfba929f,azure-maven-plugin-lib/src/test/java/com/microsoft/azure/maven/utils/ResourcesUtilsTest.java,0,0,0,0,0.0,0,2,1,0,0,0,0,1,0,0,0,0,0,0,0,0,0,0,0,2,0,0,False
4526,microsoft/azure-maven-plugins,d523b06b56197402e1696f0487589482dfba929f,azure-maven-plugin-lib/src/test/java/com/microsoft/azure/maven/auth/AzureAuthHelperTest.java,0,0,0,0,0.0,0,13,5,0,0,0,0,4,0,0,0,0,0,0,0,3,1,0,0,12,0,0,False
4527,microsoft/azure-maven-plugins,d523b06b56197402e1696f0487589482dfba929f,azure-spring-cloud-maven-plugin/src/test/java/com/microsoft/azure/maven/springcloud/configuration/SpringCloudAppSettingsTest.java,0,0,0,0,0.0,0,6,0,0,0,0,0,0,0,0,0,0,0,0,0,0,0,0,0,6,0,0,False
4528,microsoft/azure-maven-plugins,d523b06b56197402e1696f0487589482dfba929f,azure-spring-cloud-maven-plugin/src/test/java/com/microsoft/azure/maven/springcloud/configuration/AppDeploymentMavenConfigTest.java,0,0,0,0,0.0,0,7,1,0,0,0,0,0,0,0,0,0,0,0,0,0,0,0,0,7,0,0,False
4529,microsoft/azure-maven-plugins,d523b06b56197402e1696f0487589482dfba929f,azure-spring-cloud-maven-plugin/src/test/java/com/microsoft/azure/maven/springcloud/configuration/SpringCloudDeploymentRawConfigTest.java,0,0,0,0,0.0,0,7,0,0,0,0,0,0,0,0,0,0,0,0,0,0,0,0,0,7,0,0,False
4530,microsoft/azure-maven-plugins,d523b06b56197402e1696f0487589482dfba929f,azure-spring-cloud-maven-plugin/src/test/java/com/microsoft/azure/maven/springcloud/DeployMojoTest.java,0,0,0,0,0.0,0,1,1,0,0,0,0,1,0,0,0,0,0,0,0,0,0,0,0,1,0,0,False
4531,microsoft/azure-maven-plugins,d523b06b56197402e1696f0487589482dfba929f,azure-spring-cloud-maven-plugin/src/test/java/com/microsoft/azure/maven/springcloud/prompt/ConfigurationPrompterTest.java,0,0,0,0,0.0,0,16,8,1,0,0,0,14,15,0,0,0,2,0,0,7,1,0,1,15,0,0,False
4532,microsoft/azure-maven-plugins,d523b06b56197402e1696f0487589482dfba929f,azure-spring-cloud-maven-plugin/src/test/java/com/microsoft/azure/maven/springcloud/TestHelper.java,0,0,0,0,0.0,0,10,0,0,0,0,0,0,0,0,0,0,0,0,0,0,0,0,0,0,0,0,False
4533,microsoft/azure-maven-plugins,d523b06b56197402e1696f0487589482dfba929f,azure-spring-cloud-maven-plugin/src/test/java/com/microsoft/azure/maven/springcloud/exception/AzureConfigurationExceptionTest.java,0,0,0,0,0.0,0,3,1,0,0,0,0,1,0,0,0,0,0,0,0,0,0,0,0,3,0,0,False
4534,microsoft/azure-maven-plugins,d523b06b56197402e1696f0487589482dfba929f,azure-spring-cloud-maven-plugin/src/test/java/com/microsoft/azure/maven/springcloud/pom/PomUtilsTest.java,0,0,0,0,0.0,0,2,2,0,0,0,0,2,0,2,0,0,0,0,0,0,0,0,2,2,0,0,False
4535,microsoft/azure-maven-plugins,d523b06b56197402e1696f0487589482dfba929f,azure-tools-common/src/test/java/com/microsoft/azure/common/validation/SchemaValidatorTest.java,0,0,0,0,0.0,0,6,1,0,0,0,0,5,1,0,1,0,0,0,0,2,0,0,0,5,0,0,False
4536,microsoft/azure-maven-plugins,d523b06b56197402e1696f0487589482dfba929f,azure-tools-common/src/test/java/com/microsoft/azure/common/ConfigurationProblemTest.java,0,0,0,0,0.0,0,1,1,0,0,0,0,0,0,0,0,0,1,0,0,0,0,0,0,1,0,0,False
4537,microsoft/azure-maven-plugins,d523b06b56197402e1696f0487589482dfba929f,azure-tools-common/src/test/java/com/microsoft/azure/common/prompt/DefaultPrompterTest.java,0,0,0,0,0.0,0,13,8,4,0,0,0,12,0,0,0,0,0,0,0,4,1,0,0,12,0,0,False
4538,microsoft/azure-maven-plugins,d523b06b56197402e1696f0487589482dfba929f,azure-tools-common/src/test/java/com/microsoft/azure/common/prompt/InputValidateResultTest.java,0,0,0,0,0.0,0,2,2,0,0,0,0,0,0,0,0,0,0,0,0,0,0,0,0,2,0,0,False
4539,microsoft/azure-maven-plugins,d523b06b56197402e1696f0487589482dfba929f,azure-tools-common/src/test/java/com/microsoft/azure/common/handlers/artifact/ZIPArtifactHandlerImplTest.java,0,0,0,0,0.0,0,7,0,0,0,0,0,3,0,3,0,0,0,0,0,0,1,0,3,5,0,0,False
4540,microsoft/azure-maven-plugins,d523b06b56197402e1696f0487589482dfba929f,azure-tools-common/src/test/java/com/microsoft/azure/common/handlers/artifact/FTPArtifactHandlerImplTest.java,0,0,0,0,0.0,0,6,0,0,0,0,0,4,0,0,0,0,0,0,0,0,4,0,0,4,0,0,False
4541,microsoft/azure-maven-plugins,d523b06b56197402e1696f0487589482dfba929f,azure-tools-common/src/test/java/com/microsoft/azure/common/handlers/artifact/ArtifactHandlerBaseTest.java,0,0,0,0,0.0,0,4,0,0,0,0,0,3,0,0,0,0,0,0,0,0,0,0,0,3,0,0,False
4542,microsoft/azure-maven-plugins,d523b06b56197402e1696f0487589482dfba929f,azure-tools-common/src/test/java/com/microsoft/azure/common/TestHelper.java,0,0,0,0,0.0,0,1,0,0,0,0,0,0,0,0,0,0,0,0,0,0,0,0,0,0,0,0,False
4543,microsoft/azure-maven-plugins,d523b06b56197402e1696f0487589482dfba929f,azure-tools-common/src/test/java/com/microsoft/azure/common/utils/IndentUtilTest.java,0,0,0,0,0.0,0,2,1,0,0,0,0,1,0,0,0,0,0,0,0,1,0,0,0,2,0,0,False
4544,microsoft/azure-maven-plugins,d523b06b56197402e1696f0487589482dfba929f,azure-tools-common/src/test/java/com/microsoft/azure/common/utils/SneakyThrowUtilsTest.java,0,0,0,0,0.0,0,2,0,0,0,0,0,1,0,0,0,0,0,0,0,0,0,0,0,1,0,0,False
4545,microsoft/azure-maven-plugins,d523b06b56197402e1696f0487589482dfba929f,azure-tools-common/src/test/java/com/microsoft/azure/common/utils/TextUtilsTest.java,0,0,0,0,0.0,0,11,5,0,0,0,0,1,0,0,5,0,0,0,0,0,0,0,0,10,0,0,False
4546,microsoft/azure-maven-plugins,d523b06b56197402e1696f0487589482dfba929f,azure-tools-common/src/test/java/com/microsoft/azure/common/utils/JsonUtilsTest.java,0,0,0,0,0.0,0,2,1,0,0,0,0,1,0,0,0,0,0,0,0,1,0,0,0,2,0,0,False
4547,microsoft/azure-maven-plugins,d523b06b56197402e1696f0487589482dfba929f,azure-tools-common/src/test/java/com/microsoft/azure/common/UtilsTest.java,0,0,0,0,0.0,0,2,1,0,0,0,0,2,0,0,0,0,0,0,0,0,0,0,0,2,0,0,False
4548,microsoft/azure-maven-plugins,d523b06b56197402e1696f0487589482dfba929f,azure-tools-common/src/test/java/com/microsoft/azure/common/FTPUploaderTest.java,0,0,0,0,0.0,0,4,0,0,0,0,0,3,0,0,0,0,0,0,0,0,1,0,0,3,0,0,False
4549,microsoft/azure-maven-plugins,d523b06b56197402e1696f0487589482dfba929f,azure-tools-common/src/test/java/com/microsoft/azure/common/function/handlers/artifact/FunctionArtifactHelperTest.java,0,0,0,0,0.0,0,5,0,0,0,0,0,5,0,0,0,0,0,0,0,0,1,0,0,5,0,0,False
4550,microsoft/azure-maven-plugins,d523b06b56197402e1696f0487589482dfba929f,azure-tools-common/src/test/java/com/microsoft/azure/common/function/handlers/artifact/MSDeployArtifactHandlerImplTest.java,0,0,0,0,0.0,0,7,0,0,0,0,0,5,0,3,0,0,0,0,0,0,3,0,2,5,0,0,False
4551,microsoft/azure-maven-plugins,d523b06b56197402e1696f0487589482dfba929f,azure-tools-common/src/test/java/com/microsoft/azure/common/function/handlers/CommandHandlerImplTest.java,0,0,0,0,0.0,0,3,1,0,0,0,0,1,0,0,0,0,0,0,0,0,0,0,0,3,0,0,False
4552,microsoft/azure-maven-plugins,d523b06b56197402e1696f0487589482dfba929f,azure-tools-common/src/test/java/com/microsoft/azure/common/function/handlers/AnnotationHandlerImplTest.java,0,0,0,0,0.0,0,7,2,0,0,0,0,2,0,0,0,0,0,0,0,0,0,0,0,2,0,0,False
4553,microsoft/azure-maven-plugins,d523b06b56197402e1696f0487589482dfba929f,azure-tools-common/src/test/java/com/microsoft/azure/common/function/handlers/FunctionCoreToolsHandlerImplTest.java,0,0,0,0,0.0,0,7,0,0,0,0,0,6,0,0,0,0,0,0,0,0,3,0,2,7,0,0,False
4554,microsoft/azure-maven-plugins,d523b06b56197402e1696f0487589482dfba929f,azure-tools-common/src/test/java/com/microsoft/azure/common/function/utils/CommandUtilsTest.java,0,0,0,0,0.0,0,3,1,0,0,0,0,1,0,0,0,0,0,0,0,0,0,0,0,3,0,0,False
4555,microsoft/azure-maven-plugins,29a544114f9483edc8afc54eb25d2224343cb27a,azure-auth-helper/src/test/java/com/microsoft/azure/auth/configuration/AuthConfigurationTest.java,0,0,0,0,0.0,0,10,1,0,0,0,0,0,0,0,0,0,0,0,0,1,0,0,0,10,0,0,False
4556,microsoft/azure-maven-plugins,29a544114f9483edc8afc54eb25d2224343cb27a,azure-auth-helper/src/test/java/com/microsoft/azure/auth/MavenSettingHelperTest.java,0,0,0,0,0.0,0,5,3,0,0,0,0,4,0,0,0,0,0,0,0,1,0,0,0,4,0,0,False
4557,microsoft/azure-maven-plugins,29a544114f9483edc8afc54eb25d2224343cb27a,azure-auth-helper/src/test/java/com/microsoft/azure/auth/TestHelper.java,0,0,0,0,0.0,0,5,0,0,0,0,0,0,0,0,0,0,0,0,0,0,0,0,0,0,0,0,False
4558,microsoft/azure-maven-plugins,29a544114f9483edc8afc54eb25d2224343cb27a,azure-auth-helper/src/test/java/com/microsoft/azure/auth/exception/InvalidConfigurationExceptionTest.java,0,0,0,0,0.0,0,2,0,0,0,0,0,1,0,0,0,0,0,0,0,0,0,0,0,2,0,0,False
4559,microsoft/azure-maven-plugins,29a544114f9483edc8afc54eb25d2224343cb27a,azure-auth-helper/src/test/java/com/microsoft/azure/auth/exception/MavenDecryptExceptionTest.java,0,0,0,0,0.0,0,3,1,0,0,0,0,1,0,0,0,0,0,0,0,0,0,0,0,3,0,0,False
4560,microsoft/azure-maven-plugins,29a544114f9483edc8afc54eb25d2224343cb27a,azure-auth-helper/src/test/java/com/microsoft/azure/auth/exception/AzureLoginFailureExceptionTest.java,0,0,0,0,0.0,0,2,0,0,0,0,0,1,0,0,0,0,0,0,0,0,0,0,0,2,0,0,False
4561,microsoft/azure-maven-plugins,29a544114f9483edc8afc54eb25d2224343cb27a,azure-auth-helper/src/test/java/com/microsoft/azure/auth/exception/DesktopNotSupportedExceptionTest.java,0,0,0,0,0.0,0,2,0,0,0,0,0,1,0,0,0,0,0,0,0,0,0,0,0,2,0,0,False
4562,microsoft/azure-maven-plugins,29a544114f9483edc8afc54eb25d2224343cb27a,azure-auth-helper/src/test/java/com/microsoft/azure/auth/exception/AzureLoginTimeoutExceptionTest.java,0,0,0,0,0.0,0,2,0,0,0,0,0,1,0,0,0,0,0,0,0,0,0,0,0,2,0,0,False
4563,microsoft/azure-maven-plugins,29a544114f9483edc8afc54eb25d2224343cb27a,azure-auth-helper/src/test/java/com/microsoft/azure/auth/AzureAuthHelperTest.java,0,0,0,0,0.0,0,19,11,0,0,0,0,11,16,7,0,0,2,0,0,3,0,0,7,17,0,0,False
4564,microsoft/azure-maven-plugins,29a544114f9483edc8afc54eb25d2224343cb27a,azure-auth-helper/src/test/java/com/microsoft/azure/auth/AzureServicePrincipleAuthHelperTest.java,0,0,0,0,0.0,0,6,2,0,0,0,0,5,0,4,0,0,0,0,0,1,2,0,4,5,0,0,False
4565,microsoft/azure-maven-plugins,29a544114f9483edc8afc54eb25d2224343cb27a,azure-auth-helper/src/test/java/com/microsoft/azure/auth/AzureCredentialTest.java,0,0,0,0,0.0,0,2,1,0,0,0,0,1,0,0,0,0,0,0,0,0,0,0,0,2,0,0,False
4566,microsoft/azure-maven-plugins,29a544114f9483edc8afc54eb25d2224343cb27a,azure-auth-helper/src/test/java/com/microsoft/azure/auth/AzureLoginHelperTest.java,0,0,0,0,0.0,0,9,6,0,0,0,0,6,0,0,0,0,0,0,0,1,0,0,0,8,0,0,False
4567,microsoft/azure-maven-plugins,29a544114f9483edc8afc54eb25d2224343cb27a,azure-auth-helper/src/test/java/com/microsoft/azure/auth/LocalAuthServerTest.java,0,0,0,0,0.0,0,7,3,0,0,0,0,5,0,0,1,0,0,0,0,0,1,0,0,5,0,0,False
4568,microsoft/azure-maven-plugins,29a544114f9483edc8afc54eb25d2224343cb27a,azure-auth-helper/src/test/java/com/microsoft/azure/auth/AzureContextExecutorTest.java,0,0,0,0,0.0,0,2,1,0,0,0,0,2,0,0,0,0,0,0,0,1,0,0,0,2,0,0,False
4569,microsoft/azure-maven-plugins,29a544114f9483edc8afc54eb25d2224343cb27a,azure-maven-plugin-common/src/test/java/com/microsoft/azure/maven/common/TestHelper.java,0,0,0,0,0.0,0,1,0,0,0,0,0,0,0,0,0,0,0,0,0,0,0,0,0,0,0,0,False
4570,microsoft/azure-maven-plugins,29a544114f9483edc8afc54eb25d2224343cb27a,azure-maven-plugin-common/src/test/java/com/microsoft/azure/maven/common/utils/MavenUtilsTest.java,0,0,0,0,0.0,0,3,2,0,0,0,0,3,0,3,0,0,0,0,0,0,0,0,3,3,0,0,False
4571,microsoft/azure-maven-plugins,29a544114f9483edc8afc54eb25d2224343cb27a,azure-maven-plugin/src/test/java/com/microsoft/azure/plugin/login/TestHelper.java,0,0,0,0,0.0,0,8,0,0,0,0,0,0,0,0,0,0,0,0,0,0,0,0,0,0,0,0,False
4572,microsoft/azure-maven-plugins,29a544114f9483edc8afc54eb25d2224343cb27a,azure-maven-plugin/src/test/java/com/microsoft/azure/plugin/login/LoginMojoTest.java,0,0,0,0,0.0,0,6,0,0,0,0,0,5,0,4,0,0,0,0,0,0,4,0,4,5,0,0,False
4573,microsoft/azure-maven-plugins,29a544114f9483edc8afc54eb25d2224343cb27a,azure-maven-plugin/src/test/java/com/microsoft/azure/plugin/login/LogoutMojoTest.java,0,0,0,0,0.0,0,3,1,0,0,0,0,2,0,1,0,0,0,0,0,1,0,0,1,2,0,0,False
4574,microsoft/azure-maven-plugins,29a544114f9483edc8afc54eb25d2224343cb27a,azure-maven-plugin/src/test/java/com/microsoft/azure/plugin/login/SelectSubscriptionMojoTest.java,0,0,0,0,0.0,0,9,1,0,0,0,0,8,0,5,0,0,0,0,0,0,3,0,5,8,0,0,False
4575,microsoft/azure-maven-plugins,29a544114f9483edc8afc54eb25d2224343cb27a,azure-maven-plugin-lib/src/test/java/com/microsoft/azure/maven/auth/AzureAuthHelperTest.java,0,0,0,0,0.0,0,13,5,0,0,0,0,4,0,0,0,0,0,0,0,3,1,0,0,12,0,0,False
4576,microsoft/azure-maven-plugins,29a544114f9483edc8afc54eb25d2224343cb27a,azure-spring-cloud-maven-plugin/src/test/java/com/microsoft/azure/maven/spring/configuration/DeploymentTest.java,0,0,0,0,0.0,0,7,1,0,0,0,0,0,0,0,0,0,0,0,0,0,0,0,0,7,0,0,False
4577,microsoft/azure-maven-plugins,29a544114f9483edc8afc54eb25d2224343cb27a,azure-spring-cloud-maven-plugin/src/test/java/com/microsoft/azure/maven/spring/configuration/DeploymentSettingsTest.java,0,0,0,0,0.0,0,7,0,0,0,0,0,0,0,0,0,0,0,0,0,0,0,0,0,7,0,0,False
4578,microsoft/azure-maven-plugins,29a544114f9483edc8afc54eb25d2224343cb27a,azure-spring-cloud-maven-plugin/src/test/java/com/microsoft/azure/maven/spring/configuration/VolumeTest.java,0,0,0,0,0.0,0,3,0,0,0,0,0,0,0,0,0,0,0,0,0,0,0,0,0,3,0,0,False
4579,microsoft/azure-maven-plugins,29a544114f9483edc8afc54eb25d2224343cb27a,azure-spring-cloud-maven-plugin/src/test/java/com/microsoft/azure/maven/spring/configuration/AppSettingsTest.java,0,0,0,0,0.0,0,6,0,0,0,0,0,0,0,0,0,0,0,0,0,0,0,0,0,6,0,0,False
4580,microsoft/azure-maven-plugins,29a544114f9483edc8afc54eb25d2224343cb27a,azure-spring-cloud-maven-plugin/src/test/java/com/microsoft/azure/maven/spring/configuration/SpringConfigurationTest.java,0,0,0,0,0.0,0,7,0,0,0,0,0,0,0,0,0,0,0,0,0,0,0,0,0,7,0,0,False
4581,microsoft/azure-maven-plugins,29a544114f9483edc8afc54eb25d2224343cb27a,azure-spring-cloud-maven-plugin/src/test/java/com/microsoft/azure/maven/spring/ConfigMojoTest.java,0,0,0,0,0.0,0,14,8,0,0,0,0,11,11,1,0,0,0,0,0,0,2,0,1,11,0,0,False
4582,microsoft/azure-maven-plugins,29a544114f9483edc8afc54eb25d2224343cb27a,azure-spring-cloud-maven-plugin/src/test/java/com/microsoft/azure/maven/spring/DeployMojoTest.java,0,0,0,0,0.0,0,1,1,0,0,0,0,1,0,0,0,0,0,0,0,0,0,0,0,1,0,0,False
4583,microsoft/azure-maven-plugins,29a544114f9483edc8afc54eb25d2224343cb27a,azure-spring-cloud-maven-plugin/src/test/java/com/microsoft/azure/maven/spring/prompt/PromptWrapperTest.java,0,0,0,0,0.0,0,16,8,1,0,0,0,14,15,0,0,0,2,0,0,7,1,0,1,15,0,0,False
4584,microsoft/azure-maven-plugins,29a544114f9483edc8afc54eb25d2224343cb27a,azure-spring-cloud-maven-plugin/src/test/java/com/microsoft/azure/maven/spring/TestHelper.java,0,0,0,0,0.0,0,10,0,0,0,0,0,0,0,0,0,0,0,0,0,0,0,0,0,0,0,0,False
4585,microsoft/azure-maven-plugins,29a544114f9483edc8afc54eb25d2224343cb27a,azure-spring-cloud-maven-plugin/src/test/java/com/microsoft/azure/maven/spring/utils/XmlUtilsTest.java,0,0,0,0,0.0,0,6,4,0,0,0,0,1,0,0,0,0,0,0,0,0,0,0,0,5,0,0,False
4586,microsoft/azure-maven-plugins,29a544114f9483edc8afc54eb25d2224343cb27a,azure-spring-cloud-maven-plugin/src/test/java/com/microsoft/azure/maven/spring/utils/ResourcesUtilsTest.java,0,0,0,0,0.0,0,2,1,0,0,0,0,1,0,0,0,0,0,0,0,0,0,0,0,2,0,0,False
4587,microsoft/azure-maven-plugins,29a544114f9483edc8afc54eb25d2224343cb27a,azure-spring-cloud-maven-plugin/src/test/java/com/microsoft/azure/maven/spring/utils/TemplateUtilsTest.java,0,0,0,0,0.0,0,8,2,0,0,0,0,1,0,0,0,0,0,0,0,1,0,0,0,8,0,0,False
4588,microsoft/azure-maven-plugins,29a544114f9483edc8afc54eb25d2224343cb27a,azure-spring-cloud-maven-plugin/src/test/java/com/microsoft/azure/maven/spring/exception/NoResourcesAvailableExceptionTest.java,0,0,0,0,0.0,0,2,0,0,0,0,0,1,0,0,0,0,0,0,0,0,0,0,0,2,0,0,False
4589,microsoft/azure-maven-plugins,29a544114f9483edc8afc54eb25d2224343cb27a,azure-spring-cloud-maven-plugin/src/test/java/com/microsoft/azure/maven/spring/exception/SpringConfigurationExceptionTest.java,0,0,0,0,0.0,0,3,1,0,0,0,0,1,0,0,0,0,0,0,0,0,0,0,0,3,0,0,False
4590,microsoft/azure-maven-plugins,29a544114f9483edc8afc54eb25d2224343cb27a,azure-spring-cloud-maven-plugin/src/test/java/com/microsoft/azure/maven/spring/spring/SpringServiceClientTest.java,0,0,0,0,0.0,0,3,1,0,0,0,0,1,0,0,0,0,0,0,0,0,0,0,0,2,0,0,False
4591,microsoft/azure-maven-plugins,29a544114f9483edc8afc54eb25d2224343cb27a,azure-spring-cloud-maven-plugin/src/test/java/com/microsoft/azure/maven/spring/pom/PomXmlUpdaterTest.java,0,0,0,0,0.0,0,2,2,0,0,0,0,2,0,2,0,0,0,0,0,0,0,0,2,2,0,0,False
4592,microsoft/azure-maven-plugins,29a544114f9483edc8afc54eb25d2224343cb27a,azure-tools-common/src/test/java/com/microsoft/azure/common/validation/SchemaValidatorTest.java,0,0,0,0,0.0,0,6,1,0,0,0,0,5,1,0,1,0,0,0,0,2,0,0,0,5,0,0,False
4593,microsoft/azure-maven-plugins,29a544114f9483edc8afc54eb25d2224343cb27a,azure-tools-common/src/test/java/com/microsoft/azure/common/ConfigurationProblemTest.java,0,0,0,0,0.0,0,1,1,0,0,0,0,0,0,0,0,0,1,0,0,0,0,0,0,1,0,0,False
4594,microsoft/azure-maven-plugins,29a544114f9483edc8afc54eb25d2224343cb27a,azure-tools-common/src/test/java/com/microsoft/azure/common/prompt/DefaultPrompterTest.java,0,0,0,0,0.0,0,13,8,4,0,0,0,12,0,0,0,0,0,0,0,4,1,0,0,12,0,0,False
4595,microsoft/azure-maven-plugins,29a544114f9483edc8afc54eb25d2224343cb27a,azure-tools-common/src/test/java/com/microsoft/azure/common/prompt/InputValidateResultTest.java,0,0,0,0,0.0,0,2,2,0,0,0,0,0,0,0,0,0,0,0,0,0,0,0,0,2,0,0,False
4596,microsoft/azure-maven-plugins,29a544114f9483edc8afc54eb25d2224343cb27a,azure-tools-common/src/test/java/com/microsoft/azure/common/handlers/artifact/ZIPArtifactHandlerImplTest.java,0,0,0,0,0.0,0,7,0,0,0,0,0,3,0,3,0,0,0,0,0,0,1,0,3,5,0,0,False
4597,microsoft/azure-maven-plugins,29a544114f9483edc8afc54eb25d2224343cb27a,azure-tools-common/src/test/java/com/microsoft/azure/common/handlers/artifact/FTPArtifactHandlerImplTest.java,0,0,0,0,0.0,0,6,0,0,0,0,0,4,0,0,0,0,0,0,0,0,4,0,0,4,0,0,False
4598,microsoft/azure-maven-plugins,29a544114f9483edc8afc54eb25d2224343cb27a,azure-tools-common/src/test/java/com/microsoft/azure/common/handlers/artifact/ArtifactHandlerBaseTest.java,0,0,0,0,0.0,0,4,0,0,0,0,0,3,0,0,0,0,0,0,0,0,0,0,0,3,0,0,False
4599,microsoft/azure-maven-plugins,29a544114f9483edc8afc54eb25d2224343cb27a,azure-tools-common/src/test/java/com/microsoft/azure/common/TestHelper.java,0,0,0,0,0.0,0,1,0,0,0,0,0,0,0,0,0,0,0,0,0,0,0,0,0,0,0,0,False
4600,microsoft/azure-maven-plugins,29a544114f9483edc8afc54eb25d2224343cb27a,azure-tools-common/src/test/java/com/microsoft/azure/common/utils/IndentUtilTest.java,0,0,0,0,0.0,0,2,1,0,0,0,0,1,0,0,0,0,0,0,0,1,0,0,0,2,0,0,False
4601,microsoft/azure-maven-plugins,29a544114f9483edc8afc54eb25d2224343cb27a,azure-tools-common/src/test/java/com/microsoft/azure/common/utils/SneakyThrowUtilsTest.java,0,0,0,0,0.0,0,2,0,0,0,0,0,1,0,0,0,0,0,0,0,0,0,0,0,1,0,0,False
4602,microsoft/azure-maven-plugins,29a544114f9483edc8afc54eb25d2224343cb27a,azure-tools-common/src/test/java/com/microsoft/azure/common/utils/TextUtilsTest.java,0,0,0,0,0.0,0,11,5,0,0,0,0,1,0,0,5,0,0,0,0,0,0,0,0,10,0,0,False
4603,microsoft/azure-maven-plugins,29a544114f9483edc8afc54eb25d2224343cb27a,azure-tools-common/src/test/java/com/microsoft/azure/common/utils/JsonUtilsTest.java,0,0,0,0,0.0,0,2,1,0,0,0,0,1,0,0,0,0,0,0,0,1,0,0,0,2,0,0,False
4604,microsoft/azure-maven-plugins,29a544114f9483edc8afc54eb25d2224343cb27a,azure-tools-common/src/test/java/com/microsoft/azure/common/UtilsTest.java,0,0,0,0,0.0,0,2,1,0,0,0,0,2,0,0,0,0,0,0,0,0,0,0,0,2,0,0,False
4605,microsoft/azure-maven-plugins,29a544114f9483edc8afc54eb25d2224343cb27a,azure-tools-common/src/test/java/com/microsoft/azure/common/FTPUploaderTest.java,0,0,0,0,0.0,0,4,0,0,0,0,0,3,0,0,0,0,0,0,0,0,1,0,0,3,0,0,False
4606,microsoft/azure-maven-plugins,29a544114f9483edc8afc54eb25d2224343cb27a,azure-tools-common/src/test/java/com/microsoft/azure/common/function/handlers/artifact/FunctionArtifactHelperTest.java,0,0,0,0,0.0,0,5,0,0,0,0,0,5,0,0,0,0,0,0,0,0,1,0,0,5,0,0,False
4607,microsoft/azure-maven-plugins,29a544114f9483edc8afc54eb25d2224343cb27a,azure-tools-common/src/test/java/com/microsoft/azure/common/function/handlers/artifact/MSDeployArtifactHandlerImplTest.java,0,0,0,0,0.0,0,7,0,0,0,0,0,5,0,3,0,0,0,0,0,0,3,0,2,5,0,0,False
4608,microsoft/azure-maven-plugins,29a544114f9483edc8afc54eb25d2224343cb27a,azure-tools-common/src/test/java/com/microsoft/azure/common/function/handlers/CommandHandlerImplTest.java,0,0,0,0,0.0,0,3,1,0,0,0,0,1,0,0,0,0,0,0,0,0,0,0,0,3,0,0,False
4609,microsoft/azure-maven-plugins,29a544114f9483edc8afc54eb25d2224343cb27a,azure-tools-common/src/test/java/com/microsoft/azure/common/function/handlers/AnnotationHandlerImplTest.java,0,0,0,0,0.0,0,7,2,0,0,0,0,2,0,0,0,0,0,0,0,0,0,0,0,2,0,0,False
4610,microsoft/azure-maven-plugins,29a544114f9483edc8afc54eb25d2224343cb27a,azure-tools-common/src/test/java/com/microsoft/azure/common/function/handlers/FunctionCoreToolsHandlerImplTest.java,0,0,0,0,0.0,0,7,0,0,0,0,0,6,0,0,0,0,0,0,0,0,3,0,2,7,0,0,False
4611,microsoft/azure-maven-plugins,29a544114f9483edc8afc54eb25d2224343cb27a,azure-tools-common/src/test/java/com/microsoft/azure/common/function/utils/CommandUtilsTest.java,0,0,0,0,0.0,0,3,1,0,0,0,0,1,0,0,0,0,0,0,0,0,0,0,0,3,0,0,False
4612,microsoft/azure-maven-plugins,10945b4e509c361913069de29982aceee4f736b8,azure-auth-helper/src/test/java/com/microsoft/azure/auth/configuration/AuthConfigurationTest.java,0,0,0,0,0.0,0,10,1,0,0,0,0,0,0,0,0,0,0,0,0,1,0,0,0,10,0,0,False
4613,microsoft/azure-maven-plugins,10945b4e509c361913069de29982aceee4f736b8,azure-auth-helper/src/test/java/com/microsoft/azure/auth/MavenSettingHelperTest.java,0,0,0,0,0.0,0,5,3,0,0,0,0,4,0,0,0,0,0,0,0,1,0,0,0,4,0,0,False
4614,microsoft/azure-maven-plugins,10945b4e509c361913069de29982aceee4f736b8,azure-auth-helper/src/test/java/com/microsoft/azure/auth/TestHelper.java,0,0,0,0,0.0,0,5,0,0,0,0,0,0,0,0,0,0,0,0,0,0,0,0,0,0,0,0,False
4615,microsoft/azure-maven-plugins,10945b4e509c361913069de29982aceee4f736b8,azure-auth-helper/src/test/java/com/microsoft/azure/auth/exception/InvalidConfigurationExceptionTest.java,0,0,0,0,0.0,0,2,0,0,0,0,0,1,0,0,0,0,0,0,0,0,0,0,0,2,0,0,False
4616,microsoft/azure-maven-plugins,10945b4e509c361913069de29982aceee4f736b8,azure-auth-helper/src/test/java/com/microsoft/azure/auth/exception/MavenDecryptExceptionTest.java,0,0,0,0,0.0,0,3,1,0,0,0,0,1,0,0,0,0,0,0,0,0,0,0,0,3,0,0,False
4617,microsoft/azure-maven-plugins,10945b4e509c361913069de29982aceee4f736b8,azure-auth-helper/src/test/java/com/microsoft/azure/auth/exception/AzureLoginFailureExceptionTest.java,0,0,0,0,0.0,0,2,0,0,0,0,0,1,0,0,0,0,0,0,0,0,0,0,0,2,0,0,False
4618,microsoft/azure-maven-plugins,10945b4e509c361913069de29982aceee4f736b8,azure-auth-helper/src/test/java/com/microsoft/azure/auth/exception/DesktopNotSupportedExceptionTest.java,0,0,0,0,0.0,0,2,0,0,0,0,0,1,0,0,0,0,0,0,0,0,0,0,0,2,0,0,False
4619,microsoft/azure-maven-plugins,10945b4e509c361913069de29982aceee4f736b8,azure-auth-helper/src/test/java/com/microsoft/azure/auth/exception/AzureLoginTimeoutExceptionTest.java,0,0,0,0,0.0,0,2,0,0,0,0,0,1,0,0,0,0,0,0,0,0,0,0,0,2,0,0,False
4620,microsoft/azure-maven-plugins,10945b4e509c361913069de29982aceee4f736b8,azure-auth-helper/src/test/java/com/microsoft/azure/auth/AzureAuthHelperTest.java,0,0,0,0,0.0,0,19,11,0,0,0,0,11,16,7,0,0,2,0,0,3,0,0,7,17,0,0,False
4621,microsoft/azure-maven-plugins,10945b4e509c361913069de29982aceee4f736b8,azure-auth-helper/src/test/java/com/microsoft/azure/auth/AzureServicePrincipleAuthHelperTest.java,0,0,0,0,0.0,0,6,2,0,0,0,0,5,0,4,0,0,0,0,0,1,2,0,4,5,0,0,False
4622,microsoft/azure-maven-plugins,10945b4e509c361913069de29982aceee4f736b8,azure-auth-helper/src/test/java/com/microsoft/azure/auth/AzureCredentialTest.java,0,0,0,0,0.0,0,2,1,0,0,0,0,1,0,0,0,0,0,0,0,0,0,0,0,2,0,0,False
4623,microsoft/azure-maven-plugins,10945b4e509c361913069de29982aceee4f736b8,azure-auth-helper/src/test/java/com/microsoft/azure/auth/AzureLoginHelperTest.java,0,0,0,0,0.0,0,9,6,0,0,0,0,6,0,0,0,0,0,0,0,1,0,0,0,8,0,0,False
4624,microsoft/azure-maven-plugins,10945b4e509c361913069de29982aceee4f736b8,azure-auth-helper/src/test/java/com/microsoft/azure/auth/LocalAuthServerTest.java,0,0,0,0,0.0,0,7,3,0,0,0,0,5,0,0,1,0,0,0,0,0,1,0,0,5,0,0,False
4625,microsoft/azure-maven-plugins,10945b4e509c361913069de29982aceee4f736b8,azure-auth-helper/src/test/java/com/microsoft/azure/auth/AzureContextExecutorTest.java,0,0,0,0,0.0,0,2,1,0,0,0,0,2,0,0,0,0,0,0,0,1,0,0,0,2,0,0,False
4626,microsoft/azure-maven-plugins,10945b4e509c361913069de29982aceee4f736b8,azure-maven-plugin-common/src/test/java/com/microsoft/azure/maven/common/TestHelper.java,0,0,0,0,0.0,0,1,0,0,0,0,0,0,0,0,0,0,0,0,0,0,0,0,0,0,0,0,False
4627,microsoft/azure-maven-plugins,10945b4e509c361913069de29982aceee4f736b8,azure-maven-plugin-common/src/test/java/com/microsoft/azure/maven/common/utils/MavenUtilsTest.java,0,0,0,0,0.0,0,3,2,0,0,0,0,3,0,3,0,0,0,0,0,0,0,0,3,3,0,0,False
4628,microsoft/azure-maven-plugins,10945b4e509c361913069de29982aceee4f736b8,azure-maven-plugin/src/test/java/com/microsoft/azure/plugin/login/TestHelper.java,0,0,0,0,0.0,0,8,0,0,0,0,0,0,0,0,0,0,0,0,0,0,0,0,0,0,0,0,False
4629,microsoft/azure-maven-plugins,10945b4e509c361913069de29982aceee4f736b8,azure-maven-plugin/src/test/java/com/microsoft/azure/plugin/login/LoginMojoTest.java,0,0,0,0,0.0,0,6,0,0,0,0,0,5,0,4,0,0,0,0,0,0,4,0,4,5,0,0,False
4630,microsoft/azure-maven-plugins,10945b4e509c361913069de29982aceee4f736b8,azure-maven-plugin/src/test/java/com/microsoft/azure/plugin/login/LogoutMojoTest.java,0,0,0,0,0.0,0,3,1,0,0,0,0,2,0,1,0,0,0,0,0,1,0,0,1,2,0,0,False
4631,microsoft/azure-maven-plugins,10945b4e509c361913069de29982aceee4f736b8,azure-maven-plugin/src/test/java/com/microsoft/azure/plugin/login/SelectSubscriptionMojoTest.java,0,0,0,0,0.0,0,9,1,0,0,0,0,8,0,5,0,0,0,0,0,0,3,0,5,8,0,0,False
4632,microsoft/azure-maven-plugins,10945b4e509c361913069de29982aceee4f736b8,azure-maven-plugin-lib/src/test/java/com/microsoft/azure/maven/auth/AzureAuthHelperTest.java,0,0,0,0,0.0,0,13,5,0,0,0,0,4,0,0,0,0,0,0,0,3,1,0,0,12,0,0,False
4633,microsoft/azure-maven-plugins,10945b4e509c361913069de29982aceee4f736b8,azure-spring-cloud-maven-plugin/src/test/java/com/microsoft/azure/maven/spring/configuration/DeploymentTest.java,0,0,0,0,0.0,0,7,1,0,0,0,0,0,0,0,0,0,0,0,0,0,0,0,0,7,0,0,False
4634,microsoft/azure-maven-plugins,10945b4e509c361913069de29982aceee4f736b8,azure-spring-cloud-maven-plugin/src/test/java/com/microsoft/azure/maven/spring/configuration/DeploymentSettingsTest.java,0,0,0,0,0.0,0,7,0,0,0,0,0,0,0,0,0,0,0,0,0,0,0,0,0,7,0,0,False
4635,microsoft/azure-maven-plugins,10945b4e509c361913069de29982aceee4f736b8,azure-spring-cloud-maven-plugin/src/test/java/com/microsoft/azure/maven/spring/configuration/VolumeTest.java,0,0,0,0,0.0,0,3,0,0,0,0,0,0,0,0,0,0,0,0,0,0,0,0,0,3,0,0,False
4636,microsoft/azure-maven-plugins,10945b4e509c361913069de29982aceee4f736b8,azure-spring-cloud-maven-plugin/src/test/java/com/microsoft/azure/maven/spring/configuration/AppSettingsTest.java,0,0,0,0,0.0,0,6,0,0,0,0,0,0,0,0,0,0,0,0,0,0,0,0,0,6,0,0,False
4637,microsoft/azure-maven-plugins,10945b4e509c361913069de29982aceee4f736b8,azure-spring-cloud-maven-plugin/src/test/java/com/microsoft/azure/maven/spring/configuration/SpringConfigurationTest.java,0,0,0,0,0.0,0,7,0,0,0,0,0,0,0,0,0,0,0,0,0,0,0,0,0,7,0,0,False
4638,microsoft/azure-maven-plugins,10945b4e509c361913069de29982aceee4f736b8,azure-spring-cloud-maven-plugin/src/test/java/com/microsoft/azure/maven/spring/ConfigMojoTest.java,0,0,0,0,0.0,0,14,8,0,0,0,0,11,11,1,0,0,0,0,0,0,2,0,1,11,0,0,False
4639,microsoft/azure-maven-plugins,10945b4e509c361913069de29982aceee4f736b8,azure-spring-cloud-maven-plugin/src/test/java/com/microsoft/azure/maven/spring/DeployMojoTest.java,0,0,0,0,0.0,0,1,1,0,0,0,0,1,0,0,0,0,0,0,0,0,0,0,0,1,0,0,False
4640,microsoft/azure-maven-plugins,10945b4e509c361913069de29982aceee4f736b8,azure-spring-cloud-maven-plugin/src/test/java/com/microsoft/azure/maven/spring/prompt/PromptWrapperTest.java,0,0,0,0,0.0,0,16,8,1,0,0,0,14,15,0,0,0,2,0,0,7,1,0,1,15,0,0,False
4641,microsoft/azure-maven-plugins,10945b4e509c361913069de29982aceee4f736b8,azure-spring-cloud-maven-plugin/src/test/java/com/microsoft/azure/maven/spring/TestHelper.java,0,0,0,0,0.0,0,10,0,0,0,0,0,0,0,0,0,0,0,0,0,0,0,0,0,0,0,0,False
4642,microsoft/azure-maven-plugins,10945b4e509c361913069de29982aceee4f736b8,azure-spring-cloud-maven-plugin/src/test/java/com/microsoft/azure/maven/spring/utils/XmlUtilsTest.java,0,0,0,0,0.0,0,6,4,0,0,0,0,1,0,0,0,0,0,0,0,0,0,0,0,5,0,0,False
4643,microsoft/azure-maven-plugins,10945b4e509c361913069de29982aceee4f736b8,azure-spring-cloud-maven-plugin/src/test/java/com/microsoft/azure/maven/spring/utils/ResourcesUtilsTest.java,0,0,0,0,0.0,0,2,1,0,0,0,0,1,0,0,0,0,0,0,0,0,0,0,0,2,0,0,False
4644,microsoft/azure-maven-plugins,10945b4e509c361913069de29982aceee4f736b8,azure-spring-cloud-maven-plugin/src/test/java/com/microsoft/azure/maven/spring/utils/TemplateUtilsTest.java,0,0,0,0,0.0,0,8,2,0,0,0,0,1,0,0,0,0,0,0,0,1,0,0,0,8,0,0,False
4645,microsoft/azure-maven-plugins,10945b4e509c361913069de29982aceee4f736b8,azure-spring-cloud-maven-plugin/src/test/java/com/microsoft/azure/maven/spring/exception/NoResourcesAvailableExceptionTest.java,0,0,0,0,0.0,0,2,0,0,0,0,0,1,0,0,0,0,0,0,0,0,0,0,0,2,0,0,False
4646,microsoft/azure-maven-plugins,10945b4e509c361913069de29982aceee4f736b8,azure-spring-cloud-maven-plugin/src/test/java/com/microsoft/azure/maven/spring/exception/SpringConfigurationExceptionTest.java,0,0,0,0,0.0,0,3,1,0,0,0,0,1,0,0,0,0,0,0,0,0,0,0,0,3,0,0,False
4647,microsoft/azure-maven-plugins,10945b4e509c361913069de29982aceee4f736b8,azure-spring-cloud-maven-plugin/src/test/java/com/microsoft/azure/maven/spring/spring/SpringServiceClientTest.java,0,0,0,0,0.0,0,3,1,0,0,0,0,1,0,0,0,0,0,0,0,0,0,0,0,2,0,0,False
4648,microsoft/azure-maven-plugins,10945b4e509c361913069de29982aceee4f736b8,azure-spring-cloud-maven-plugin/src/test/java/com/microsoft/azure/maven/spring/pom/PomXmlUpdaterTest.java,0,0,0,0,0.0,0,2,2,0,0,0,0,2,0,2,0,0,0,0,0,0,0,0,2,2,0,0,False
4649,microsoft/azure-maven-plugins,10945b4e509c361913069de29982aceee4f736b8,azure-tools-common/src/test/java/com/microsoft/azure/common/validation/SchemaValidatorTest.java,0,0,0,0,0.0,0,6,1,0,0,0,0,5,1,0,1,0,0,0,0,2,0,0,0,5,0,0,False
4650,microsoft/azure-maven-plugins,10945b4e509c361913069de29982aceee4f736b8,azure-tools-common/src/test/java/com/microsoft/azure/common/ConfigurationProblemTest.java,0,0,0,0,0.0,0,1,1,0,0,0,0,0,0,0,0,0,1,0,0,0,0,0,0,1,0,0,False
4651,microsoft/azure-maven-plugins,10945b4e509c361913069de29982aceee4f736b8,azure-tools-common/src/test/java/com/microsoft/azure/common/prompt/DefaultPrompterTest.java,0,0,0,0,0.0,0,13,8,4,0,0,0,12,0,0,0,0,0,0,0,4,1,0,0,12,0,0,False
4652,microsoft/azure-maven-plugins,10945b4e509c361913069de29982aceee4f736b8,azure-tools-common/src/test/java/com/microsoft/azure/common/prompt/InputValidateResultTest.java,0,0,0,0,0.0,0,2,2,0,0,0,0,0,0,0,0,0,0,0,0,0,0,0,0,2,0,0,False
4653,microsoft/azure-maven-plugins,10945b4e509c361913069de29982aceee4f736b8,azure-tools-common/src/test/java/com/microsoft/azure/common/handlers/artifact/ZIPArtifactHandlerImplTest.java,0,0,0,0,0.0,0,7,0,0,0,0,0,3,0,3,0,0,0,0,0,0,1,0,3,5,0,0,False
4654,microsoft/azure-maven-plugins,10945b4e509c361913069de29982aceee4f736b8,azure-tools-common/src/test/java/com/microsoft/azure/common/handlers/artifact/FTPArtifactHandlerImplTest.java,0,0,0,0,0.0,0,6,0,0,0,0,0,4,0,0,0,0,0,0,0,0,4,0,0,4,0,0,False
4655,microsoft/azure-maven-plugins,10945b4e509c361913069de29982aceee4f736b8,azure-tools-common/src/test/java/com/microsoft/azure/common/handlers/artifact/ArtifactHandlerBaseTest.java,0,0,0,0,0.0,0,4,0,0,0,0,0,3,0,0,0,0,0,0,0,0,0,0,0,3,0,0,False
4656,microsoft/azure-maven-plugins,10945b4e509c361913069de29982aceee4f736b8,azure-tools-common/src/test/java/com/microsoft/azure/common/TestHelper.java,0,0,0,0,0.0,0,1,0,0,0,0,0,0,0,0,0,0,0,0,0,0,0,0,0,0,0,0,False
4657,microsoft/azure-maven-plugins,10945b4e509c361913069de29982aceee4f736b8,azure-tools-common/src/test/java/com/microsoft/azure/common/utils/IndentUtilTest.java,0,0,0,0,0.0,0,2,1,0,0,0,0,1,0,0,0,0,0,0,0,1,0,0,0,2,0,0,False
4658,microsoft/azure-maven-plugins,10945b4e509c361913069de29982aceee4f736b8,azure-tools-common/src/test/java/com/microsoft/azure/common/utils/SneakyThrowUtilsTest.java,0,0,0,0,0.0,0,2,0,0,0,0,0,1,0,0,0,0,0,0,0,0,0,0,0,1,0,0,False
4659,microsoft/azure-maven-plugins,10945b4e509c361913069de29982aceee4f736b8,azure-tools-common/src/test/java/com/microsoft/azure/common/utils/TextUtilsTest.java,0,0,0,0,0.0,0,11,5,0,0,0,0,1,0,0,5,0,0,0,0,0,0,0,0,10,0,0,False
4660,microsoft/azure-maven-plugins,10945b4e509c361913069de29982aceee4f736b8,azure-tools-common/src/test/java/com/microsoft/azure/common/utils/JsonUtilsTest.java,0,0,0,0,0.0,0,2,1,0,0,0,0,1,0,0,0,0,0,0,0,1,0,0,0,2,0,0,False
4661,microsoft/azure-maven-plugins,10945b4e509c361913069de29982aceee4f736b8,azure-tools-common/src/test/java/com/microsoft/azure/common/UtilsTest.java,0,0,0,0,0.0,0,2,1,0,0,0,0,2,0,0,0,0,0,0,0,0,0,0,0,2,0,0,False
4662,microsoft/azure-maven-plugins,10945b4e509c361913069de29982aceee4f736b8,azure-tools-common/src/test/java/com/microsoft/azure/common/FTPUploaderTest.java,0,0,0,0,0.0,0,4,0,0,0,0,0,3,0,0,0,0,0,0,0,0,1,0,0,3,0,0,False
4663,microsoft/azure-maven-plugins,10945b4e509c361913069de29982aceee4f736b8,azure-tools-common/src/test/java/com/microsoft/azure/common/function/handlers/artifact/FunctionArtifactHelperTest.java,0,0,0,0,0.0,0,5,0,0,0,0,0,5,0,0,0,0,0,0,0,0,1,0,0,5,0,0,False
4664,microsoft/azure-maven-plugins,10945b4e509c361913069de29982aceee4f736b8,azure-tools-common/src/test/java/com/microsoft/azure/common/function/handlers/artifact/MSDeployArtifactHandlerImplTest.java,0,0,0,0,0.0,0,7,0,0,0,0,0,5,0,3,0,0,0,0,0,0,3,0,2,5,0,0,False
4665,microsoft/azure-maven-plugins,10945b4e509c361913069de29982aceee4f736b8,azure-tools-common/src/test/java/com/microsoft/azure/common/function/handlers/CommandHandlerImplTest.java,0,0,0,0,0.0,0,3,1,0,0,0,0,1,0,0,0,0,0,0,0,0,0,0,0,3,0,0,False
4666,microsoft/azure-maven-plugins,10945b4e509c361913069de29982aceee4f736b8,azure-tools-common/src/test/java/com/microsoft/azure/common/function/handlers/AnnotationHandlerImplTest.java,0,0,0,0,0.0,0,7,2,0,0,0,0,2,0,0,0,0,0,0,0,0,0,0,0,2,0,0,False
4667,microsoft/azure-maven-plugins,10945b4e509c361913069de29982aceee4f736b8,azure-tools-common/src/test/java/com/microsoft/azure/common/function/handlers/FunctionCoreToolsHandlerImplTest.java,0,0,0,0,0.0,0,7,0,0,0,0,0,6,0,0,0,0,0,0,0,0,3,0,2,7,0,0,False
4668,microsoft/azure-maven-plugins,10945b4e509c361913069de29982aceee4f736b8,azure-tools-common/src/test/java/com/microsoft/azure/common/function/utils/CommandUtilsTest.java,0,0,0,0,0.0,0,3,1,0,0,0,0,1,0,0,0,0,0,0,0,0,0,0,0,3,0,0,False
4669,microsoft/azure-maven-plugins,750f7aaafc5afe564eaa4622ef21fbb026d302b1,azure-auth-helper/src/test/java/com/microsoft/azure/auth/configuration/AuthConfigurationTest.java,0,0,0,0,0.0,0,10,1,0,0,0,0,0,0,0,0,0,0,0,0,1,0,0,0,10,0,0,False
4670,microsoft/azure-maven-plugins,750f7aaafc5afe564eaa4622ef21fbb026d302b1,azure-auth-helper/src/test/java/com/microsoft/azure/auth/MavenSettingHelperTest.java,0,0,0,0,0.0,0,5,3,0,0,0,0,4,0,0,0,0,0,0,0,1,0,0,0,4,0,0,False
4671,microsoft/azure-maven-plugins,750f7aaafc5afe564eaa4622ef21fbb026d302b1,azure-auth-helper/src/test/java/com/microsoft/azure/auth/TestHelper.java,0,0,0,0,0.0,0,5,0,0,0,0,0,0,0,0,0,0,0,0,0,0,0,0,0,0,0,0,False
4672,microsoft/azure-maven-plugins,750f7aaafc5afe564eaa4622ef21fbb026d302b1,azure-auth-helper/src/test/java/com/microsoft/azure/auth/exception/InvalidConfigurationExceptionTest.java,0,0,0,0,0.0,0,2,0,0,0,0,0,1,0,0,0,0,0,0,0,0,0,0,0,2,0,0,False
4673,microsoft/azure-maven-plugins,750f7aaafc5afe564eaa4622ef21fbb026d302b1,azure-auth-helper/src/test/java/com/microsoft/azure/auth/exception/MavenDecryptExceptionTest.java,0,0,0,0,0.0,0,3,1,0,0,0,0,1,0,0,0,0,0,0,0,0,0,0,0,3,0,0,False
4674,microsoft/azure-maven-plugins,750f7aaafc5afe564eaa4622ef21fbb026d302b1,azure-auth-helper/src/test/java/com/microsoft/azure/auth/exception/AzureLoginFailureExceptionTest.java,0,0,0,0,0.0,0,2,0,0,0,0,0,1,0,0,0,0,0,0,0,0,0,0,0,2,0,0,False
4675,microsoft/azure-maven-plugins,750f7aaafc5afe564eaa4622ef21fbb026d302b1,azure-auth-helper/src/test/java/com/microsoft/azure/auth/exception/DesktopNotSupportedExceptionTest.java,0,0,0,0,0.0,0,2,0,0,0,0,0,1,0,0,0,0,0,0,0,0,0,0,0,2,0,0,False
4676,microsoft/azure-maven-plugins,750f7aaafc5afe564eaa4622ef21fbb026d302b1,azure-auth-helper/src/test/java/com/microsoft/azure/auth/exception/AzureLoginTimeoutExceptionTest.java,0,0,0,0,0.0,0,2,0,0,0,0,0,1,0,0,0,0,0,0,0,0,0,0,0,2,0,0,False
4677,microsoft/azure-maven-plugins,750f7aaafc5afe564eaa4622ef21fbb026d302b1,azure-auth-helper/src/test/java/com/microsoft/azure/auth/AzureAuthHelperTest.java,0,0,0,0,0.0,0,19,11,0,0,0,0,11,16,7,0,0,2,0,0,3,0,0,7,17,0,0,False
4678,microsoft/azure-maven-plugins,750f7aaafc5afe564eaa4622ef21fbb026d302b1,azure-auth-helper/src/test/java/com/microsoft/azure/auth/AzureServicePrincipleAuthHelperTest.java,0,0,0,0,0.0,0,6,2,0,0,0,0,5,0,4,0,0,0,0,0,1,2,0,4,5,0,0,False
4679,microsoft/azure-maven-plugins,750f7aaafc5afe564eaa4622ef21fbb026d302b1,azure-auth-helper/src/test/java/com/microsoft/azure/auth/AzureCredentialTest.java,0,0,0,0,0.0,0,2,1,0,0,0,0,1,0,0,0,0,0,0,0,0,0,0,0,2,0,0,False
4680,microsoft/azure-maven-plugins,750f7aaafc5afe564eaa4622ef21fbb026d302b1,azure-auth-helper/src/test/java/com/microsoft/azure/auth/AzureLoginHelperTest.java,0,0,0,0,0.0,0,9,6,0,0,0,0,6,0,0,0,0,0,0,0,1,0,0,0,8,0,0,False
4681,microsoft/azure-maven-plugins,750f7aaafc5afe564eaa4622ef21fbb026d302b1,azure-auth-helper/src/test/java/com/microsoft/azure/auth/LocalAuthServerTest.java,0,0,0,0,0.0,0,7,3,0,0,0,0,5,0,0,1,0,0,0,0,0,1,0,0,5,0,0,False
4682,microsoft/azure-maven-plugins,750f7aaafc5afe564eaa4622ef21fbb026d302b1,azure-auth-helper/src/test/java/com/microsoft/azure/auth/AzureContextExecutorTest.java,0,0,0,0,0.0,0,2,1,0,0,0,0,2,0,0,0,0,0,0,0,1,0,0,0,2,0,0,False
4683,microsoft/azure-maven-plugins,750f7aaafc5afe564eaa4622ef21fbb026d302b1,azure-maven-plugin-common/src/test/java/com/microsoft/azure/maven/common/TestHelper.java,0,0,0,0,0.0,0,1,0,0,0,0,0,0,0,0,0,0,0,0,0,0,0,0,0,0,0,0,False
4684,microsoft/azure-maven-plugins,750f7aaafc5afe564eaa4622ef21fbb026d302b1,azure-maven-plugin-common/src/test/java/com/microsoft/azure/maven/common/utils/MavenUtilsTest.java,0,0,0,0,0.0,0,3,2,0,0,0,0,3,0,3,0,0,0,0,0,0,0,0,3,3,0,0,False
4685,microsoft/azure-maven-plugins,750f7aaafc5afe564eaa4622ef21fbb026d302b1,azure-maven-plugin/src/test/java/com/microsoft/azure/plugin/login/TestHelper.java,0,0,0,0,0.0,0,8,0,0,0,0,0,0,0,0,0,0,0,0,0,0,0,0,0,0,0,0,False
4686,microsoft/azure-maven-plugins,750f7aaafc5afe564eaa4622ef21fbb026d302b1,azure-maven-plugin/src/test/java/com/microsoft/azure/plugin/login/LoginMojoTest.java,0,0,0,0,0.0,0,6,0,0,0,0,0,5,0,4,0,0,0,0,0,0,4,0,4,5,0,0,False
4687,microsoft/azure-maven-plugins,750f7aaafc5afe564eaa4622ef21fbb026d302b1,azure-maven-plugin/src/test/java/com/microsoft/azure/plugin/login/LogoutMojoTest.java,0,0,0,0,0.0,0,3,1,0,0,0,0,2,0,1,0,0,0,0,0,1,0,0,1,2,0,0,False
4688,microsoft/azure-maven-plugins,750f7aaafc5afe564eaa4622ef21fbb026d302b1,azure-maven-plugin/src/test/java/com/microsoft/azure/plugin/login/SelectSubscriptionMojoTest.java,0,0,0,0,0.0,0,9,1,0,0,0,0,8,0,5,0,0,0,0,0,0,3,0,5,8,0,0,False
4689,microsoft/azure-maven-plugins,750f7aaafc5afe564eaa4622ef21fbb026d302b1,azure-maven-plugin-lib/src/test/java/com/microsoft/azure/maven/auth/AzureAuthHelperTest.java,0,0,0,0,0.0,0,13,5,0,0,0,0,4,0,0,0,0,0,0,0,3,1,0,0,12,0,0,False
4690,microsoft/azure-maven-plugins,750f7aaafc5afe564eaa4622ef21fbb026d302b1,azure-spring-cloud-maven-plugin/src/test/java/com/microsoft/azure/maven/spring/configuration/DeploymentTest.java,0,0,0,0,0.0,0,7,1,0,0,0,0,0,0,0,0,0,0,0,0,0,0,0,0,7,0,0,False
4691,microsoft/azure-maven-plugins,750f7aaafc5afe564eaa4622ef21fbb026d302b1,azure-spring-cloud-maven-plugin/src/test/java/com/microsoft/azure/maven/spring/configuration/DeploymentSettingsTest.java,0,0,0,0,0.0,0,7,0,0,0,0,0,0,0,0,0,0,0,0,0,0,0,0,0,7,0,0,False
4692,microsoft/azure-maven-plugins,750f7aaafc5afe564eaa4622ef21fbb026d302b1,azure-spring-cloud-maven-plugin/src/test/java/com/microsoft/azure/maven/spring/configuration/VolumeTest.java,0,0,0,0,0.0,0,3,0,0,0,0,0,0,0,0,0,0,0,0,0,0,0,0,0,3,0,0,False
4693,microsoft/azure-maven-plugins,750f7aaafc5afe564eaa4622ef21fbb026d302b1,azure-spring-cloud-maven-plugin/src/test/java/com/microsoft/azure/maven/spring/configuration/AppSettingsTest.java,0,0,0,0,0.0,0,6,0,0,0,0,0,0,0,0,0,0,0,0,0,0,0,0,0,6,0,0,False
4694,microsoft/azure-maven-plugins,750f7aaafc5afe564eaa4622ef21fbb026d302b1,azure-spring-cloud-maven-plugin/src/test/java/com/microsoft/azure/maven/spring/configuration/SpringConfigurationTest.java,0,0,0,0,0.0,0,7,0,0,0,0,0,0,0,0,0,0,0,0,0,0,0,0,0,7,0,0,False
4695,microsoft/azure-maven-plugins,750f7aaafc5afe564eaa4622ef21fbb026d302b1,azure-spring-cloud-maven-plugin/src/test/java/com/microsoft/azure/maven/spring/ConfigMojoTest.java,0,0,0,0,0.0,0,14,8,0,0,0,0,11,11,1,0,0,0,0,0,0,2,0,1,11,0,0,False
4696,microsoft/azure-maven-plugins,750f7aaafc5afe564eaa4622ef21fbb026d302b1,azure-spring-cloud-maven-plugin/src/test/java/com/microsoft/azure/maven/spring/DeployMojoTest.java,0,0,0,0,0.0,0,1,1,0,0,0,0,1,0,0,0,0,0,0,0,0,0,0,0,1,0,0,False
4697,microsoft/azure-maven-plugins,750f7aaafc5afe564eaa4622ef21fbb026d302b1,azure-spring-cloud-maven-plugin/src/test/java/com/microsoft/azure/maven/spring/prompt/PromptWrapperTest.java,0,0,0,0,0.0,0,16,8,1,0,0,0,14,15,0,0,0,2,0,0,7,1,0,1,15,0,0,False
4698,microsoft/azure-maven-plugins,750f7aaafc5afe564eaa4622ef21fbb026d302b1,azure-spring-cloud-maven-plugin/src/test/java/com/microsoft/azure/maven/spring/TestHelper.java,0,0,0,0,0.0,0,10,0,0,0,0,0,0,0,0,0,0,0,0,0,0,0,0,0,0,0,0,False
4699,microsoft/azure-maven-plugins,750f7aaafc5afe564eaa4622ef21fbb026d302b1,azure-spring-cloud-maven-plugin/src/test/java/com/microsoft/azure/maven/spring/utils/XmlUtilsTest.java,0,0,0,0,0.0,0,6,4,0,0,0,0,1,0,0,0,0,0,0,0,0,0,0,0,5,0,0,False
4700,microsoft/azure-maven-plugins,750f7aaafc5afe564eaa4622ef21fbb026d302b1,azure-spring-cloud-maven-plugin/src/test/java/com/microsoft/azure/maven/spring/utils/ResourcesUtilsTest.java,0,0,0,0,0.0,0,2,1,0,0,0,0,1,0,0,0,0,0,0,0,0,0,0,0,2,0,0,False
4701,microsoft/azure-maven-plugins,750f7aaafc5afe564eaa4622ef21fbb026d302b1,azure-spring-cloud-maven-plugin/src/test/java/com/microsoft/azure/maven/spring/utils/TemplateUtilsTest.java,0,0,0,0,0.0,0,8,2,0,0,0,0,1,0,0,0,0,0,0,0,1,0,0,0,8,0,0,False
4702,microsoft/azure-maven-plugins,750f7aaafc5afe564eaa4622ef21fbb026d302b1,azure-spring-cloud-maven-plugin/src/test/java/com/microsoft/azure/maven/spring/exception/NoResourcesAvailableExceptionTest.java,0,0,0,0,0.0,0,2,0,0,0,0,0,1,0,0,0,0,0,0,0,0,0,0,0,2,0,0,False
4703,microsoft/azure-maven-plugins,750f7aaafc5afe564eaa4622ef21fbb026d302b1,azure-spring-cloud-maven-plugin/src/test/java/com/microsoft/azure/maven/spring/exception/SpringConfigurationExceptionTest.java,0,0,0,0,0.0,0,3,1,0,0,0,0,1,0,0,0,0,0,0,0,0,0,0,0,3,0,0,False
4704,microsoft/azure-maven-plugins,750f7aaafc5afe564eaa4622ef21fbb026d302b1,azure-spring-cloud-maven-plugin/src/test/java/com/microsoft/azure/maven/spring/spring/SpringServiceClientTest.java,0,0,0,0,0.0,0,3,1,0,0,0,0,1,0,0,0,0,0,0,0,0,0,0,0,2,0,0,False
4705,microsoft/azure-maven-plugins,750f7aaafc5afe564eaa4622ef21fbb026d302b1,azure-spring-cloud-maven-plugin/src/test/java/com/microsoft/azure/maven/spring/pom/PomXmlUpdaterTest.java,0,0,0,0,0.0,0,2,2,0,0,0,0,2,0,2,0,0,0,0,0,0,0,0,2,2,0,0,False
4706,microsoft/azure-maven-plugins,750f7aaafc5afe564eaa4622ef21fbb026d302b1,azure-tools-common/src/test/java/com/microsoft/azure/common/validation/SchemaValidatorTest.java,0,0,0,0,0.0,0,6,1,0,0,0,0,5,1,0,1,0,0,0,0,2,0,0,0,5,0,0,False
4707,microsoft/azure-maven-plugins,750f7aaafc5afe564eaa4622ef21fbb026d302b1,azure-tools-common/src/test/java/com/microsoft/azure/common/ConfigurationProblemTest.java,0,0,0,0,0.0,0,1,1,0,0,0,0,0,0,0,0,0,1,0,0,0,0,0,0,1,0,0,False
4708,microsoft/azure-maven-plugins,750f7aaafc5afe564eaa4622ef21fbb026d302b1,azure-tools-common/src/test/java/com/microsoft/azure/common/prompt/DefaultPrompterTest.java,0,0,0,0,0.0,0,13,8,4,0,0,0,12,0,0,0,0,0,0,0,4,1,0,0,12,0,0,False
4709,microsoft/azure-maven-plugins,750f7aaafc5afe564eaa4622ef21fbb026d302b1,azure-tools-common/src/test/java/com/microsoft/azure/common/prompt/InputValidateResultTest.java,0,0,0,0,0.0,0,2,2,0,0,0,0,0,0,0,0,0,0,0,0,0,0,0,0,2,0,0,False
4710,microsoft/azure-maven-plugins,750f7aaafc5afe564eaa4622ef21fbb026d302b1,azure-tools-common/src/test/java/com/microsoft/azure/common/handlers/artifact/ZIPArtifactHandlerImplTest.java,0,0,0,0,0.0,0,7,0,0,0,0,0,3,0,3,0,0,0,0,0,0,1,0,3,5,0,0,False
4711,microsoft/azure-maven-plugins,750f7aaafc5afe564eaa4622ef21fbb026d302b1,azure-tools-common/src/test/java/com/microsoft/azure/common/handlers/artifact/FTPArtifactHandlerImplTest.java,0,0,0,0,0.0,0,6,0,0,0,0,0,4,0,0,0,0,0,0,0,0,4,0,0,4,0,0,False
4712,microsoft/azure-maven-plugins,750f7aaafc5afe564eaa4622ef21fbb026d302b1,azure-tools-common/src/test/java/com/microsoft/azure/common/handlers/artifact/ArtifactHandlerBaseTest.java,0,0,0,0,0.0,0,4,0,0,0,0,0,3,0,0,0,0,0,0,0,0,0,0,0,3,0,0,False
4713,microsoft/azure-maven-plugins,750f7aaafc5afe564eaa4622ef21fbb026d302b1,azure-tools-common/src/test/java/com/microsoft/azure/common/TestHelper.java,0,0,0,0,0.0,0,1,0,0,0,0,0,0,0,0,0,0,0,0,0,0,0,0,0,0,0,0,False
4714,microsoft/azure-maven-plugins,750f7aaafc5afe564eaa4622ef21fbb026d302b1,azure-tools-common/src/test/java/com/microsoft/azure/common/utils/IndentUtilTest.java,0,0,0,0,0.0,0,2,1,0,0,0,0,1,0,0,0,0,0,0,0,1,0,0,0,2,0,0,False
4715,microsoft/azure-maven-plugins,750f7aaafc5afe564eaa4622ef21fbb026d302b1,azure-tools-common/src/test/java/com/microsoft/azure/common/utils/SneakyThrowUtilsTest.java,0,0,0,0,0.0,0,2,0,0,0,0,0,1,0,0,0,0,0,0,0,0,0,0,0,1,0,0,False
4716,microsoft/azure-maven-plugins,750f7aaafc5afe564eaa4622ef21fbb026d302b1,azure-tools-common/src/test/java/com/microsoft/azure/common/utils/TextUtilsTest.java,0,0,0,0,0.0,0,11,5,0,0,0,0,1,0,0,5,0,0,0,0,0,0,0,0,10,0,0,False
4717,microsoft/azure-maven-plugins,750f7aaafc5afe564eaa4622ef21fbb026d302b1,azure-tools-common/src/test/java/com/microsoft/azure/common/utils/JsonUtilsTest.java,0,0,0,0,0.0,0,2,1,0,0,0,0,1,0,0,0,0,0,0,0,1,0,0,0,2,0,0,False
4718,microsoft/azure-maven-plugins,750f7aaafc5afe564eaa4622ef21fbb026d302b1,azure-tools-common/src/test/java/com/microsoft/azure/common/UtilsTest.java,0,0,0,0,0.0,0,2,1,0,0,0,0,2,0,0,0,0,0,0,0,0,0,0,0,2,0,0,False
4719,microsoft/azure-maven-plugins,750f7aaafc5afe564eaa4622ef21fbb026d302b1,azure-tools-common/src/test/java/com/microsoft/azure/common/FTPUploaderTest.java,0,0,0,0,0.0,0,4,0,0,0,0,0,3,0,0,0,0,0,0,0,0,1,0,0,3,0,0,False
4720,microsoft/azure-maven-plugins,750f7aaafc5afe564eaa4622ef21fbb026d302b1,azure-tools-common/src/test/java/com/microsoft/azure/common/function/handlers/artifact/FunctionArtifactHelperTest.java,0,0,0,0,0.0,0,5,0,0,0,0,0,5,0,0,0,0,0,0,0,0,1,0,0,5,0,0,False
4721,microsoft/azure-maven-plugins,750f7aaafc5afe564eaa4622ef21fbb026d302b1,azure-tools-common/src/test/java/com/microsoft/azure/common/function/handlers/artifact/MSDeployArtifactHandlerImplTest.java,0,0,0,0,0.0,0,7,0,0,0,0,0,5,0,3,0,0,0,0,0,0,3,0,2,5,0,0,False
4722,microsoft/azure-maven-plugins,750f7aaafc5afe564eaa4622ef21fbb026d302b1,azure-tools-common/src/test/java/com/microsoft/azure/common/function/handlers/CommandHandlerImplTest.java,0,0,0,0,0.0,0,3,1,0,0,0,0,1,0,0,0,0,0,0,0,0,0,0,0,3,0,0,False
4723,microsoft/azure-maven-plugins,750f7aaafc5afe564eaa4622ef21fbb026d302b1,azure-tools-common/src/test/java/com/microsoft/azure/common/function/handlers/AnnotationHandlerImplTest.java,0,0,0,0,0.0,0,7,2,0,0,0,0,2,0,0,0,0,0,0,0,0,0,0,0,2,0,0,False
4724,microsoft/azure-maven-plugins,750f7aaafc5afe564eaa4622ef21fbb026d302b1,azure-tools-common/src/test/java/com/microsoft/azure/common/function/handlers/FunctionCoreToolsHandlerImplTest.java,0,0,0,0,0.0,0,7,0,0,0,0,0,6,0,0,0,0,0,0,0,0,3,0,2,7,0,0,False
4725,microsoft/azure-maven-plugins,750f7aaafc5afe564eaa4622ef21fbb026d302b1,azure-tools-common/src/test/java/com/microsoft/azure/common/function/utils/CommandUtilsTest.java,0,0,0,0,0.0,0,3,1,0,0,0,0,1,0,0,0,0,0,0,0,0,0,0,0,3,0,0,False
4726,microsoft/azure-maven-plugins,ebe67e0ae450811470e8cb8023a0d67dbfbd6f38,azure-auth-helper/src/test/java/com/microsoft/azure/auth/configuration/AuthConfigurationTest.java,0,0,0,0,0.0,0,10,1,0,0,0,0,0,0,0,0,0,0,0,0,1,0,0,0,10,0,0,False
4727,microsoft/azure-maven-plugins,ebe67e0ae450811470e8cb8023a0d67dbfbd6f38,azure-auth-helper/src/test/java/com/microsoft/azure/auth/MavenSettingHelperTest.java,0,0,0,0,0.0,0,5,3,0,0,0,0,4,0,0,0,0,0,0,0,1,0,0,0,4,0,0,False
4728,microsoft/azure-maven-plugins,ebe67e0ae450811470e8cb8023a0d67dbfbd6f38,azure-auth-helper/src/test/java/com/microsoft/azure/auth/TestHelper.java,0,0,0,0,0.0,0,5,0,0,0,0,0,0,0,0,0,0,0,0,0,0,0,0,0,0,0,0,False
4729,microsoft/azure-maven-plugins,ebe67e0ae450811470e8cb8023a0d67dbfbd6f38,azure-auth-helper/src/test/java/com/microsoft/azure/auth/exception/InvalidConfigurationExceptionTest.java,0,0,0,0,0.0,0,2,0,0,0,0,0,1,0,0,0,0,0,0,0,0,0,0,0,2,0,0,False
4730,microsoft/azure-maven-plugins,ebe67e0ae450811470e8cb8023a0d67dbfbd6f38,azure-auth-helper/src/test/java/com/microsoft/azure/auth/exception/MavenDecryptExceptionTest.java,0,0,0,0,0.0,0,3,1,0,0,0,0,1,0,0,0,0,0,0,0,0,0,0,0,3,0,0,False
4731,microsoft/azure-maven-plugins,ebe67e0ae450811470e8cb8023a0d67dbfbd6f38,azure-auth-helper/src/test/java/com/microsoft/azure/auth/exception/AzureLoginFailureExceptionTest.java,0,0,0,0,0.0,0,2,0,0,0,0,0,1,0,0,0,0,0,0,0,0,0,0,0,2,0,0,False
4732,microsoft/azure-maven-plugins,ebe67e0ae450811470e8cb8023a0d67dbfbd6f38,azure-auth-helper/src/test/java/com/microsoft/azure/auth/exception/DesktopNotSupportedExceptionTest.java,0,0,0,0,0.0,0,2,0,0,0,0,0,1,0,0,0,0,0,0,0,0,0,0,0,2,0,0,False
4733,microsoft/azure-maven-plugins,ebe67e0ae450811470e8cb8023a0d67dbfbd6f38,azure-auth-helper/src/test/java/com/microsoft/azure/auth/exception/AzureLoginTimeoutExceptionTest.java,0,0,0,0,0.0,0,2,0,0,0,0,0,1,0,0,0,0,0,0,0,0,0,0,0,2,0,0,False
4734,microsoft/azure-maven-plugins,ebe67e0ae450811470e8cb8023a0d67dbfbd6f38,azure-auth-helper/src/test/java/com/microsoft/azure/auth/AzureAuthHelperTest.java,0,0,0,0,0.0,0,19,11,0,0,0,0,11,16,7,0,0,2,0,0,3,0,0,7,17,0,0,False
4735,microsoft/azure-maven-plugins,ebe67e0ae450811470e8cb8023a0d67dbfbd6f38,azure-auth-helper/src/test/java/com/microsoft/azure/auth/AzureServicePrincipleAuthHelperTest.java,0,0,0,0,0.0,0,6,2,0,0,0,0,5,0,4,0,0,0,0,0,1,2,0,4,5,0,0,False
4736,microsoft/azure-maven-plugins,ebe67e0ae450811470e8cb8023a0d67dbfbd6f38,azure-auth-helper/src/test/java/com/microsoft/azure/auth/AzureCredentialTest.java,0,0,0,0,0.0,0,2,1,0,0,0,0,1,0,0,0,0,0,0,0,0,0,0,0,2,0,0,False
4737,microsoft/azure-maven-plugins,ebe67e0ae450811470e8cb8023a0d67dbfbd6f38,azure-auth-helper/src/test/java/com/microsoft/azure/auth/AzureLoginHelperTest.java,0,0,0,0,0.0,0,9,6,0,0,0,0,6,0,0,0,0,0,0,0,1,0,0,0,8,0,0,False
4738,microsoft/azure-maven-plugins,ebe67e0ae450811470e8cb8023a0d67dbfbd6f38,azure-auth-helper/src/test/java/com/microsoft/azure/auth/LocalAuthServerTest.java,0,0,0,0,0.0,0,6,2,0,0,0,0,4,0,0,0,0,0,0,0,0,1,0,0,4,0,0,False
4739,microsoft/azure-maven-plugins,ebe67e0ae450811470e8cb8023a0d67dbfbd6f38,azure-auth-helper/src/test/java/com/microsoft/azure/auth/AzureContextExecutorTest.java,0,0,0,0,0.0,0,2,1,0,0,0,0,2,0,0,0,0,0,0,0,1,0,0,0,2,0,0,False
4740,microsoft/azure-maven-plugins,ebe67e0ae450811470e8cb8023a0d67dbfbd6f38,azure-maven-plugin-common/src/test/java/com/microsoft/azure/maven/common/TestHelper.java,0,0,0,0,0.0,0,1,0,0,0,0,0,0,0,0,0,0,0,0,0,0,0,0,0,0,0,0,False
4741,microsoft/azure-maven-plugins,ebe67e0ae450811470e8cb8023a0d67dbfbd6f38,azure-maven-plugin-common/src/test/java/com/microsoft/azure/maven/common/utils/MavenUtilsTest.java,0,0,0,0,0.0,0,3,2,0,0,0,0,3,0,3,0,0,0,0,0,0,0,0,3,3,0,0,False
4742,microsoft/azure-maven-plugins,ebe67e0ae450811470e8cb8023a0d67dbfbd6f38,azure-maven-plugin/src/test/java/com/microsoft/azure/plugin/login/TestHelper.java,0,0,0,0,0.0,0,8,0,0,0,0,0,0,0,0,0,0,0,0,0,0,0,0,0,0,0,0,False
4743,microsoft/azure-maven-plugins,ebe67e0ae450811470e8cb8023a0d67dbfbd6f38,azure-maven-plugin/src/test/java/com/microsoft/azure/plugin/login/LoginMojoTest.java,0,0,0,0,0.0,0,6,0,0,0,0,0,5,0,4,0,0,0,0,0,0,4,0,4,5,0,0,False
4744,microsoft/azure-maven-plugins,ebe67e0ae450811470e8cb8023a0d67dbfbd6f38,azure-maven-plugin/src/test/java/com/microsoft/azure/plugin/login/LogoutMojoTest.java,0,0,0,0,0.0,0,3,1,0,0,0,0,2,0,1,0,0,0,0,0,1,0,0,1,2,0,0,False
4745,microsoft/azure-maven-plugins,ebe67e0ae450811470e8cb8023a0d67dbfbd6f38,azure-maven-plugin/src/test/java/com/microsoft/azure/plugin/login/SelectSubscriptionMojoTest.java,0,0,0,0,0.0,0,9,1,0,0,0,0,8,0,5,0,0,0,0,0,0,3,0,5,8,0,0,False
4746,microsoft/azure-maven-plugins,ebe67e0ae450811470e8cb8023a0d67dbfbd6f38,azure-maven-plugin-lib/src/test/java/com/microsoft/azure/maven/auth/AzureAuthHelperTest.java,0,0,0,0,0.0,0,13,5,0,0,0,0,4,0,0,0,0,0,0,0,3,1,0,0,12,0,0,False
4747,microsoft/azure-maven-plugins,ebe67e0ae450811470e8cb8023a0d67dbfbd6f38,azure-spring-cloud-maven-plugin/src/test/java/com/microsoft/azure/maven/spring/configuration/DeploymentTest.java,0,0,0,0,0.0,0,7,1,0,0,0,0,0,0,0,0,0,0,0,0,0,0,0,0,7,0,0,False
4748,microsoft/azure-maven-plugins,ebe67e0ae450811470e8cb8023a0d67dbfbd6f38,azure-spring-cloud-maven-plugin/src/test/java/com/microsoft/azure/maven/spring/configuration/DeploymentSettingsTest.java,0,0,0,0,0.0,0,7,0,0,0,0,0,0,0,0,0,0,0,0,0,0,0,0,0,7,0,0,False
4749,microsoft/azure-maven-plugins,ebe67e0ae450811470e8cb8023a0d67dbfbd6f38,azure-spring-cloud-maven-plugin/src/test/java/com/microsoft/azure/maven/spring/configuration/VolumeTest.java,0,0,0,0,0.0,0,3,0,0,0,0,0,0,0,0,0,0,0,0,0,0,0,0,0,3,0,0,False
4750,microsoft/azure-maven-plugins,ebe67e0ae450811470e8cb8023a0d67dbfbd6f38,azure-spring-cloud-maven-plugin/src/test/java/com/microsoft/azure/maven/spring/configuration/AppSettingsTest.java,0,0,0,0,0.0,0,6,0,0,0,0,0,0,0,0,0,0,0,0,0,0,0,0,0,6,0,0,False
4751,microsoft/azure-maven-plugins,ebe67e0ae450811470e8cb8023a0d67dbfbd6f38,azure-spring-cloud-maven-plugin/src/test/java/com/microsoft/azure/maven/spring/configuration/SpringConfigurationTest.java,0,0,0,0,0.0,0,7,0,0,0,0,0,0,0,0,0,0,0,0,0,0,0,0,0,7,0,0,False
4752,microsoft/azure-maven-plugins,ebe67e0ae450811470e8cb8023a0d67dbfbd6f38,azure-spring-cloud-maven-plugin/src/test/java/com/microsoft/azure/maven/spring/ConfigMojoTest.java,0,0,0,0,0.0,0,14,8,0,0,0,0,11,11,1,0,0,0,0,0,0,2,0,1,11,0,0,False
4753,microsoft/azure-maven-plugins,ebe67e0ae450811470e8cb8023a0d67dbfbd6f38,azure-spring-cloud-maven-plugin/src/test/java/com/microsoft/azure/maven/spring/DeployMojoTest.java,0,0,0,0,0.0,0,1,1,0,0,0,0,1,0,0,0,0,0,0,0,0,0,0,0,1,0,0,False
4754,microsoft/azure-maven-plugins,ebe67e0ae450811470e8cb8023a0d67dbfbd6f38,azure-spring-cloud-maven-plugin/src/test/java/com/microsoft/azure/maven/spring/prompt/PromptWrapperTest.java,0,0,0,0,0.0,0,16,8,1,0,0,0,14,15,0,0,0,2,0,0,7,1,0,1,15,0,0,False
4755,microsoft/azure-maven-plugins,ebe67e0ae450811470e8cb8023a0d67dbfbd6f38,azure-spring-cloud-maven-plugin/src/test/java/com/microsoft/azure/maven/spring/TestHelper.java,0,0,0,0,0.0,0,10,0,0,0,0,0,0,0,0,0,0,0,0,0,0,0,0,0,0,0,0,False
4756,microsoft/azure-maven-plugins,ebe67e0ae450811470e8cb8023a0d67dbfbd6f38,azure-spring-cloud-maven-plugin/src/test/java/com/microsoft/azure/maven/spring/utils/XmlUtilsTest.java,0,0,0,0,0.0,0,6,4,0,0,0,0,1,0,0,0,0,0,0,0,0,0,0,0,5,0,0,False
4757,microsoft/azure-maven-plugins,ebe67e0ae450811470e8cb8023a0d67dbfbd6f38,azure-spring-cloud-maven-plugin/src/test/java/com/microsoft/azure/maven/spring/utils/ResourcesUtilsTest.java,0,0,0,0,0.0,0,2,1,0,0,0,0,1,0,0,0,0,0,0,0,0,0,0,0,2,0,0,False
4758,microsoft/azure-maven-plugins,ebe67e0ae450811470e8cb8023a0d67dbfbd6f38,azure-spring-cloud-maven-plugin/src/test/java/com/microsoft/azure/maven/spring/utils/TemplateUtilsTest.java,0,0,0,0,0.0,0,8,2,0,0,0,0,1,0,0,0,0,0,0,0,1,0,0,0,8,0,0,False
4759,microsoft/azure-maven-plugins,ebe67e0ae450811470e8cb8023a0d67dbfbd6f38,azure-spring-cloud-maven-plugin/src/test/java/com/microsoft/azure/maven/spring/exception/NoResourcesAvailableExceptionTest.java,0,0,0,0,0.0,0,2,0,0,0,0,0,1,0,0,0,0,0,0,0,0,0,0,0,2,0,0,False
4760,microsoft/azure-maven-plugins,ebe67e0ae450811470e8cb8023a0d67dbfbd6f38,azure-spring-cloud-maven-plugin/src/test/java/com/microsoft/azure/maven/spring/exception/SpringConfigurationExceptionTest.java,0,0,0,0,0.0,0,3,1,0,0,0,0,1,0,0,0,0,0,0,0,0,0,0,0,3,0,0,False
4761,microsoft/azure-maven-plugins,ebe67e0ae450811470e8cb8023a0d67dbfbd6f38,azure-spring-cloud-maven-plugin/src/test/java/com/microsoft/azure/maven/spring/spring/SpringServiceClientTest.java,0,0,0,0,0.0,0,3,1,0,0,0,0,1,0,0,0,0,0,0,0,0,0,0,0,2,0,0,False
4762,microsoft/azure-maven-plugins,ebe67e0ae450811470e8cb8023a0d67dbfbd6f38,azure-spring-cloud-maven-plugin/src/test/java/com/microsoft/azure/maven/spring/pom/PomXmlUpdaterTest.java,0,0,0,0,0.0,0,2,2,0,0,0,0,2,0,2,0,0,0,0,0,0,0,0,2,2,0,0,False
4763,microsoft/azure-maven-plugins,ebe67e0ae450811470e8cb8023a0d67dbfbd6f38,azure-tools-common/src/test/java/com/microsoft/azure/common/validation/SchemaValidatorTest.java,0,0,0,0,0.0,0,6,1,0,0,0,0,5,1,0,1,0,0,0,0,2,0,0,0,5,0,0,False
4764,microsoft/azure-maven-plugins,ebe67e0ae450811470e8cb8023a0d67dbfbd6f38,azure-tools-common/src/test/java/com/microsoft/azure/common/ConfigurationProblemTest.java,0,0,0,0,0.0,0,1,1,0,0,0,0,0,0,0,0,0,1,0,0,0,0,0,0,1,0,0,False
4765,microsoft/azure-maven-plugins,ebe67e0ae450811470e8cb8023a0d67dbfbd6f38,azure-tools-common/src/test/java/com/microsoft/azure/common/prompt/DefaultPrompterTest.java,0,0,0,0,0.0,0,13,8,4,0,0,0,12,0,0,0,0,0,0,0,4,1,0,0,12,0,0,False
4766,microsoft/azure-maven-plugins,ebe67e0ae450811470e8cb8023a0d67dbfbd6f38,azure-tools-common/src/test/java/com/microsoft/azure/common/prompt/InputValidateResultTest.java,0,0,0,0,0.0,0,2,2,0,0,0,0,0,0,0,0,0,0,0,0,0,0,0,0,2,0,0,False
4767,microsoft/azure-maven-plugins,ebe67e0ae450811470e8cb8023a0d67dbfbd6f38,azure-tools-common/src/test/java/com/microsoft/azure/common/handlers/artifact/ZIPArtifactHandlerImplTest.java,0,0,0,0,0.0,0,7,0,0,0,0,0,3,0,3,0,0,0,0,0,0,1,0,3,5,0,0,False
4768,microsoft/azure-maven-plugins,ebe67e0ae450811470e8cb8023a0d67dbfbd6f38,azure-tools-common/src/test/java/com/microsoft/azure/common/handlers/artifact/FTPArtifactHandlerImplTest.java,0,0,0,0,0.0,0,6,0,0,0,0,0,4,0,0,0,0,0,0,0,0,4,0,0,4,0,0,False
4769,microsoft/azure-maven-plugins,ebe67e0ae450811470e8cb8023a0d67dbfbd6f38,azure-tools-common/src/test/java/com/microsoft/azure/common/handlers/artifact/ArtifactHandlerBaseTest.java,0,0,0,0,0.0,0,4,0,0,0,0,0,3,0,0,0,0,0,0,0,0,0,0,0,3,0,0,False
4770,microsoft/azure-maven-plugins,ebe67e0ae450811470e8cb8023a0d67dbfbd6f38,azure-tools-common/src/test/java/com/microsoft/azure/common/TestHelper.java,0,0,0,0,0.0,0,1,0,0,0,0,0,0,0,0,0,0,0,0,0,0,0,0,0,0,0,0,False
4771,microsoft/azure-maven-plugins,ebe67e0ae450811470e8cb8023a0d67dbfbd6f38,azure-tools-common/src/test/java/com/microsoft/azure/common/utils/IndentUtilTest.java,0,0,0,0,0.0,0,2,1,0,0,0,0,1,0,0,0,0,0,0,0,1,0,0,0,2,0,0,False
4772,microsoft/azure-maven-plugins,ebe67e0ae450811470e8cb8023a0d67dbfbd6f38,azure-tools-common/src/test/java/com/microsoft/azure/common/utils/SneakyThrowUtilsTest.java,0,0,0,0,0.0,0,2,0,0,0,0,0,1,0,0,0,0,0,0,0,0,0,0,0,1,0,0,False
4773,microsoft/azure-maven-plugins,ebe67e0ae450811470e8cb8023a0d67dbfbd6f38,azure-tools-common/src/test/java/com/microsoft/azure/common/utils/TextUtilsTest.java,0,0,0,0,0.0,0,11,5,0,0,0,0,1,0,0,5,0,0,0,0,0,0,0,0,10,0,0,False
4774,microsoft/azure-maven-plugins,ebe67e0ae450811470e8cb8023a0d67dbfbd6f38,azure-tools-common/src/test/java/com/microsoft/azure/common/utils/JsonUtilsTest.java,0,0,0,0,0.0,0,2,1,0,0,0,0,1,0,0,0,0,0,0,0,1,0,0,0,2,0,0,False
4775,microsoft/azure-maven-plugins,ebe67e0ae450811470e8cb8023a0d67dbfbd6f38,azure-tools-common/src/test/java/com/microsoft/azure/common/UtilsTest.java,0,0,0,0,0.0,0,2,1,0,0,0,0,2,0,0,0,0,0,0,0,0,0,0,0,2,0,0,False
4776,microsoft/azure-maven-plugins,ebe67e0ae450811470e8cb8023a0d67dbfbd6f38,azure-tools-common/src/test/java/com/microsoft/azure/common/FTPUploaderTest.java,0,0,0,0,0.0,0,4,0,0,0,0,0,3,0,0,0,0,0,0,0,0,1,0,0,3,0,0,False
4777,microsoft/azure-maven-plugins,ebe67e0ae450811470e8cb8023a0d67dbfbd6f38,azure-tools-common/src/test/java/com/microsoft/azure/common/function/handlers/artifact/FunctionArtifactHelperTest.java,0,0,0,0,0.0,0,5,0,0,0,0,0,5,0,0,0,0,0,0,0,0,1,0,0,5,0,0,False
4778,microsoft/azure-maven-plugins,ebe67e0ae450811470e8cb8023a0d67dbfbd6f38,azure-tools-common/src/test/java/com/microsoft/azure/common/function/handlers/artifact/MSDeployArtifactHandlerImplTest.java,0,0,0,0,0.0,0,7,0,0,0,0,0,5,0,3,0,0,0,0,0,0,3,0,2,5,0,0,False
4779,microsoft/azure-maven-plugins,ebe67e0ae450811470e8cb8023a0d67dbfbd6f38,azure-tools-common/src/test/java/com/microsoft/azure/common/function/handlers/CommandHandlerImplTest.java,0,0,0,0,0.0,0,3,1,0,0,0,0,1,0,0,0,0,0,0,0,0,0,0,0,3,0,0,False
4780,microsoft/azure-maven-plugins,ebe67e0ae450811470e8cb8023a0d67dbfbd6f38,azure-tools-common/src/test/java/com/microsoft/azure/common/function/handlers/AnnotationHandlerImplTest.java,0,0,0,0,0.0,0,7,2,0,0,0,0,2,0,0,0,0,0,0,0,0,0,0,0,2,0,0,False
4781,microsoft/azure-maven-plugins,ebe67e0ae450811470e8cb8023a0d67dbfbd6f38,azure-tools-common/src/test/java/com/microsoft/azure/common/function/handlers/FunctionCoreToolsHandlerImplTest.java,0,0,0,0,0.0,0,7,0,0,0,0,0,6,0,0,0,0,0,0,0,0,3,0,2,7,0,0,False
4782,microsoft/azure-maven-plugins,ebe67e0ae450811470e8cb8023a0d67dbfbd6f38,azure-tools-common/src/test/java/com/microsoft/azure/common/function/utils/CommandUtilsTest.java,0,0,0,0,0.0,0,3,1,0,0,0,0,1,0,0,0,0,0,0,0,0,0,0,0,3,0,0,False
4783,microsoft/azure-maven-plugins,65b948ab8764bc41881f4c7a7590df6bc66149e8,azure-auth-helper/src/test/java/com/microsoft/azure/auth/configuration/AuthConfigurationTest.java,0,0,0,0,0.0,0,10,1,0,0,0,0,0,0,0,0,0,0,0,0,1,0,0,0,10,0,0,False
4784,microsoft/azure-maven-plugins,65b948ab8764bc41881f4c7a7590df6bc66149e8,azure-auth-helper/src/test/java/com/microsoft/azure/auth/MavenSettingHelperTest.java,0,0,0,0,0.0,0,5,3,0,0,0,0,4,0,0,0,0,0,0,0,1,0,0,0,4,0,0,False
4785,microsoft/azure-maven-plugins,65b948ab8764bc41881f4c7a7590df6bc66149e8,azure-auth-helper/src/test/java/com/microsoft/azure/auth/TestHelper.java,0,0,0,0,0.0,0,5,0,0,0,0,0,0,0,0,0,0,0,0,0,0,0,0,0,0,0,0,False
4786,microsoft/azure-maven-plugins,65b948ab8764bc41881f4c7a7590df6bc66149e8,azure-auth-helper/src/test/java/com/microsoft/azure/auth/exception/InvalidConfigurationExceptionTest.java,0,0,0,0,0.0,0,2,0,0,0,0,0,1,0,0,0,0,0,0,0,0,0,0,0,2,0,0,False
4787,microsoft/azure-maven-plugins,65b948ab8764bc41881f4c7a7590df6bc66149e8,azure-auth-helper/src/test/java/com/microsoft/azure/auth/exception/MavenDecryptExceptionTest.java,0,0,0,0,0.0,0,3,1,0,0,0,0,1,0,0,0,0,0,0,0,0,0,0,0,3,0,0,False
4788,microsoft/azure-maven-plugins,65b948ab8764bc41881f4c7a7590df6bc66149e8,azure-auth-helper/src/test/java/com/microsoft/azure/auth/exception/AzureLoginFailureExceptionTest.java,0,0,0,0,0.0,0,2,0,0,0,0,0,1,0,0,0,0,0,0,0,0,0,0,0,2,0,0,False
4789,microsoft/azure-maven-plugins,65b948ab8764bc41881f4c7a7590df6bc66149e8,azure-auth-helper/src/test/java/com/microsoft/azure/auth/exception/DesktopNotSupportedExceptionTest.java,0,0,0,0,0.0,0,2,0,0,0,0,0,1,0,0,0,0,0,0,0,0,0,0,0,2,0,0,False
4790,microsoft/azure-maven-plugins,65b948ab8764bc41881f4c7a7590df6bc66149e8,azure-auth-helper/src/test/java/com/microsoft/azure/auth/exception/AzureLoginTimeoutExceptionTest.java,0,0,0,0,0.0,0,2,0,0,0,0,0,1,0,0,0,0,0,0,0,0,0,0,0,2,0,0,False
4791,microsoft/azure-maven-plugins,65b948ab8764bc41881f4c7a7590df6bc66149e8,azure-auth-helper/src/test/java/com/microsoft/azure/auth/AzureAuthHelperTest.java,0,0,0,0,0.0,0,19,11,0,0,0,0,11,16,7,0,0,2,0,0,3,0,0,7,17,0,0,False
4792,microsoft/azure-maven-plugins,65b948ab8764bc41881f4c7a7590df6bc66149e8,azure-auth-helper/src/test/java/com/microsoft/azure/auth/AzureServicePrincipleAuthHelperTest.java,0,0,0,0,0.0,0,6,2,0,0,0,0,5,0,4,0,0,0,0,0,1,2,0,4,5,0,0,False
4793,microsoft/azure-maven-plugins,65b948ab8764bc41881f4c7a7590df6bc66149e8,azure-auth-helper/src/test/java/com/microsoft/azure/auth/AzureCredentialTest.java,0,0,0,0,0.0,0,2,1,0,0,0,0,1,0,0,0,0,0,0,0,0,0,0,0,2,0,0,False
4794,microsoft/azure-maven-plugins,65b948ab8764bc41881f4c7a7590df6bc66149e8,azure-auth-helper/src/test/java/com/microsoft/azure/auth/AzureLoginHelperTest.java,0,0,0,0,0.0,0,9,6,0,0,0,0,6,0,0,0,0,0,0,0,1,0,0,0,8,0,0,False
4795,microsoft/azure-maven-plugins,65b948ab8764bc41881f4c7a7590df6bc66149e8,azure-auth-helper/src/test/java/com/microsoft/azure/auth/LocalAuthServerTest.java,0,0,0,0,0.0,0,6,2,0,0,0,0,4,0,0,0,0,0,0,0,0,1,0,0,4,0,0,False
4796,microsoft/azure-maven-plugins,65b948ab8764bc41881f4c7a7590df6bc66149e8,azure-auth-helper/src/test/java/com/microsoft/azure/auth/AzureContextExecutorTest.java,0,0,0,0,0.0,0,2,1,0,0,0,0,2,0,0,0,0,0,0,0,1,0,0,0,2,0,0,False
4797,microsoft/azure-maven-plugins,65b948ab8764bc41881f4c7a7590df6bc66149e8,azure-maven-plugin-common/src/test/java/com/microsoft/azure/maven/common/validation/SchemaValidatorTest.java,0,0,0,0,0.0,0,6,1,0,0,0,0,5,1,0,1,0,0,0,0,2,0,0,0,5,0,0,False
4798,microsoft/azure-maven-plugins,65b948ab8764bc41881f4c7a7590df6bc66149e8,azure-maven-plugin-common/src/test/java/com/microsoft/azure/maven/common/ConfigurationProblemTest.java,0,0,0,0,0.0,0,1,1,0,0,0,0,0,0,0,0,0,1,0,0,0,0,0,0,1,0,0,False
4799,microsoft/azure-maven-plugins,65b948ab8764bc41881f4c7a7590df6bc66149e8,azure-maven-plugin-common/src/test/java/com/microsoft/azure/maven/common/prompt/DefaultPrompterTest.java,0,0,0,0,0.0,0,13,8,4,0,0,0,12,0,0,0,0,0,0,0,4,1,0,0,12,0,0,False
4800,microsoft/azure-maven-plugins,65b948ab8764bc41881f4c7a7590df6bc66149e8,azure-maven-plugin-common/src/test/java/com/microsoft/azure/maven/common/prompt/InputValidateResultTest.java,0,0,0,0,0.0,0,2,2,0,0,0,0,0,0,0,0,0,0,0,0,0,0,0,0,2,0,0,False
4801,microsoft/azure-maven-plugins,65b948ab8764bc41881f4c7a7590df6bc66149e8,azure-maven-plugin-common/src/test/java/com/microsoft/azure/maven/common/TestHelper.java,0,0,0,0,0.0,0,2,0,0,0,0,0,0,0,0,0,0,0,0,0,0,0,0,0,0,0,0,False
4802,microsoft/azure-maven-plugins,65b948ab8764bc41881f4c7a7590df6bc66149e8,azure-maven-plugin-common/src/test/java/com/microsoft/azure/maven/common/utils/MavenUtilsTest.java,0,0,0,0,0.0,0,3,2,0,0,0,0,3,0,3,0,0,0,0,0,0,0,0,3,3,0,0,False
4803,microsoft/azure-maven-plugins,65b948ab8764bc41881f4c7a7590df6bc66149e8,azure-maven-plugin-common/src/test/java/com/microsoft/azure/maven/common/utils/IndentUtilTest.java,0,0,0,0,0.0,0,2,1,0,0,0,0,1,0,0,0,0,0,0,0,1,0,0,0,2,0,0,False
4804,microsoft/azure-maven-plugins,65b948ab8764bc41881f4c7a7590df6bc66149e8,azure-maven-plugin-common/src/test/java/com/microsoft/azure/maven/common/utils/SneakyThrowUtilsTest.java,0,0,0,0,0.0,0,2,0,0,0,0,0,1,0,0,0,0,0,0,0,0,0,0,0,1,0,0,False
4805,microsoft/azure-maven-plugins,65b948ab8764bc41881f4c7a7590df6bc66149e8,azure-maven-plugin-common/src/test/java/com/microsoft/azure/maven/common/utils/TextUtilsTest.java,0,0,0,0,0.0,0,11,5,0,0,0,0,1,0,0,5,0,0,0,0,0,0,0,0,10,0,0,False
4806,microsoft/azure-maven-plugins,65b948ab8764bc41881f4c7a7590df6bc66149e8,azure-maven-plugin-common/src/test/java/com/microsoft/azure/maven/common/utils/JsonUtilsTest.java,0,0,0,0,0.0,0,2,1,0,0,0,0,1,0,0,0,0,0,0,0,1,0,0,0,2,0,0,False
4807,microsoft/azure-maven-plugins,65b948ab8764bc41881f4c7a7590df6bc66149e8,azure-maven-plugin/src/test/java/com/microsoft/azure/plugin/login/TestHelper.java,0,0,0,0,0.0,0,8,0,0,0,0,0,0,0,0,0,0,0,0,0,0,0,0,0,0,0,0,False
4808,microsoft/azure-maven-plugins,65b948ab8764bc41881f4c7a7590df6bc66149e8,azure-maven-plugin/src/test/java/com/microsoft/azure/plugin/login/LoginMojoTest.java,0,0,0,0,0.0,0,6,0,0,0,0,0,5,0,4,0,0,0,0,0,0,4,0,4,5,0,0,False
4809,microsoft/azure-maven-plugins,65b948ab8764bc41881f4c7a7590df6bc66149e8,azure-maven-plugin/src/test/java/com/microsoft/azure/plugin/login/LogoutMojoTest.java,0,0,0,0,0.0,0,3,1,0,0,0,0,2,0,1,0,0,0,0,0,1,0,0,1,2,0,0,False
4810,microsoft/azure-maven-plugins,65b948ab8764bc41881f4c7a7590df6bc66149e8,azure-maven-plugin/src/test/java/com/microsoft/azure/plugin/login/SelectSubscriptionMojoTest.java,0,0,0,0,0.0,0,9,1,0,0,0,0,8,0,5,0,0,0,0,0,0,3,0,5,8,0,0,False
4811,microsoft/azure-maven-plugins,65b948ab8764bc41881f4c7a7590df6bc66149e8,azure-maven-plugin-lib/src/test/java/com/microsoft/azure/maven/auth/AzureAuthHelperTest.java,0,0,0,0,0.0,0,13,5,0,0,0,0,4,0,0,0,0,0,0,0,3,1,0,0,12,0,0,False
4812,microsoft/azure-maven-plugins,65b948ab8764bc41881f4c7a7590df6bc66149e8,azure-spring-cloud-maven-plugin/src/test/java/com/microsoft/azure/maven/spring/configuration/DeploymentTest.java,0,0,0,0,0.0,0,7,1,0,0,0,0,0,0,0,0,0,0,0,0,0,0,0,0,7,0,0,False
4813,microsoft/azure-maven-plugins,65b948ab8764bc41881f4c7a7590df6bc66149e8,azure-spring-cloud-maven-plugin/src/test/java/com/microsoft/azure/maven/spring/configuration/DeploymentSettingsTest.java,0,0,0,0,0.0,0,7,0,0,0,0,0,0,0,0,0,0,0,0,0,0,0,0,0,7,0,0,False
4814,microsoft/azure-maven-plugins,65b948ab8764bc41881f4c7a7590df6bc66149e8,azure-spring-cloud-maven-plugin/src/test/java/com/microsoft/azure/maven/spring/configuration/VolumeTest.java,0,0,0,0,0.0,0,3,0,0,0,0,0,0,0,0,0,0,0,0,0,0,0,0,0,3,0,0,False
4815,microsoft/azure-maven-plugins,65b948ab8764bc41881f4c7a7590df6bc66149e8,azure-spring-cloud-maven-plugin/src/test/java/com/microsoft/azure/maven/spring/configuration/AppSettingsTest.java,0,0,0,0,0.0,0,6,0,0,0,0,0,0,0,0,0,0,0,0,0,0,0,0,0,6,0,0,False
4816,microsoft/azure-maven-plugins,65b948ab8764bc41881f4c7a7590df6bc66149e8,azure-spring-cloud-maven-plugin/src/test/java/com/microsoft/azure/maven/spring/configuration/SpringConfigurationTest.java,0,0,0,0,0.0,0,7,0,0,0,0,0,0,0,0,0,0,0,0,0,0,0,0,0,7,0,0,False
4817,microsoft/azure-maven-plugins,65b948ab8764bc41881f4c7a7590df6bc66149e8,azure-spring-cloud-maven-plugin/src/test/java/com/microsoft/azure/maven/spring/ConfigMojoTest.java,0,0,0,0,0.0,0,14,8,0,0,0,0,11,11,1,0,0,0,0,0,0,2,0,1,11,0,0,False
4818,microsoft/azure-maven-plugins,65b948ab8764bc41881f4c7a7590df6bc66149e8,azure-spring-cloud-maven-plugin/src/test/java/com/microsoft/azure/maven/spring/DeployMojoTest.java,0,0,0,0,0.0,0,1,1,0,0,0,0,1,0,0,0,0,0,0,0,0,0,0,0,1,0,0,False
4819,microsoft/azure-maven-plugins,65b948ab8764bc41881f4c7a7590df6bc66149e8,azure-spring-cloud-maven-plugin/src/test/java/com/microsoft/azure/maven/spring/prompt/PromptWrapperTest.java,0,0,0,0,0.0,0,16,8,1,0,0,0,14,15,0,0,0,2,0,0,7,1,0,1,15,0,0,False
4820,microsoft/azure-maven-plugins,65b948ab8764bc41881f4c7a7590df6bc66149e8,azure-spring-cloud-maven-plugin/src/test/java/com/microsoft/azure/maven/spring/TestHelper.java,0,0,0,0,0.0,0,10,0,0,0,0,0,0,0,0,0,0,0,0,0,0,0,0,0,0,0,0,False
4821,microsoft/azure-maven-plugins,65b948ab8764bc41881f4c7a7590df6bc66149e8,azure-spring-cloud-maven-plugin/src/test/java/com/microsoft/azure/maven/spring/utils/XmlUtilsTest.java,0,0,0,0,0.0,0,6,4,0,0,0,0,1,0,0,0,0,0,0,0,0,0,0,0,5,0,0,False
4822,microsoft/azure-maven-plugins,65b948ab8764bc41881f4c7a7590df6bc66149e8,azure-spring-cloud-maven-plugin/src/test/java/com/microsoft/azure/maven/spring/utils/ResourcesUtilsTest.java,0,0,0,0,0.0,0,2,1,0,0,0,0,1,0,0,0,0,0,0,0,0,0,0,0,2,0,0,False
4823,microsoft/azure-maven-plugins,65b948ab8764bc41881f4c7a7590df6bc66149e8,azure-spring-cloud-maven-plugin/src/test/java/com/microsoft/azure/maven/spring/utils/TemplateUtilsTest.java,0,0,0,0,0.0,0,8,2,0,0,0,0,1,0,0,0,0,0,0,0,1,0,0,0,8,0,0,False
4824,microsoft/azure-maven-plugins,65b948ab8764bc41881f4c7a7590df6bc66149e8,azure-spring-cloud-maven-plugin/src/test/java/com/microsoft/azure/maven/spring/exception/NoResourcesAvailableExceptionTest.java,0,0,0,0,0.0,0,2,0,0,0,0,0,1,0,0,0,0,0,0,0,0,0,0,0,2,0,0,False
4825,microsoft/azure-maven-plugins,65b948ab8764bc41881f4c7a7590df6bc66149e8,azure-spring-cloud-maven-plugin/src/test/java/com/microsoft/azure/maven/spring/exception/SpringConfigurationExceptionTest.java,0,0,0,0,0.0,0,3,1,0,0,0,0,1,0,0,0,0,0,0,0,0,0,0,0,3,0,0,False
4826,microsoft/azure-maven-plugins,65b948ab8764bc41881f4c7a7590df6bc66149e8,azure-spring-cloud-maven-plugin/src/test/java/com/microsoft/azure/maven/spring/spring/SpringServiceClientTest.java,0,0,0,0,0.0,0,3,1,0,0,0,0,1,0,0,0,0,0,0,0,0,0,0,0,2,0,0,False
4827,microsoft/azure-maven-plugins,65b948ab8764bc41881f4c7a7590df6bc66149e8,azure-spring-cloud-maven-plugin/src/test/java/com/microsoft/azure/maven/spring/pom/PomXmlUpdaterTest.java,0,0,0,0,0.0,0,2,2,0,0,0,0,2,0,2,0,0,0,0,0,0,0,0,2,2,0,0,False
4828,microsoft/azure-maven-plugins,0024493e233b5ec16f0f99c14d14be45ba58ba68,azure-auth-helper/src/test/java/com/microsoft/azure/auth/configuration/AuthConfigurationTest.java,0,0,0,0,0.0,0,10,1,0,0,0,0,0,0,0,0,0,0,0,0,1,0,0,0,10,0,0,False
4829,microsoft/azure-maven-plugins,0024493e233b5ec16f0f99c14d14be45ba58ba68,azure-auth-helper/src/test/java/com/microsoft/azure/auth/MavenSettingHelperTest.java,0,0,0,0,0.0,0,5,3,0,0,0,0,4,0,0,0,0,0,0,0,1,0,0,0,4,0,0,False
4830,microsoft/azure-maven-plugins,0024493e233b5ec16f0f99c14d14be45ba58ba68,azure-auth-helper/src/test/java/com/microsoft/azure/auth/TestHelper.java,0,0,0,0,0.0,0,5,0,0,0,0,0,0,0,0,0,0,0,0,0,0,0,0,0,0,0,0,False
4831,microsoft/azure-maven-plugins,0024493e233b5ec16f0f99c14d14be45ba58ba68,azure-auth-helper/src/test/java/com/microsoft/azure/auth/exception/InvalidConfigurationExceptionTest.java,0,0,0,0,0.0,0,2,0,0,0,0,0,1,0,0,0,0,0,0,0,0,0,0,0,2,0,0,False
4832,microsoft/azure-maven-plugins,0024493e233b5ec16f0f99c14d14be45ba58ba68,azure-auth-helper/src/test/java/com/microsoft/azure/auth/exception/MavenDecryptExceptionTest.java,0,0,0,0,0.0,0,3,1,0,0,0,0,1,0,0,0,0,0,0,0,0,0,0,0,3,0,0,False
4833,microsoft/azure-maven-plugins,0024493e233b5ec16f0f99c14d14be45ba58ba68,azure-auth-helper/src/test/java/com/microsoft/azure/auth/exception/AzureLoginFailureExceptionTest.java,0,0,0,0,0.0,0,2,0,0,0,0,0,1,0,0,0,0,0,0,0,0,0,0,0,2,0,0,False
4834,microsoft/azure-maven-plugins,0024493e233b5ec16f0f99c14d14be45ba58ba68,azure-auth-helper/src/test/java/com/microsoft/azure/auth/exception/DesktopNotSupportedExceptionTest.java,0,0,0,0,0.0,0,2,0,0,0,0,0,1,0,0,0,0,0,0,0,0,0,0,0,2,0,0,False
4835,microsoft/azure-maven-plugins,0024493e233b5ec16f0f99c14d14be45ba58ba68,azure-auth-helper/src/test/java/com/microsoft/azure/auth/exception/AzureLoginTimeoutExceptionTest.java,0,0,0,0,0.0,0,2,0,0,0,0,0,1,0,0,0,0,0,0,0,0,0,0,0,2,0,0,False
4836,microsoft/azure-maven-plugins,0024493e233b5ec16f0f99c14d14be45ba58ba68,azure-auth-helper/src/test/java/com/microsoft/azure/auth/AzureAuthHelperTest.java,0,0,0,0,0.0,0,19,11,0,0,0,0,11,16,7,0,0,2,0,0,3,0,0,7,17,0,0,False
4837,microsoft/azure-maven-plugins,0024493e233b5ec16f0f99c14d14be45ba58ba68,azure-auth-helper/src/test/java/com/microsoft/azure/auth/AzureServicePrincipleAuthHelperTest.java,0,0,0,0,0.0,0,6,2,0,0,0,0,5,0,4,0,0,0,0,0,1,2,0,4,5,0,0,False
4838,microsoft/azure-maven-plugins,0024493e233b5ec16f0f99c14d14be45ba58ba68,azure-auth-helper/src/test/java/com/microsoft/azure/auth/AzureCredentialTest.java,0,0,0,0,0.0,0,2,1,0,0,0,0,1,0,0,0,0,0,0,0,0,0,0,0,2,0,0,False
4839,microsoft/azure-maven-plugins,0024493e233b5ec16f0f99c14d14be45ba58ba68,azure-auth-helper/src/test/java/com/microsoft/azure/auth/AzureLoginHelperTest.java,0,0,0,0,0.0,0,9,6,0,0,0,0,6,0,0,0,0,0,0,0,1,0,0,0,8,0,0,False
4840,microsoft/azure-maven-plugins,0024493e233b5ec16f0f99c14d14be45ba58ba68,azure-auth-helper/src/test/java/com/microsoft/azure/auth/LocalAuthServerTest.java,0,0,0,0,0.0,0,6,2,0,0,0,0,4,0,0,0,0,0,0,0,0,1,0,0,4,0,0,False
4841,microsoft/azure-maven-plugins,0024493e233b5ec16f0f99c14d14be45ba58ba68,azure-auth-helper/src/test/java/com/microsoft/azure/auth/AzureContextExecutorTest.java,0,0,0,0,0.0,0,2,1,0,0,0,0,2,0,0,0,0,0,0,0,1,0,0,0,2,0,0,False
4842,microsoft/azure-maven-plugins,0024493e233b5ec16f0f99c14d14be45ba58ba68,azure-maven-plugin-common/src/test/java/com/microsoft/azure/maven/common/validation/SchemaValidatorTest.java,0,0,0,0,0.0,0,6,1,0,0,0,0,5,1,0,1,0,0,0,0,2,0,0,0,5,0,0,False
4843,microsoft/azure-maven-plugins,0024493e233b5ec16f0f99c14d14be45ba58ba68,azure-maven-plugin-common/src/test/java/com/microsoft/azure/maven/common/ConfigurationProblemTest.java,0,0,0,0,0.0,0,1,1,0,0,0,0,0,0,0,0,0,1,0,0,0,0,0,0,1,0,0,False
4844,microsoft/azure-maven-plugins,0024493e233b5ec16f0f99c14d14be45ba58ba68,azure-maven-plugin-common/src/test/java/com/microsoft/azure/maven/common/prompt/DefaultPrompterTest.java,0,0,0,0,0.0,0,13,8,4,0,0,0,12,0,0,0,0,0,0,0,4,1,0,0,12,0,0,False
4845,microsoft/azure-maven-plugins,0024493e233b5ec16f0f99c14d14be45ba58ba68,azure-maven-plugin-common/src/test/java/com/microsoft/azure/maven/common/prompt/InputValidateResultTest.java,0,0,0,0,0.0,0,2,2,0,0,0,0,0,0,0,0,0,0,0,0,0,0,0,0,2,0,0,False
4846,microsoft/azure-maven-plugins,0024493e233b5ec16f0f99c14d14be45ba58ba68,azure-maven-plugin-common/src/test/java/com/microsoft/azure/maven/common/TestHelper.java,0,0,0,0,0.0,0,2,0,0,0,0,0,0,0,0,0,0,0,0,0,0,0,0,0,0,0,0,False
4847,microsoft/azure-maven-plugins,0024493e233b5ec16f0f99c14d14be45ba58ba68,azure-maven-plugin-common/src/test/java/com/microsoft/azure/maven/common/utils/MavenUtilsTest.java,0,0,0,0,0.0,0,3,2,0,0,0,0,3,0,3,0,0,0,0,0,0,0,0,3,3,0,0,False
4848,microsoft/azure-maven-plugins,0024493e233b5ec16f0f99c14d14be45ba58ba68,azure-maven-plugin-common/src/test/java/com/microsoft/azure/maven/common/utils/IndentUtilTest.java,0,0,0,0,0.0,0,2,1,0,0,0,0,1,0,0,0,0,0,0,0,1,0,0,0,2,0,0,False
4849,microsoft/azure-maven-plugins,0024493e233b5ec16f0f99c14d14be45ba58ba68,azure-maven-plugin-common/src/test/java/com/microsoft/azure/maven/common/utils/SneakyThrowUtilsTest.java,0,0,0,0,0.0,0,2,0,0,0,0,0,1,0,0,0,0,0,0,0,0,0,0,0,1,0,0,False
4850,microsoft/azure-maven-plugins,0024493e233b5ec16f0f99c14d14be45ba58ba68,azure-maven-plugin-common/src/test/java/com/microsoft/azure/maven/common/utils/TextUtilsTest.java,0,0,0,0,0.0,0,11,5,0,0,0,0,1,0,0,5,0,0,0,0,0,0,0,0,10,0,0,False
4851,microsoft/azure-maven-plugins,0024493e233b5ec16f0f99c14d14be45ba58ba68,azure-maven-plugin-common/src/test/java/com/microsoft/azure/maven/common/utils/JsonUtilsTest.java,0,0,0,0,0.0,0,2,1,0,0,0,0,1,0,0,0,0,0,0,0,1,0,0,0,2,0,0,False
4852,microsoft/azure-maven-plugins,0024493e233b5ec16f0f99c14d14be45ba58ba68,azure-maven-plugin/src/test/java/com/microsoft/azure/plugin/login/TestHelper.java,0,0,0,0,0.0,0,8,0,0,0,0,0,0,0,0,0,0,0,0,0,0,0,0,0,0,0,0,False
4853,microsoft/azure-maven-plugins,0024493e233b5ec16f0f99c14d14be45ba58ba68,azure-maven-plugin/src/test/java/com/microsoft/azure/plugin/login/LoginMojoTest.java,0,0,0,0,0.0,0,6,0,0,0,0,0,5,0,4,0,0,0,0,0,0,4,0,4,5,0,0,False
4854,microsoft/azure-maven-plugins,0024493e233b5ec16f0f99c14d14be45ba58ba68,azure-maven-plugin/src/test/java/com/microsoft/azure/plugin/login/LogoutMojoTest.java,0,0,0,0,0.0,0,3,1,0,0,0,0,2,0,1,0,0,0,0,0,1,0,0,1,2,0,0,False
4855,microsoft/azure-maven-plugins,0024493e233b5ec16f0f99c14d14be45ba58ba68,azure-maven-plugin/src/test/java/com/microsoft/azure/plugin/login/SelectSubscriptionMojoTest.java,0,0,0,0,0.0,0,9,1,0,0,0,0,8,0,5,0,0,0,0,0,0,3,0,5,8,0,0,False
4856,microsoft/azure-maven-plugins,0024493e233b5ec16f0f99c14d14be45ba58ba68,azure-maven-plugin-lib/src/test/java/com/microsoft/azure/maven/auth/AzureAuthHelperTest.java,0,0,0,0,0.0,0,13,5,0,0,0,0,4,0,0,0,0,0,0,0,3,1,0,0,12,0,0,False
4857,microsoft/azure-maven-plugins,0024493e233b5ec16f0f99c14d14be45ba58ba68,azure-spring-cloud-maven-plugin/src/test/java/com/microsoft/azure/maven/spring/configuration/DeploymentTest.java,0,0,0,0,0.0,0,7,1,0,0,0,0,0,0,0,0,0,0,0,0,0,0,0,0,7,0,0,False
4858,microsoft/azure-maven-plugins,0024493e233b5ec16f0f99c14d14be45ba58ba68,azure-spring-cloud-maven-plugin/src/test/java/com/microsoft/azure/maven/spring/configuration/DeploymentSettingsTest.java,0,0,0,0,0.0,0,7,0,0,0,0,0,0,0,0,0,0,0,0,0,0,0,0,0,7,0,0,False
4859,microsoft/azure-maven-plugins,0024493e233b5ec16f0f99c14d14be45ba58ba68,azure-spring-cloud-maven-plugin/src/test/java/com/microsoft/azure/maven/spring/configuration/VolumeTest.java,0,0,0,0,0.0,0,3,0,0,0,0,0,0,0,0,0,0,0,0,0,0,0,0,0,3,0,0,False
4860,microsoft/azure-maven-plugins,0024493e233b5ec16f0f99c14d14be45ba58ba68,azure-spring-cloud-maven-plugin/src/test/java/com/microsoft/azure/maven/spring/configuration/AppSettingsTest.java,0,0,0,0,0.0,0,6,0,0,0,0,0,0,0,0,0,0,0,0,0,0,0,0,0,6,0,0,False
4861,microsoft/azure-maven-plugins,0024493e233b5ec16f0f99c14d14be45ba58ba68,azure-spring-cloud-maven-plugin/src/test/java/com/microsoft/azure/maven/spring/configuration/SpringConfigurationTest.java,0,0,0,0,0.0,0,7,0,0,0,0,0,0,0,0,0,0,0,0,0,0,0,0,0,7,0,0,False
4862,microsoft/azure-maven-plugins,0024493e233b5ec16f0f99c14d14be45ba58ba68,azure-spring-cloud-maven-plugin/src/test/java/com/microsoft/azure/maven/spring/ConfigMojoTest.java,0,0,0,0,0.0,0,14,8,0,0,0,0,11,11,1,0,0,0,0,0,0,2,0,1,11,0,0,False
4863,microsoft/azure-maven-plugins,0024493e233b5ec16f0f99c14d14be45ba58ba68,azure-spring-cloud-maven-plugin/src/test/java/com/microsoft/azure/maven/spring/DeployMojoTest.java,0,0,0,0,0.0,0,1,1,0,0,0,0,1,0,0,0,0,0,0,0,0,0,0,0,1,0,0,False
4864,microsoft/azure-maven-plugins,0024493e233b5ec16f0f99c14d14be45ba58ba68,azure-spring-cloud-maven-plugin/src/test/java/com/microsoft/azure/maven/spring/prompt/PromptWrapperTest.java,0,0,0,0,0.0,0,16,8,1,0,0,0,14,15,0,0,0,2,0,0,7,1,0,1,15,0,0,False
4865,microsoft/azure-maven-plugins,0024493e233b5ec16f0f99c14d14be45ba58ba68,azure-spring-cloud-maven-plugin/src/test/java/com/microsoft/azure/maven/spring/TestHelper.java,0,0,0,0,0.0,0,10,0,0,0,0,0,0,0,0,0,0,0,0,0,0,0,0,0,0,0,0,False
4866,microsoft/azure-maven-plugins,0024493e233b5ec16f0f99c14d14be45ba58ba68,azure-spring-cloud-maven-plugin/src/test/java/com/microsoft/azure/maven/spring/utils/XmlUtilsTest.java,0,0,0,0,0.0,0,6,4,0,0,0,0,1,0,0,0,0,0,0,0,0,0,0,0,5,0,0,False
4867,microsoft/azure-maven-plugins,0024493e233b5ec16f0f99c14d14be45ba58ba68,azure-spring-cloud-maven-plugin/src/test/java/com/microsoft/azure/maven/spring/utils/ResourcesUtilsTest.java,0,0,0,0,0.0,0,2,1,0,0,0,0,1,0,0,0,0,0,0,0,0,0,0,0,2,0,0,False
4868,microsoft/azure-maven-plugins,0024493e233b5ec16f0f99c14d14be45ba58ba68,azure-spring-cloud-maven-plugin/src/test/java/com/microsoft/azure/maven/spring/utils/TemplateUtilsTest.java,0,0,0,0,0.0,0,8,2,0,0,0,0,1,0,0,0,0,0,0,0,1,0,0,0,8,0,0,False
4869,microsoft/azure-maven-plugins,0024493e233b5ec16f0f99c14d14be45ba58ba68,azure-spring-cloud-maven-plugin/src/test/java/com/microsoft/azure/maven/spring/exception/NoResourcesAvailableExceptionTest.java,0,0,0,0,0.0,0,2,0,0,0,0,0,1,0,0,0,0,0,0,0,0,0,0,0,2,0,0,False
4870,microsoft/azure-maven-plugins,0024493e233b5ec16f0f99c14d14be45ba58ba68,azure-spring-cloud-maven-plugin/src/test/java/com/microsoft/azure/maven/spring/exception/SpringConfigurationExceptionTest.java,0,0,0,0,0.0,0,3,1,0,0,0,0,1,0,0,0,0,0,0,0,0,0,0,0,3,0,0,False
4871,microsoft/azure-maven-plugins,0024493e233b5ec16f0f99c14d14be45ba58ba68,azure-spring-cloud-maven-plugin/src/test/java/com/microsoft/azure/maven/spring/spring/SpringServiceClientTest.java,0,0,0,0,0.0,0,3,1,0,0,0,0,1,0,0,0,0,0,0,0,0,0,0,0,2,0,0,False
4872,microsoft/azure-maven-plugins,0024493e233b5ec16f0f99c14d14be45ba58ba68,azure-spring-cloud-maven-plugin/src/test/java/com/microsoft/azure/maven/spring/pom/PomXmlUpdaterTest.java,0,0,0,0,0.0,0,2,2,0,0,0,0,2,0,2,0,0,0,0,0,0,0,0,2,2,0,0,False
4873,microsoft/azure-maven-plugins,0d0ddd8e6731670686215de0b22d2900ec1bba92,azure-webapp-maven-plugin/src/test/java/com/microsoft/azure/maven/webapp/utils/TestUtils.java,0,0,0,0,0.0,0,4,0,0,0,0,0,0,0,0,0,0,0,0,0,0,0,0,0,0,0,0,False
4874,microsoft/azure-maven-plugins,2f35bae4591c69218ba44b80636a222362dde9ce,azure-webapp-maven-plugin/src/test/java/com/microsoft/azure/maven/webapp/utils/TestUtils.java,0,0,0,0,0.0,0,4,0,0,0,0,0,0,0,0,0,0,0,0,0,0,0,0,0,0,0,0,False
4875,microsoft/azure-maven-plugins,d3e0b6fa0e00f38c04b622589a939fb3bae2227e,azure-webapp-maven-plugin/src/test/java/com/microsoft/azure/maven/webapp/utils/TestUtils.java,0,0,0,0,0.0,0,4,0,0,0,0,0,0,0,0,0,0,0,0,0,0,0,0,0,0,0,0,False
4876,microsoft/azure-maven-plugins,acc92307975efe1040b97d2a137288c25609d696,azure-webapp-maven-plugin/src/test/java/com/microsoft/azure/maven/webapp/utils/TestUtils.java,0,0,0,0,0.0,0,4,0,0,0,0,0,0,0,0,0,0,0,0,0,0,0,0,0,0,0,0,False
4877,microsoft/azure-maven-plugins,96f09df5a4a7cdad850d397f82dcb068ecce6283,azure-webapp-maven-plugin/src/test/java/com/microsoft/azure/maven/webapp/utils/TestUtils.java,0,0,0,0,0.0,0,4,0,0,0,0,0,0,0,0,0,0,0,0,0,0,0,0,0,0,0,0,False
4878,microsoft/azure-maven-plugins,16902cc8646901b22090fd5567c4a5f04c34eeab,azure-webapp-maven-plugin/src/test/java/com/microsoft/azure/maven/webapp/utils/TestUtils.java,0,0,0,0,0.0,0,4,0,0,0,0,0,0,0,0,0,0,0,0,0,0,0,0,0,0,0,0,False
4879,microsoft/azure-maven-plugins,8725fd9ac9ac8abbb1d5bff25106e77a72650d09,azure-webapp-maven-plugin/src/test/java/com/microsoft/azure/maven/webapp/utils/TestUtils.java,0,0,0,0,0.0,0,4,0,0,0,0,0,0,0,0,0,0,0,0,0,0,0,0,0,0,0,0,False
4880,microsoft/azure-maven-plugins,698ac69f26614d36f329295bd1784a0645a4f445,azure-webapp-maven-plugin/src/test/java/com/microsoft/azure/maven/webapp/utils/TestUtils.java,0,0,0,0,0.0,0,4,0,0,0,0,0,0,0,0,0,0,0,0,0,0,0,0,0,0,0,0,False
4881,microsoft/azure-maven-plugins,5533b4c0ba0fb135c20e6a4f217e0142a000e1b4,azure-webapp-maven-plugin/src/test/java/com/microsoft/azure/maven/webapp/utils/TestUtils.java,0,0,0,0,0.0,0,4,0,0,0,0,0,0,0,0,0,0,0,0,0,0,0,0,0,0,0,0,False
4882,microsoft/azure-maven-plugins,f8a4e47deaf610f94ca4440f0a4087c4b3fe8d10,azure-webapp-maven-plugin/src/test/java/com/microsoft/azure/maven/webapp/utils/TestUtils.java,0,0,0,0,0.0,0,4,0,0,0,0,0,0,0,0,0,0,0,0,0,0,0,0,0,0,0,0,False
4883,microsoft/azure-maven-plugins,4f8edec2b831ea9d29165dcaf09daef10e7653e5,azure-auth-helper/src/test/java/com/microsoft/azure/auth/configuration/AuthConfigurationTest.java,0,0,0,0,0.0,0,10,1,0,0,0,0,0,0,0,0,0,0,0,0,1,0,0,0,10,0,0,False
4884,microsoft/azure-maven-plugins,4f8edec2b831ea9d29165dcaf09daef10e7653e5,azure-auth-helper/src/test/java/com/microsoft/azure/auth/MavenSettingHelperTest.java,0,0,0,0,0.0,0,5,3,0,0,0,0,4,0,0,0,0,0,0,0,1,0,0,0,4,0,0,False
4885,microsoft/azure-maven-plugins,4f8edec2b831ea9d29165dcaf09daef10e7653e5,azure-auth-helper/src/test/java/com/microsoft/azure/auth/TestHelper.java,0,0,0,0,0.0,0,5,0,0,0,0,0,0,0,0,0,0,0,0,0,0,0,0,0,0,0,0,False
4886,microsoft/azure-maven-plugins,4f8edec2b831ea9d29165dcaf09daef10e7653e5,azure-auth-helper/src/test/java/com/microsoft/azure/auth/exception/InvalidConfigurationExceptionTest.java,0,0,0,0,0.0,0,2,0,0,0,0,0,1,0,0,0,0,0,0,0,0,0,0,0,2,0,0,False
4887,microsoft/azure-maven-plugins,4f8edec2b831ea9d29165dcaf09daef10e7653e5,azure-auth-helper/src/test/java/com/microsoft/azure/auth/exception/MavenDecryptExceptionTest.java,0,0,0,0,0.0,0,3,1,0,0,0,0,1,0,0,0,0,0,0,0,0,0,0,0,3,0,0,False
4888,microsoft/azure-maven-plugins,4f8edec2b831ea9d29165dcaf09daef10e7653e5,azure-auth-helper/src/test/java/com/microsoft/azure/auth/exception/AzureLoginFailureExceptionTest.java,0,0,0,0,0.0,0,2,0,0,0,0,0,1,0,0,0,0,0,0,0,0,0,0,0,2,0,0,False
4889,microsoft/azure-maven-plugins,4f8edec2b831ea9d29165dcaf09daef10e7653e5,azure-auth-helper/src/test/java/com/microsoft/azure/auth/exception/DesktopNotSupportedExceptionTest.java,0,0,0,0,0.0,0,2,0,0,0,0,0,1,0,0,0,0,0,0,0,0,0,0,0,2,0,0,False
4890,microsoft/azure-maven-plugins,4f8edec2b831ea9d29165dcaf09daef10e7653e5,azure-auth-helper/src/test/java/com/microsoft/azure/auth/exception/AzureLoginTimeoutExceptionTest.java,0,0,0,0,0.0,0,2,0,0,0,0,0,1,0,0,0,0,0,0,0,0,0,0,0,2,0,0,False
4891,microsoft/azure-maven-plugins,4f8edec2b831ea9d29165dcaf09daef10e7653e5,azure-auth-helper/src/test/java/com/microsoft/azure/auth/AzureAuthHelperTest.java,0,0,0,0,0.0,0,19,11,0,0,0,0,11,16,7,0,0,2,0,0,3,0,0,7,17,0,0,False
4892,microsoft/azure-maven-plugins,4f8edec2b831ea9d29165dcaf09daef10e7653e5,azure-auth-helper/src/test/java/com/microsoft/azure/auth/AzureServicePrincipleAuthHelperTest.java,0,0,0,0,0.0,0,6,2,0,0,0,0,5,0,4,0,0,0,0,0,1,2,0,4,5,0,0,False
4893,microsoft/azure-maven-plugins,4f8edec2b831ea9d29165dcaf09daef10e7653e5,azure-auth-helper/src/test/java/com/microsoft/azure/auth/AzureCredentialTest.java,0,0,0,0,0.0,0,2,1,0,0,0,0,1,0,0,0,0,0,0,0,0,0,0,0,2,0,0,False
4894,microsoft/azure-maven-plugins,4f8edec2b831ea9d29165dcaf09daef10e7653e5,azure-auth-helper/src/test/java/com/microsoft/azure/auth/AzureLoginHelperTest.java,0,0,0,0,0.0,0,9,6,0,0,0,0,6,0,0,0,0,0,0,0,1,0,0,0,8,0,0,False
4895,microsoft/azure-maven-plugins,4f8edec2b831ea9d29165dcaf09daef10e7653e5,azure-auth-helper/src/test/java/com/microsoft/azure/auth/LocalAuthServerTest.java,0,0,0,0,0.0,0,7,3,0,0,0,0,5,0,0,1,0,0,0,0,0,1,0,0,5,0,0,False
4896,microsoft/azure-maven-plugins,4f8edec2b831ea9d29165dcaf09daef10e7653e5,azure-auth-helper/src/test/java/com/microsoft/azure/auth/AzureContextExecutorTest.java,0,0,0,0,0.0,0,2,1,0,0,0,0,2,0,0,0,0,0,0,0,1,0,0,0,2,0,0,False
4897,microsoft/azure-maven-plugins,4f8edec2b831ea9d29165dcaf09daef10e7653e5,azure-maven-plugin-common/src/test/java/com/microsoft/azure/maven/common/TestHelper.java,0,0,0,0,0.0,0,1,0,0,0,0,0,0,0,0,0,0,0,0,0,0,0,0,0,0,0,0,False
4898,microsoft/azure-maven-plugins,4f8edec2b831ea9d29165dcaf09daef10e7653e5,azure-maven-plugin-common/src/test/java/com/microsoft/azure/maven/common/utils/MavenUtilsTest.java,0,0,0,0,0.0,0,3,2,0,0,0,0,3,0,3,0,0,0,0,0,0,0,0,3,3,0,0,False
4899,microsoft/azure-maven-plugins,4f8edec2b831ea9d29165dcaf09daef10e7653e5,azure-maven-plugin/src/test/java/com/microsoft/azure/plugin/login/TestHelper.java,0,0,0,0,0.0,0,8,0,0,0,0,0,0,0,0,0,0,0,0,0,0,0,0,0,0,0,0,False
4900,microsoft/azure-maven-plugins,4f8edec2b831ea9d29165dcaf09daef10e7653e5,azure-maven-plugin/src/test/java/com/microsoft/azure/plugin/login/LoginMojoTest.java,0,0,0,0,0.0,0,6,0,0,0,0,0,5,0,4,0,0,0,0,0,0,4,0,4,5,0,0,False
4901,microsoft/azure-maven-plugins,4f8edec2b831ea9d29165dcaf09daef10e7653e5,azure-maven-plugin/src/test/java/com/microsoft/azure/plugin/login/LogoutMojoTest.java,0,0,0,0,0.0,0,3,1,0,0,0,0,2,0,1,0,0,0,0,0,1,0,0,1,2,0,0,False
4902,microsoft/azure-maven-plugins,4f8edec2b831ea9d29165dcaf09daef10e7653e5,azure-maven-plugin/src/test/java/com/microsoft/azure/plugin/login/SelectSubscriptionMojoTest.java,0,0,0,0,0.0,0,9,1,0,0,0,0,8,0,5,0,0,0,0,0,0,3,0,5,8,0,0,False
4903,microsoft/azure-maven-plugins,4f8edec2b831ea9d29165dcaf09daef10e7653e5,azure-maven-plugin-lib/src/test/java/com/microsoft/azure/maven/auth/AzureAuthHelperTest.java,0,0,0,0,0.0,0,13,5,0,0,0,0,4,0,0,0,0,0,0,0,3,1,0,0,12,0,0,False
4904,microsoft/azure-maven-plugins,4f8edec2b831ea9d29165dcaf09daef10e7653e5,azure-spring-cloud-maven-plugin/src/test/java/com/microsoft/azure/maven/spring/configuration/DeploymentTest.java,0,0,0,0,0.0,0,7,1,0,0,0,0,0,0,0,0,0,0,0,0,0,0,0,0,7,0,0,False
4905,microsoft/azure-maven-plugins,4f8edec2b831ea9d29165dcaf09daef10e7653e5,azure-spring-cloud-maven-plugin/src/test/java/com/microsoft/azure/maven/spring/configuration/DeploymentSettingsTest.java,0,0,0,0,0.0,0,7,0,0,0,0,0,0,0,0,0,0,0,0,0,0,0,0,0,7,0,0,False
4906,microsoft/azure-maven-plugins,4f8edec2b831ea9d29165dcaf09daef10e7653e5,azure-spring-cloud-maven-plugin/src/test/java/com/microsoft/azure/maven/spring/configuration/VolumeTest.java,0,0,0,0,0.0,0,3,0,0,0,0,0,0,0,0,0,0,0,0,0,0,0,0,0,3,0,0,False
4907,microsoft/azure-maven-plugins,4f8edec2b831ea9d29165dcaf09daef10e7653e5,azure-spring-cloud-maven-plugin/src/test/java/com/microsoft/azure/maven/spring/configuration/AppSettingsTest.java,0,0,0,0,0.0,0,6,0,0,0,0,0,0,0,0,0,0,0,0,0,0,0,0,0,6,0,0,False
4908,microsoft/azure-maven-plugins,4f8edec2b831ea9d29165dcaf09daef10e7653e5,azure-spring-cloud-maven-plugin/src/test/java/com/microsoft/azure/maven/spring/configuration/SpringConfigurationTest.java,0,0,0,0,0.0,0,7,0,0,0,0,0,0,0,0,0,0,0,0,0,0,0,0,0,7,0,0,False
4909,microsoft/azure-maven-plugins,4f8edec2b831ea9d29165dcaf09daef10e7653e5,azure-spring-cloud-maven-plugin/src/test/java/com/microsoft/azure/maven/spring/ConfigMojoTest.java,0,0,0,0,0.0,0,14,8,0,0,0,0,11,11,1,0,0,0,0,0,0,2,0,1,11,0,0,False
4910,microsoft/azure-maven-plugins,4f8edec2b831ea9d29165dcaf09daef10e7653e5,azure-spring-cloud-maven-plugin/src/test/java/com/microsoft/azure/maven/spring/DeployMojoTest.java,0,0,0,0,0.0,0,1,1,0,0,0,0,1,0,0,0,0,0,0,0,0,0,0,0,1,0,0,False
4911,microsoft/azure-maven-plugins,4f8edec2b831ea9d29165dcaf09daef10e7653e5,azure-spring-cloud-maven-plugin/src/test/java/com/microsoft/azure/maven/spring/prompt/PromptWrapperTest.java,0,0,0,0,0.0,0,16,8,1,0,0,0,14,15,0,0,0,2,0,0,7,1,0,1,15,0,0,False
4912,microsoft/azure-maven-plugins,4f8edec2b831ea9d29165dcaf09daef10e7653e5,azure-spring-cloud-maven-plugin/src/test/java/com/microsoft/azure/maven/spring/TestHelper.java,0,0,0,0,0.0,0,10,0,0,0,0,0,0,0,0,0,0,0,0,0,0,0,0,0,0,0,0,False
4913,microsoft/azure-maven-plugins,4f8edec2b831ea9d29165dcaf09daef10e7653e5,azure-spring-cloud-maven-plugin/src/test/java/com/microsoft/azure/maven/spring/utils/XmlUtilsTest.java,0,0,0,0,0.0,0,6,4,0,0,0,0,1,0,0,0,0,0,0,0,0,0,0,0,5,0,0,False
4914,microsoft/azure-maven-plugins,4f8edec2b831ea9d29165dcaf09daef10e7653e5,azure-spring-cloud-maven-plugin/src/test/java/com/microsoft/azure/maven/spring/utils/ResourcesUtilsTest.java,0,0,0,0,0.0,0,2,1,0,0,0,0,1,0,0,0,0,0,0,0,0,0,0,0,2,0,0,False
4915,microsoft/azure-maven-plugins,4f8edec2b831ea9d29165dcaf09daef10e7653e5,azure-spring-cloud-maven-plugin/src/test/java/com/microsoft/azure/maven/spring/utils/TemplateUtilsTest.java,0,0,0,0,0.0,0,8,2,0,0,0,0,1,0,0,0,0,0,0,0,1,0,0,0,8,0,0,False
4916,microsoft/azure-maven-plugins,4f8edec2b831ea9d29165dcaf09daef10e7653e5,azure-spring-cloud-maven-plugin/src/test/java/com/microsoft/azure/maven/spring/exception/NoResourcesAvailableExceptionTest.java,0,0,0,0,0.0,0,2,0,0,0,0,0,1,0,0,0,0,0,0,0,0,0,0,0,2,0,0,False
4917,microsoft/azure-maven-plugins,4f8edec2b831ea9d29165dcaf09daef10e7653e5,azure-spring-cloud-maven-plugin/src/test/java/com/microsoft/azure/maven/spring/exception/SpringConfigurationExceptionTest.java,0,0,0,0,0.0,0,3,1,0,0,0,0,1,0,0,0,0,0,0,0,0,0,0,0,3,0,0,False
4918,microsoft/azure-maven-plugins,4f8edec2b831ea9d29165dcaf09daef10e7653e5,azure-spring-cloud-maven-plugin/src/test/java/com/microsoft/azure/maven/spring/spring/SpringServiceClientTest.java,0,0,0,0,0.0,0,3,1,0,0,0,0,1,0,0,0,0,0,0,0,0,0,0,0,2,0,0,False
4919,microsoft/azure-maven-plugins,4f8edec2b831ea9d29165dcaf09daef10e7653e5,azure-spring-cloud-maven-plugin/src/test/java/com/microsoft/azure/maven/spring/pom/PomXmlUpdaterTest.java,0,0,0,0,0.0,0,2,2,0,0,0,0,2,0,2,0,0,0,0,0,0,0,0,2,2,0,0,False
4920,microsoft/azure-maven-plugins,4f8edec2b831ea9d29165dcaf09daef10e7653e5,azure-tools-common/src/test/java/com/microsoft/azure/common/validation/SchemaValidatorTest.java,0,0,0,0,0.0,0,6,1,0,0,0,0,5,1,0,1,0,0,0,0,2,0,0,0,5,0,0,False
4921,microsoft/azure-maven-plugins,4f8edec2b831ea9d29165dcaf09daef10e7653e5,azure-tools-common/src/test/java/com/microsoft/azure/common/ConfigurationProblemTest.java,0,0,0,0,0.0,0,1,1,0,0,0,0,0,0,0,0,0,1,0,0,0,0,0,0,1,0,0,False
4922,microsoft/azure-maven-plugins,4f8edec2b831ea9d29165dcaf09daef10e7653e5,azure-tools-common/src/test/java/com/microsoft/azure/common/prompt/DefaultPrompterTest.java,0,0,0,0,0.0,0,13,8,4,0,0,0,12,0,0,0,0,0,0,0,4,1,0,0,12,0,0,False
4923,microsoft/azure-maven-plugins,4f8edec2b831ea9d29165dcaf09daef10e7653e5,azure-tools-common/src/test/java/com/microsoft/azure/common/prompt/InputValidateResultTest.java,0,0,0,0,0.0,0,2,2,0,0,0,0,0,0,0,0,0,0,0,0,0,0,0,0,2,0,0,False
4924,microsoft/azure-maven-plugins,4f8edec2b831ea9d29165dcaf09daef10e7653e5,azure-tools-common/src/test/java/com/microsoft/azure/common/handlers/artifact/ZIPArtifactHandlerImplTest.java,0,0,0,0,0.0,0,7,0,0,0,0,0,3,0,3,0,0,0,0,0,0,1,0,3,5,0,0,False
4925,microsoft/azure-maven-plugins,4f8edec2b831ea9d29165dcaf09daef10e7653e5,azure-tools-common/src/test/java/com/microsoft/azure/common/handlers/artifact/FTPArtifactHandlerImplTest.java,0,0,0,0,0.0,0,6,0,0,0,0,0,4,0,0,0,0,0,0,0,0,4,0,0,4,0,0,False
4926,microsoft/azure-maven-plugins,4f8edec2b831ea9d29165dcaf09daef10e7653e5,azure-tools-common/src/test/java/com/microsoft/azure/common/handlers/artifact/ArtifactHandlerBaseTest.java,0,0,0,0,0.0,0,4,0,0,0,0,0,3,0,0,0,0,0,0,0,0,0,0,0,3,0,0,False
4927,microsoft/azure-maven-plugins,4f8edec2b831ea9d29165dcaf09daef10e7653e5,azure-tools-common/src/test/java/com/microsoft/azure/common/TestHelper.java,0,0,0,0,0.0,0,1,0,0,0,0,0,0,0,0,0,0,0,0,0,0,0,0,0,0,0,0,False
4928,microsoft/azure-maven-plugins,4f8edec2b831ea9d29165dcaf09daef10e7653e5,azure-tools-common/src/test/java/com/microsoft/azure/common/utils/IndentUtilTest.java,0,0,0,0,0.0,0,2,1,0,0,0,0,1,0,0,0,0,0,0,0,1,0,0,0,2,0,0,False
4929,microsoft/azure-maven-plugins,4f8edec2b831ea9d29165dcaf09daef10e7653e5,azure-tools-common/src/test/java/com/microsoft/azure/common/utils/SneakyThrowUtilsTest.java,0,0,0,0,0.0,0,2,0,0,0,0,0,1,0,0,0,0,0,0,0,0,0,0,0,1,0,0,False
4930,microsoft/azure-maven-plugins,4f8edec2b831ea9d29165dcaf09daef10e7653e5,azure-tools-common/src/test/java/com/microsoft/azure/common/utils/TextUtilsTest.java,0,0,0,0,0.0,0,11,5,0,0,0,0,1,0,0,5,0,0,0,0,0,0,0,0,10,0,0,False
4931,microsoft/azure-maven-plugins,4f8edec2b831ea9d29165dcaf09daef10e7653e5,azure-tools-common/src/test/java/com/microsoft/azure/common/utils/JsonUtilsTest.java,0,0,0,0,0.0,0,2,1,0,0,0,0,1,0,0,0,0,0,0,0,1,0,0,0,2,0,0,False
4932,microsoft/azure-maven-plugins,4f8edec2b831ea9d29165dcaf09daef10e7653e5,azure-tools-common/src/test/java/com/microsoft/azure/common/UtilsTest.java,0,0,0,0,0.0,0,2,1,0,0,0,0,2,0,0,0,0,0,0,0,0,0,0,0,2,0,0,False
4933,microsoft/azure-maven-plugins,4f8edec2b831ea9d29165dcaf09daef10e7653e5,azure-tools-common/src/test/java/com/microsoft/azure/common/FTPUploaderTest.java,0,0,0,0,0.0,0,4,0,0,0,0,0,3,0,0,0,0,0,0,0,0,1,0,0,3,0,0,False
4934,microsoft/azure-maven-plugins,4f8edec2b831ea9d29165dcaf09daef10e7653e5,azure-tools-common/src/test/java/com/microsoft/azure/common/function/handlers/artifact/FunctionArtifactHelperTest.java,0,0,0,0,0.0,0,5,0,0,0,0,0,5,0,0,0,0,0,0,0,0,1,0,0,5,0,0,False
4935,microsoft/azure-maven-plugins,4f8edec2b831ea9d29165dcaf09daef10e7653e5,azure-tools-common/src/test/java/com/microsoft/azure/common/function/handlers/artifact/MSDeployArtifactHandlerImplTest.java,0,0,0,0,0.0,0,7,0,0,0,0,0,5,0,3,0,0,0,0,0,0,3,0,2,5,0,0,False
4936,microsoft/azure-maven-plugins,4f8edec2b831ea9d29165dcaf09daef10e7653e5,azure-tools-common/src/test/java/com/microsoft/azure/common/function/handlers/CommandHandlerImplTest.java,0,0,0,0,0.0,0,3,1,0,0,0,0,1,0,0,0,0,0,0,0,0,0,0,0,3,0,0,False
4937,microsoft/azure-maven-plugins,4f8edec2b831ea9d29165dcaf09daef10e7653e5,azure-tools-common/src/test/java/com/microsoft/azure/common/function/handlers/AnnotationHandlerImplTest.java,0,0,0,0,0.0,0,7,2,0,0,0,0,2,0,0,0,0,0,0,0,0,0,0,0,2,0,0,False
4938,microsoft/azure-maven-plugins,4f8edec2b831ea9d29165dcaf09daef10e7653e5,azure-tools-common/src/test/java/com/microsoft/azure/common/function/handlers/FunctionCoreToolsHandlerImplTest.java,0,0,0,0,0.0,0,7,0,0,0,0,0,6,0,0,0,0,0,0,0,0,3,0,2,7,0,0,False
4939,microsoft/azure-maven-plugins,4f8edec2b831ea9d29165dcaf09daef10e7653e5,azure-tools-common/src/test/java/com/microsoft/azure/common/function/utils/CommandUtilsTest.java,0,0,0,0,0.0,0,3,1,0,0,0,0,1,0,0,0,0,0,0,0,0,0,0,0,3,0,0,False
4940,microsoft/azure-maven-plugins,0234d542e72658acbe01cc5d6bd387928ded1e8d,azure-toolkit-libs/azure-toolkit-appservice-lib/src/test/java/com/microsoft/azure/toolkit/lib/legacy/appservice/handlers/artifact/FTPUploaderTest.java,0,0,0,0,0.0,0,4,0,0,0,0,0,3,0,0,0,0,0,0,0,0,1,0,0,3,0,0,False
4941,microsoft/azure-maven-plugins,0234d542e72658acbe01cc5d6bd387928ded1e8d,azure-toolkit-libs/azure-toolkit-appservice-lib/src/test/java/com/microsoft/azure/toolkit/lib/legacy/function/handlers/CommandHandlerImplTest.java,0,0,0,0,0.0,0,3,1,0,0,0,0,1,0,0,0,0,0,0,0,0,0,0,0,3,0,0,False
4942,microsoft/azure-maven-plugins,0234d542e72658acbe01cc5d6bd387928ded1e8d,azure-toolkit-libs/azure-toolkit-appservice-lib/src/test/java/com/microsoft/azure/toolkit/lib/legacy/function/handlers/AnnotationHandlerImplTest.java,0,0,0,0,0.0,0,7,2,0,0,0,0,2,0,0,0,0,0,0,0,0,0,0,0,2,0,0,False
4943,microsoft/azure-maven-plugins,0234d542e72658acbe01cc5d6bd387928ded1e8d,azure-toolkit-libs/azure-toolkit-appservice-lib/src/test/java/com/microsoft/azure/toolkit/lib/legacy/function/handlers/FunctionCoreToolsHandlerImplTest.java,0,0,0,0,0.0,0,7,0,0,0,0,0,6,0,0,0,0,0,0,0,0,3,0,2,7,0,0,False
4944,microsoft/azure-maven-plugins,0234d542e72658acbe01cc5d6bd387928ded1e8d,azure-toolkit-libs/azure-toolkit-appservice-lib/src/test/java/com/microsoft/azure/toolkit/lib/legacy/function/utils/CommandUtilsTest.java,0,0,0,0,0.0,0,3,1,0,0,0,0,1,0,0,0,0,0,0,0,0,0,0,0,3,0,0,False
4945,microsoft/azure-maven-plugins,0234d542e72658acbe01cc5d6bd387928ded1e8d,azure-toolkit-libs/azure-toolkit-common-lib/src/test/java/com/microsoft/azure/toolkit/lib/legacy/common/AzureHtmlMessagePatternTest.java,0,0,0,0,0.0,0,5,0,0,0,0,0,0,0,0,0,0,0,0,0,0,0,0,0,5,0,0,False
4946,microsoft/azure-maven-plugins,0234d542e72658acbe01cc5d6bd387928ded1e8d,azure-toolkit-libs/azure-toolkit-common-lib/src/test/java/com/microsoft/azure/toolkit/lib/common/telemetry/AzureTelemetryClientTest.java,0,0,0,0,0.0,0,1,0,0,0,0,0,0,0,0,0,0,0,0,0,0,1,0,0,1,0,0,False
4947,microsoft/azure-maven-plugins,0234d542e72658acbe01cc5d6bd387928ded1e8d,azure-maven-plugin-lib/src/test/java/com/microsoft/azure/maven/TestHelper.java,0,0,0,0,0.0,0,2,0,0,0,0,0,0,0,0,0,0,0,0,0,0,0,0,0,0,0,0,False
4948,microsoft/azure-maven-plugins,0234d542e72658acbe01cc5d6bd387928ded1e8d,azure-maven-plugin-lib/src/test/java/com/microsoft/azure/maven/utils/ResourcesUtilsTest.java,0,0,0,0,0.0,0,2,1,0,0,0,0,1,0,0,0,0,0,0,0,0,0,0,0,2,0,0,False
4949,microsoft/azure-maven-plugins,0234d542e72658acbe01cc5d6bd387928ded1e8d,azure-spring-apps-maven-plugin/src/test/java/com/microsoft/azure/maven/springcloud/configuration/SpringCloudAppSettingsTest.java,0,0,0,0,0.0,0,6,0,0,0,0,0,0,0,0,0,0,0,0,0,0,0,0,0,6,0,0,False
4950,microsoft/azure-maven-plugins,0234d542e72658acbe01cc5d6bd387928ded1e8d,azure-spring-apps-maven-plugin/src/test/java/com/microsoft/azure/maven/springcloud/configuration/SpringCloudDeploymentRawConfigTest.java,0,0,0,0,0.0,0,7,0,0,0,0,0,0,0,0,0,0,0,0,0,0,0,0,0,7,0,0,False
4951,microsoft/azure-maven-plugins,0234d542e72658acbe01cc5d6bd387928ded1e8d,azure-spring-apps-maven-plugin/src/test/java/com/microsoft/azure/maven/springcloud/TestHelper.java,0,0,0,0,0.0,0,1,0,0,0,0,0,0,0,0,0,0,0,0,0,0,0,0,0,0,0,0,False
4952,microsoft/azure-maven-plugins,0234d542e72658acbe01cc5d6bd387928ded1e8d,azure-spring-apps-maven-plugin/src/test/java/com/microsoft/azure/maven/springcloud/exception/AzureConfigurationExceptionTest.java,0,0,0,0,0.0,0,3,1,0,0,0,0,1,0,0,0,0,0,0,0,0,0,0,0,3,0,0,False
4953,microsoft/azure-maven-plugins,0234d542e72658acbe01cc5d6bd387928ded1e8d,azure-spring-apps-maven-plugin/src/test/java/com/microsoft/azure/maven/springcloud/pom/PomUtilsTest.java,0,0,0,0,0.0,0,2,2,0,0,0,0,2,0,2,0,0,0,0,0,0,0,0,2,2,0,0,False
4954,microsoft/azure-maven-plugins,8fb4954d731021ec8551b2e7866aa70477441374,azure-toolkit-libs/azure-toolkit-appservice-lib/src/test/java/com/microsoft/azure/toolkit/lib/legacy/appservice/handlers/artifact/FTPUploaderTest.java,0,0,0,0,0.0,0,4,0,0,0,0,0,3,0,0,0,0,0,0,0,0,1,0,0,3,0,0,False
4955,microsoft/azure-maven-plugins,8fb4954d731021ec8551b2e7866aa70477441374,azure-toolkit-libs/azure-toolkit-appservice-lib/src/test/java/com/microsoft/azure/toolkit/lib/legacy/function/handlers/CommandHandlerImplTest.java,0,0,0,0,0.0,0,3,1,0,0,0,0,1,0,0,0,0,0,0,0,0,0,0,0,3,0,0,False
4956,microsoft/azure-maven-plugins,8fb4954d731021ec8551b2e7866aa70477441374,azure-toolkit-libs/azure-toolkit-appservice-lib/src/test/java/com/microsoft/azure/toolkit/lib/legacy/function/handlers/AnnotationHandlerImplTest.java,0,0,0,0,0.0,0,7,2,0,0,0,0,2,0,0,0,0,0,0,0,0,0,0,0,2,0,0,False
4957,microsoft/azure-maven-plugins,8fb4954d731021ec8551b2e7866aa70477441374,azure-toolkit-libs/azure-toolkit-appservice-lib/src/test/java/com/microsoft/azure/toolkit/lib/legacy/function/handlers/FunctionCoreToolsHandlerImplTest.java,0,0,0,0,0.0,0,7,0,0,0,0,0,6,0,0,0,0,0,0,0,0,3,0,2,7,0,0,False
4958,microsoft/azure-maven-plugins,8fb4954d731021ec8551b2e7866aa70477441374,azure-toolkit-libs/azure-toolkit-appservice-lib/src/test/java/com/microsoft/azure/toolkit/lib/legacy/function/utils/CommandUtilsTest.java,0,0,0,0,0.0,0,3,1,0,0,0,0,1,0,0,0,0,0,0,0,0,0,0,0,3,0,0,False
4959,microsoft/azure-maven-plugins,8fb4954d731021ec8551b2e7866aa70477441374,azure-toolkit-libs/azure-toolkit-common-lib/src/test/java/com/microsoft/azure/toolkit/lib/legacy/common/AzureHtmlMessagePatternTest.java,0,0,0,0,0.0,0,5,0,0,0,0,0,0,0,0,0,0,0,0,0,0,0,0,0,5,0,0,False
4960,microsoft/azure-maven-plugins,8fb4954d731021ec8551b2e7866aa70477441374,azure-maven-plugin-lib/src/test/java/com/microsoft/azure/maven/TestHelper.java,0,0,0,0,0.0,0,2,0,0,0,0,0,0,0,0,0,0,0,0,0,0,0,0,0,0,0,0,False
4961,microsoft/azure-maven-plugins,8fb4954d731021ec8551b2e7866aa70477441374,azure-maven-plugin-lib/src/test/java/com/microsoft/azure/maven/utils/ResourcesUtilsTest.java,0,0,0,0,0.0,0,2,1,0,0,0,0,1,0,0,0,0,0,0,0,0,0,0,0,2,0,0,False
4962,microsoft/azure-maven-plugins,8fb4954d731021ec8551b2e7866aa70477441374,azure-spring-apps-maven-plugin/src/test/java/com/microsoft/azure/maven/springcloud/configuration/SpringCloudAppSettingsTest.java,0,0,0,0,0.0,0,6,0,0,0,0,0,0,0,0,0,0,0,0,0,0,0,0,0,6,0,0,False
4963,microsoft/azure-maven-plugins,8fb4954d731021ec8551b2e7866aa70477441374,azure-spring-apps-maven-plugin/src/test/java/com/microsoft/azure/maven/springcloud/configuration/SpringCloudDeploymentRawConfigTest.java,0,0,0,0,0.0,0,7,0,0,0,0,0,0,0,0,0,0,0,0,0,0,0,0,0,7,0,0,False
4964,microsoft/azure-maven-plugins,8fb4954d731021ec8551b2e7866aa70477441374,azure-spring-apps-maven-plugin/src/test/java/com/microsoft/azure/maven/springcloud/TestHelper.java,0,0,0,0,0.0,0,1,0,0,0,0,0,0,0,0,0,0,0,0,0,0,0,0,0,0,0,0,False
4965,microsoft/azure-maven-plugins,8fb4954d731021ec8551b2e7866aa70477441374,azure-spring-apps-maven-plugin/src/test/java/com/microsoft/azure/maven/springcloud/exception/AzureConfigurationExceptionTest.java,0,0,0,0,0.0,0,3,1,0,0,0,0,1,0,0,0,0,0,0,0,0,0,0,0,3,0,0,False
4966,microsoft/azure-maven-plugins,8fb4954d731021ec8551b2e7866aa70477441374,azure-spring-apps-maven-plugin/src/test/java/com/microsoft/azure/maven/springcloud/pom/PomUtilsTest.java,0,0,0,0,0.0,0,2,2,0,0,0,0,2,0,2,0,0,0,0,0,0,0,0,2,2,0,0,False
4967,microsoft/azure-maven-plugins,607c6c049f9e860b585397fe70e7184dcbc8965b,azure-toolkit-libs/azure-toolkit-appservice-lib/src/test/java/com/microsoft/azure/toolkit/lib/legacy/appservice/handlers/artifact/FTPUploaderTest.java,0,0,0,0,0.0,0,4,0,0,0,0,0,3,0,0,0,0,0,0,0,0,1,0,0,3,0,0,False
4968,microsoft/azure-maven-plugins,607c6c049f9e860b585397fe70e7184dcbc8965b,azure-toolkit-libs/azure-toolkit-appservice-lib/src/test/java/com/microsoft/azure/toolkit/lib/legacy/function/handlers/CommandHandlerImplTest.java,0,0,0,0,0.0,0,3,1,0,0,0,0,1,0,0,0,0,0,0,0,0,0,0,0,3,0,0,False
4969,microsoft/azure-maven-plugins,607c6c049f9e860b585397fe70e7184dcbc8965b,azure-toolkit-libs/azure-toolkit-appservice-lib/src/test/java/com/microsoft/azure/toolkit/lib/legacy/function/handlers/AnnotationHandlerImplTest.java,0,0,0,0,0.0,0,7,2,0,0,0,0,2,0,0,0,0,0,0,0,0,0,0,0,2,0,0,False
4970,microsoft/azure-maven-plugins,607c6c049f9e860b585397fe70e7184dcbc8965b,azure-toolkit-libs/azure-toolkit-appservice-lib/src/test/java/com/microsoft/azure/toolkit/lib/legacy/function/handlers/FunctionCoreToolsHandlerImplTest.java,0,0,0,0,0.0,0,7,0,0,0,0,0,6,0,0,0,0,0,0,0,0,3,0,2,7,0,0,False
4971,microsoft/azure-maven-plugins,607c6c049f9e860b585397fe70e7184dcbc8965b,azure-toolkit-libs/azure-toolkit-appservice-lib/src/test/java/com/microsoft/azure/toolkit/lib/legacy/function/utils/CommandUtilsTest.java,0,0,0,0,0.0,0,3,1,0,0,0,0,1,0,0,0,0,0,0,0,0,0,0,0,3,0,0,False
4972,microsoft/azure-maven-plugins,607c6c049f9e860b585397fe70e7184dcbc8965b,azure-maven-plugin-lib/src/test/java/com/microsoft/azure/maven/TestHelper.java,0,0,0,0,0.0,0,2,0,0,0,0,0,0,0,0,0,0,0,0,0,0,0,0,0,0,0,0,False
4973,microsoft/azure-maven-plugins,607c6c049f9e860b585397fe70e7184dcbc8965b,azure-maven-plugin-lib/src/test/java/com/microsoft/azure/maven/utils/ResourcesUtilsTest.java,0,0,0,0,0.0,0,2,1,0,0,0,0,1,0,0,0,0,0,0,0,0,0,0,0,2,0,0,False
4974,microsoft/azure-maven-plugins,607c6c049f9e860b585397fe70e7184dcbc8965b,azure-spring-apps-maven-plugin/src/test/java/com/microsoft/azure/maven/springcloud/configuration/SpringCloudAppSettingsTest.java,0,0,0,0,0.0,0,6,0,0,0,0,0,0,0,0,0,0,0,0,0,0,0,0,0,6,0,0,False
4975,microsoft/azure-maven-plugins,607c6c049f9e860b585397fe70e7184dcbc8965b,azure-spring-apps-maven-plugin/src/test/java/com/microsoft/azure/maven/springcloud/configuration/SpringCloudDeploymentRawConfigTest.java,0,0,0,0,0.0,0,7,0,0,0,0,0,0,0,0,0,0,0,0,0,0,0,0,0,7,0,0,False
4976,microsoft/azure-maven-plugins,607c6c049f9e860b585397fe70e7184dcbc8965b,azure-spring-apps-maven-plugin/src/test/java/com/microsoft/azure/maven/springcloud/TestHelper.java,0,0,0,0,0.0,0,1,0,0,0,0,0,0,0,0,0,0,0,0,0,0,0,0,0,0,0,0,False
4977,microsoft/azure-maven-plugins,607c6c049f9e860b585397fe70e7184dcbc8965b,azure-spring-apps-maven-plugin/src/test/java/com/microsoft/azure/maven/springcloud/exception/AzureConfigurationExceptionTest.java,0,0,0,0,0.0,0,3,1,0,0,0,0,1,0,0,0,0,0,0,0,0,0,0,0,3,0,0,False
4978,microsoft/azure-maven-plugins,607c6c049f9e860b585397fe70e7184dcbc8965b,azure-spring-apps-maven-plugin/src/test/java/com/microsoft/azure/maven/springcloud/pom/PomUtilsTest.java,0,0,0,0,0.0,0,2,2,0,0,0,0,2,0,2,0,0,0,0,0,0,0,0,2,2,0,0,False
4979,microsoft/azure-maven-plugins,b4f50aa9ff35c6a4557f9bb5bd1126c938a989dd,azure-toolkit-libs/azure-toolkit-appservice-lib/src/test/java/com/microsoft/azure/toolkit/lib/legacy/appservice/handlers/artifact/FTPUploaderTest.java,0,0,0,0,0.0,0,4,0,0,0,0,0,3,0,0,0,0,0,0,0,0,1,0,0,3,0,0,False
4980,microsoft/azure-maven-plugins,b4f50aa9ff35c6a4557f9bb5bd1126c938a989dd,azure-toolkit-libs/azure-toolkit-appservice-lib/src/test/java/com/microsoft/azure/toolkit/lib/legacy/function/handlers/CommandHandlerImplTest.java,0,0,0,0,0.0,0,3,1,0,0,0,0,1,0,0,0,0,0,0,0,0,0,0,0,3,0,0,False
4981,microsoft/azure-maven-plugins,b4f50aa9ff35c6a4557f9bb5bd1126c938a989dd,azure-toolkit-libs/azure-toolkit-appservice-lib/src/test/java/com/microsoft/azure/toolkit/lib/legacy/function/handlers/AnnotationHandlerImplTest.java,0,0,0,0,0.0,0,7,2,0,0,0,0,2,0,0,0,0,0,0,0,0,0,0,0,2,0,0,False
4982,microsoft/azure-maven-plugins,b4f50aa9ff35c6a4557f9bb5bd1126c938a989dd,azure-toolkit-libs/azure-toolkit-appservice-lib/src/test/java/com/microsoft/azure/toolkit/lib/legacy/function/handlers/FunctionCoreToolsHandlerImplTest.java,0,0,0,0,0.0,0,7,0,0,0,0,0,6,0,0,0,0,0,0,0,0,3,0,2,7,0,0,False
4983,microsoft/azure-maven-plugins,b4f50aa9ff35c6a4557f9bb5bd1126c938a989dd,azure-toolkit-libs/azure-toolkit-appservice-lib/src/test/java/com/microsoft/azure/toolkit/lib/legacy/function/utils/CommandUtilsTest.java,0,0,0,0,0.0,0,3,1,0,0,0,0,1,0,0,0,0,0,0,0,0,0,0,0,3,0,0,False
4984,microsoft/azure-maven-plugins,b4f50aa9ff35c6a4557f9bb5bd1126c938a989dd,azure-maven-plugin-lib/src/test/java/com/microsoft/azure/maven/TestHelper.java,0,0,0,0,0.0,0,2,0,0,0,0,0,0,0,0,0,0,0,0,0,0,0,0,0,0,0,0,False
4985,microsoft/azure-maven-plugins,b4f50aa9ff35c6a4557f9bb5bd1126c938a989dd,azure-maven-plugin-lib/src/test/java/com/microsoft/azure/maven/utils/ResourcesUtilsTest.java,0,0,0,0,0.0,0,2,1,0,0,0,0,1,0,0,0,0,0,0,0,0,0,0,0,2,0,0,False
4986,microsoft/azure-maven-plugins,b4f50aa9ff35c6a4557f9bb5bd1126c938a989dd,azure-spring-apps-maven-plugin/src/test/java/com/microsoft/azure/maven/springcloud/configuration/SpringCloudAppSettingsTest.java,0,0,0,0,0.0,0,6,0,0,0,0,0,0,0,0,0,0,0,0,0,0,0,0,0,6,0,0,False
4987,microsoft/azure-maven-plugins,b4f50aa9ff35c6a4557f9bb5bd1126c938a989dd,azure-spring-apps-maven-plugin/src/test/java/com/microsoft/azure/maven/springcloud/configuration/SpringCloudDeploymentRawConfigTest.java,0,0,0,0,0.0,0,7,0,0,0,0,0,0,0,0,0,0,0,0,0,0,0,0,0,7,0,0,False
4988,microsoft/azure-maven-plugins,b4f50aa9ff35c6a4557f9bb5bd1126c938a989dd,azure-spring-apps-maven-plugin/src/test/java/com/microsoft/azure/maven/springcloud/TestHelper.java,0,0,0,0,0.0,0,1,0,0,0,0,0,0,0,0,0,0,0,0,0,0,0,0,0,0,0,0,False
4989,microsoft/azure-maven-plugins,b4f50aa9ff35c6a4557f9bb5bd1126c938a989dd,azure-spring-apps-maven-plugin/src/test/java/com/microsoft/azure/maven/springcloud/exception/AzureConfigurationExceptionTest.java,0,0,0,0,0.0,0,3,1,0,0,0,0,1,0,0,0,0,0,0,0,0,0,0,0,3,0,0,False
4990,microsoft/azure-maven-plugins,b4f50aa9ff35c6a4557f9bb5bd1126c938a989dd,azure-spring-apps-maven-plugin/src/test/java/com/microsoft/azure/maven/springcloud/pom/PomUtilsTest.java,0,0,0,0,0.0,0,2,2,0,0,0,0,2,0,2,0,0,0,0,0,0,0,0,2,2,0,0,False
4991,microsoft/azure-maven-plugins,8f246bad57fffcb008f1bea90bec4428927e991a,azure-toolkit-libs/azure-toolkit-appservice-lib/src/test/java/com/microsoft/azure/toolkit/lib/legacy/appservice/handlers/artifact/FTPUploaderTest.java,0,0,0,0,0.0,0,4,0,0,0,0,0,3,0,0,0,0,0,0,0,0,1,0,0,3,0,0,False
4992,microsoft/azure-maven-plugins,8f246bad57fffcb008f1bea90bec4428927e991a,azure-toolkit-libs/azure-toolkit-appservice-lib/src/test/java/com/microsoft/azure/toolkit/lib/legacy/function/handlers/CommandHandlerImplTest.java,0,0,0,0,0.0,0,3,1,0,0,0,0,1,0,0,0,0,0,0,0,0,0,0,0,3,0,0,False
4993,microsoft/azure-maven-plugins,8f246bad57fffcb008f1bea90bec4428927e991a,azure-toolkit-libs/azure-toolkit-appservice-lib/src/test/java/com/microsoft/azure/toolkit/lib/legacy/function/handlers/AnnotationHandlerImplTest.java,0,0,0,0,0.0,0,7,2,0,0,0,0,2,0,0,0,0,0,0,0,0,0,0,0,2,0,0,False
4994,microsoft/azure-maven-plugins,8f246bad57fffcb008f1bea90bec4428927e991a,azure-toolkit-libs/azure-toolkit-appservice-lib/src/test/java/com/microsoft/azure/toolkit/lib/legacy/function/handlers/FunctionCoreToolsHandlerImplTest.java,0,0,0,0,0.0,0,7,0,0,0,0,0,6,0,0,0,0,0,0,0,0,3,0,2,7,0,0,False
4995,microsoft/azure-maven-plugins,8f246bad57fffcb008f1bea90bec4428927e991a,azure-toolkit-libs/azure-toolkit-appservice-lib/src/test/java/com/microsoft/azure/toolkit/lib/legacy/function/utils/CommandUtilsTest.java,0,0,0,0,0.0,0,3,1,0,0,0,0,1,0,0,0,0,0,0,0,0,0,0,0,3,0,0,False
4996,microsoft/azure-maven-plugins,8f246bad57fffcb008f1bea90bec4428927e991a,azure-maven-plugin-lib/src/test/java/com/microsoft/azure/maven/TestHelper.java,0,0,0,0,0.0,0,2,0,0,0,0,0,0,0,0,0,0,0,0,0,0,0,0,0,0,0,0,False
4997,microsoft/azure-maven-plugins,8f246bad57fffcb008f1bea90bec4428927e991a,azure-maven-plugin-lib/src/test/java/com/microsoft/azure/maven/utils/ResourcesUtilsTest.java,0,0,0,0,0.0,0,2,1,0,0,0,0,1,0,0,0,0,0,0,0,0,0,0,0,2,0,0,False
4998,microsoft/azure-maven-plugins,8f246bad57fffcb008f1bea90bec4428927e991a,azure-spring-apps-maven-plugin/src/test/java/com/microsoft/azure/maven/springcloud/configuration/SpringCloudAppSettingsTest.java,0,0,0,0,0.0,0,6,0,0,0,0,0,0,0,0,0,0,0,0,0,0,0,0,0,6,0,0,False
4999,microsoft/azure-maven-plugins,8f246bad57fffcb008f1bea90bec4428927e991a,azure-spring-apps-maven-plugin/src/test/java/com/microsoft/azure/maven/springcloud/configuration/SpringCloudDeploymentRawConfigTest.java,0,0,0,0,0.0,0,7,0,0,0,0,0,0,0,0,0,0,0,0,0,0,0,0,0,7,0,0,False
5000,microsoft/azure-maven-plugins,8f246bad57fffcb008f1bea90bec4428927e991a,azure-spring-apps-maven-plugin/src/test/java/com/microsoft/azure/maven/springcloud/TestHelper.java,0,0,0,0,0.0,0,1,0,0,0,0,0,0,0,0,0,0,0,0,0,0,0,0,0,0,0,0,False
5001,microsoft/azure-maven-plugins,8f246bad57fffcb008f1bea90bec4428927e991a,azure-spring-apps-maven-plugin/src/test/java/com/microsoft/azure/maven/springcloud/exception/AzureConfigurationExceptionTest.java,0,0,0,0,0.0,0,3,1,0,0,0,0,1,0,0,0,0,0,0,0,0,0,0,0,3,0,0,False
5002,microsoft/azure-maven-plugins,8f246bad57fffcb008f1bea90bec4428927e991a,azure-spring-apps-maven-plugin/src/test/java/com/microsoft/azure/maven/springcloud/pom/PomUtilsTest.java,0,0,0,0,0.0,0,2,2,0,0,0,0,2,0,2,0,0,0,0,0,0,0,0,2,2,0,0,False
5003,microsoft/azure-maven-plugins,babedd8c07b5029cc2f11e1d3db2cc25ae66c79c,azure-toolkit-libs/azure-toolkit-appservice-lib/src/test/java/com/microsoft/azure/toolkit/lib/legacy/appservice/handlers/artifact/FTPUploaderTest.java,0,0,0,0,0.0,0,4,0,0,0,0,0,3,0,0,0,0,0,0,0,0,1,0,0,3,0,0,False
5004,microsoft/azure-maven-plugins,babedd8c07b5029cc2f11e1d3db2cc25ae66c79c,azure-toolkit-libs/azure-toolkit-appservice-lib/src/test/java/com/microsoft/azure/toolkit/lib/legacy/function/handlers/CommandHandlerImplTest.java,0,0,0,0,0.0,0,3,1,0,0,0,0,1,0,0,0,0,0,0,0,0,0,0,0,3,0,0,False
5005,microsoft/azure-maven-plugins,babedd8c07b5029cc2f11e1d3db2cc25ae66c79c,azure-toolkit-libs/azure-toolkit-appservice-lib/src/test/java/com/microsoft/azure/toolkit/lib/legacy/function/handlers/AnnotationHandlerImplTest.java,0,0,0,0,0.0,0,7,2,0,0,0,0,2,0,0,0,0,0,0,0,0,0,0,0,2,0,0,False
5006,microsoft/azure-maven-plugins,babedd8c07b5029cc2f11e1d3db2cc25ae66c79c,azure-toolkit-libs/azure-toolkit-appservice-lib/src/test/java/com/microsoft/azure/toolkit/lib/legacy/function/handlers/FunctionCoreToolsHandlerImplTest.java,0,0,0,0,0.0,0,7,0,0,0,0,0,6,0,0,0,0,0,0,0,0,3,0,2,7,0,0,False
5007,microsoft/azure-maven-plugins,babedd8c07b5029cc2f11e1d3db2cc25ae66c79c,azure-toolkit-libs/azure-toolkit-appservice-lib/src/test/java/com/microsoft/azure/toolkit/lib/legacy/function/utils/CommandUtilsTest.java,0,0,0,0,0.0,0,3,1,0,0,0,0,1,0,0,0,0,0,0,0,0,0,0,0,3,0,0,False
5008,microsoft/azure-maven-plugins,babedd8c07b5029cc2f11e1d3db2cc25ae66c79c,azure-maven-plugin-lib/src/test/java/com/microsoft/azure/maven/TestHelper.java,0,0,0,0,0.0,0,2,0,0,0,0,0,0,0,0,0,0,0,0,0,0,0,0,0,0,0,0,False
5009,microsoft/azure-maven-plugins,babedd8c07b5029cc2f11e1d3db2cc25ae66c79c,azure-maven-plugin-lib/src/test/java/com/microsoft/azure/maven/utils/ResourcesUtilsTest.java,0,0,0,0,0.0,0,2,1,0,0,0,0,1,0,0,0,0,0,0,0,0,0,0,0,2,0,0,False
5010,microsoft/azure-maven-plugins,babedd8c07b5029cc2f11e1d3db2cc25ae66c79c,azure-spring-apps-maven-plugin/src/test/java/com/microsoft/azure/maven/springcloud/configuration/SpringCloudAppSettingsTest.java,0,0,0,0,0.0,0,6,0,0,0,0,0,0,0,0,0,0,0,0,0,0,0,0,0,6,0,0,False
5011,microsoft/azure-maven-plugins,babedd8c07b5029cc2f11e1d3db2cc25ae66c79c,azure-spring-apps-maven-plugin/src/test/java/com/microsoft/azure/maven/springcloud/configuration/SpringCloudDeploymentRawConfigTest.java,0,0,0,0,0.0,0,7,0,0,0,0,0,0,0,0,0,0,0,0,0,0,0,0,0,7,0,0,False
5012,microsoft/azure-maven-plugins,babedd8c07b5029cc2f11e1d3db2cc25ae66c79c,azure-spring-apps-maven-plugin/src/test/java/com/microsoft/azure/maven/springcloud/TestHelper.java,0,0,0,0,0.0,0,1,0,0,0,0,0,0,0,0,0,0,0,0,0,0,0,0,0,0,0,0,False
5013,microsoft/azure-maven-plugins,babedd8c07b5029cc2f11e1d3db2cc25ae66c79c,azure-spring-apps-maven-plugin/src/test/java/com/microsoft/azure/maven/springcloud/exception/AzureConfigurationExceptionTest.java,0,0,0,0,0.0,0,3,1,0,0,0,0,1,0,0,0,0,0,0,0,0,0,0,0,3,0,0,False
5014,microsoft/azure-maven-plugins,babedd8c07b5029cc2f11e1d3db2cc25ae66c79c,azure-spring-apps-maven-plugin/src/test/java/com/microsoft/azure/maven/springcloud/pom/PomUtilsTest.java,0,0,0,0,0.0,0,2,2,0,0,0,0,2,0,2,0,0,0,0,0,0,0,0,2,2,0,0,False
5015,microsoft/azure-maven-plugins,b61d487ad9532f73cb8f50e1e41ba7eaa907f207,azure-toolkit-libs/azure-toolkit-appservice-lib/src/test/java/com/microsoft/azure/toolkit/lib/legacy/appservice/handlers/artifact/FTPUploaderTest.java,0,0,0,0,0.0,0,4,0,0,0,0,0,3,0,0,0,0,0,0,0,0,1,0,0,3,0,0,False
5016,microsoft/azure-maven-plugins,b61d487ad9532f73cb8f50e1e41ba7eaa907f207,azure-toolkit-libs/azure-toolkit-appservice-lib/src/test/java/com/microsoft/azure/toolkit/lib/legacy/function/handlers/CommandHandlerImplTest.java,0,0,0,0,0.0,0,3,1,0,0,0,0,1,0,0,0,0,0,0,0,0,0,0,0,3,0,0,False
5017,microsoft/azure-maven-plugins,b61d487ad9532f73cb8f50e1e41ba7eaa907f207,azure-toolkit-libs/azure-toolkit-appservice-lib/src/test/java/com/microsoft/azure/toolkit/lib/legacy/function/handlers/AnnotationHandlerImplTest.java,0,0,0,0,0.0,0,7,2,0,0,0,0,2,0,0,0,0,0,0,0,0,0,0,0,2,0,0,False
5018,microsoft/azure-maven-plugins,b61d487ad9532f73cb8f50e1e41ba7eaa907f207,azure-toolkit-libs/azure-toolkit-appservice-lib/src/test/java/com/microsoft/azure/toolkit/lib/legacy/function/handlers/FunctionCoreToolsHandlerImplTest.java,0,0,0,0,0.0,0,7,0,0,0,0,0,6,0,0,0,0,0,0,0,0,3,0,2,7,0,0,False
5019,microsoft/azure-maven-plugins,b61d487ad9532f73cb8f50e1e41ba7eaa907f207,azure-toolkit-libs/azure-toolkit-appservice-lib/src/test/java/com/microsoft/azure/toolkit/lib/legacy/function/utils/CommandUtilsTest.java,0,0,0,0,0.0,0,3,1,0,0,0,0,1,0,0,0,0,0,0,0,0,0,0,0,3,0,0,False
5020,microsoft/azure-maven-plugins,b61d487ad9532f73cb8f50e1e41ba7eaa907f207,azure-maven-plugin-lib/src/test/java/com/microsoft/azure/maven/TestHelper.java,0,0,0,0,0.0,0,2,0,0,0,0,0,0,0,0,0,0,0,0,0,0,0,0,0,0,0,0,False
5021,microsoft/azure-maven-plugins,b61d487ad9532f73cb8f50e1e41ba7eaa907f207,azure-maven-plugin-lib/src/test/java/com/microsoft/azure/maven/utils/ResourcesUtilsTest.java,0,0,0,0,0.0,0,2,1,0,0,0,0,1,0,0,0,0,0,0,0,0,0,0,0,2,0,0,False
5022,microsoft/azure-maven-plugins,b61d487ad9532f73cb8f50e1e41ba7eaa907f207,azure-spring-apps-maven-plugin/src/test/java/com/microsoft/azure/maven/springcloud/configuration/SpringCloudAppSettingsTest.java,0,0,0,0,0.0,0,6,0,0,0,0,0,0,0,0,0,0,0,0,0,0,0,0,0,6,0,0,False
5023,microsoft/azure-maven-plugins,b61d487ad9532f73cb8f50e1e41ba7eaa907f207,azure-spring-apps-maven-plugin/src/test/java/com/microsoft/azure/maven/springcloud/configuration/SpringCloudDeploymentRawConfigTest.java,0,0,0,0,0.0,0,7,0,0,0,0,0,0,0,0,0,0,0,0,0,0,0,0,0,7,0,0,False
5024,microsoft/azure-maven-plugins,b61d487ad9532f73cb8f50e1e41ba7eaa907f207,azure-spring-apps-maven-plugin/src/test/java/com/microsoft/azure/maven/springcloud/TestHelper.java,0,0,0,0,0.0,0,1,0,0,0,0,0,0,0,0,0,0,0,0,0,0,0,0,0,0,0,0,False
5025,microsoft/azure-maven-plugins,b61d487ad9532f73cb8f50e1e41ba7eaa907f207,azure-spring-apps-maven-plugin/src/test/java/com/microsoft/azure/maven/springcloud/exception/AzureConfigurationExceptionTest.java,0,0,0,0,0.0,0,3,1,0,0,0,0,1,0,0,0,0,0,0,0,0,0,0,0,3,0,0,False
5026,microsoft/azure-maven-plugins,b61d487ad9532f73cb8f50e1e41ba7eaa907f207,azure-spring-apps-maven-plugin/src/test/java/com/microsoft/azure/maven/springcloud/pom/PomUtilsTest.java,0,0,0,0,0.0,0,2,2,0,0,0,0,2,0,2,0,0,0,0,0,0,0,0,2,2,0,0,False
5027,microsoft/azure-maven-plugins,acc5aaa3d1433bdeb939da931e8572f29b110795,azure-toolkit-libs/azure-toolkit-appservice-lib/src/test/java/com/microsoft/azure/toolkit/lib/legacy/appservice/handlers/artifact/FTPUploaderTest.java,0,0,0,0,0.0,0,4,0,0,0,0,0,3,0,0,0,0,0,0,0,0,1,0,0,3,0,0,False
5028,microsoft/azure-maven-plugins,acc5aaa3d1433bdeb939da931e8572f29b110795,azure-toolkit-libs/azure-toolkit-appservice-lib/src/test/java/com/microsoft/azure/toolkit/lib/legacy/function/handlers/CommandHandlerImplTest.java,0,0,0,0,0.0,0,3,1,0,0,0,0,1,0,0,0,0,0,0,0,0,0,0,0,3,0,0,False
5029,microsoft/azure-maven-plugins,acc5aaa3d1433bdeb939da931e8572f29b110795,azure-toolkit-libs/azure-toolkit-appservice-lib/src/test/java/com/microsoft/azure/toolkit/lib/legacy/function/handlers/AnnotationHandlerImplTest.java,0,0,0,0,0.0,0,7,2,0,0,0,0,2,0,0,0,0,0,0,0,0,0,0,0,2,0,0,False
5030,microsoft/azure-maven-plugins,acc5aaa3d1433bdeb939da931e8572f29b110795,azure-toolkit-libs/azure-toolkit-appservice-lib/src/test/java/com/microsoft/azure/toolkit/lib/legacy/function/handlers/FunctionCoreToolsHandlerImplTest.java,0,0,0,0,0.0,0,7,0,0,0,0,0,6,0,0,0,0,0,0,0,0,3,0,2,7,0,0,False
5031,microsoft/azure-maven-plugins,acc5aaa3d1433bdeb939da931e8572f29b110795,azure-toolkit-libs/azure-toolkit-appservice-lib/src/test/java/com/microsoft/azure/toolkit/lib/legacy/function/utils/CommandUtilsTest.java,0,0,0,0,0.0,0,3,1,0,0,0,0,1,0,0,0,0,0,0,0,0,0,0,0,3,0,0,False
5032,microsoft/azure-maven-plugins,acc5aaa3d1433bdeb939da931e8572f29b110795,azure-maven-plugin-lib/src/test/java/com/microsoft/azure/maven/TestHelper.java,0,0,0,0,0.0,0,2,0,0,0,0,0,0,0,0,0,0,0,0,0,0,0,0,0,0,0,0,False
5033,microsoft/azure-maven-plugins,acc5aaa3d1433bdeb939da931e8572f29b110795,azure-maven-plugin-lib/src/test/java/com/microsoft/azure/maven/utils/ResourcesUtilsTest.java,0,0,0,0,0.0,0,2,1,0,0,0,0,1,0,0,0,0,0,0,0,0,0,0,0,2,0,0,False
5034,microsoft/azure-maven-plugins,acc5aaa3d1433bdeb939da931e8572f29b110795,azure-spring-apps-maven-plugin/src/test/java/com/microsoft/azure/maven/springcloud/configuration/SpringCloudAppSettingsTest.java,0,0,0,0,0.0,0,6,0,0,0,0,0,0,0,0,0,0,0,0,0,0,0,0,0,6,0,0,False
5035,microsoft/azure-maven-plugins,acc5aaa3d1433bdeb939da931e8572f29b110795,azure-spring-apps-maven-plugin/src/test/java/com/microsoft/azure/maven/springcloud/configuration/SpringCloudDeploymentRawConfigTest.java,0,0,0,0,0.0,0,7,0,0,0,0,0,0,0,0,0,0,0,0,0,0,0,0,0,7,0,0,False
5036,microsoft/azure-maven-plugins,acc5aaa3d1433bdeb939da931e8572f29b110795,azure-spring-apps-maven-plugin/src/test/java/com/microsoft/azure/maven/springcloud/TestHelper.java,0,0,0,0,0.0,0,1,0,0,0,0,0,0,0,0,0,0,0,0,0,0,0,0,0,0,0,0,False
5037,microsoft/azure-maven-plugins,acc5aaa3d1433bdeb939da931e8572f29b110795,azure-spring-apps-maven-plugin/src/test/java/com/microsoft/azure/maven/springcloud/exception/AzureConfigurationExceptionTest.java,0,0,0,0,0.0,0,3,1,0,0,0,0,1,0,0,0,0,0,0,0,0,0,0,0,3,0,0,False
5038,microsoft/azure-maven-plugins,acc5aaa3d1433bdeb939da931e8572f29b110795,azure-spring-apps-maven-plugin/src/test/java/com/microsoft/azure/maven/springcloud/pom/PomUtilsTest.java,0,0,0,0,0.0,0,2,2,0,0,0,0,2,0,2,0,0,0,0,0,0,0,0,2,2,0,0,False
5039,microsoft/azure-maven-plugins,750ad7686f81a0e51b0dab03d2974ba0781adf39,azure-toolkit-libs/azure-toolkit-appservice-lib/src/test/java/com/microsoft/azure/toolkit/lib/legacy/appservice/handlers/artifact/FTPUploaderTest.java,0,0,0,0,0.0,0,4,0,0,0,0,0,3,0,0,0,0,0,0,0,0,1,0,0,3,0,0,False
5040,microsoft/azure-maven-plugins,750ad7686f81a0e51b0dab03d2974ba0781adf39,azure-toolkit-libs/azure-toolkit-appservice-lib/src/test/java/com/microsoft/azure/toolkit/lib/legacy/function/handlers/CommandHandlerImplTest.java,0,0,0,0,0.0,0,3,1,0,0,0,0,1,0,0,0,0,0,0,0,0,0,0,0,3,0,0,False
5041,microsoft/azure-maven-plugins,750ad7686f81a0e51b0dab03d2974ba0781adf39,azure-toolkit-libs/azure-toolkit-appservice-lib/src/test/java/com/microsoft/azure/toolkit/lib/legacy/function/handlers/AnnotationHandlerImplTest.java,0,0,0,0,0.0,0,7,2,0,0,0,0,2,0,0,0,0,0,0,0,0,0,0,0,2,0,0,False
5042,microsoft/azure-maven-plugins,750ad7686f81a0e51b0dab03d2974ba0781adf39,azure-toolkit-libs/azure-toolkit-appservice-lib/src/test/java/com/microsoft/azure/toolkit/lib/legacy/function/handlers/FunctionCoreToolsHandlerImplTest.java,0,0,0,0,0.0,0,7,0,0,0,0,0,6,0,0,0,0,0,0,0,0,3,0,2,7,0,0,False
5043,microsoft/azure-maven-plugins,750ad7686f81a0e51b0dab03d2974ba0781adf39,azure-toolkit-libs/azure-toolkit-appservice-lib/src/test/java/com/microsoft/azure/toolkit/lib/legacy/function/utils/CommandUtilsTest.java,0,0,0,0,0.0,0,3,1,0,0,0,0,1,0,0,0,0,0,0,0,0,0,0,0,3,0,0,False
5044,microsoft/azure-maven-plugins,750ad7686f81a0e51b0dab03d2974ba0781adf39,azure-maven-plugin-lib/src/test/java/com/microsoft/azure/maven/TestHelper.java,0,0,0,0,0.0,0,2,0,0,0,0,0,0,0,0,0,0,0,0,0,0,0,0,0,0,0,0,False
5045,microsoft/azure-maven-plugins,750ad7686f81a0e51b0dab03d2974ba0781adf39,azure-maven-plugin-lib/src/test/java/com/microsoft/azure/maven/utils/ResourcesUtilsTest.java,0,0,0,0,0.0,0,2,1,0,0,0,0,1,0,0,0,0,0,0,0,0,0,0,0,2,0,0,False
5046,microsoft/azure-maven-plugins,750ad7686f81a0e51b0dab03d2974ba0781adf39,azure-spring-cloud-maven-plugin/src/test/java/com/microsoft/azure/maven/springcloud/configuration/SpringCloudAppSettingsTest.java,0,0,0,0,0.0,0,6,0,0,0,0,0,0,0,0,0,0,0,0,0,0,0,0,0,6,0,0,False
5047,microsoft/azure-maven-plugins,750ad7686f81a0e51b0dab03d2974ba0781adf39,azure-spring-cloud-maven-plugin/src/test/java/com/microsoft/azure/maven/springcloud/configuration/AppDeploymentMavenConfigTest.java,0,0,0,0,0.0,0,7,1,0,0,0,0,0,0,0,0,0,0,0,0,0,0,0,0,7,0,0,False
5048,microsoft/azure-maven-plugins,750ad7686f81a0e51b0dab03d2974ba0781adf39,azure-spring-cloud-maven-plugin/src/test/java/com/microsoft/azure/maven/springcloud/configuration/SpringCloudDeploymentRawConfigTest.java,0,0,0,0,0.0,0,7,0,0,0,0,0,0,0,0,0,0,0,0,0,0,0,0,0,7,0,0,False
5049,microsoft/azure-maven-plugins,750ad7686f81a0e51b0dab03d2974ba0781adf39,azure-spring-cloud-maven-plugin/src/test/java/com/microsoft/azure/maven/springcloud/DeployMojoTest.java,0,0,0,0,0.0,0,1,1,0,0,0,0,1,0,0,0,0,0,0,0,0,0,0,0,1,0,0,False
5050,microsoft/azure-maven-plugins,750ad7686f81a0e51b0dab03d2974ba0781adf39,azure-spring-cloud-maven-plugin/src/test/java/com/microsoft/azure/maven/springcloud/prompt/ConfigurationPrompterTest.java,0,0,0,0,0.0,0,16,8,1,0,0,0,14,15,0,0,0,2,0,0,7,1,0,1,15,0,0,False
5051,microsoft/azure-maven-plugins,750ad7686f81a0e51b0dab03d2974ba0781adf39,azure-spring-cloud-maven-plugin/src/test/java/com/microsoft/azure/maven/springcloud/TestHelper.java,0,0,0,0,0.0,0,1,0,0,0,0,0,0,0,0,0,0,0,0,0,0,0,0,0,0,0,0,False
5052,microsoft/azure-maven-plugins,750ad7686f81a0e51b0dab03d2974ba0781adf39,azure-spring-cloud-maven-plugin/src/test/java/com/microsoft/azure/maven/springcloud/exception/AzureConfigurationExceptionTest.java,0,0,0,0,0.0,0,3,1,0,0,0,0,1,0,0,0,0,0,0,0,0,0,0,0,3,0,0,False
5053,microsoft/azure-maven-plugins,750ad7686f81a0e51b0dab03d2974ba0781adf39,azure-spring-cloud-maven-plugin/src/test/java/com/microsoft/azure/maven/springcloud/pom/PomUtilsTest.java,0,0,0,0,0.0,0,2,2,0,0,0,0,2,0,2,0,0,0,0,0,0,0,0,2,2,0,0,False
5054,microsoft/azure-maven-plugins,d4b45a64d86ae609f74704428b63c1480d131a50,azure-toolkit-libs/azure-toolkit-appservice-lib/src/test/java/com/microsoft/azure/toolkit/lib/legacy/appservice/handlers/artifact/FTPUploaderTest.java,0,0,0,0,0.0,0,4,0,0,0,0,0,3,0,0,0,0,0,0,0,0,1,0,0,3,0,0,False
5055,microsoft/azure-maven-plugins,d4b45a64d86ae609f74704428b63c1480d131a50,azure-toolkit-libs/azure-toolkit-appservice-lib/src/test/java/com/microsoft/azure/toolkit/lib/legacy/function/handlers/CommandHandlerImplTest.java,0,0,0,0,0.0,0,3,1,0,0,0,0,1,0,0,0,0,0,0,0,0,0,0,0,3,0,0,False
5056,microsoft/azure-maven-plugins,d4b45a64d86ae609f74704428b63c1480d131a50,azure-toolkit-libs/azure-toolkit-appservice-lib/src/test/java/com/microsoft/azure/toolkit/lib/legacy/function/handlers/AnnotationHandlerImplTest.java,0,0,0,0,0.0,0,7,2,0,0,0,0,2,0,0,0,0,0,0,0,0,0,0,0,2,0,0,False
5057,microsoft/azure-maven-plugins,d4b45a64d86ae609f74704428b63c1480d131a50,azure-toolkit-libs/azure-toolkit-appservice-lib/src/test/java/com/microsoft/azure/toolkit/lib/legacy/function/handlers/FunctionCoreToolsHandlerImplTest.java,0,0,0,0,0.0,0,7,0,0,0,0,0,6,0,0,0,0,0,0,0,0,3,0,2,7,0,0,False
5058,microsoft/azure-maven-plugins,d4b45a64d86ae609f74704428b63c1480d131a50,azure-toolkit-libs/azure-toolkit-appservice-lib/src/test/java/com/microsoft/azure/toolkit/lib/legacy/function/utils/CommandUtilsTest.java,0,0,0,0,0.0,0,3,1,0,0,0,0,1,0,0,0,0,0,0,0,0,0,0,0,3,0,0,False
5059,microsoft/azure-maven-plugins,d4b45a64d86ae609f74704428b63c1480d131a50,azure-maven-plugin-lib/src/test/java/com/microsoft/azure/maven/TestHelper.java,0,0,0,0,0.0,0,2,0,0,0,0,0,0,0,0,0,0,0,0,0,0,0,0,0,0,0,0,False
5060,microsoft/azure-maven-plugins,d4b45a64d86ae609f74704428b63c1480d131a50,azure-maven-plugin-lib/src/test/java/com/microsoft/azure/maven/utils/ResourcesUtilsTest.java,0,0,0,0,0.0,0,2,1,0,0,0,0,1,0,0,0,0,0,0,0,0,0,0,0,2,0,0,False
5061,microsoft/azure-maven-plugins,d4b45a64d86ae609f74704428b63c1480d131a50,azure-spring-cloud-maven-plugin/src/test/java/com/microsoft/azure/maven/springcloud/configuration/SpringCloudAppSettingsTest.java,0,0,0,0,0.0,0,6,0,0,0,0,0,0,0,0,0,0,0,0,0,0,0,0,0,6,0,0,False
5062,microsoft/azure-maven-plugins,d4b45a64d86ae609f74704428b63c1480d131a50,azure-spring-cloud-maven-plugin/src/test/java/com/microsoft/azure/maven/springcloud/configuration/AppDeploymentMavenConfigTest.java,0,0,0,0,0.0,0,7,1,0,0,0,0,0,0,0,0,0,0,0,0,0,0,0,0,7,0,0,False
5063,microsoft/azure-maven-plugins,d4b45a64d86ae609f74704428b63c1480d131a50,azure-spring-cloud-maven-plugin/src/test/java/com/microsoft/azure/maven/springcloud/configuration/SpringCloudDeploymentRawConfigTest.java,0,0,0,0,0.0,0,7,0,0,0,0,0,0,0,0,0,0,0,0,0,0,0,0,0,7,0,0,False
5064,microsoft/azure-maven-plugins,d4b45a64d86ae609f74704428b63c1480d131a50,azure-spring-cloud-maven-plugin/src/test/java/com/microsoft/azure/maven/springcloud/DeployMojoTest.java,0,0,0,0,0.0,0,1,1,0,0,0,0,1,0,0,0,0,0,0,0,0,0,0,0,1,0,0,False
5065,microsoft/azure-maven-plugins,d4b45a64d86ae609f74704428b63c1480d131a50,azure-spring-cloud-maven-plugin/src/test/java/com/microsoft/azure/maven/springcloud/prompt/ConfigurationPrompterTest.java,0,0,0,0,0.0,0,16,8,1,0,0,0,14,15,0,0,0,2,0,0,7,1,0,1,15,0,0,False
5066,microsoft/azure-maven-plugins,d4b45a64d86ae609f74704428b63c1480d131a50,azure-spring-cloud-maven-plugin/src/test/java/com/microsoft/azure/maven/springcloud/TestHelper.java,0,0,0,0,0.0,0,1,0,0,0,0,0,0,0,0,0,0,0,0,0,0,0,0,0,0,0,0,False
5067,microsoft/azure-maven-plugins,d4b45a64d86ae609f74704428b63c1480d131a50,azure-spring-cloud-maven-plugin/src/test/java/com/microsoft/azure/maven/springcloud/exception/AzureConfigurationExceptionTest.java,0,0,0,0,0.0,0,3,1,0,0,0,0,1,0,0,0,0,0,0,0,0,0,0,0,3,0,0,False
5068,microsoft/azure-maven-plugins,d4b45a64d86ae609f74704428b63c1480d131a50,azure-spring-cloud-maven-plugin/src/test/java/com/microsoft/azure/maven/springcloud/pom/PomUtilsTest.java,0,0,0,0,0.0,0,2,2,0,0,0,0,2,0,2,0,0,0,0,0,0,0,0,2,2,0,0,False
5069,microsoft/azure-maven-plugins,af08bf3623d4a4127bfbf3ee0a52c0d52b0b9267,azure-toolkit-libs/azure-toolkit-appservice-lib/src/test/java/com/microsoft/azure/toolkit/lib/legacy/appservice/handlers/artifact/FTPUploaderTest.java,0,0,0,0,0.0,0,4,0,0,0,0,0,3,0,0,0,0,0,0,0,0,1,0,0,3,0,0,False
5070,microsoft/azure-maven-plugins,af08bf3623d4a4127bfbf3ee0a52c0d52b0b9267,azure-toolkit-libs/azure-toolkit-appservice-lib/src/test/java/com/microsoft/azure/toolkit/lib/legacy/function/handlers/CommandHandlerImplTest.java,0,0,0,0,0.0,0,3,1,0,0,0,0,1,0,0,0,0,0,0,0,0,0,0,0,3,0,0,False
5071,microsoft/azure-maven-plugins,af08bf3623d4a4127bfbf3ee0a52c0d52b0b9267,azure-toolkit-libs/azure-toolkit-appservice-lib/src/test/java/com/microsoft/azure/toolkit/lib/legacy/function/handlers/AnnotationHandlerImplTest.java,0,0,0,0,0.0,0,7,2,0,0,0,0,2,0,0,0,0,0,0,0,0,0,0,0,2,0,0,False
5072,microsoft/azure-maven-plugins,af08bf3623d4a4127bfbf3ee0a52c0d52b0b9267,azure-toolkit-libs/azure-toolkit-appservice-lib/src/test/java/com/microsoft/azure/toolkit/lib/legacy/function/handlers/FunctionCoreToolsHandlerImplTest.java,0,0,0,0,0.0,0,7,0,0,0,0,0,6,0,0,0,0,0,0,0,0,3,0,2,7,0,0,False
5073,microsoft/azure-maven-plugins,af08bf3623d4a4127bfbf3ee0a52c0d52b0b9267,azure-toolkit-libs/azure-toolkit-appservice-lib/src/test/java/com/microsoft/azure/toolkit/lib/legacy/function/utils/CommandUtilsTest.java,0,0,0,0,0.0,0,3,1,0,0,0,0,1,0,0,0,0,0,0,0,0,0,0,0,3,0,0,False
5074,microsoft/azure-maven-plugins,af08bf3623d4a4127bfbf3ee0a52c0d52b0b9267,azure-maven-plugin-lib/src/test/java/com/microsoft/azure/maven/TestHelper.java,0,0,0,0,0.0,0,2,0,0,0,0,0,0,0,0,0,0,0,0,0,0,0,0,0,0,0,0,False
5075,microsoft/azure-maven-plugins,af08bf3623d4a4127bfbf3ee0a52c0d52b0b9267,azure-maven-plugin-lib/src/test/java/com/microsoft/azure/maven/utils/ResourcesUtilsTest.java,0,0,0,0,0.0,0,2,1,0,0,0,0,1,0,0,0,0,0,0,0,0,0,0,0,2,0,0,False
5076,microsoft/azure-maven-plugins,af08bf3623d4a4127bfbf3ee0a52c0d52b0b9267,azure-spring-cloud-maven-plugin/src/test/java/com/microsoft/azure/maven/springcloud/configuration/SpringCloudAppSettingsTest.java,0,0,0,0,0.0,0,6,0,0,0,0,0,0,0,0,0,0,0,0,0,0,0,0,0,6,0,0,False
5077,microsoft/azure-maven-plugins,af08bf3623d4a4127bfbf3ee0a52c0d52b0b9267,azure-spring-cloud-maven-plugin/src/test/java/com/microsoft/azure/maven/springcloud/configuration/AppDeploymentMavenConfigTest.java,0,0,0,0,0.0,0,7,1,0,0,0,0,0,0,0,0,0,0,0,0,0,0,0,0,7,0,0,False
5078,microsoft/azure-maven-plugins,af08bf3623d4a4127bfbf3ee0a52c0d52b0b9267,azure-spring-cloud-maven-plugin/src/test/java/com/microsoft/azure/maven/springcloud/configuration/SpringCloudDeploymentRawConfigTest.java,0,0,0,0,0.0,0,7,0,0,0,0,0,0,0,0,0,0,0,0,0,0,0,0,0,7,0,0,False
5079,microsoft/azure-maven-plugins,af08bf3623d4a4127bfbf3ee0a52c0d52b0b9267,azure-spring-cloud-maven-plugin/src/test/java/com/microsoft/azure/maven/springcloud/DeployMojoTest.java,0,0,0,0,0.0,0,1,1,0,0,0,0,1,0,0,0,0,0,0,0,0,0,0,0,1,0,0,False
5080,microsoft/azure-maven-plugins,af08bf3623d4a4127bfbf3ee0a52c0d52b0b9267,azure-spring-cloud-maven-plugin/src/test/java/com/microsoft/azure/maven/springcloud/prompt/ConfigurationPrompterTest.java,0,0,0,0,0.0,0,16,8,1,0,0,0,14,15,0,0,0,2,0,0,7,1,0,1,15,0,0,False
5081,microsoft/azure-maven-plugins,af08bf3623d4a4127bfbf3ee0a52c0d52b0b9267,azure-spring-cloud-maven-plugin/src/test/java/com/microsoft/azure/maven/springcloud/TestHelper.java,0,0,0,0,0.0,0,1,0,0,0,0,0,0,0,0,0,0,0,0,0,0,0,0,0,0,0,0,False
5082,microsoft/azure-maven-plugins,af08bf3623d4a4127bfbf3ee0a52c0d52b0b9267,azure-spring-cloud-maven-plugin/src/test/java/com/microsoft/azure/maven/springcloud/exception/AzureConfigurationExceptionTest.java,0,0,0,0,0.0,0,3,1,0,0,0,0,1,0,0,0,0,0,0,0,0,0,0,0,3,0,0,False
5083,microsoft/azure-maven-plugins,af08bf3623d4a4127bfbf3ee0a52c0d52b0b9267,azure-spring-cloud-maven-plugin/src/test/java/com/microsoft/azure/maven/springcloud/pom/PomUtilsTest.java,0,0,0,0,0.0,0,2,2,0,0,0,0,2,0,2,0,0,0,0,0,0,0,0,2,2,0,0,False
5084,microsoft/azure-maven-plugins,ce76dc3aca5c6df01971a140497a5eef240ab15b,azure-toolkit-libs/azure-toolkit-appservice-lib/src/test/java/com/microsoft/azure/toolkit/lib/legacy/appservice/handlers/artifact/FTPUploaderTest.java,0,0,0,0,0.0,0,4,0,0,0,0,0,3,0,0,0,0,0,0,0,0,1,0,0,3,0,0,False
5085,microsoft/azure-maven-plugins,ce76dc3aca5c6df01971a140497a5eef240ab15b,azure-toolkit-libs/azure-toolkit-appservice-lib/src/test/java/com/microsoft/azure/toolkit/lib/legacy/function/handlers/CommandHandlerImplTest.java,0,0,0,0,0.0,0,3,1,0,0,0,0,1,0,0,0,0,0,0,0,0,0,0,0,3,0,0,False
5086,microsoft/azure-maven-plugins,ce76dc3aca5c6df01971a140497a5eef240ab15b,azure-toolkit-libs/azure-toolkit-appservice-lib/src/test/java/com/microsoft/azure/toolkit/lib/legacy/function/handlers/AnnotationHandlerImplTest.java,0,0,0,0,0.0,0,7,2,0,0,0,0,2,0,0,0,0,0,0,0,0,0,0,0,2,0,0,False
5087,microsoft/azure-maven-plugins,ce76dc3aca5c6df01971a140497a5eef240ab15b,azure-toolkit-libs/azure-toolkit-appservice-lib/src/test/java/com/microsoft/azure/toolkit/lib/legacy/function/handlers/FunctionCoreToolsHandlerImplTest.java,0,0,0,0,0.0,0,7,0,0,0,0,0,6,0,0,0,0,0,0,0,0,3,0,2,7,0,0,False
5088,microsoft/azure-maven-plugins,ce76dc3aca5c6df01971a140497a5eef240ab15b,azure-toolkit-libs/azure-toolkit-appservice-lib/src/test/java/com/microsoft/azure/toolkit/lib/legacy/function/utils/CommandUtilsTest.java,0,0,0,0,0.0,0,3,1,0,0,0,0,1,0,0,0,0,0,0,0,0,0,0,0,3,0,0,False
5089,microsoft/azure-maven-plugins,ce76dc3aca5c6df01971a140497a5eef240ab15b,azure-maven-plugin-lib/src/test/java/com/microsoft/azure/maven/TestHelper.java,0,0,0,0,0.0,0,2,0,0,0,0,0,0,0,0,0,0,0,0,0,0,0,0,0,0,0,0,False
5090,microsoft/azure-maven-plugins,ce76dc3aca5c6df01971a140497a5eef240ab15b,azure-maven-plugin-lib/src/test/java/com/microsoft/azure/maven/utils/ResourcesUtilsTest.java,0,0,0,0,0.0,0,2,1,0,0,0,0,1,0,0,0,0,0,0,0,0,0,0,0,2,0,0,False
5091,microsoft/azure-maven-plugins,ce76dc3aca5c6df01971a140497a5eef240ab15b,azure-spring-cloud-maven-plugin/src/test/java/com/microsoft/azure/maven/springcloud/configuration/SpringCloudAppSettingsTest.java,0,0,0,0,0.0,0,6,0,0,0,0,0,0,0,0,0,0,0,0,0,0,0,0,0,6,0,0,False
5092,microsoft/azure-maven-plugins,ce76dc3aca5c6df01971a140497a5eef240ab15b,azure-spring-cloud-maven-plugin/src/test/java/com/microsoft/azure/maven/springcloud/configuration/AppDeploymentMavenConfigTest.java,0,0,0,0,0.0,0,7,1,0,0,0,0,0,0,0,0,0,0,0,0,0,0,0,0,7,0,0,False
5093,microsoft/azure-maven-plugins,ce76dc3aca5c6df01971a140497a5eef240ab15b,azure-spring-cloud-maven-plugin/src/test/java/com/microsoft/azure/maven/springcloud/configuration/SpringCloudDeploymentRawConfigTest.java,0,0,0,0,0.0,0,7,0,0,0,0,0,0,0,0,0,0,0,0,0,0,0,0,0,7,0,0,False
5094,microsoft/azure-maven-plugins,ce76dc3aca5c6df01971a140497a5eef240ab15b,azure-spring-cloud-maven-plugin/src/test/java/com/microsoft/azure/maven/springcloud/DeployMojoTest.java,0,0,0,0,0.0,0,1,1,0,0,0,0,1,0,0,0,0,0,0,0,0,0,0,0,1,0,0,False
5095,microsoft/azure-maven-plugins,ce76dc3aca5c6df01971a140497a5eef240ab15b,azure-spring-cloud-maven-plugin/src/test/java/com/microsoft/azure/maven/springcloud/prompt/ConfigurationPrompterTest.java,0,0,0,0,0.0,0,16,8,1,0,0,0,14,15,0,0,0,2,0,0,7,1,0,1,15,0,0,False
5096,microsoft/azure-maven-plugins,ce76dc3aca5c6df01971a140497a5eef240ab15b,azure-spring-cloud-maven-plugin/src/test/java/com/microsoft/azure/maven/springcloud/TestHelper.java,0,0,0,0,0.0,0,1,0,0,0,0,0,0,0,0,0,0,0,0,0,0,0,0,0,0,0,0,False
5097,microsoft/azure-maven-plugins,ce76dc3aca5c6df01971a140497a5eef240ab15b,azure-spring-cloud-maven-plugin/src/test/java/com/microsoft/azure/maven/springcloud/exception/AzureConfigurationExceptionTest.java,0,0,0,0,0.0,0,3,1,0,0,0,0,1,0,0,0,0,0,0,0,0,0,0,0,3,0,0,False
5098,microsoft/azure-maven-plugins,ce76dc3aca5c6df01971a140497a5eef240ab15b,azure-spring-cloud-maven-plugin/src/test/java/com/microsoft/azure/maven/springcloud/pom/PomUtilsTest.java,0,0,0,0,0.0,0,2,2,0,0,0,0,2,0,2,0,0,0,0,0,0,0,0,2,2,0,0,False
5099,microsoft/azure-maven-plugins,7ca45846f89a5fc421a3c4dff690d88ca1f4ebc6,azure-toolkit-libs/azure-toolkit-appservice-lib/src/test/java/com/microsoft/azure/toolkit/lib/legacy/appservice/handlers/artifact/FTPUploaderTest.java,0,0,0,0,0.0,0,4,0,0,0,0,0,3,0,0,0,0,0,0,0,0,1,0,0,3,0,0,False
5100,microsoft/azure-maven-plugins,7ca45846f89a5fc421a3c4dff690d88ca1f4ebc6,azure-toolkit-libs/azure-toolkit-appservice-lib/src/test/java/com/microsoft/azure/toolkit/lib/legacy/function/handlers/CommandHandlerImplTest.java,0,0,0,0,0.0,0,3,1,0,0,0,0,1,0,0,0,0,0,0,0,0,0,0,0,3,0,0,False
5101,microsoft/azure-maven-plugins,7ca45846f89a5fc421a3c4dff690d88ca1f4ebc6,azure-toolkit-libs/azure-toolkit-appservice-lib/src/test/java/com/microsoft/azure/toolkit/lib/legacy/function/handlers/AnnotationHandlerImplTest.java,0,0,0,0,0.0,0,7,2,0,0,0,0,2,0,0,0,0,0,0,0,0,0,0,0,2,0,0,False
5102,microsoft/azure-maven-plugins,7ca45846f89a5fc421a3c4dff690d88ca1f4ebc6,azure-toolkit-libs/azure-toolkit-appservice-lib/src/test/java/com/microsoft/azure/toolkit/lib/legacy/function/handlers/FunctionCoreToolsHandlerImplTest.java,0,0,0,0,0.0,0,7,0,0,0,0,0,6,0,0,0,0,0,0,0,0,3,0,2,7,0,0,False
5103,microsoft/azure-maven-plugins,7ca45846f89a5fc421a3c4dff690d88ca1f4ebc6,azure-toolkit-libs/azure-toolkit-appservice-lib/src/test/java/com/microsoft/azure/toolkit/lib/legacy/function/utils/CommandUtilsTest.java,0,0,0,0,0.0,0,3,1,0,0,0,0,1,0,0,0,0,0,0,0,0,0,0,0,3,0,0,False
5104,microsoft/azure-maven-plugins,7ca45846f89a5fc421a3c4dff690d88ca1f4ebc6,azure-maven-plugin-lib/src/test/java/com/microsoft/azure/maven/TestHelper.java,0,0,0,0,0.0,0,2,0,0,0,0,0,0,0,0,0,0,0,0,0,0,0,0,0,0,0,0,False
5105,microsoft/azure-maven-plugins,7ca45846f89a5fc421a3c4dff690d88ca1f4ebc6,azure-maven-plugin-lib/src/test/java/com/microsoft/azure/maven/utils/ResourcesUtilsTest.java,0,0,0,0,0.0,0,2,1,0,0,0,0,1,0,0,0,0,0,0,0,0,0,0,0,2,0,0,False
5106,microsoft/azure-maven-plugins,7ca45846f89a5fc421a3c4dff690d88ca1f4ebc6,azure-spring-cloud-maven-plugin/src/test/java/com/microsoft/azure/maven/springcloud/configuration/SpringCloudAppSettingsTest.java,0,0,0,0,0.0,0,6,0,0,0,0,0,0,0,0,0,0,0,0,0,0,0,0,0,6,0,0,False
5107,microsoft/azure-maven-plugins,7ca45846f89a5fc421a3c4dff690d88ca1f4ebc6,azure-spring-cloud-maven-plugin/src/test/java/com/microsoft/azure/maven/springcloud/configuration/AppDeploymentMavenConfigTest.java,0,0,0,0,0.0,0,7,1,0,0,0,0,0,0,0,0,0,0,0,0,0,0,0,0,7,0,0,False
5108,microsoft/azure-maven-plugins,7ca45846f89a5fc421a3c4dff690d88ca1f4ebc6,azure-spring-cloud-maven-plugin/src/test/java/com/microsoft/azure/maven/springcloud/configuration/SpringCloudDeploymentRawConfigTest.java,0,0,0,0,0.0,0,7,0,0,0,0,0,0,0,0,0,0,0,0,0,0,0,0,0,7,0,0,False
5109,microsoft/azure-maven-plugins,7ca45846f89a5fc421a3c4dff690d88ca1f4ebc6,azure-spring-cloud-maven-plugin/src/test/java/com/microsoft/azure/maven/springcloud/DeployMojoTest.java,0,0,0,0,0.0,0,1,1,0,0,0,0,1,0,0,0,0,0,0,0,0,0,0,0,1,0,0,False
5110,microsoft/azure-maven-plugins,7ca45846f89a5fc421a3c4dff690d88ca1f4ebc6,azure-spring-cloud-maven-plugin/src/test/java/com/microsoft/azure/maven/springcloud/prompt/ConfigurationPrompterTest.java,0,0,0,0,0.0,0,16,8,1,0,0,0,14,15,0,0,0,2,0,0,7,1,0,1,15,0,0,False
5111,microsoft/azure-maven-plugins,7ca45846f89a5fc421a3c4dff690d88ca1f4ebc6,azure-spring-cloud-maven-plugin/src/test/java/com/microsoft/azure/maven/springcloud/TestHelper.java,0,0,0,0,0.0,0,1,0,0,0,0,0,0,0,0,0,0,0,0,0,0,0,0,0,0,0,0,False
5112,microsoft/azure-maven-plugins,7ca45846f89a5fc421a3c4dff690d88ca1f4ebc6,azure-spring-cloud-maven-plugin/src/test/java/com/microsoft/azure/maven/springcloud/exception/AzureConfigurationExceptionTest.java,0,0,0,0,0.0,0,3,1,0,0,0,0,1,0,0,0,0,0,0,0,0,0,0,0,3,0,0,False
5113,microsoft/azure-maven-plugins,7ca45846f89a5fc421a3c4dff690d88ca1f4ebc6,azure-spring-cloud-maven-plugin/src/test/java/com/microsoft/azure/maven/springcloud/pom/PomUtilsTest.java,0,0,0,0,0.0,0,2,2,0,0,0,0,2,0,2,0,0,0,0,0,0,0,0,2,2,0,0,False
5114,microsoft/azure-maven-plugins,6b4932adfc91ce3901e8ee75182cf900a8a1a637,azure-toolkit-libs/azure-toolkit-appservice-lib/src/test/java/com/microsoft/azure/toolkit/lib/legacy/appservice/handlers/artifact/FTPUploaderTest.java,0,0,0,0,0.0,0,4,0,0,0,0,0,3,0,0,0,0,0,0,0,0,1,0,0,3,0,0,False
5115,microsoft/azure-maven-plugins,6b4932adfc91ce3901e8ee75182cf900a8a1a637,azure-toolkit-libs/azure-toolkit-appservice-lib/src/test/java/com/microsoft/azure/toolkit/lib/legacy/function/handlers/CommandHandlerImplTest.java,0,0,0,0,0.0,0,3,1,0,0,0,0,1,0,0,0,0,0,0,0,0,0,0,0,3,0,0,False
5116,microsoft/azure-maven-plugins,6b4932adfc91ce3901e8ee75182cf900a8a1a637,azure-toolkit-libs/azure-toolkit-appservice-lib/src/test/java/com/microsoft/azure/toolkit/lib/legacy/function/handlers/AnnotationHandlerImplTest.java,0,0,0,0,0.0,0,7,2,0,0,0,0,2,0,0,0,0,0,0,0,0,0,0,0,2,0,0,False
5117,microsoft/azure-maven-plugins,6b4932adfc91ce3901e8ee75182cf900a8a1a637,azure-toolkit-libs/azure-toolkit-appservice-lib/src/test/java/com/microsoft/azure/toolkit/lib/legacy/function/handlers/FunctionCoreToolsHandlerImplTest.java,0,0,0,0,0.0,0,7,0,0,0,0,0,6,0,0,0,0,0,0,0,0,3,0,2,7,0,0,False
5118,microsoft/azure-maven-plugins,6b4932adfc91ce3901e8ee75182cf900a8a1a637,azure-toolkit-libs/azure-toolkit-appservice-lib/src/test/java/com/microsoft/azure/toolkit/lib/legacy/function/utils/CommandUtilsTest.java,0,0,0,0,0.0,0,3,1,0,0,0,0,1,0,0,0,0,0,0,0,0,0,0,0,3,0,0,False
5119,microsoft/azure-maven-plugins,6b4932adfc91ce3901e8ee75182cf900a8a1a637,azure-maven-plugin-lib/src/test/java/com/microsoft/azure/maven/TestHelper.java,0,0,0,0,0.0,0,2,0,0,0,0,0,0,0,0,0,0,0,0,0,0,0,0,0,0,0,0,False
5120,microsoft/azure-maven-plugins,6b4932adfc91ce3901e8ee75182cf900a8a1a637,azure-maven-plugin-lib/src/test/java/com/microsoft/azure/maven/utils/ResourcesUtilsTest.java,0,0,0,0,0.0,0,2,1,0,0,0,0,1,0,0,0,0,0,0,0,0,0,0,0,2,0,0,False
5121,microsoft/azure-maven-plugins,6b4932adfc91ce3901e8ee75182cf900a8a1a637,azure-spring-cloud-maven-plugin/src/test/java/com/microsoft/azure/maven/springcloud/configuration/SpringCloudAppSettingsTest.java,0,0,0,0,0.0,0,6,0,0,0,0,0,0,0,0,0,0,0,0,0,0,0,0,0,6,0,0,False
5122,microsoft/azure-maven-plugins,6b4932adfc91ce3901e8ee75182cf900a8a1a637,azure-spring-cloud-maven-plugin/src/test/java/com/microsoft/azure/maven/springcloud/configuration/AppDeploymentMavenConfigTest.java,0,0,0,0,0.0,0,7,1,0,0,0,0,0,0,0,0,0,0,0,0,0,0,0,0,7,0,0,False
5123,microsoft/azure-maven-plugins,6b4932adfc91ce3901e8ee75182cf900a8a1a637,azure-spring-cloud-maven-plugin/src/test/java/com/microsoft/azure/maven/springcloud/configuration/SpringCloudDeploymentRawConfigTest.java,0,0,0,0,0.0,0,7,0,0,0,0,0,0,0,0,0,0,0,0,0,0,0,0,0,7,0,0,False
5124,microsoft/azure-maven-plugins,6b4932adfc91ce3901e8ee75182cf900a8a1a637,azure-spring-cloud-maven-plugin/src/test/java/com/microsoft/azure/maven/springcloud/DeployMojoTest.java,0,0,0,0,0.0,0,1,1,0,0,0,0,1,0,0,0,0,0,0,0,0,0,0,0,1,0,0,False
5125,microsoft/azure-maven-plugins,6b4932adfc91ce3901e8ee75182cf900a8a1a637,azure-spring-cloud-maven-plugin/src/test/java/com/microsoft/azure/maven/springcloud/prompt/ConfigurationPrompterTest.java,0,0,0,0,0.0,0,16,8,1,0,0,0,14,15,0,0,0,2,0,0,7,1,0,1,15,0,0,False
5126,microsoft/azure-maven-plugins,6b4932adfc91ce3901e8ee75182cf900a8a1a637,azure-spring-cloud-maven-plugin/src/test/java/com/microsoft/azure/maven/springcloud/TestHelper.java,0,0,0,0,0.0,0,1,0,0,0,0,0,0,0,0,0,0,0,0,0,0,0,0,0,0,0,0,False
5127,microsoft/azure-maven-plugins,6b4932adfc91ce3901e8ee75182cf900a8a1a637,azure-spring-cloud-maven-plugin/src/test/java/com/microsoft/azure/maven/springcloud/exception/AzureConfigurationExceptionTest.java,0,0,0,0,0.0,0,3,1,0,0,0,0,1,0,0,0,0,0,0,0,0,0,0,0,3,0,0,False
5128,microsoft/azure-maven-plugins,6b4932adfc91ce3901e8ee75182cf900a8a1a637,azure-spring-cloud-maven-plugin/src/test/java/com/microsoft/azure/maven/springcloud/pom/PomUtilsTest.java,0,0,0,0,0.0,0,2,2,0,0,0,0,2,0,2,0,0,0,0,0,0,0,0,2,2,0,0,False
5129,microsoft/azure-maven-plugins,0bf705551bbec7d3fba089a8eed3662eb9d0b716,azure-maven-plugin-lib/src/test/java/com/microsoft/azure/maven/TestHelper.java,0,0,0,0,0.0,0,1,0,0,0,0,0,0,0,0,0,0,0,0,0,0,0,0,0,0,0,0,False
5130,microsoft/azure-maven-plugins,0bf705551bbec7d3fba089a8eed3662eb9d0b716,azure-maven-plugin-lib/src/test/java/com/microsoft/azure/maven/utils/ResourcesUtilsTest.java,0,0,0,0,0.0,0,2,1,0,0,0,0,1,0,0,0,0,0,0,0,0,0,0,0,2,0,0,False
5131,microsoft/azure-maven-plugins,0bf705551bbec7d3fba089a8eed3662eb9d0b716,azure-maven-plugin-lib/src/test/java/com/microsoft/azure/maven/auth/AzureAuthHelperTest.java,0,0,0,0,0.0,0,13,5,0,0,0,0,4,0,0,0,0,0,0,0,3,1,0,0,12,0,0,False
5132,microsoft/azure-maven-plugins,0bf705551bbec7d3fba089a8eed3662eb9d0b716,azure-spring-cloud-maven-plugin/src/test/java/com/microsoft/azure/maven/springcloud/configuration/SpringCloudAppSettingsTest.java,0,0,0,0,0.0,0,6,0,0,0,0,0,0,0,0,0,0,0,0,0,0,0,0,0,6,0,0,False
5133,microsoft/azure-maven-plugins,0bf705551bbec7d3fba089a8eed3662eb9d0b716,azure-spring-cloud-maven-plugin/src/test/java/com/microsoft/azure/maven/springcloud/configuration/AppDeploymentMavenConfigTest.java,0,0,0,0,0.0,0,7,1,0,0,0,0,0,0,0,0,0,0,0,0,0,0,0,0,7,0,0,False
5134,microsoft/azure-maven-plugins,0bf705551bbec7d3fba089a8eed3662eb9d0b716,azure-spring-cloud-maven-plugin/src/test/java/com/microsoft/azure/maven/springcloud/configuration/SpringCloudDeploymentRawConfigTest.java,0,0,0,0,0.0,0,7,0,0,0,0,0,0,0,0,0,0,0,0,0,0,0,0,0,7,0,0,False
5135,microsoft/azure-maven-plugins,0bf705551bbec7d3fba089a8eed3662eb9d0b716,azure-spring-cloud-maven-plugin/src/test/java/com/microsoft/azure/maven/springcloud/DeployMojoTest.java,0,0,0,0,0.0,0,1,1,0,0,0,0,1,0,0,0,0,0,0,0,0,0,0,0,1,0,0,False
5136,microsoft/azure-maven-plugins,0bf705551bbec7d3fba089a8eed3662eb9d0b716,azure-spring-cloud-maven-plugin/src/test/java/com/microsoft/azure/maven/springcloud/prompt/ConfigurationPrompterTest.java,0,0,0,0,0.0,0,16,8,1,0,0,0,14,15,0,0,0,2,0,0,7,1,0,1,15,0,0,False
5137,microsoft/azure-maven-plugins,0bf705551bbec7d3fba089a8eed3662eb9d0b716,azure-spring-cloud-maven-plugin/src/test/java/com/microsoft/azure/maven/springcloud/TestHelper.java,0,0,0,0,0.0,0,10,0,0,0,0,0,0,0,0,0,0,0,0,0,0,0,0,0,0,0,0,False
5138,microsoft/azure-maven-plugins,0bf705551bbec7d3fba089a8eed3662eb9d0b716,azure-spring-cloud-maven-plugin/src/test/java/com/microsoft/azure/maven/springcloud/exception/AzureConfigurationExceptionTest.java,0,0,0,0,0.0,0,3,1,0,0,0,0,1,0,0,0,0,0,0,0,0,0,0,0,3,0,0,False
5139,microsoft/azure-maven-plugins,0bf705551bbec7d3fba089a8eed3662eb9d0b716,azure-spring-cloud-maven-plugin/src/test/java/com/microsoft/azure/maven/springcloud/pom/PomUtilsTest.java,0,0,0,0,0.0,0,2,2,0,0,0,0,2,0,2,0,0,0,0,0,0,0,0,2,2,0,0,False
5140,microsoft/azure-maven-plugins,0bf705551bbec7d3fba089a8eed3662eb9d0b716,azure-tools-common/src/test/java/com/microsoft/azure/common/validation/SchemaValidatorTest.java,0,0,0,0,0.0,0,6,1,0,0,0,0,5,1,0,1,0,0,0,0,2,0,0,0,5,0,0,False
5141,microsoft/azure-maven-plugins,0bf705551bbec7d3fba089a8eed3662eb9d0b716,azure-tools-common/src/test/java/com/microsoft/azure/common/ConfigurationProblemTest.java,0,0,0,0,0.0,0,1,1,0,0,0,0,0,0,0,0,0,1,0,0,0,0,0,0,1,0,0,False
5142,microsoft/azure-maven-plugins,0bf705551bbec7d3fba089a8eed3662eb9d0b716,azure-tools-common/src/test/java/com/microsoft/azure/common/prompt/DefaultPrompterTest.java,0,0,0,0,0.0,0,13,8,4,0,0,0,12,0,0,0,0,0,0,0,4,1,0,0,12,0,0,False
5143,microsoft/azure-maven-plugins,0bf705551bbec7d3fba089a8eed3662eb9d0b716,azure-tools-common/src/test/java/com/microsoft/azure/common/prompt/InputValidateResultTest.java,0,0,0,0,0.0,0,2,2,0,0,0,0,0,0,0,0,0,0,0,0,0,0,0,0,2,0,0,False
5144,microsoft/azure-maven-plugins,0bf705551bbec7d3fba089a8eed3662eb9d0b716,azure-tools-common/src/test/java/com/microsoft/azure/common/handlers/artifact/ZIPArtifactHandlerImplTest.java,0,0,0,0,0.0,0,7,0,0,0,0,0,3,0,3,0,0,0,0,0,0,1,0,3,5,0,0,False
5145,microsoft/azure-maven-plugins,0bf705551bbec7d3fba089a8eed3662eb9d0b716,azure-tools-common/src/test/java/com/microsoft/azure/common/handlers/artifact/FTPArtifactHandlerImplTest.java,0,0,0,0,0.0,0,6,0,0,0,0,0,4,0,0,0,0,0,0,0,0,4,0,0,4,0,0,False
5146,microsoft/azure-maven-plugins,0bf705551bbec7d3fba089a8eed3662eb9d0b716,azure-tools-common/src/test/java/com/microsoft/azure/common/handlers/artifact/ArtifactHandlerBaseTest.java,0,0,0,0,0.0,0,4,0,0,0,0,0,3,0,0,0,0,0,0,0,0,0,0,0,3,0,0,False
5147,microsoft/azure-maven-plugins,0bf705551bbec7d3fba089a8eed3662eb9d0b716,azure-tools-common/src/test/java/com/microsoft/azure/common/TestHelper.java,0,0,0,0,0.0,0,1,0,0,0,0,0,0,0,0,0,0,0,0,0,0,0,0,0,0,0,0,False
5148,microsoft/azure-maven-plugins,0bf705551bbec7d3fba089a8eed3662eb9d0b716,azure-tools-common/src/test/java/com/microsoft/azure/common/utils/IndentUtilTest.java,0,0,0,0,0.0,0,2,1,0,0,0,0,1,0,0,0,0,0,0,0,1,0,0,0,2,0,0,False
5149,microsoft/azure-maven-plugins,0bf705551bbec7d3fba089a8eed3662eb9d0b716,azure-tools-common/src/test/java/com/microsoft/azure/common/utils/SneakyThrowUtilsTest.java,0,0,0,0,0.0,0,2,0,0,0,0,0,1,0,0,0,0,0,0,0,0,0,0,0,1,0,0,False
5150,microsoft/azure-maven-plugins,0bf705551bbec7d3fba089a8eed3662eb9d0b716,azure-tools-common/src/test/java/com/microsoft/azure/common/utils/TextUtilsTest.java,0,0,0,0,0.0,0,11,5,0,0,0,0,1,0,0,5,0,0,0,0,0,0,0,0,10,0,0,False
5151,microsoft/azure-maven-plugins,0bf705551bbec7d3fba089a8eed3662eb9d0b716,azure-tools-common/src/test/java/com/microsoft/azure/common/utils/JsonUtilsTest.java,0,0,0,0,0.0,0,2,1,0,0,0,0,1,0,0,0,0,0,0,0,1,0,0,0,2,0,0,False
5152,microsoft/azure-maven-plugins,0bf705551bbec7d3fba089a8eed3662eb9d0b716,azure-tools-common/src/test/java/com/microsoft/azure/common/UtilsTest.java,0,0,0,0,0.0,0,2,1,0,0,0,0,2,0,0,0,0,0,0,0,0,0,0,0,2,0,0,False
5153,microsoft/azure-maven-plugins,0bf705551bbec7d3fba089a8eed3662eb9d0b716,azure-tools-common/src/test/java/com/microsoft/azure/common/FTPUploaderTest.java,0,0,0,0,0.0,0,4,0,0,0,0,0,3,0,0,0,0,0,0,0,0,1,0,0,3,0,0,False
5154,microsoft/azure-maven-plugins,0bf705551bbec7d3fba089a8eed3662eb9d0b716,azure-tools-common/src/test/java/com/microsoft/azure/common/function/handlers/artifact/FunctionArtifactHelperTest.java,0,0,0,0,0.0,0,5,0,0,0,0,0,5,0,0,0,0,0,0,0,0,1,0,0,5,0,0,False
5155,microsoft/azure-maven-plugins,0bf705551bbec7d3fba089a8eed3662eb9d0b716,azure-tools-common/src/test/java/com/microsoft/azure/common/function/handlers/artifact/MSDeployArtifactHandlerImplTest.java,0,0,0,0,0.0,0,7,0,0,0,0,0,5,0,3,0,0,0,0,0,0,3,0,2,5,0,0,False
5156,microsoft/azure-maven-plugins,0bf705551bbec7d3fba089a8eed3662eb9d0b716,azure-tools-common/src/test/java/com/microsoft/azure/common/function/handlers/CommandHandlerImplTest.java,0,0,0,0,0.0,0,3,1,0,0,0,0,1,0,0,0,0,0,0,0,0,0,0,0,3,0,0,False
5157,microsoft/azure-maven-plugins,0bf705551bbec7d3fba089a8eed3662eb9d0b716,azure-tools-common/src/test/java/com/microsoft/azure/common/function/handlers/AnnotationHandlerImplTest.java,0,0,0,0,0.0,0,7,2,0,0,0,0,2,0,0,0,0,0,0,0,0,0,0,0,2,0,0,False
5158,microsoft/azure-maven-plugins,0bf705551bbec7d3fba089a8eed3662eb9d0b716,azure-tools-common/src/test/java/com/microsoft/azure/common/function/handlers/FunctionCoreToolsHandlerImplTest.java,0,0,0,0,0.0,0,7,0,0,0,0,0,6,0,0,0,0,0,0,0,0,3,0,2,7,0,0,False
5159,microsoft/azure-maven-plugins,0bf705551bbec7d3fba089a8eed3662eb9d0b716,azure-tools-common/src/test/java/com/microsoft/azure/common/function/utils/CommandUtilsTest.java,0,0,0,0,0.0,0,3,1,0,0,0,0,1,0,0,0,0,0,0,0,0,0,0,0,3,0,0,False
5160,microsoft/azure-maven-plugins,110a8c61f57fa63cb1990afee7a830ed03fdd554,azure-auth-helper/src/test/java/com/microsoft/azure/auth/configuration/AuthConfigurationTest.java,0,0,0,0,0.0,0,10,1,0,0,0,0,0,0,0,0,0,0,0,0,1,0,0,0,10,0,0,False
5161,microsoft/azure-maven-plugins,110a8c61f57fa63cb1990afee7a830ed03fdd554,azure-auth-helper/src/test/java/com/microsoft/azure/auth/MavenSettingHelperTest.java,0,0,0,0,0.0,0,5,3,0,0,0,0,4,0,0,0,0,0,0,0,1,0,0,0,4,0,0,False
5162,microsoft/azure-maven-plugins,110a8c61f57fa63cb1990afee7a830ed03fdd554,azure-auth-helper/src/test/java/com/microsoft/azure/auth/TestHelper.java,0,0,0,0,0.0,0,5,0,0,0,0,0,0,0,0,0,0,0,0,0,0,0,0,0,0,0,0,False
5163,microsoft/azure-maven-plugins,110a8c61f57fa63cb1990afee7a830ed03fdd554,azure-auth-helper/src/test/java/com/microsoft/azure/auth/exception/InvalidConfigurationExceptionTest.java,0,0,0,0,0.0,0,2,0,0,0,0,0,1,0,0,0,0,0,0,0,0,0,0,0,2,0,0,False
5164,microsoft/azure-maven-plugins,110a8c61f57fa63cb1990afee7a830ed03fdd554,azure-auth-helper/src/test/java/com/microsoft/azure/auth/exception/MavenDecryptExceptionTest.java,0,0,0,0,0.0,0,3,1,0,0,0,0,1,0,0,0,0,0,0,0,0,0,0,0,3,0,0,False
5165,microsoft/azure-maven-plugins,110a8c61f57fa63cb1990afee7a830ed03fdd554,azure-auth-helper/src/test/java/com/microsoft/azure/auth/exception/AzureLoginFailureExceptionTest.java,0,0,0,0,0.0,0,2,0,0,0,0,0,1,0,0,0,0,0,0,0,0,0,0,0,2,0,0,False
5166,microsoft/azure-maven-plugins,110a8c61f57fa63cb1990afee7a830ed03fdd554,azure-auth-helper/src/test/java/com/microsoft/azure/auth/exception/DesktopNotSupportedExceptionTest.java,0,0,0,0,0.0,0,2,0,0,0,0,0,1,0,0,0,0,0,0,0,0,0,0,0,2,0,0,False
5167,microsoft/azure-maven-plugins,110a8c61f57fa63cb1990afee7a830ed03fdd554,azure-auth-helper/src/test/java/com/microsoft/azure/auth/exception/AzureLoginTimeoutExceptionTest.java,0,0,0,0,0.0,0,2,0,0,0,0,0,1,0,0,0,0,0,0,0,0,0,0,0,2,0,0,False
5168,microsoft/azure-maven-plugins,110a8c61f57fa63cb1990afee7a830ed03fdd554,azure-auth-helper/src/test/java/com/microsoft/azure/auth/AzureAuthHelperTest.java,0,0,0,0,0.0,0,19,11,0,0,0,0,11,16,7,0,0,2,0,0,3,0,0,7,17,0,0,False
5169,microsoft/azure-maven-plugins,110a8c61f57fa63cb1990afee7a830ed03fdd554,azure-auth-helper/src/test/java/com/microsoft/azure/auth/AzureServicePrincipleAuthHelperTest.java,0,0,0,0,0.0,0,6,2,0,0,0,0,5,0,4,0,0,0,0,0,1,2,0,4,5,0,0,False
5170,microsoft/azure-maven-plugins,110a8c61f57fa63cb1990afee7a830ed03fdd554,azure-auth-helper/src/test/java/com/microsoft/azure/auth/AzureCredentialTest.java,0,0,0,0,0.0,0,2,1,0,0,0,0,1,0,0,0,0,0,0,0,0,0,0,0,2,0,0,False
5171,microsoft/azure-maven-plugins,110a8c61f57fa63cb1990afee7a830ed03fdd554,azure-auth-helper/src/test/java/com/microsoft/azure/auth/AzureLoginHelperTest.java,0,0,0,0,0.0,0,9,6,0,0,0,0,6,0,0,0,0,0,0,0,1,0,0,0,8,0,0,False
5172,microsoft/azure-maven-plugins,110a8c61f57fa63cb1990afee7a830ed03fdd554,azure-auth-helper/src/test/java/com/microsoft/azure/auth/LocalAuthServerTest.java,0,0,0,0,0.0,0,6,2,0,0,0,0,4,0,0,0,0,0,0,0,0,1,0,0,4,0,0,False
5173,microsoft/azure-maven-plugins,110a8c61f57fa63cb1990afee7a830ed03fdd554,azure-auth-helper/src/test/java/com/microsoft/azure/auth/AzureContextExecutorTest.java,0,0,0,0,0.0,0,2,1,0,0,0,0,2,0,0,0,0,0,0,0,1,0,0,0,2,0,0,False
5174,microsoft/azure-maven-plugins,110a8c61f57fa63cb1990afee7a830ed03fdd554,azure-maven-plugin-common/src/test/java/com/microsoft/azure/maven/common/TestHelper.java,0,0,0,0,0.0,0,1,0,0,0,0,0,0,0,0,0,0,0,0,0,0,0,0,0,0,0,0,False
5175,microsoft/azure-maven-plugins,110a8c61f57fa63cb1990afee7a830ed03fdd554,azure-maven-plugin-common/src/test/java/com/microsoft/azure/maven/common/utils/MavenUtilsTest.java,0,0,0,0,0.0,0,3,2,0,0,0,0,3,0,3,0,0,0,0,0,0,0,0,3,3,0,0,False
5176,microsoft/azure-maven-plugins,110a8c61f57fa63cb1990afee7a830ed03fdd554,azure-maven-plugin/src/test/java/com/microsoft/azure/plugin/login/TestHelper.java,0,0,0,0,0.0,0,8,0,0,0,0,0,0,0,0,0,0,0,0,0,0,0,0,0,0,0,0,False
5177,microsoft/azure-maven-plugins,110a8c61f57fa63cb1990afee7a830ed03fdd554,azure-maven-plugin/src/test/java/com/microsoft/azure/plugin/login/LoginMojoTest.java,0,0,0,0,0.0,0,6,0,0,0,0,0,5,0,4,0,0,0,0,0,0,4,0,4,5,0,0,False
5178,microsoft/azure-maven-plugins,110a8c61f57fa63cb1990afee7a830ed03fdd554,azure-maven-plugin/src/test/java/com/microsoft/azure/plugin/login/LogoutMojoTest.java,0,0,0,0,0.0,0,3,1,0,0,0,0,2,0,1,0,0,0,0,0,1,0,0,1,2,0,0,False
5179,microsoft/azure-maven-plugins,110a8c61f57fa63cb1990afee7a830ed03fdd554,azure-maven-plugin/src/test/java/com/microsoft/azure/plugin/login/SelectSubscriptionMojoTest.java,0,0,0,0,0.0,0,9,1,0,0,0,0,8,0,5,0,0,0,0,0,0,3,0,5,8,0,0,False
5180,microsoft/azure-maven-plugins,110a8c61f57fa63cb1990afee7a830ed03fdd554,azure-maven-plugin-lib/src/test/java/com/microsoft/azure/maven/auth/AzureAuthHelperTest.java,0,0,0,0,0.0,0,13,5,0,0,0,0,4,0,0,0,0,0,0,0,3,1,0,0,12,0,0,False
5181,microsoft/azure-maven-plugins,110a8c61f57fa63cb1990afee7a830ed03fdd554,azure-spring-cloud-maven-plugin/src/test/java/com/microsoft/azure/maven/spring/configuration/DeploymentTest.java,0,0,0,0,0.0,0,7,1,0,0,0,0,0,0,0,0,0,0,0,0,0,0,0,0,7,0,0,False
5182,microsoft/azure-maven-plugins,110a8c61f57fa63cb1990afee7a830ed03fdd554,azure-spring-cloud-maven-plugin/src/test/java/com/microsoft/azure/maven/spring/configuration/DeploymentSettingsTest.java,0,0,0,0,0.0,0,7,0,0,0,0,0,0,0,0,0,0,0,0,0,0,0,0,0,7,0,0,False
5183,microsoft/azure-maven-plugins,110a8c61f57fa63cb1990afee7a830ed03fdd554,azure-spring-cloud-maven-plugin/src/test/java/com/microsoft/azure/maven/spring/configuration/VolumeTest.java,0,0,0,0,0.0,0,3,0,0,0,0,0,0,0,0,0,0,0,0,0,0,0,0,0,3,0,0,False
5184,microsoft/azure-maven-plugins,110a8c61f57fa63cb1990afee7a830ed03fdd554,azure-spring-cloud-maven-plugin/src/test/java/com/microsoft/azure/maven/spring/configuration/AppSettingsTest.java,0,0,0,0,0.0,0,6,0,0,0,0,0,0,0,0,0,0,0,0,0,0,0,0,0,6,0,0,False
5185,microsoft/azure-maven-plugins,110a8c61f57fa63cb1990afee7a830ed03fdd554,azure-spring-cloud-maven-plugin/src/test/java/com/microsoft/azure/maven/spring/configuration/SpringConfigurationTest.java,0,0,0,0,0.0,0,7,0,0,0,0,0,0,0,0,0,0,0,0,0,0,0,0,0,7,0,0,False
5186,microsoft/azure-maven-plugins,110a8c61f57fa63cb1990afee7a830ed03fdd554,azure-spring-cloud-maven-plugin/src/test/java/com/microsoft/azure/maven/spring/ConfigMojoTest.java,0,0,0,0,0.0,0,14,8,0,0,0,0,11,11,1,0,0,0,0,0,0,2,0,1,11,0,0,False
5187,microsoft/azure-maven-plugins,110a8c61f57fa63cb1990afee7a830ed03fdd554,azure-spring-cloud-maven-plugin/src/test/java/com/microsoft/azure/maven/spring/DeployMojoTest.java,0,0,0,0,0.0,0,1,1,0,0,0,0,1,0,0,0,0,0,0,0,0,0,0,0,1,0,0,False
5188,microsoft/azure-maven-plugins,110a8c61f57fa63cb1990afee7a830ed03fdd554,azure-spring-cloud-maven-plugin/src/test/java/com/microsoft/azure/maven/spring/prompt/PromptWrapperTest.java,0,0,0,0,0.0,0,16,8,1,0,0,0,14,15,0,0,0,2,0,0,7,1,0,1,15,0,0,False
5189,microsoft/azure-maven-plugins,110a8c61f57fa63cb1990afee7a830ed03fdd554,azure-spring-cloud-maven-plugin/src/test/java/com/microsoft/azure/maven/spring/TestHelper.java,0,0,0,0,0.0,0,10,0,0,0,0,0,0,0,0,0,0,0,0,0,0,0,0,0,0,0,0,False
5190,microsoft/azure-maven-plugins,110a8c61f57fa63cb1990afee7a830ed03fdd554,azure-spring-cloud-maven-plugin/src/test/java/com/microsoft/azure/maven/spring/utils/XmlUtilsTest.java,0,0,0,0,0.0,0,6,4,0,0,0,0,1,0,0,0,0,0,0,0,0,0,0,0,5,0,0,False
5191,microsoft/azure-maven-plugins,110a8c61f57fa63cb1990afee7a830ed03fdd554,azure-spring-cloud-maven-plugin/src/test/java/com/microsoft/azure/maven/spring/utils/ResourcesUtilsTest.java,0,0,0,0,0.0,0,2,1,0,0,0,0,1,0,0,0,0,0,0,0,0,0,0,0,2,0,0,False
5192,microsoft/azure-maven-plugins,110a8c61f57fa63cb1990afee7a830ed03fdd554,azure-spring-cloud-maven-plugin/src/test/java/com/microsoft/azure/maven/spring/utils/TemplateUtilsTest.java,0,0,0,0,0.0,0,8,2,0,0,0,0,1,0,0,0,0,0,0,0,1,0,0,0,8,0,0,False
5193,microsoft/azure-maven-plugins,110a8c61f57fa63cb1990afee7a830ed03fdd554,azure-spring-cloud-maven-plugin/src/test/java/com/microsoft/azure/maven/spring/exception/NoResourcesAvailableExceptionTest.java,0,0,0,0,0.0,0,2,0,0,0,0,0,1,0,0,0,0,0,0,0,0,0,0,0,2,0,0,False
5194,microsoft/azure-maven-plugins,110a8c61f57fa63cb1990afee7a830ed03fdd554,azure-spring-cloud-maven-plugin/src/test/java/com/microsoft/azure/maven/spring/exception/SpringConfigurationExceptionTest.java,0,0,0,0,0.0,0,3,1,0,0,0,0,1,0,0,0,0,0,0,0,0,0,0,0,3,0,0,False
5195,microsoft/azure-maven-plugins,110a8c61f57fa63cb1990afee7a830ed03fdd554,azure-spring-cloud-maven-plugin/src/test/java/com/microsoft/azure/maven/spring/spring/SpringServiceClientTest.java,0,0,0,0,0.0,0,3,1,0,0,0,0,1,0,0,0,0,0,0,0,0,0,0,0,2,0,0,False
5196,microsoft/azure-maven-plugins,110a8c61f57fa63cb1990afee7a830ed03fdd554,azure-spring-cloud-maven-plugin/src/test/java/com/microsoft/azure/maven/spring/pom/PomXmlUpdaterTest.java,0,0,0,0,0.0,0,2,2,0,0,0,0,2,0,2,0,0,0,0,0,0,0,0,2,2,0,0,False
5197,microsoft/azure-maven-plugins,110a8c61f57fa63cb1990afee7a830ed03fdd554,azure-tools-common/src/test/java/com/microsoft/azure/common/validation/SchemaValidatorTest.java,0,0,0,0,0.0,0,6,1,0,0,0,0,5,1,0,1,0,0,0,0,2,0,0,0,5,0,0,False
5198,microsoft/azure-maven-plugins,110a8c61f57fa63cb1990afee7a830ed03fdd554,azure-tools-common/src/test/java/com/microsoft/azure/common/ConfigurationProblemTest.java,0,0,0,0,0.0,0,1,1,0,0,0,0,0,0,0,0,0,1,0,0,0,0,0,0,1,0,0,False
5199,microsoft/azure-maven-plugins,110a8c61f57fa63cb1990afee7a830ed03fdd554,azure-tools-common/src/test/java/com/microsoft/azure/common/prompt/DefaultPrompterTest.java,0,0,0,0,0.0,0,13,8,4,0,0,0,12,0,0,0,0,0,0,0,4,1,0,0,12,0,0,False
5200,microsoft/azure-maven-plugins,110a8c61f57fa63cb1990afee7a830ed03fdd554,azure-tools-common/src/test/java/com/microsoft/azure/common/prompt/InputValidateResultTest.java,0,0,0,0,0.0,0,2,2,0,0,0,0,0,0,0,0,0,0,0,0,0,0,0,0,2,0,0,False
5201,microsoft/azure-maven-plugins,110a8c61f57fa63cb1990afee7a830ed03fdd554,azure-tools-common/src/test/java/com/microsoft/azure/common/handlers/artifact/ZIPArtifactHandlerImplTest.java,0,0,0,0,0.0,0,7,0,0,0,0,0,3,0,3,0,0,0,0,0,0,1,0,3,5,0,0,False
5202,microsoft/azure-maven-plugins,110a8c61f57fa63cb1990afee7a830ed03fdd554,azure-tools-common/src/test/java/com/microsoft/azure/common/handlers/artifact/FTPArtifactHandlerImplTest.java,0,0,0,0,0.0,0,6,0,0,0,0,0,4,0,0,0,0,0,0,0,0,4,0,0,4,0,0,False
5203,microsoft/azure-maven-plugins,110a8c61f57fa63cb1990afee7a830ed03fdd554,azure-tools-common/src/test/java/com/microsoft/azure/common/handlers/artifact/ArtifactHandlerBaseTest.java,0,0,0,0,0.0,0,4,0,0,0,0,0,3,0,0,0,0,0,0,0,0,0,0,0,3,0,0,False
5204,microsoft/azure-maven-plugins,110a8c61f57fa63cb1990afee7a830ed03fdd554,azure-tools-common/src/test/java/com/microsoft/azure/common/TestHelper.java,0,0,0,0,0.0,0,1,0,0,0,0,0,0,0,0,0,0,0,0,0,0,0,0,0,0,0,0,False
5205,microsoft/azure-maven-plugins,110a8c61f57fa63cb1990afee7a830ed03fdd554,azure-tools-common/src/test/java/com/microsoft/azure/common/utils/IndentUtilTest.java,0,0,0,0,0.0,0,2,1,0,0,0,0,1,0,0,0,0,0,0,0,1,0,0,0,2,0,0,False
5206,microsoft/azure-maven-plugins,110a8c61f57fa63cb1990afee7a830ed03fdd554,azure-tools-common/src/test/java/com/microsoft/azure/common/utils/SneakyThrowUtilsTest.java,0,0,0,0,0.0,0,2,0,0,0,0,0,1,0,0,0,0,0,0,0,0,0,0,0,1,0,0,False
5207,microsoft/azure-maven-plugins,110a8c61f57fa63cb1990afee7a830ed03fdd554,azure-tools-common/src/test/java/com/microsoft/azure/common/utils/TextUtilsTest.java,0,0,0,0,0.0,0,11,5,0,0,0,0,1,0,0,5,0,0,0,0,0,0,0,0,10,0,0,False
5208,microsoft/azure-maven-plugins,110a8c61f57fa63cb1990afee7a830ed03fdd554,azure-tools-common/src/test/java/com/microsoft/azure/common/utils/JsonUtilsTest.java,0,0,0,0,0.0,0,2,1,0,0,0,0,1,0,0,0,0,0,0,0,1,0,0,0,2,0,0,False
5209,microsoft/azure-maven-plugins,110a8c61f57fa63cb1990afee7a830ed03fdd554,azure-tools-common/src/test/java/com/microsoft/azure/common/UtilsTest.java,0,0,0,0,0.0,0,2,1,0,0,0,0,2,0,0,0,0,0,0,0,0,0,0,0,2,0,0,False
5210,microsoft/azure-maven-plugins,110a8c61f57fa63cb1990afee7a830ed03fdd554,azure-tools-common/src/test/java/com/microsoft/azure/common/FTPUploaderTest.java,0,0,0,0,0.0,0,4,0,0,0,0,0,3,0,0,0,0,0,0,0,0,1,0,0,3,0,0,False
5211,microsoft/azure-maven-plugins,110a8c61f57fa63cb1990afee7a830ed03fdd554,azure-tools-common/src/test/java/com/microsoft/azure/common/function/handlers/artifact/FunctionArtifactHelperTest.java,0,0,0,0,0.0,0,5,0,0,0,0,0,5,0,0,0,0,0,0,0,0,1,0,0,5,0,0,False
5212,microsoft/azure-maven-plugins,110a8c61f57fa63cb1990afee7a830ed03fdd554,azure-tools-common/src/test/java/com/microsoft/azure/common/function/handlers/artifact/MSDeployArtifactHandlerImplTest.java,0,0,0,0,0.0,0,7,0,0,0,0,0,5,0,3,0,0,0,0,0,0,3,0,2,5,0,0,False
5213,microsoft/azure-maven-plugins,110a8c61f57fa63cb1990afee7a830ed03fdd554,azure-tools-common/src/test/java/com/microsoft/azure/common/function/handlers/CommandHandlerImplTest.java,0,0,0,0,0.0,0,3,1,0,0,0,0,1,0,0,0,0,0,0,0,0,0,0,0,3,0,0,False
5214,microsoft/azure-maven-plugins,110a8c61f57fa63cb1990afee7a830ed03fdd554,azure-tools-common/src/test/java/com/microsoft/azure/common/function/handlers/AnnotationHandlerImplTest.java,0,0,0,0,0.0,0,7,2,0,0,0,0,2,0,0,0,0,0,0,0,0,0,0,0,2,0,0,False
5215,microsoft/azure-maven-plugins,110a8c61f57fa63cb1990afee7a830ed03fdd554,azure-tools-common/src/test/java/com/microsoft/azure/common/function/handlers/FunctionCoreToolsHandlerImplTest.java,0,0,0,0,0.0,0,7,0,0,0,0,0,6,0,0,0,0,0,0,0,0,3,0,2,7,0,0,False
5216,microsoft/azure-maven-plugins,110a8c61f57fa63cb1990afee7a830ed03fdd554,azure-tools-common/src/test/java/com/microsoft/azure/common/function/utils/CommandUtilsTest.java,0,0,0,0,0.0,0,3,1,0,0,0,0,1,0,0,0,0,0,0,0,0,0,0,0,3,0,0,False
5217,microsoft/azure-maven-plugins,db5fa60c30d2acbd7354929dd21092ef8d2a1f10,azure-auth-helper/src/test/java/com/microsoft/azure/auth/configuration/AuthConfigurationTest.java,0,0,0,0,0.0,0,10,1,0,0,0,0,0,0,0,0,0,0,0,0,1,0,0,0,10,0,0,False
5218,microsoft/azure-maven-plugins,db5fa60c30d2acbd7354929dd21092ef8d2a1f10,azure-auth-helper/src/test/java/com/microsoft/azure/auth/MavenSettingHelperTest.java,0,0,0,0,0.0,0,5,3,0,0,0,0,4,0,0,0,0,0,0,0,1,0,0,0,4,0,0,False
5219,microsoft/azure-maven-plugins,db5fa60c30d2acbd7354929dd21092ef8d2a1f10,azure-auth-helper/src/test/java/com/microsoft/azure/auth/TestHelper.java,0,0,0,0,0.0,0,5,0,0,0,0,0,0,0,0,0,0,0,0,0,0,0,0,0,0,0,0,False
5220,microsoft/azure-maven-plugins,db5fa60c30d2acbd7354929dd21092ef8d2a1f10,azure-auth-helper/src/test/java/com/microsoft/azure/auth/exception/InvalidConfigurationExceptionTest.java,0,0,0,0,0.0,0,2,0,0,0,0,0,1,0,0,0,0,0,0,0,0,0,0,0,2,0,0,False
5221,microsoft/azure-maven-plugins,db5fa60c30d2acbd7354929dd21092ef8d2a1f10,azure-auth-helper/src/test/java/com/microsoft/azure/auth/exception/MavenDecryptExceptionTest.java,0,0,0,0,0.0,0,3,1,0,0,0,0,1,0,0,0,0,0,0,0,0,0,0,0,3,0,0,False
5222,microsoft/azure-maven-plugins,db5fa60c30d2acbd7354929dd21092ef8d2a1f10,azure-auth-helper/src/test/java/com/microsoft/azure/auth/exception/AzureLoginFailureExceptionTest.java,0,0,0,0,0.0,0,2,0,0,0,0,0,1,0,0,0,0,0,0,0,0,0,0,0,2,0,0,False
5223,microsoft/azure-maven-plugins,db5fa60c30d2acbd7354929dd21092ef8d2a1f10,azure-auth-helper/src/test/java/com/microsoft/azure/auth/exception/DesktopNotSupportedExceptionTest.java,0,0,0,0,0.0,0,2,0,0,0,0,0,1,0,0,0,0,0,0,0,0,0,0,0,2,0,0,False
5224,microsoft/azure-maven-plugins,db5fa60c30d2acbd7354929dd21092ef8d2a1f10,azure-auth-helper/src/test/java/com/microsoft/azure/auth/exception/AzureLoginTimeoutExceptionTest.java,0,0,0,0,0.0,0,2,0,0,0,0,0,1,0,0,0,0,0,0,0,0,0,0,0,2,0,0,False
5225,microsoft/azure-maven-plugins,db5fa60c30d2acbd7354929dd21092ef8d2a1f10,azure-auth-helper/src/test/java/com/microsoft/azure/auth/AzureAuthHelperTest.java,0,0,0,0,0.0,0,19,11,0,0,0,0,11,16,7,0,0,2,0,0,3,0,0,7,17,0,0,False
5226,microsoft/azure-maven-plugins,db5fa60c30d2acbd7354929dd21092ef8d2a1f10,azure-auth-helper/src/test/java/com/microsoft/azure/auth/AzureServicePrincipleAuthHelperTest.java,0,0,0,0,0.0,0,6,2,0,0,0,0,5,0,4,0,0,0,0,0,1,2,0,4,5,0,0,False
5227,microsoft/azure-maven-plugins,db5fa60c30d2acbd7354929dd21092ef8d2a1f10,azure-auth-helper/src/test/java/com/microsoft/azure/auth/AzureCredentialTest.java,0,0,0,0,0.0,0,2,1,0,0,0,0,1,0,0,0,0,0,0,0,0,0,0,0,2,0,0,False
5228,microsoft/azure-maven-plugins,db5fa60c30d2acbd7354929dd21092ef8d2a1f10,azure-auth-helper/src/test/java/com/microsoft/azure/auth/AzureLoginHelperTest.java,0,0,0,0,0.0,0,9,6,0,0,0,0,6,0,0,0,0,0,0,0,1,0,0,0,8,0,0,False
5229,microsoft/azure-maven-plugins,db5fa60c30d2acbd7354929dd21092ef8d2a1f10,azure-auth-helper/src/test/java/com/microsoft/azure/auth/LocalAuthServerTest.java,0,0,0,0,0.0,0,6,2,0,0,0,0,4,0,0,0,0,0,0,0,0,1,0,0,4,0,0,False
5230,microsoft/azure-maven-plugins,db5fa60c30d2acbd7354929dd21092ef8d2a1f10,azure-auth-helper/src/test/java/com/microsoft/azure/auth/AzureContextExecutorTest.java,0,0,0,0,0.0,0,2,1,0,0,0,0,2,0,0,0,0,0,0,0,1,0,0,0,2,0,0,False
5231,microsoft/azure-maven-plugins,db5fa60c30d2acbd7354929dd21092ef8d2a1f10,azure-maven-plugin-common/src/test/java/com/microsoft/azure/maven/common/TestHelper.java,0,0,0,0,0.0,0,1,0,0,0,0,0,0,0,0,0,0,0,0,0,0,0,0,0,0,0,0,False
5232,microsoft/azure-maven-plugins,db5fa60c30d2acbd7354929dd21092ef8d2a1f10,azure-maven-plugin-common/src/test/java/com/microsoft/azure/maven/common/utils/MavenUtilsTest.java,0,0,0,0,0.0,0,3,2,0,0,0,0,3,0,3,0,0,0,0,0,0,0,0,3,3,0,0,False
5233,microsoft/azure-maven-plugins,db5fa60c30d2acbd7354929dd21092ef8d2a1f10,azure-maven-plugin/src/test/java/com/microsoft/azure/plugin/login/TestHelper.java,0,0,0,0,0.0,0,8,0,0,0,0,0,0,0,0,0,0,0,0,0,0,0,0,0,0,0,0,False
5234,microsoft/azure-maven-plugins,db5fa60c30d2acbd7354929dd21092ef8d2a1f10,azure-maven-plugin/src/test/java/com/microsoft/azure/plugin/login/LoginMojoTest.java,0,0,0,0,0.0,0,6,0,0,0,0,0,5,0,4,0,0,0,0,0,0,4,0,4,5,0,0,False
5235,microsoft/azure-maven-plugins,db5fa60c30d2acbd7354929dd21092ef8d2a1f10,azure-maven-plugin/src/test/java/com/microsoft/azure/plugin/login/LogoutMojoTest.java,0,0,0,0,0.0,0,3,1,0,0,0,0,2,0,1,0,0,0,0,0,1,0,0,1,2,0,0,False
5236,microsoft/azure-maven-plugins,db5fa60c30d2acbd7354929dd21092ef8d2a1f10,azure-maven-plugin/src/test/java/com/microsoft/azure/plugin/login/SelectSubscriptionMojoTest.java,0,0,0,0,0.0,0,9,1,0,0,0,0,8,0,5,0,0,0,0,0,0,3,0,5,8,0,0,False
5237,microsoft/azure-maven-plugins,db5fa60c30d2acbd7354929dd21092ef8d2a1f10,azure-maven-plugin-lib/src/test/java/com/microsoft/azure/maven/auth/AzureAuthHelperTest.java,0,0,0,0,0.0,0,13,5,0,0,0,0,4,0,0,0,0,0,0,0,3,1,0,0,12,0,0,False
5238,microsoft/azure-maven-plugins,db5fa60c30d2acbd7354929dd21092ef8d2a1f10,azure-spring-cloud-maven-plugin/src/test/java/com/microsoft/azure/maven/spring/configuration/DeploymentTest.java,0,0,0,0,0.0,0,7,1,0,0,0,0,0,0,0,0,0,0,0,0,0,0,0,0,7,0,0,False
5239,microsoft/azure-maven-plugins,db5fa60c30d2acbd7354929dd21092ef8d2a1f10,azure-spring-cloud-maven-plugin/src/test/java/com/microsoft/azure/maven/spring/configuration/DeploymentSettingsTest.java,0,0,0,0,0.0,0,7,0,0,0,0,0,0,0,0,0,0,0,0,0,0,0,0,0,7,0,0,False
5240,microsoft/azure-maven-plugins,db5fa60c30d2acbd7354929dd21092ef8d2a1f10,azure-spring-cloud-maven-plugin/src/test/java/com/microsoft/azure/maven/spring/configuration/VolumeTest.java,0,0,0,0,0.0,0,3,0,0,0,0,0,0,0,0,0,0,0,0,0,0,0,0,0,3,0,0,False
5241,microsoft/azure-maven-plugins,db5fa60c30d2acbd7354929dd21092ef8d2a1f10,azure-spring-cloud-maven-plugin/src/test/java/com/microsoft/azure/maven/spring/configuration/AppSettingsTest.java,0,0,0,0,0.0,0,6,0,0,0,0,0,0,0,0,0,0,0,0,0,0,0,0,0,6,0,0,False
5242,microsoft/azure-maven-plugins,db5fa60c30d2acbd7354929dd21092ef8d2a1f10,azure-spring-cloud-maven-plugin/src/test/java/com/microsoft/azure/maven/spring/configuration/SpringConfigurationTest.java,0,0,0,0,0.0,0,7,0,0,0,0,0,0,0,0,0,0,0,0,0,0,0,0,0,7,0,0,False
5243,microsoft/azure-maven-plugins,db5fa60c30d2acbd7354929dd21092ef8d2a1f10,azure-spring-cloud-maven-plugin/src/test/java/com/microsoft/azure/maven/spring/ConfigMojoTest.java,0,0,0,0,0.0,0,14,8,0,0,0,0,11,11,1,0,0,0,0,0,0,2,0,1,11,0,0,False
5244,microsoft/azure-maven-plugins,db5fa60c30d2acbd7354929dd21092ef8d2a1f10,azure-spring-cloud-maven-plugin/src/test/java/com/microsoft/azure/maven/spring/DeployMojoTest.java,0,0,0,0,0.0,0,1,1,0,0,0,0,1,0,0,0,0,0,0,0,0,0,0,0,1,0,0,False
5245,microsoft/azure-maven-plugins,db5fa60c30d2acbd7354929dd21092ef8d2a1f10,azure-spring-cloud-maven-plugin/src/test/java/com/microsoft/azure/maven/spring/prompt/PromptWrapperTest.java,0,0,0,0,0.0,0,16,8,1,0,0,0,14,15,0,0,0,2,0,0,7,1,0,1,15,0,0,False
5246,microsoft/azure-maven-plugins,db5fa60c30d2acbd7354929dd21092ef8d2a1f10,azure-spring-cloud-maven-plugin/src/test/java/com/microsoft/azure/maven/spring/TestHelper.java,0,0,0,0,0.0,0,10,0,0,0,0,0,0,0,0,0,0,0,0,0,0,0,0,0,0,0,0,False
5247,microsoft/azure-maven-plugins,db5fa60c30d2acbd7354929dd21092ef8d2a1f10,azure-spring-cloud-maven-plugin/src/test/java/com/microsoft/azure/maven/spring/utils/XmlUtilsTest.java,0,0,0,0,0.0,0,6,4,0,0,0,0,1,0,0,0,0,0,0,0,0,0,0,0,5,0,0,False
5248,microsoft/azure-maven-plugins,db5fa60c30d2acbd7354929dd21092ef8d2a1f10,azure-spring-cloud-maven-plugin/src/test/java/com/microsoft/azure/maven/spring/utils/ResourcesUtilsTest.java,0,0,0,0,0.0,0,2,1,0,0,0,0,1,0,0,0,0,0,0,0,0,0,0,0,2,0,0,False
5249,microsoft/azure-maven-plugins,db5fa60c30d2acbd7354929dd21092ef8d2a1f10,azure-spring-cloud-maven-plugin/src/test/java/com/microsoft/azure/maven/spring/utils/TemplateUtilsTest.java,0,0,0,0,0.0,0,8,2,0,0,0,0,1,0,0,0,0,0,0,0,1,0,0,0,8,0,0,False
5250,microsoft/azure-maven-plugins,db5fa60c30d2acbd7354929dd21092ef8d2a1f10,azure-spring-cloud-maven-plugin/src/test/java/com/microsoft/azure/maven/spring/exception/NoResourcesAvailableExceptionTest.java,0,0,0,0,0.0,0,2,0,0,0,0,0,1,0,0,0,0,0,0,0,0,0,0,0,2,0,0,False
5251,microsoft/azure-maven-plugins,db5fa60c30d2acbd7354929dd21092ef8d2a1f10,azure-spring-cloud-maven-plugin/src/test/java/com/microsoft/azure/maven/spring/exception/SpringConfigurationExceptionTest.java,0,0,0,0,0.0,0,3,1,0,0,0,0,1,0,0,0,0,0,0,0,0,0,0,0,3,0,0,False
5252,microsoft/azure-maven-plugins,db5fa60c30d2acbd7354929dd21092ef8d2a1f10,azure-spring-cloud-maven-plugin/src/test/java/com/microsoft/azure/maven/spring/spring/SpringServiceClientTest.java,0,0,0,0,0.0,0,3,1,0,0,0,0,1,0,0,0,0,0,0,0,0,0,0,0,2,0,0,False
5253,microsoft/azure-maven-plugins,db5fa60c30d2acbd7354929dd21092ef8d2a1f10,azure-spring-cloud-maven-plugin/src/test/java/com/microsoft/azure/maven/spring/pom/PomXmlUpdaterTest.java,0,0,0,0,0.0,0,2,2,0,0,0,0,2,0,2,0,0,0,0,0,0,0,0,2,2,0,0,False
5254,microsoft/azure-maven-plugins,db5fa60c30d2acbd7354929dd21092ef8d2a1f10,azure-tools-common/src/test/java/com/microsoft/azure/common/validation/SchemaValidatorTest.java,0,0,0,0,0.0,0,6,1,0,0,0,0,5,1,0,1,0,0,0,0,2,0,0,0,5,0,0,False
5255,microsoft/azure-maven-plugins,db5fa60c30d2acbd7354929dd21092ef8d2a1f10,azure-tools-common/src/test/java/com/microsoft/azure/common/ConfigurationProblemTest.java,0,0,0,0,0.0,0,1,1,0,0,0,0,0,0,0,0,0,1,0,0,0,0,0,0,1,0,0,False
5256,microsoft/azure-maven-plugins,db5fa60c30d2acbd7354929dd21092ef8d2a1f10,azure-tools-common/src/test/java/com/microsoft/azure/common/prompt/DefaultPrompterTest.java,0,0,0,0,0.0,0,13,8,4,0,0,0,12,0,0,0,0,0,0,0,4,1,0,0,12,0,0,False
5257,microsoft/azure-maven-plugins,db5fa60c30d2acbd7354929dd21092ef8d2a1f10,azure-tools-common/src/test/java/com/microsoft/azure/common/prompt/InputValidateResultTest.java,0,0,0,0,0.0,0,2,2,0,0,0,0,0,0,0,0,0,0,0,0,0,0,0,0,2,0,0,False
5258,microsoft/azure-maven-plugins,db5fa60c30d2acbd7354929dd21092ef8d2a1f10,azure-tools-common/src/test/java/com/microsoft/azure/common/handlers/artifact/ZIPArtifactHandlerImplTest.java,0,0,0,0,0.0,0,7,0,0,0,0,0,3,0,3,0,0,0,0,0,0,1,0,3,5,0,0,False
5259,microsoft/azure-maven-plugins,db5fa60c30d2acbd7354929dd21092ef8d2a1f10,azure-tools-common/src/test/java/com/microsoft/azure/common/handlers/artifact/FTPArtifactHandlerImplTest.java,0,0,0,0,0.0,0,6,0,0,0,0,0,4,0,0,0,0,0,0,0,0,4,0,0,4,0,0,False
5260,microsoft/azure-maven-plugins,db5fa60c30d2acbd7354929dd21092ef8d2a1f10,azure-tools-common/src/test/java/com/microsoft/azure/common/handlers/artifact/ArtifactHandlerBaseTest.java,0,0,0,0,0.0,0,4,0,0,0,0,0,3,0,0,0,0,0,0,0,0,0,0,0,3,0,0,False
5261,microsoft/azure-maven-plugins,db5fa60c30d2acbd7354929dd21092ef8d2a1f10,azure-tools-common/src/test/java/com/microsoft/azure/common/TestHelper.java,0,0,0,0,0.0,0,1,0,0,0,0,0,0,0,0,0,0,0,0,0,0,0,0,0,0,0,0,False
5262,microsoft/azure-maven-plugins,db5fa60c30d2acbd7354929dd21092ef8d2a1f10,azure-tools-common/src/test/java/com/microsoft/azure/common/utils/IndentUtilTest.java,0,0,0,0,0.0,0,2,1,0,0,0,0,1,0,0,0,0,0,0,0,1,0,0,0,2,0,0,False
5263,microsoft/azure-maven-plugins,db5fa60c30d2acbd7354929dd21092ef8d2a1f10,azure-tools-common/src/test/java/com/microsoft/azure/common/utils/SneakyThrowUtilsTest.java,0,0,0,0,0.0,0,2,0,0,0,0,0,1,0,0,0,0,0,0,0,0,0,0,0,1,0,0,False
5264,microsoft/azure-maven-plugins,db5fa60c30d2acbd7354929dd21092ef8d2a1f10,azure-tools-common/src/test/java/com/microsoft/azure/common/utils/TextUtilsTest.java,0,0,0,0,0.0,0,11,5,0,0,0,0,1,0,0,5,0,0,0,0,0,0,0,0,10,0,0,False
5265,microsoft/azure-maven-plugins,db5fa60c30d2acbd7354929dd21092ef8d2a1f10,azure-tools-common/src/test/java/com/microsoft/azure/common/utils/JsonUtilsTest.java,0,0,0,0,0.0,0,2,1,0,0,0,0,1,0,0,0,0,0,0,0,1,0,0,0,2,0,0,False
5266,microsoft/azure-maven-plugins,db5fa60c30d2acbd7354929dd21092ef8d2a1f10,azure-tools-common/src/test/java/com/microsoft/azure/common/UtilsTest.java,0,0,0,0,0.0,0,2,1,0,0,0,0,2,0,0,0,0,0,0,0,0,0,0,0,2,0,0,False
5267,microsoft/azure-maven-plugins,db5fa60c30d2acbd7354929dd21092ef8d2a1f10,azure-tools-common/src/test/java/com/microsoft/azure/common/FTPUploaderTest.java,0,0,0,0,0.0,0,4,0,0,0,0,0,3,0,0,0,0,0,0,0,0,1,0,0,3,0,0,False
5268,microsoft/azure-maven-plugins,db5fa60c30d2acbd7354929dd21092ef8d2a1f10,azure-tools-common/src/test/java/com/microsoft/azure/common/function/handlers/artifact/FunctionArtifactHelperTest.java,0,0,0,0,0.0,0,5,0,0,0,0,0,5,0,0,0,0,0,0,0,0,1,0,0,5,0,0,False
5269,microsoft/azure-maven-plugins,db5fa60c30d2acbd7354929dd21092ef8d2a1f10,azure-tools-common/src/test/java/com/microsoft/azure/common/function/handlers/artifact/MSDeployArtifactHandlerImplTest.java,0,0,0,0,0.0,0,7,0,0,0,0,0,5,0,3,0,0,0,0,0,0,3,0,2,5,0,0,False
5270,microsoft/azure-maven-plugins,db5fa60c30d2acbd7354929dd21092ef8d2a1f10,azure-tools-common/src/test/java/com/microsoft/azure/common/function/handlers/CommandHandlerImplTest.java,0,0,0,0,0.0,0,3,1,0,0,0,0,1,0,0,0,0,0,0,0,0,0,0,0,3,0,0,False
5271,microsoft/azure-maven-plugins,db5fa60c30d2acbd7354929dd21092ef8d2a1f10,azure-tools-common/src/test/java/com/microsoft/azure/common/function/handlers/AnnotationHandlerImplTest.java,0,0,0,0,0.0,0,7,2,0,0,0,0,2,0,0,0,0,0,0,0,0,0,0,0,2,0,0,False
5272,microsoft/azure-maven-plugins,db5fa60c30d2acbd7354929dd21092ef8d2a1f10,azure-tools-common/src/test/java/com/microsoft/azure/common/function/handlers/FunctionCoreToolsHandlerImplTest.java,0,0,0,0,0.0,0,7,0,0,0,0,0,6,0,0,0,0,0,0,0,0,3,0,2,7,0,0,False
5273,microsoft/azure-maven-plugins,db5fa60c30d2acbd7354929dd21092ef8d2a1f10,azure-tools-common/src/test/java/com/microsoft/azure/common/function/utils/CommandUtilsTest.java,0,0,0,0,0.0,0,3,1,0,0,0,0,1,0,0,0,0,0,0,0,0,0,0,0,3,0,0,False
5274,microsoft/azure-maven-plugins,fa442c73dbfbe12baee6362404a428cd9e278d55,azure-auth-helper/src/test/java/com/microsoft/azure/auth/configuration/AuthConfigurationTest.java,0,0,0,0,0.0,0,10,1,0,0,0,0,0,0,0,0,0,0,0,0,1,0,0,0,10,0,0,False
5275,microsoft/azure-maven-plugins,fa442c73dbfbe12baee6362404a428cd9e278d55,azure-auth-helper/src/test/java/com/microsoft/azure/auth/MavenSettingHelperTest.java,0,0,0,0,0.0,0,5,3,0,0,0,0,4,0,0,0,0,0,0,0,1,0,0,0,4,0,0,False
5276,microsoft/azure-maven-plugins,fa442c73dbfbe12baee6362404a428cd9e278d55,azure-auth-helper/src/test/java/com/microsoft/azure/auth/TestHelper.java,0,0,0,0,0.0,0,5,0,0,0,0,0,0,0,0,0,0,0,0,0,0,0,0,0,0,0,0,False
5277,microsoft/azure-maven-plugins,fa442c73dbfbe12baee6362404a428cd9e278d55,azure-auth-helper/src/test/java/com/microsoft/azure/auth/exception/InvalidConfigurationExceptionTest.java,0,0,0,0,0.0,0,2,0,0,0,0,0,1,0,0,0,0,0,0,0,0,0,0,0,2,0,0,False
5278,microsoft/azure-maven-plugins,fa442c73dbfbe12baee6362404a428cd9e278d55,azure-auth-helper/src/test/java/com/microsoft/azure/auth/exception/MavenDecryptExceptionTest.java,0,0,0,0,0.0,0,3,1,0,0,0,0,1,0,0,0,0,0,0,0,0,0,0,0,3,0,0,False
5279,microsoft/azure-maven-plugins,fa442c73dbfbe12baee6362404a428cd9e278d55,azure-auth-helper/src/test/java/com/microsoft/azure/auth/exception/AzureLoginFailureExceptionTest.java,0,0,0,0,0.0,0,2,0,0,0,0,0,1,0,0,0,0,0,0,0,0,0,0,0,2,0,0,False
5280,microsoft/azure-maven-plugins,fa442c73dbfbe12baee6362404a428cd9e278d55,azure-auth-helper/src/test/java/com/microsoft/azure/auth/exception/DesktopNotSupportedExceptionTest.java,0,0,0,0,0.0,0,2,0,0,0,0,0,1,0,0,0,0,0,0,0,0,0,0,0,2,0,0,False
5281,microsoft/azure-maven-plugins,fa442c73dbfbe12baee6362404a428cd9e278d55,azure-auth-helper/src/test/java/com/microsoft/azure/auth/exception/AzureLoginTimeoutExceptionTest.java,0,0,0,0,0.0,0,2,0,0,0,0,0,1,0,0,0,0,0,0,0,0,0,0,0,2,0,0,False
5282,microsoft/azure-maven-plugins,fa442c73dbfbe12baee6362404a428cd9e278d55,azure-auth-helper/src/test/java/com/microsoft/azure/auth/AzureAuthHelperTest.java,0,0,0,0,0.0,0,19,11,0,0,0,0,11,16,7,0,0,2,0,0,3,0,0,7,17,0,0,False
5283,microsoft/azure-maven-plugins,fa442c73dbfbe12baee6362404a428cd9e278d55,azure-auth-helper/src/test/java/com/microsoft/azure/auth/AzureServicePrincipleAuthHelperTest.java,0,0,0,0,0.0,0,6,2,0,0,0,0,5,0,4,0,0,0,0,0,1,2,0,4,5,0,0,False
5284,microsoft/azure-maven-plugins,fa442c73dbfbe12baee6362404a428cd9e278d55,azure-auth-helper/src/test/java/com/microsoft/azure/auth/AzureCredentialTest.java,0,0,0,0,0.0,0,2,1,0,0,0,0,1,0,0,0,0,0,0,0,0,0,0,0,2,0,0,False
5285,microsoft/azure-maven-plugins,fa442c73dbfbe12baee6362404a428cd9e278d55,azure-auth-helper/src/test/java/com/microsoft/azure/auth/AzureLoginHelperTest.java,0,0,0,0,0.0,0,9,6,0,0,0,0,6,0,0,0,0,0,0,0,1,0,0,0,8,0,0,False
5286,microsoft/azure-maven-plugins,fa442c73dbfbe12baee6362404a428cd9e278d55,azure-auth-helper/src/test/java/com/microsoft/azure/auth/LocalAuthServerTest.java,0,0,0,0,0.0,0,6,2,0,0,0,0,4,0,0,0,0,0,0,0,0,1,0,0,4,0,0,False
5287,microsoft/azure-maven-plugins,fa442c73dbfbe12baee6362404a428cd9e278d55,azure-auth-helper/src/test/java/com/microsoft/azure/auth/AzureContextExecutorTest.java,0,0,0,0,0.0,0,2,1,0,0,0,0,2,0,0,0,0,0,0,0,1,0,0,0,2,0,0,False
5288,microsoft/azure-maven-plugins,fa442c73dbfbe12baee6362404a428cd9e278d55,azure-maven-plugin-common/src/test/java/com/microsoft/azure/maven/common/validation/SchemaValidatorTest.java,0,0,0,0,0.0,0,6,1,0,0,0,0,5,1,0,1,0,0,0,0,2,0,0,0,5,0,0,False
5289,microsoft/azure-maven-plugins,fa442c73dbfbe12baee6362404a428cd9e278d55,azure-maven-plugin-common/src/test/java/com/microsoft/azure/maven/common/ConfigurationProblemTest.java,0,0,0,0,0.0,0,1,1,0,0,0,0,0,0,0,0,0,1,0,0,0,0,0,0,1,0,0,False
5290,microsoft/azure-maven-plugins,fa442c73dbfbe12baee6362404a428cd9e278d55,azure-maven-plugin-common/src/test/java/com/microsoft/azure/maven/common/prompt/DefaultPrompterTest.java,0,0,0,0,0.0,0,13,8,4,0,0,0,12,0,0,0,0,0,0,0,4,1,0,0,12,0,0,False
5291,microsoft/azure-maven-plugins,fa442c73dbfbe12baee6362404a428cd9e278d55,azure-maven-plugin-common/src/test/java/com/microsoft/azure/maven/common/prompt/InputValidateResultTest.java,0,0,0,0,0.0,0,2,2,0,0,0,0,0,0,0,0,0,0,0,0,0,0,0,0,2,0,0,False
5292,microsoft/azure-maven-plugins,fa442c73dbfbe12baee6362404a428cd9e278d55,azure-maven-plugin-common/src/test/java/com/microsoft/azure/maven/common/TestHelper.java,0,0,0,0,0.0,0,2,0,0,0,0,0,0,0,0,0,0,0,0,0,0,0,0,0,0,0,0,False
5293,microsoft/azure-maven-plugins,fa442c73dbfbe12baee6362404a428cd9e278d55,azure-maven-plugin-common/src/test/java/com/microsoft/azure/maven/common/utils/MavenUtilsTest.java,0,0,0,0,0.0,0,3,2,0,0,0,0,3,0,3,0,0,0,0,0,0,0,0,3,3,0,0,False
5294,microsoft/azure-maven-plugins,fa442c73dbfbe12baee6362404a428cd9e278d55,azure-maven-plugin-common/src/test/java/com/microsoft/azure/maven/common/utils/IndentUtilTest.java,0,0,0,0,0.0,0,2,1,0,0,0,0,1,0,0,0,0,0,0,0,1,0,0,0,2,0,0,False
5295,microsoft/azure-maven-plugins,fa442c73dbfbe12baee6362404a428cd9e278d55,azure-maven-plugin-common/src/test/java/com/microsoft/azure/maven/common/utils/SneakyThrowUtilsTest.java,0,0,0,0,0.0,0,2,0,0,0,0,0,1,0,0,0,0,0,0,0,0,0,0,0,1,0,0,False
5296,microsoft/azure-maven-plugins,fa442c73dbfbe12baee6362404a428cd9e278d55,azure-maven-plugin-common/src/test/java/com/microsoft/azure/maven/common/utils/TextUtilsTest.java,0,0,0,0,0.0,0,11,5,0,0,0,0,1,0,0,5,0,0,0,0,0,0,0,0,10,0,0,False
5297,microsoft/azure-maven-plugins,fa442c73dbfbe12baee6362404a428cd9e278d55,azure-maven-plugin-common/src/test/java/com/microsoft/azure/maven/common/utils/JsonUtilsTest.java,0,0,0,0,0.0,0,2,1,0,0,0,0,1,0,0,0,0,0,0,0,1,0,0,0,2,0,0,False
5298,microsoft/azure-maven-plugins,fa442c73dbfbe12baee6362404a428cd9e278d55,azure-maven-plugin/src/test/java/com/microsoft/azure/plugin/login/TestHelper.java,0,0,0,0,0.0,0,8,0,0,0,0,0,0,0,0,0,0,0,0,0,0,0,0,0,0,0,0,False
5299,microsoft/azure-maven-plugins,fa442c73dbfbe12baee6362404a428cd9e278d55,azure-maven-plugin/src/test/java/com/microsoft/azure/plugin/login/LoginMojoTest.java,0,0,0,0,0.0,0,6,0,0,0,0,0,5,0,4,0,0,0,0,0,0,4,0,4,5,0,0,False
5300,microsoft/azure-maven-plugins,fa442c73dbfbe12baee6362404a428cd9e278d55,azure-maven-plugin/src/test/java/com/microsoft/azure/plugin/login/LogoutMojoTest.java,0,0,0,0,0.0,0,3,1,0,0,0,0,2,0,1,0,0,0,0,0,1,0,0,1,2,0,0,False
5301,microsoft/azure-maven-plugins,fa442c73dbfbe12baee6362404a428cd9e278d55,azure-maven-plugin/src/test/java/com/microsoft/azure/plugin/login/SelectSubscriptionMojoTest.java,0,0,0,0,0.0,0,9,1,0,0,0,0,8,0,5,0,0,0,0,0,0,3,0,5,8,0,0,False
5302,microsoft/azure-maven-plugins,fa442c73dbfbe12baee6362404a428cd9e278d55,azure-maven-plugin-lib/src/test/java/com/microsoft/azure/maven/auth/AzureAuthHelperTest.java,0,0,0,0,0.0,0,13,5,0,0,0,0,4,0,0,0,0,0,0,0,3,1,0,0,12,0,0,False
5303,microsoft/azure-maven-plugins,fa442c73dbfbe12baee6362404a428cd9e278d55,azure-spring-cloud-maven-plugin/src/test/java/com/microsoft/azure/maven/spring/configuration/DeploymentTest.java,0,0,0,0,0.0,0,7,1,0,0,0,0,0,0,0,0,0,0,0,0,0,0,0,0,7,0,0,False
5304,microsoft/azure-maven-plugins,fa442c73dbfbe12baee6362404a428cd9e278d55,azure-spring-cloud-maven-plugin/src/test/java/com/microsoft/azure/maven/spring/configuration/DeploymentSettingsTest.java,0,0,0,0,0.0,0,7,0,0,0,0,0,0,0,0,0,0,0,0,0,0,0,0,0,7,0,0,False
5305,microsoft/azure-maven-plugins,fa442c73dbfbe12baee6362404a428cd9e278d55,azure-spring-cloud-maven-plugin/src/test/java/com/microsoft/azure/maven/spring/configuration/VolumeTest.java,0,0,0,0,0.0,0,3,0,0,0,0,0,0,0,0,0,0,0,0,0,0,0,0,0,3,0,0,False
5306,microsoft/azure-maven-plugins,fa442c73dbfbe12baee6362404a428cd9e278d55,azure-spring-cloud-maven-plugin/src/test/java/com/microsoft/azure/maven/spring/configuration/AppSettingsTest.java,0,0,0,0,0.0,0,6,0,0,0,0,0,0,0,0,0,0,0,0,0,0,0,0,0,6,0,0,False
5307,microsoft/azure-maven-plugins,fa442c73dbfbe12baee6362404a428cd9e278d55,azure-spring-cloud-maven-plugin/src/test/java/com/microsoft/azure/maven/spring/configuration/SpringConfigurationTest.java,0,0,0,0,0.0,0,7,0,0,0,0,0,0,0,0,0,0,0,0,0,0,0,0,0,7,0,0,False
5308,microsoft/azure-maven-plugins,fa442c73dbfbe12baee6362404a428cd9e278d55,azure-spring-cloud-maven-plugin/src/test/java/com/microsoft/azure/maven/spring/ConfigMojoTest.java,0,0,0,0,0.0,0,14,8,0,0,0,0,11,11,1,0,0,0,0,0,0,2,0,1,11,0,0,False
5309,microsoft/azure-maven-plugins,fa442c73dbfbe12baee6362404a428cd9e278d55,azure-spring-cloud-maven-plugin/src/test/java/com/microsoft/azure/maven/spring/DeployMojoTest.java,0,0,0,0,0.0,0,1,1,0,0,0,0,1,0,0,0,0,0,0,0,0,0,0,0,1,0,0,False
5310,microsoft/azure-maven-plugins,fa442c73dbfbe12baee6362404a428cd9e278d55,azure-spring-cloud-maven-plugin/src/test/java/com/microsoft/azure/maven/spring/prompt/PromptWrapperTest.java,0,0,0,0,0.0,0,16,8,1,0,0,0,14,15,0,0,0,2,0,0,7,1,0,1,15,0,0,False
5311,microsoft/azure-maven-plugins,fa442c73dbfbe12baee6362404a428cd9e278d55,azure-spring-cloud-maven-plugin/src/test/java/com/microsoft/azure/maven/spring/TestHelper.java,0,0,0,0,0.0,0,10,0,0,0,0,0,0,0,0,0,0,0,0,0,0,0,0,0,0,0,0,False
5312,microsoft/azure-maven-plugins,fa442c73dbfbe12baee6362404a428cd9e278d55,azure-spring-cloud-maven-plugin/src/test/java/com/microsoft/azure/maven/spring/utils/XmlUtilsTest.java,0,0,0,0,0.0,0,6,4,0,0,0,0,1,0,0,0,0,0,0,0,0,0,0,0,5,0,0,False
5313,microsoft/azure-maven-plugins,fa442c73dbfbe12baee6362404a428cd9e278d55,azure-spring-cloud-maven-plugin/src/test/java/com/microsoft/azure/maven/spring/utils/ResourcesUtilsTest.java,0,0,0,0,0.0,0,2,1,0,0,0,0,1,0,0,0,0,0,0,0,0,0,0,0,2,0,0,False
5314,microsoft/azure-maven-plugins,fa442c73dbfbe12baee6362404a428cd9e278d55,azure-spring-cloud-maven-plugin/src/test/java/com/microsoft/azure/maven/spring/utils/TemplateUtilsTest.java,0,0,0,0,0.0,0,8,2,0,0,0,0,1,0,0,0,0,0,0,0,1,0,0,0,8,0,0,False
5315,microsoft/azure-maven-plugins,fa442c73dbfbe12baee6362404a428cd9e278d55,azure-spring-cloud-maven-plugin/src/test/java/com/microsoft/azure/maven/spring/exception/NoResourcesAvailableExceptionTest.java,0,0,0,0,0.0,0,2,0,0,0,0,0,1,0,0,0,0,0,0,0,0,0,0,0,2,0,0,False
5316,microsoft/azure-maven-plugins,fa442c73dbfbe12baee6362404a428cd9e278d55,azure-spring-cloud-maven-plugin/src/test/java/com/microsoft/azure/maven/spring/exception/SpringConfigurationExceptionTest.java,0,0,0,0,0.0,0,3,1,0,0,0,0,1,0,0,0,0,0,0,0,0,0,0,0,3,0,0,False
5317,microsoft/azure-maven-plugins,fa442c73dbfbe12baee6362404a428cd9e278d55,azure-spring-cloud-maven-plugin/src/test/java/com/microsoft/azure/maven/spring/spring/SpringServiceClientTest.java,0,0,0,0,0.0,0,3,1,0,0,0,0,1,0,0,0,0,0,0,0,0,0,0,0,2,0,0,False
5318,microsoft/azure-maven-plugins,fa442c73dbfbe12baee6362404a428cd9e278d55,azure-spring-cloud-maven-plugin/src/test/java/com/microsoft/azure/maven/spring/pom/PomXmlUpdaterTest.java,0,0,0,0,0.0,0,2,2,0,0,0,0,2,0,2,0,0,0,0,0,0,0,0,2,2,0,0,False
5319,microsoft/azure-maven-plugins,1d1aff144fc7d4c68a86522916bf9cdb341e433b,azure-auth-helper/src/test/java/com/microsoft/azure/auth/configuration/AuthConfigurationTest.java,0,0,0,0,0.0,0,10,1,0,0,0,0,0,0,0,0,0,0,0,0,1,0,0,0,10,0,0,False
5320,microsoft/azure-maven-plugins,1d1aff144fc7d4c68a86522916bf9cdb341e433b,azure-auth-helper/src/test/java/com/microsoft/azure/auth/MavenSettingHelperTest.java,0,0,0,0,0.0,0,5,3,0,0,0,0,4,0,0,0,0,0,0,0,1,0,0,0,4,0,0,False
5321,microsoft/azure-maven-plugins,1d1aff144fc7d4c68a86522916bf9cdb341e433b,azure-auth-helper/src/test/java/com/microsoft/azure/auth/TestHelper.java,0,0,0,0,0.0,0,5,0,0,0,0,0,0,0,0,0,0,0,0,0,0,0,0,0,0,0,0,False
5322,microsoft/azure-maven-plugins,1d1aff144fc7d4c68a86522916bf9cdb341e433b,azure-auth-helper/src/test/java/com/microsoft/azure/auth/exception/InvalidConfigurationExceptionTest.java,0,0,0,0,0.0,0,2,0,0,0,0,0,1,0,0,0,0,0,0,0,0,0,0,0,2,0,0,False
5323,microsoft/azure-maven-plugins,1d1aff144fc7d4c68a86522916bf9cdb341e433b,azure-auth-helper/src/test/java/com/microsoft/azure/auth/exception/MavenDecryptExceptionTest.java,0,0,0,0,0.0,0,3,1,0,0,0,0,1,0,0,0,0,0,0,0,0,0,0,0,3,0,0,False
5324,microsoft/azure-maven-plugins,1d1aff144fc7d4c68a86522916bf9cdb341e433b,azure-auth-helper/src/test/java/com/microsoft/azure/auth/exception/AzureLoginFailureExceptionTest.java,0,0,0,0,0.0,0,2,0,0,0,0,0,1,0,0,0,0,0,0,0,0,0,0,0,2,0,0,False
5325,microsoft/azure-maven-plugins,1d1aff144fc7d4c68a86522916bf9cdb341e433b,azure-auth-helper/src/test/java/com/microsoft/azure/auth/exception/DesktopNotSupportedExceptionTest.java,0,0,0,0,0.0,0,2,0,0,0,0,0,1,0,0,0,0,0,0,0,0,0,0,0,2,0,0,False
5326,microsoft/azure-maven-plugins,1d1aff144fc7d4c68a86522916bf9cdb341e433b,azure-auth-helper/src/test/java/com/microsoft/azure/auth/exception/AzureLoginTimeoutExceptionTest.java,0,0,0,0,0.0,0,2,0,0,0,0,0,1,0,0,0,0,0,0,0,0,0,0,0,2,0,0,False
5327,microsoft/azure-maven-plugins,1d1aff144fc7d4c68a86522916bf9cdb341e433b,azure-auth-helper/src/test/java/com/microsoft/azure/auth/AzureAuthHelperTest.java,0,0,0,0,0.0,0,19,11,0,0,0,0,11,16,7,0,0,2,0,0,3,0,0,7,17,0,0,False
5328,microsoft/azure-maven-plugins,1d1aff144fc7d4c68a86522916bf9cdb341e433b,azure-auth-helper/src/test/java/com/microsoft/azure/auth/AzureServicePrincipleAuthHelperTest.java,0,0,0,0,0.0,0,6,2,0,0,0,0,5,0,4,0,0,0,0,0,1,2,0,4,5,0,0,False
5329,microsoft/azure-maven-plugins,1d1aff144fc7d4c68a86522916bf9cdb341e433b,azure-auth-helper/src/test/java/com/microsoft/azure/auth/AzureCredentialTest.java,0,0,0,0,0.0,0,2,1,0,0,0,0,1,0,0,0,0,0,0,0,0,0,0,0,2,0,0,False
5330,microsoft/azure-maven-plugins,1d1aff144fc7d4c68a86522916bf9cdb341e433b,azure-auth-helper/src/test/java/com/microsoft/azure/auth/AzureLoginHelperTest.java,0,0,0,0,0.0,0,9,6,0,0,0,0,6,0,0,0,0,0,0,0,1,0,0,0,8,0,0,False
5331,microsoft/azure-maven-plugins,1d1aff144fc7d4c68a86522916bf9cdb341e433b,azure-auth-helper/src/test/java/com/microsoft/azure/auth/LocalAuthServerTest.java,0,0,0,0,0.0,0,6,2,0,0,0,0,4,0,0,0,0,0,0,0,0,1,0,0,4,0,0,False
5332,microsoft/azure-maven-plugins,1d1aff144fc7d4c68a86522916bf9cdb341e433b,azure-auth-helper/src/test/java/com/microsoft/azure/auth/AzureContextExecutorTest.java,0,0,0,0,0.0,0,2,1,0,0,0,0,2,0,0,0,0,0,0,0,1,0,0,0,2,0,0,False
5333,microsoft/azure-maven-plugins,1d1aff144fc7d4c68a86522916bf9cdb341e433b,azure-maven-plugin-common/src/test/java/com/microsoft/azure/maven/common/validation/SchemaValidatorTest.java,0,0,0,0,0.0,0,6,1,0,0,0,0,5,1,0,1,0,0,0,0,2,0,0,0,5,0,0,False
5334,microsoft/azure-maven-plugins,1d1aff144fc7d4c68a86522916bf9cdb341e433b,azure-maven-plugin-common/src/test/java/com/microsoft/azure/maven/common/ConfigurationProblemTest.java,0,0,0,0,0.0,0,1,1,0,0,0,0,0,0,0,0,0,1,0,0,0,0,0,0,1,0,0,False
5335,microsoft/azure-maven-plugins,1d1aff144fc7d4c68a86522916bf9cdb341e433b,azure-maven-plugin-common/src/test/java/com/microsoft/azure/maven/common/prompt/DefaultPrompterTest.java,0,0,0,0,0.0,0,13,8,4,0,0,0,12,0,0,0,0,0,0,0,4,1,0,0,12,0,0,False
5336,microsoft/azure-maven-plugins,1d1aff144fc7d4c68a86522916bf9cdb341e433b,azure-maven-plugin-common/src/test/java/com/microsoft/azure/maven/common/prompt/InputValidateResultTest.java,0,0,0,0,0.0,0,2,2,0,0,0,0,0,0,0,0,0,0,0,0,0,0,0,0,2,0,0,False
5337,microsoft/azure-maven-plugins,1d1aff144fc7d4c68a86522916bf9cdb341e433b,azure-maven-plugin-common/src/test/java/com/microsoft/azure/maven/common/TestHelper.java,0,0,0,0,0.0,0,2,0,0,0,0,0,0,0,0,0,0,0,0,0,0,0,0,0,0,0,0,False
5338,microsoft/azure-maven-plugins,1d1aff144fc7d4c68a86522916bf9cdb341e433b,azure-maven-plugin-common/src/test/java/com/microsoft/azure/maven/common/utils/MavenUtilsTest.java,0,0,0,0,0.0,0,3,2,0,0,0,0,3,0,3,0,0,0,0,0,0,0,0,3,3,0,0,False
5339,microsoft/azure-maven-plugins,1d1aff144fc7d4c68a86522916bf9cdb341e433b,azure-maven-plugin-common/src/test/java/com/microsoft/azure/maven/common/utils/IndentUtilTest.java,0,0,0,0,0.0,0,2,1,0,0,0,0,1,0,0,0,0,0,0,0,1,0,0,0,2,0,0,False
5340,microsoft/azure-maven-plugins,1d1aff144fc7d4c68a86522916bf9cdb341e433b,azure-maven-plugin-common/src/test/java/com/microsoft/azure/maven/common/utils/SneakyThrowUtilsTest.java,0,0,0,0,0.0,0,2,0,0,0,0,0,1,0,0,0,0,0,0,0,0,0,0,0,1,0,0,False
5341,microsoft/azure-maven-plugins,1d1aff144fc7d4c68a86522916bf9cdb341e433b,azure-maven-plugin-common/src/test/java/com/microsoft/azure/maven/common/utils/TextUtilsTest.java,0,0,0,0,0.0,0,11,5,0,0,0,0,1,0,0,5,0,0,0,0,0,0,0,0,10,0,0,False
5342,microsoft/azure-maven-plugins,1d1aff144fc7d4c68a86522916bf9cdb341e433b,azure-maven-plugin-common/src/test/java/com/microsoft/azure/maven/common/utils/JsonUtilsTest.java,0,0,0,0,0.0,0,2,1,0,0,0,0,1,0,0,0,0,0,0,0,1,0,0,0,2,0,0,False
5343,microsoft/azure-maven-plugins,1d1aff144fc7d4c68a86522916bf9cdb341e433b,azure-maven-plugin/src/test/java/com/microsoft/azure/plugin/login/TestHelper.java,0,0,0,0,0.0,0,8,0,0,0,0,0,0,0,0,0,0,0,0,0,0,0,0,0,0,0,0,False
5344,microsoft/azure-maven-plugins,1d1aff144fc7d4c68a86522916bf9cdb341e433b,azure-maven-plugin/src/test/java/com/microsoft/azure/plugin/login/LoginMojoTest.java,0,0,0,0,0.0,0,6,0,0,0,0,0,5,0,4,0,0,0,0,0,0,4,0,4,5,0,0,False
5345,microsoft/azure-maven-plugins,1d1aff144fc7d4c68a86522916bf9cdb341e433b,azure-maven-plugin/src/test/java/com/microsoft/azure/plugin/login/LogoutMojoTest.java,0,0,0,0,0.0,0,3,1,0,0,0,0,2,0,1,0,0,0,0,0,1,0,0,1,2,0,0,False
5346,microsoft/azure-maven-plugins,1d1aff144fc7d4c68a86522916bf9cdb341e433b,azure-maven-plugin/src/test/java/com/microsoft/azure/plugin/login/SelectSubscriptionMojoTest.java,0,0,0,0,0.0,0,9,1,0,0,0,0,8,0,5,0,0,0,0,0,0,3,0,5,8,0,0,False
5347,microsoft/azure-maven-plugins,1d1aff144fc7d4c68a86522916bf9cdb341e433b,azure-maven-plugin-lib/src/test/java/com/microsoft/azure/maven/auth/AzureAuthHelperTest.java,0,0,0,0,0.0,0,13,5,0,0,0,0,4,0,0,0,0,0,0,0,3,1,0,0,12,0,0,False
5348,microsoft/azure-maven-plugins,1d1aff144fc7d4c68a86522916bf9cdb341e433b,azure-spring-cloud-maven-plugin/src/test/java/com/microsoft/azure/maven/spring/configuration/DeploymentTest.java,0,0,0,0,0.0,0,7,1,0,0,0,0,0,0,0,0,0,0,0,0,0,0,0,0,7,0,0,False
5349,microsoft/azure-maven-plugins,1d1aff144fc7d4c68a86522916bf9cdb341e433b,azure-spring-cloud-maven-plugin/src/test/java/com/microsoft/azure/maven/spring/configuration/DeploymentSettingsTest.java,0,0,0,0,0.0,0,7,0,0,0,0,0,0,0,0,0,0,0,0,0,0,0,0,0,7,0,0,False
5350,microsoft/azure-maven-plugins,1d1aff144fc7d4c68a86522916bf9cdb341e433b,azure-spring-cloud-maven-plugin/src/test/java/com/microsoft/azure/maven/spring/configuration/VolumeTest.java,0,0,0,0,0.0,0,3,0,0,0,0,0,0,0,0,0,0,0,0,0,0,0,0,0,3,0,0,False
5351,microsoft/azure-maven-plugins,1d1aff144fc7d4c68a86522916bf9cdb341e433b,azure-spring-cloud-maven-plugin/src/test/java/com/microsoft/azure/maven/spring/configuration/AppSettingsTest.java,0,0,0,0,0.0,0,6,0,0,0,0,0,0,0,0,0,0,0,0,0,0,0,0,0,6,0,0,False
5352,microsoft/azure-maven-plugins,1d1aff144fc7d4c68a86522916bf9cdb341e433b,azure-spring-cloud-maven-plugin/src/test/java/com/microsoft/azure/maven/spring/configuration/SpringConfigurationTest.java,0,0,0,0,0.0,0,7,0,0,0,0,0,0,0,0,0,0,0,0,0,0,0,0,0,7,0,0,False
5353,microsoft/azure-maven-plugins,1d1aff144fc7d4c68a86522916bf9cdb341e433b,azure-spring-cloud-maven-plugin/src/test/java/com/microsoft/azure/maven/spring/ConfigMojoTest.java,0,0,0,0,0.0,0,14,8,0,0,0,0,11,11,1,0,0,0,0,0,0,2,0,1,11,0,0,False
5354,microsoft/azure-maven-plugins,1d1aff144fc7d4c68a86522916bf9cdb341e433b,azure-spring-cloud-maven-plugin/src/test/java/com/microsoft/azure/maven/spring/DeployMojoTest.java,0,0,0,0,0.0,0,1,1,0,0,0,0,1,0,0,0,0,0,0,0,0,0,0,0,1,0,0,False
5355,microsoft/azure-maven-plugins,1d1aff144fc7d4c68a86522916bf9cdb341e433b,azure-spring-cloud-maven-plugin/src/test/java/com/microsoft/azure/maven/spring/prompt/PromptWrapperTest.java,0,0,0,0,0.0,0,16,8,1,0,0,0,14,15,0,0,0,2,0,0,7,1,0,1,15,0,0,False
5356,microsoft/azure-maven-plugins,1d1aff144fc7d4c68a86522916bf9cdb341e433b,azure-spring-cloud-maven-plugin/src/test/java/com/microsoft/azure/maven/spring/TestHelper.java,0,0,0,0,0.0,0,10,0,0,0,0,0,0,0,0,0,0,0,0,0,0,0,0,0,0,0,0,False
5357,microsoft/azure-maven-plugins,1d1aff144fc7d4c68a86522916bf9cdb341e433b,azure-spring-cloud-maven-plugin/src/test/java/com/microsoft/azure/maven/spring/utils/XmlUtilsTest.java,0,0,0,0,0.0,0,6,4,0,0,0,0,1,0,0,0,0,0,0,0,0,0,0,0,5,0,0,False
5358,microsoft/azure-maven-plugins,1d1aff144fc7d4c68a86522916bf9cdb341e433b,azure-spring-cloud-maven-plugin/src/test/java/com/microsoft/azure/maven/spring/utils/ResourcesUtilsTest.java,0,0,0,0,0.0,0,2,1,0,0,0,0,1,0,0,0,0,0,0,0,0,0,0,0,2,0,0,False
5359,microsoft/azure-maven-plugins,1d1aff144fc7d4c68a86522916bf9cdb341e433b,azure-spring-cloud-maven-plugin/src/test/java/com/microsoft/azure/maven/spring/utils/TemplateUtilsTest.java,0,0,0,0,0.0,0,8,2,0,0,0,0,1,0,0,0,0,0,0,0,1,0,0,0,8,0,0,False
5360,microsoft/azure-maven-plugins,1d1aff144fc7d4c68a86522916bf9cdb341e433b,azure-spring-cloud-maven-plugin/src/test/java/com/microsoft/azure/maven/spring/exception/NoResourcesAvailableExceptionTest.java,0,0,0,0,0.0,0,2,0,0,0,0,0,1,0,0,0,0,0,0,0,0,0,0,0,2,0,0,False
5361,microsoft/azure-maven-plugins,1d1aff144fc7d4c68a86522916bf9cdb341e433b,azure-spring-cloud-maven-plugin/src/test/java/com/microsoft/azure/maven/spring/exception/SpringConfigurationExceptionTest.java,0,0,0,0,0.0,0,3,1,0,0,0,0,1,0,0,0,0,0,0,0,0,0,0,0,3,0,0,False
5362,microsoft/azure-maven-plugins,1d1aff144fc7d4c68a86522916bf9cdb341e433b,azure-spring-cloud-maven-plugin/src/test/java/com/microsoft/azure/maven/spring/spring/SpringServiceClientTest.java,0,0,0,0,0.0,0,3,1,0,0,0,0,1,0,0,0,0,0,0,0,0,0,0,0,2,0,0,False
5363,microsoft/azure-maven-plugins,1d1aff144fc7d4c68a86522916bf9cdb341e433b,azure-spring-cloud-maven-plugin/src/test/java/com/microsoft/azure/maven/spring/pom/PomXmlUpdaterTest.java,0,0,0,0,0.0,0,2,2,0,0,0,0,2,0,2,0,0,0,0,0,0,0,0,2,2,0,0,False
5364,microsoft/azure-maven-plugins,cf49cf5cab6977b58784c914f003ad462a043513,azure-auth-helper/src/test/java/com/microsoft/azure/auth/AzureLoginFailureExceptionTest.java,0,0,0,0,0.0,0,1,0,0,0,0,0,1,0,0,0,0,0,0,0,0,0,0,0,1,0,0,False
5365,microsoft/azure-maven-plugins,cf49cf5cab6977b58784c914f003ad462a043513,azure-auth-helper/src/test/java/com/microsoft/azure/auth/AzureAuthHelperTest.java,0,0,0,0,0.0,0,7,1,0,0,0,4,7,0,1,0,0,1,0,0,0,4,0,1,7,0,0,False
5366,microsoft/azure-maven-plugins,cf49cf5cab6977b58784c914f003ad462a043513,azure-auth-helper/src/test/java/com/microsoft/azure/auth/AzureCredentialTest.java,0,0,0,0,0.0,0,2,1,0,0,0,0,0,0,0,0,0,0,0,0,0,0,0,0,2,0,0,False
5367,microsoft/azure-maven-plugins,cf49cf5cab6977b58784c914f003ad462a043513,azure-auth-helper/src/test/java/com/microsoft/azure/auth/AzureLoginHelperTest.java,0,0,0,0,0.0,0,4,2,0,0,0,0,2,0,0,0,0,0,0,0,1,0,0,0,3,0,0,False
5368,microsoft/azure-maven-plugins,cf49cf5cab6977b58784c914f003ad462a043513,azure-webapp-maven-plugin/src/test/java/com/microsoft/azure/maven/webapp/utils/TestUtils.java,0,0,0,0,0.0,0,4,0,0,0,0,0,0,0,0,0,0,0,0,0,0,0,0,0,0,0,0,False
5369,microsoft/azure-maven-plugins,cf49cf5cab6977b58784c914f003ad462a043513,azure-spring-maven-plugin/src/test/java/com/microsoft/azure/maven/spring/DeployMojoTest.java,0,0,0,0,0.0,0,1,1,0,0,0,0,1,0,0,0,0,0,0,0,0,0,0,0,1,0,0,False
5370,microsoft/azure-maven-plugins,cf49cf5cab6977b58784c914f003ad462a043513,azure-spring-maven-plugin/src/test/java/com/microsoft/azure/maven/spring/spring/SpringServiceUtilsTest.java,0,0,0,0,0.0,0,2,1,0,0,0,0,1,0,0,0,0,0,0,0,0,0,0,0,2,0,0,False
5371,microsoft/azure-maven-plugins,89ff204cfb6b52f129a2e8795f3992f7e7f78979,azure-webapp-maven-plugin/src/test/java/com/microsoft/azure/maven/webapp/utils/TestUtils.java,0,0,0,0,0.0,0,4,0,0,0,0,0,0,0,0,0,0,0,0,0,0,0,0,0,0,0,0,False
5372,microsoft/azure-maven-plugins,fd224149baf6ea2a7a213ad8ce48aac8d430d7c0,azure-webapp-maven-plugin/src/test/java/com/microsoft/azure/maven/webapp/utils/TestUtils.java,0,0,0,0,0.0,0,4,0,0,0,0,0,0,0,0,0,0,0,0,0,0,0,0,0,0,0,0,False
5373,microsoft/azure-maven-plugins,06235edb69321e95207ac94eb70cb74bea09bcc1,azure-webapp-maven-plugin/src/test/java/com/microsoft/azure/maven/webapp/utils/TestUtils.java,0,0,0,0,0.0,0,4,0,0,0,0,0,0,0,0,0,0,0,0,0,0,0,0,0,0,0,0,False
5374,microsoft/azure-maven-plugins,01e1451e8ebaaea5586481c1789990d11de6680a,azure-webapp-maven-plugin/src/test/java/com/microsoft/azure/maven/webapp/utils/TestUtils.java,0,0,0,0,0.0,0,4,0,0,0,0,0,0,0,0,0,0,0,0,0,0,0,0,0,0,0,0,False
5375,microsoft/azure-maven-plugins,dfa24f5943dacf00fd2661a857c7cad18beeeec7,azure-webapp-maven-plugin/src/test/java/com/microsoft/azure/maven/webapp/utils/TestUtils.java,0,0,0,0,0.0,0,4,0,0,0,0,0,0,0,0,0,0,0,0,0,0,0,0,0,0,0,0,False
5376,microsoft/azure-maven-plugins,a8f28b228e4d3dc654ce4c93e51f7dc4a3c8ec5b,azure-maven-plugin-lib/src/test/java/com/microsoft/azure/maven/TestHelper.java,0,0,0,0,0.0,0,1,0,0,0,0,0,0,0,0,0,0,0,0,0,0,0,0,0,0,0,0,False
5377,microsoft/azure-maven-plugins,a8f28b228e4d3dc654ce4c93e51f7dc4a3c8ec5b,azure-maven-plugin-lib/src/test/java/com/microsoft/azure/maven/utils/ResourcesUtilsTest.java,0,0,0,0,0.0,0,2,1,0,0,0,0,1,0,0,0,0,0,0,0,0,0,0,0,2,0,0,False
5378,microsoft/azure-maven-plugins,a8f28b228e4d3dc654ce4c93e51f7dc4a3c8ec5b,azure-maven-plugin-lib/src/test/java/com/microsoft/azure/maven/auth/AzureAuthHelperTest.java,0,0,0,0,0.0,0,13,5,0,0,0,0,4,0,0,0,0,0,0,0,3,1,0,0,12,0,0,False
5379,microsoft/azure-maven-plugins,a8f28b228e4d3dc654ce4c93e51f7dc4a3c8ec5b,azure-spring-cloud-maven-plugin/src/test/java/com/microsoft/azure/maven/springcloud/configuration/SpringCloudAppSettingsTest.java,0,0,0,0,0.0,0,6,0,0,0,0,0,0,0,0,0,0,0,0,0,0,0,0,0,6,0,0,False
5380,microsoft/azure-maven-plugins,a8f28b228e4d3dc654ce4c93e51f7dc4a3c8ec5b,azure-spring-cloud-maven-plugin/src/test/java/com/microsoft/azure/maven/springcloud/configuration/AppDeploymentMavenConfigTest.java,0,0,0,0,0.0,0,7,1,0,0,0,0,0,0,0,0,0,0,0,0,0,0,0,0,7,0,0,False
5381,microsoft/azure-maven-plugins,a8f28b228e4d3dc654ce4c93e51f7dc4a3c8ec5b,azure-spring-cloud-maven-plugin/src/test/java/com/microsoft/azure/maven/springcloud/configuration/SpringCloudDeploymentRawConfigTest.java,0,0,0,0,0.0,0,7,0,0,0,0,0,0,0,0,0,0,0,0,0,0,0,0,0,7,0,0,False
5382,microsoft/azure-maven-plugins,a8f28b228e4d3dc654ce4c93e51f7dc4a3c8ec5b,azure-spring-cloud-maven-plugin/src/test/java/com/microsoft/azure/maven/springcloud/DeployMojoTest.java,0,0,0,0,0.0,0,1,1,0,0,0,0,1,0,0,0,0,0,0,0,0,0,0,0,1,0,0,False
5383,microsoft/azure-maven-plugins,a8f28b228e4d3dc654ce4c93e51f7dc4a3c8ec5b,azure-spring-cloud-maven-plugin/src/test/java/com/microsoft/azure/maven/springcloud/prompt/ConfigurationPrompterTest.java,0,0,0,0,0.0,0,16,8,1,0,0,0,14,15,0,0,0,2,0,0,7,1,0,1,15,0,0,False
5384,microsoft/azure-maven-plugins,a8f28b228e4d3dc654ce4c93e51f7dc4a3c8ec5b,azure-spring-cloud-maven-plugin/src/test/java/com/microsoft/azure/maven/springcloud/TestHelper.java,0,0,0,0,0.0,0,10,0,0,0,0,0,0,0,0,0,0,0,0,0,0,0,0,0,0,0,0,False
5385,microsoft/azure-maven-plugins,a8f28b228e4d3dc654ce4c93e51f7dc4a3c8ec5b,azure-spring-cloud-maven-plugin/src/test/java/com/microsoft/azure/maven/springcloud/exception/AzureConfigurationExceptionTest.java,0,0,0,0,0.0,0,3,1,0,0,0,0,1,0,0,0,0,0,0,0,0,0,0,0,3,0,0,False
5386,microsoft/azure-maven-plugins,a8f28b228e4d3dc654ce4c93e51f7dc4a3c8ec5b,azure-spring-cloud-maven-plugin/src/test/java/com/microsoft/azure/maven/springcloud/pom/PomUtilsTest.java,0,0,0,0,0.0,0,2,2,0,0,0,0,2,0,2,0,0,0,0,0,0,0,0,2,2,0,0,False
5387,microsoft/azure-maven-plugins,a8f28b228e4d3dc654ce4c93e51f7dc4a3c8ec5b,azure-tools-common/src/test/java/com/microsoft/azure/common/validation/SchemaValidatorTest.java,0,0,0,0,0.0,0,6,1,0,0,0,0,5,1,0,1,0,0,0,0,2,0,0,0,5,0,0,False
5388,microsoft/azure-maven-plugins,a8f28b228e4d3dc654ce4c93e51f7dc4a3c8ec5b,azure-tools-common/src/test/java/com/microsoft/azure/common/ConfigurationProblemTest.java,0,0,0,0,0.0,0,1,1,0,0,0,0,0,0,0,0,0,1,0,0,0,0,0,0,1,0,0,False
5389,microsoft/azure-maven-plugins,a8f28b228e4d3dc654ce4c93e51f7dc4a3c8ec5b,azure-tools-common/src/test/java/com/microsoft/azure/common/prompt/DefaultPrompterTest.java,0,0,0,0,0.0,0,13,8,4,0,0,0,12,0,0,0,0,0,0,0,4,1,0,0,12,0,0,False
5390,microsoft/azure-maven-plugins,a8f28b228e4d3dc654ce4c93e51f7dc4a3c8ec5b,azure-tools-common/src/test/java/com/microsoft/azure/common/prompt/InputValidateResultTest.java,0,0,0,0,0.0,0,2,2,0,0,0,0,0,0,0,0,0,0,0,0,0,0,0,0,2,0,0,False
5391,microsoft/azure-maven-plugins,a8f28b228e4d3dc654ce4c93e51f7dc4a3c8ec5b,azure-tools-common/src/test/java/com/microsoft/azure/common/handlers/artifact/ZIPArtifactHandlerImplTest.java,0,0,0,0,0.0,0,7,0,0,0,0,0,3,0,3,0,0,0,0,0,0,1,0,3,5,0,0,False
5392,microsoft/azure-maven-plugins,a8f28b228e4d3dc654ce4c93e51f7dc4a3c8ec5b,azure-tools-common/src/test/java/com/microsoft/azure/common/handlers/artifact/FTPArtifactHandlerImplTest.java,0,0,0,0,0.0,0,6,0,0,0,0,0,4,0,0,0,0,0,0,0,0,4,0,0,4,0,0,False
5393,microsoft/azure-maven-plugins,a8f28b228e4d3dc654ce4c93e51f7dc4a3c8ec5b,azure-tools-common/src/test/java/com/microsoft/azure/common/handlers/artifact/ArtifactHandlerBaseTest.java,0,0,0,0,0.0,0,4,0,0,0,0,0,3,0,0,0,0,0,0,0,0,0,0,0,3,0,0,False
5394,microsoft/azure-maven-plugins,a8f28b228e4d3dc654ce4c93e51f7dc4a3c8ec5b,azure-tools-common/src/test/java/com/microsoft/azure/common/TestHelper.java,0,0,0,0,0.0,0,1,0,0,0,0,0,0,0,0,0,0,0,0,0,0,0,0,0,0,0,0,False
5395,microsoft/azure-maven-plugins,a8f28b228e4d3dc654ce4c93e51f7dc4a3c8ec5b,azure-tools-common/src/test/java/com/microsoft/azure/common/utils/IndentUtilTest.java,0,0,0,0,0.0,0,2,1,0,0,0,0,1,0,0,0,0,0,0,0,1,0,0,0,2,0,0,False
5396,microsoft/azure-maven-plugins,a8f28b228e4d3dc654ce4c93e51f7dc4a3c8ec5b,azure-tools-common/src/test/java/com/microsoft/azure/common/utils/SneakyThrowUtilsTest.java,0,0,0,0,0.0,0,2,0,0,0,0,0,1,0,0,0,0,0,0,0,0,0,0,0,1,0,0,False
5397,microsoft/azure-maven-plugins,a8f28b228e4d3dc654ce4c93e51f7dc4a3c8ec5b,azure-tools-common/src/test/java/com/microsoft/azure/common/utils/TextUtilsTest.java,0,0,0,0,0.0,0,11,5,0,0,0,0,1,0,0,5,0,0,0,0,0,0,0,0,10,0,0,False
5398,microsoft/azure-maven-plugins,a8f28b228e4d3dc654ce4c93e51f7dc4a3c8ec5b,azure-tools-common/src/test/java/com/microsoft/azure/common/utils/JsonUtilsTest.java,0,0,0,0,0.0,0,2,1,0,0,0,0,1,0,0,0,0,0,0,0,1,0,0,0,2,0,0,False
5399,microsoft/azure-maven-plugins,a8f28b228e4d3dc654ce4c93e51f7dc4a3c8ec5b,azure-tools-common/src/test/java/com/microsoft/azure/common/UtilsTest.java,0,0,0,0,0.0,0,2,1,0,0,0,0,2,0,0,0,0,0,0,0,0,0,0,0,2,0,0,False
5400,microsoft/azure-maven-plugins,a8f28b228e4d3dc654ce4c93e51f7dc4a3c8ec5b,azure-tools-common/src/test/java/com/microsoft/azure/common/FTPUploaderTest.java,0,0,0,0,0.0,0,4,0,0,0,0,0,3,0,0,0,0,0,0,0,0,1,0,0,3,0,0,False
5401,microsoft/azure-maven-plugins,a8f28b228e4d3dc654ce4c93e51f7dc4a3c8ec5b,azure-tools-common/src/test/java/com/microsoft/azure/common/function/handlers/artifact/FunctionArtifactHelperTest.java,0,0,0,0,0.0,0,5,0,0,0,0,0,5,0,0,0,0,0,0,0,0,1,0,0,5,0,0,False
5402,microsoft/azure-maven-plugins,a8f28b228e4d3dc654ce4c93e51f7dc4a3c8ec5b,azure-tools-common/src/test/java/com/microsoft/azure/common/function/handlers/artifact/MSDeployArtifactHandlerImplTest.java,0,0,0,0,0.0,0,7,0,0,0,0,0,5,0,3,0,0,0,0,0,0,3,0,2,5,0,0,False
5403,microsoft/azure-maven-plugins,a8f28b228e4d3dc654ce4c93e51f7dc4a3c8ec5b,azure-tools-common/src/test/java/com/microsoft/azure/common/function/handlers/CommandHandlerImplTest.java,0,0,0,0,0.0,0,3,1,0,0,0,0,1,0,0,0,0,0,0,0,0,0,0,0,3,0,0,False
5404,microsoft/azure-maven-plugins,a8f28b228e4d3dc654ce4c93e51f7dc4a3c8ec5b,azure-tools-common/src/test/java/com/microsoft/azure/common/function/handlers/AnnotationHandlerImplTest.java,0,0,0,0,0.0,0,7,2,0,0,0,0,2,0,0,0,0,0,0,0,0,0,0,0,2,0,0,False
5405,microsoft/azure-maven-plugins,a8f28b228e4d3dc654ce4c93e51f7dc4a3c8ec5b,azure-tools-common/src/test/java/com/microsoft/azure/common/function/handlers/FunctionCoreToolsHandlerImplTest.java,0,0,0,0,0.0,0,7,0,0,0,0,0,6,0,0,0,0,0,0,0,0,3,0,2,7,0,0,False
5406,microsoft/azure-maven-plugins,a8f28b228e4d3dc654ce4c93e51f7dc4a3c8ec5b,azure-tools-common/src/test/java/com/microsoft/azure/common/function/utils/CommandUtilsTest.java,0,0,0,0,0.0,0,3,1,0,0,0,0,1,0,0,0,0,0,0,0,0,0,0,0,3,0,0,False
5407,microsoft/azure-maven-plugins,ce267a2d000b9618b87de0ebe1b7876edfecabea,azure-maven-plugin-lib/src/test/java/com/microsoft/azure/maven/TestHelper.java,0,0,0,0,0.0,0,1,0,0,0,0,0,0,0,0,0,0,0,0,0,0,0,0,0,0,0,0,False
5408,microsoft/azure-maven-plugins,ce267a2d000b9618b87de0ebe1b7876edfecabea,azure-maven-plugin-lib/src/test/java/com/microsoft/azure/maven/utils/ResourcesUtilsTest.java,0,0,0,0,0.0,0,2,1,0,0,0,0,1,0,0,0,0,0,0,0,0,0,0,0,2,0,0,False
5409,microsoft/azure-maven-plugins,ce267a2d000b9618b87de0ebe1b7876edfecabea,azure-maven-plugin-lib/src/test/java/com/microsoft/azure/maven/auth/AzureAuthHelperTest.java,0,0,0,0,0.0,0,13,5,0,0,0,0,4,0,0,0,0,0,0,0,3,1,0,0,12,0,0,False
5410,microsoft/azure-maven-plugins,ce267a2d000b9618b87de0ebe1b7876edfecabea,azure-spring-cloud-maven-plugin/src/test/java/com/microsoft/azure/maven/springcloud/configuration/SpringCloudAppSettingsTest.java,0,0,0,0,0.0,0,6,0,0,0,0,0,0,0,0,0,0,0,0,0,0,0,0,0,6,0,0,False
5411,microsoft/azure-maven-plugins,ce267a2d000b9618b87de0ebe1b7876edfecabea,azure-spring-cloud-maven-plugin/src/test/java/com/microsoft/azure/maven/springcloud/configuration/AppDeploymentMavenConfigTest.java,0,0,0,0,0.0,0,7,1,0,0,0,0,0,0,0,0,0,0,0,0,0,0,0,0,7,0,0,False
5412,microsoft/azure-maven-plugins,ce267a2d000b9618b87de0ebe1b7876edfecabea,azure-spring-cloud-maven-plugin/src/test/java/com/microsoft/azure/maven/springcloud/configuration/SpringCloudDeploymentRawConfigTest.java,0,0,0,0,0.0,0,7,0,0,0,0,0,0,0,0,0,0,0,0,0,0,0,0,0,7,0,0,False
5413,microsoft/azure-maven-plugins,ce267a2d000b9618b87de0ebe1b7876edfecabea,azure-spring-cloud-maven-plugin/src/test/java/com/microsoft/azure/maven/springcloud/DeployMojoTest.java,0,0,0,0,0.0,0,1,1,0,0,0,0,1,0,0,0,0,0,0,0,0,0,0,0,1,0,0,False
5414,microsoft/azure-maven-plugins,ce267a2d000b9618b87de0ebe1b7876edfecabea,azure-spring-cloud-maven-plugin/src/test/java/com/microsoft/azure/maven/springcloud/prompt/ConfigurationPrompterTest.java,0,0,0,0,0.0,0,16,8,1,0,0,0,14,15,0,0,0,2,0,0,7,1,0,1,15,0,0,False
5415,microsoft/azure-maven-plugins,ce267a2d000b9618b87de0ebe1b7876edfecabea,azure-spring-cloud-maven-plugin/src/test/java/com/microsoft/azure/maven/springcloud/TestHelper.java,0,0,0,0,0.0,0,10,0,0,0,0,0,0,0,0,0,0,0,0,0,0,0,0,0,0,0,0,False
5416,microsoft/azure-maven-plugins,ce267a2d000b9618b87de0ebe1b7876edfecabea,azure-spring-cloud-maven-plugin/src/test/java/com/microsoft/azure/maven/springcloud/exception/AzureConfigurationExceptionTest.java,0,0,0,0,0.0,0,3,1,0,0,0,0,1,0,0,0,0,0,0,0,0,0,0,0,3,0,0,False
5417,microsoft/azure-maven-plugins,ce267a2d000b9618b87de0ebe1b7876edfecabea,azure-spring-cloud-maven-plugin/src/test/java/com/microsoft/azure/maven/springcloud/pom/PomUtilsTest.java,0,0,0,0,0.0,0,2,2,0,0,0,0,2,0,2,0,0,0,0,0,0,0,0,2,2,0,0,False
5418,microsoft/azure-maven-plugins,ce267a2d000b9618b87de0ebe1b7876edfecabea,azure-tools-common/src/test/java/com/microsoft/azure/common/validation/SchemaValidatorTest.java,0,0,0,0,0.0,0,6,1,0,0,0,0,5,1,0,1,0,0,0,0,2,0,0,0,5,0,0,False
5419,microsoft/azure-maven-plugins,ce267a2d000b9618b87de0ebe1b7876edfecabea,azure-tools-common/src/test/java/com/microsoft/azure/common/ConfigurationProblemTest.java,0,0,0,0,0.0,0,1,1,0,0,0,0,0,0,0,0,0,1,0,0,0,0,0,0,1,0,0,False
5420,microsoft/azure-maven-plugins,ce267a2d000b9618b87de0ebe1b7876edfecabea,azure-tools-common/src/test/java/com/microsoft/azure/common/prompt/DefaultPrompterTest.java,0,0,0,0,0.0,0,13,8,4,0,0,0,12,0,0,0,0,0,0,0,4,1,0,0,12,0,0,False
5421,microsoft/azure-maven-plugins,ce267a2d000b9618b87de0ebe1b7876edfecabea,azure-tools-common/src/test/java/com/microsoft/azure/common/prompt/InputValidateResultTest.java,0,0,0,0,0.0,0,2,2,0,0,0,0,0,0,0,0,0,0,0,0,0,0,0,0,2,0,0,False
5422,microsoft/azure-maven-plugins,ce267a2d000b9618b87de0ebe1b7876edfecabea,azure-tools-common/src/test/java/com/microsoft/azure/common/handlers/artifact/ZIPArtifactHandlerImplTest.java,0,0,0,0,0.0,0,7,0,0,0,0,0,3,0,3,0,0,0,0,0,0,1,0,3,5,0,0,False
5423,microsoft/azure-maven-plugins,ce267a2d000b9618b87de0ebe1b7876edfecabea,azure-tools-common/src/test/java/com/microsoft/azure/common/handlers/artifact/FTPArtifactHandlerImplTest.java,0,0,0,0,0.0,0,6,0,0,0,0,0,4,0,0,0,0,0,0,0,0,4,0,0,4,0,0,False
5424,microsoft/azure-maven-plugins,ce267a2d000b9618b87de0ebe1b7876edfecabea,azure-tools-common/src/test/java/com/microsoft/azure/common/handlers/artifact/ArtifactHandlerBaseTest.java,0,0,0,0,0.0,0,4,0,0,0,0,0,3,0,0,0,0,0,0,0,0,0,0,0,3,0,0,False
5425,microsoft/azure-maven-plugins,ce267a2d000b9618b87de0ebe1b7876edfecabea,azure-tools-common/src/test/java/com/microsoft/azure/common/TestHelper.java,0,0,0,0,0.0,0,1,0,0,0,0,0,0,0,0,0,0,0,0,0,0,0,0,0,0,0,0,False
5426,microsoft/azure-maven-plugins,ce267a2d000b9618b87de0ebe1b7876edfecabea,azure-tools-common/src/test/java/com/microsoft/azure/common/utils/IndentUtilTest.java,0,0,0,0,0.0,0,2,1,0,0,0,0,1,0,0,0,0,0,0,0,1,0,0,0,2,0,0,False
5427,microsoft/azure-maven-plugins,ce267a2d000b9618b87de0ebe1b7876edfecabea,azure-tools-common/src/test/java/com/microsoft/azure/common/utils/SneakyThrowUtilsTest.java,0,0,0,0,0.0,0,2,0,0,0,0,0,1,0,0,0,0,0,0,0,0,0,0,0,1,0,0,False
5428,microsoft/azure-maven-plugins,ce267a2d000b9618b87de0ebe1b7876edfecabea,azure-tools-common/src/test/java/com/microsoft/azure/common/utils/TextUtilsTest.java,0,0,0,0,0.0,0,11,5,0,0,0,0,1,0,0,5,0,0,0,0,0,0,0,0,10,0,0,False
5429,microsoft/azure-maven-plugins,ce267a2d000b9618b87de0ebe1b7876edfecabea,azure-tools-common/src/test/java/com/microsoft/azure/common/utils/JsonUtilsTest.java,0,0,0,0,0.0,0,2,1,0,0,0,0,1,0,0,0,0,0,0,0,1,0,0,0,2,0,0,False
5430,microsoft/azure-maven-plugins,ce267a2d000b9618b87de0ebe1b7876edfecabea,azure-tools-common/src/test/java/com/microsoft/azure/common/UtilsTest.java,0,0,0,0,0.0,0,2,1,0,0,0,0,2,0,0,0,0,0,0,0,0,0,0,0,2,0,0,False
5431,microsoft/azure-maven-plugins,ce267a2d000b9618b87de0ebe1b7876edfecabea,azure-tools-common/src/test/java/com/microsoft/azure/common/FTPUploaderTest.java,0,0,0,0,0.0,0,4,0,0,0,0,0,3,0,0,0,0,0,0,0,0,1,0,0,3,0,0,False
5432,microsoft/azure-maven-plugins,ce267a2d000b9618b87de0ebe1b7876edfecabea,azure-tools-common/src/test/java/com/microsoft/azure/common/function/handlers/artifact/FunctionArtifactHelperTest.java,0,0,0,0,0.0,0,5,0,0,0,0,0,5,0,0,0,0,0,0,0,0,1,0,0,5,0,0,False
5433,microsoft/azure-maven-plugins,ce267a2d000b9618b87de0ebe1b7876edfecabea,azure-tools-common/src/test/java/com/microsoft/azure/common/function/handlers/artifact/MSDeployArtifactHandlerImplTest.java,0,0,0,0,0.0,0,7,0,0,0,0,0,5,0,3,0,0,0,0,0,0,3,0,2,5,0,0,False
5434,microsoft/azure-maven-plugins,ce267a2d000b9618b87de0ebe1b7876edfecabea,azure-tools-common/src/test/java/com/microsoft/azure/common/function/handlers/CommandHandlerImplTest.java,0,0,0,0,0.0,0,3,1,0,0,0,0,1,0,0,0,0,0,0,0,0,0,0,0,3,0,0,False
5435,microsoft/azure-maven-plugins,ce267a2d000b9618b87de0ebe1b7876edfecabea,azure-tools-common/src/test/java/com/microsoft/azure/common/function/handlers/AnnotationHandlerImplTest.java,0,0,0,0,0.0,0,7,2,0,0,0,0,2,0,0,0,0,0,0,0,0,0,0,0,2,0,0,False
5436,microsoft/azure-maven-plugins,ce267a2d000b9618b87de0ebe1b7876edfecabea,azure-tools-common/src/test/java/com/microsoft/azure/common/function/handlers/FunctionCoreToolsHandlerImplTest.java,0,0,0,0,0.0,0,7,0,0,0,0,0,6,0,0,0,0,0,0,0,0,3,0,2,7,0,0,False
5437,microsoft/azure-maven-plugins,ce267a2d000b9618b87de0ebe1b7876edfecabea,azure-tools-common/src/test/java/com/microsoft/azure/common/function/utils/CommandUtilsTest.java,0,0,0,0,0.0,0,3,1,0,0,0,0,1,0,0,0,0,0,0,0,0,0,0,0,3,0,0,False
5438,microsoft/azure-maven-plugins,d0da922f6f50fe9eb02765305530307f9cbec779,azure-auth-helper/src/test/java/com/microsoft/azure/auth/configuration/AuthConfigurationTest.java,0,0,0,0,0.0,0,10,1,0,0,0,0,0,0,0,0,0,0,0,0,1,0,0,0,10,0,0,False
5439,microsoft/azure-maven-plugins,d0da922f6f50fe9eb02765305530307f9cbec779,azure-auth-helper/src/test/java/com/microsoft/azure/auth/MavenSettingHelperTest.java,0,0,0,0,0.0,0,5,3,0,0,0,0,4,0,0,0,0,0,0,0,1,0,0,0,4,0,0,False
5440,microsoft/azure-maven-plugins,d0da922f6f50fe9eb02765305530307f9cbec779,azure-auth-helper/src/test/java/com/microsoft/azure/auth/TestHelper.java,0,0,0,0,0.0,0,5,0,0,0,0,0,0,0,0,0,0,0,0,0,0,0,0,0,0,0,0,False
5441,microsoft/azure-maven-plugins,d0da922f6f50fe9eb02765305530307f9cbec779,azure-auth-helper/src/test/java/com/microsoft/azure/auth/exception/InvalidConfigurationExceptionTest.java,0,0,0,0,0.0,0,2,0,0,0,0,0,1,0,0,0,0,0,0,0,0,0,0,0,2,0,0,False
5442,microsoft/azure-maven-plugins,d0da922f6f50fe9eb02765305530307f9cbec779,azure-auth-helper/src/test/java/com/microsoft/azure/auth/exception/MavenDecryptExceptionTest.java,0,0,0,0,0.0,0,3,1,0,0,0,0,1,0,0,0,0,0,0,0,0,0,0,0,3,0,0,False
5443,microsoft/azure-maven-plugins,d0da922f6f50fe9eb02765305530307f9cbec779,azure-auth-helper/src/test/java/com/microsoft/azure/auth/exception/AzureLoginFailureExceptionTest.java,0,0,0,0,0.0,0,2,0,0,0,0,0,1,0,0,0,0,0,0,0,0,0,0,0,2,0,0,False
5444,microsoft/azure-maven-plugins,d0da922f6f50fe9eb02765305530307f9cbec779,azure-auth-helper/src/test/java/com/microsoft/azure/auth/exception/DesktopNotSupportedExceptionTest.java,0,0,0,0,0.0,0,2,0,0,0,0,0,1,0,0,0,0,0,0,0,0,0,0,0,2,0,0,False
5445,microsoft/azure-maven-plugins,d0da922f6f50fe9eb02765305530307f9cbec779,azure-auth-helper/src/test/java/com/microsoft/azure/auth/exception/AzureLoginTimeoutExceptionTest.java,0,0,0,0,0.0,0,2,0,0,0,0,0,1,0,0,0,0,0,0,0,0,0,0,0,2,0,0,False
5446,microsoft/azure-maven-plugins,d0da922f6f50fe9eb02765305530307f9cbec779,azure-auth-helper/src/test/java/com/microsoft/azure/auth/AzureAuthHelperTest.java,0,0,0,0,0.0,0,19,11,0,0,0,0,11,16,7,0,0,2,0,0,3,0,0,7,17,0,0,False
5447,microsoft/azure-maven-plugins,d0da922f6f50fe9eb02765305530307f9cbec779,azure-auth-helper/src/test/java/com/microsoft/azure/auth/AzureServicePrincipleAuthHelperTest.java,0,0,0,0,0.0,0,6,2,0,0,0,0,5,0,4,0,0,0,0,0,1,2,0,4,5,0,0,False
5448,microsoft/azure-maven-plugins,d0da922f6f50fe9eb02765305530307f9cbec779,azure-auth-helper/src/test/java/com/microsoft/azure/auth/AzureCredentialTest.java,0,0,0,0,0.0,0,2,1,0,0,0,0,1,0,0,0,0,0,0,0,0,0,0,0,2,0,0,False
5449,microsoft/azure-maven-plugins,d0da922f6f50fe9eb02765305530307f9cbec779,azure-auth-helper/src/test/java/com/microsoft/azure/auth/AzureLoginHelperTest.java,0,0,0,0,0.0,0,9,6,0,0,0,0,6,0,0,0,0,0,0,0,1,0,0,0,8,0,0,False
5450,microsoft/azure-maven-plugins,d0da922f6f50fe9eb02765305530307f9cbec779,azure-auth-helper/src/test/java/com/microsoft/azure/auth/LocalAuthServerTest.java,0,0,0,0,0.0,0,7,3,0,0,0,0,5,0,0,1,0,0,0,0,0,1,0,0,5,0,0,False
5451,microsoft/azure-maven-plugins,d0da922f6f50fe9eb02765305530307f9cbec779,azure-auth-helper/src/test/java/com/microsoft/azure/auth/AzureContextExecutorTest.java,0,0,0,0,0.0,0,2,1,0,0,0,0,2,0,0,0,0,0,0,0,1,0,0,0,2,0,0,False
5452,microsoft/azure-maven-plugins,d0da922f6f50fe9eb02765305530307f9cbec779,azure-maven-plugin/src/test/java/com/microsoft/azure/plugin/login/TestHelper.java,0,0,0,0,0.0,0,8,0,0,0,0,0,0,0,0,0,0,0,0,0,0,0,0,0,0,0,0,False
5453,microsoft/azure-maven-plugins,d0da922f6f50fe9eb02765305530307f9cbec779,azure-maven-plugin/src/test/java/com/microsoft/azure/plugin/login/LoginMojoTest.java,0,0,0,0,0.0,0,6,0,0,0,0,0,5,0,4,0,0,0,0,0,0,4,0,4,5,0,0,False
5454,microsoft/azure-maven-plugins,d0da922f6f50fe9eb02765305530307f9cbec779,azure-maven-plugin/src/test/java/com/microsoft/azure/plugin/login/LogoutMojoTest.java,0,0,0,0,0.0,0,3,1,0,0,0,0,2,0,1,0,0,0,0,0,1,0,0,1,2,0,0,False
5455,microsoft/azure-maven-plugins,d0da922f6f50fe9eb02765305530307f9cbec779,azure-maven-plugin/src/test/java/com/microsoft/azure/plugin/login/SelectSubscriptionMojoTest.java,0,0,0,0,0.0,0,9,1,0,0,0,0,8,0,5,0,0,0,0,0,0,3,0,5,8,0,0,False
5456,microsoft/azure-maven-plugins,d0da922f6f50fe9eb02765305530307f9cbec779,azure-maven-plugin-lib/src/test/java/com/microsoft/azure/maven/TestHelper.java,0,0,0,0,0.0,0,1,0,0,0,0,0,0,0,0,0,0,0,0,0,0,0,0,0,0,0,0,False
5457,microsoft/azure-maven-plugins,d0da922f6f50fe9eb02765305530307f9cbec779,azure-maven-plugin-lib/src/test/java/com/microsoft/azure/maven/utils/ResourcesUtilsTest.java,0,0,0,0,0.0,0,2,1,0,0,0,0,1,0,0,0,0,0,0,0,0,0,0,0,2,0,0,False
5458,microsoft/azure-maven-plugins,d0da922f6f50fe9eb02765305530307f9cbec779,azure-maven-plugin-lib/src/test/java/com/microsoft/azure/maven/auth/AzureAuthHelperTest.java,0,0,0,0,0.0,0,13,5,0,0,0,0,4,0,0,0,0,0,0,0,3,1,0,0,12,0,0,False
5459,microsoft/azure-maven-plugins,d0da922f6f50fe9eb02765305530307f9cbec779,azure-spring-cloud-maven-plugin/src/test/java/com/microsoft/azure/maven/springcloud/configuration/SpringCloudAppSettingsTest.java,0,0,0,0,0.0,0,6,0,0,0,0,0,0,0,0,0,0,0,0,0,0,0,0,0,6,0,0,False
5460,microsoft/azure-maven-plugins,d0da922f6f50fe9eb02765305530307f9cbec779,azure-spring-cloud-maven-plugin/src/test/java/com/microsoft/azure/maven/springcloud/configuration/AppDeploymentMavenConfigTest.java,0,0,0,0,0.0,0,7,1,0,0,0,0,0,0,0,0,0,0,0,0,0,0,0,0,7,0,0,False
5461,microsoft/azure-maven-plugins,d0da922f6f50fe9eb02765305530307f9cbec779,azure-spring-cloud-maven-plugin/src/test/java/com/microsoft/azure/maven/springcloud/configuration/SpringCloudAppDeploymentSettingsTest.java,0,0,0,0,0.0,0,7,0,0,0,0,0,0,0,0,0,0,0,0,0,0,0,0,0,7,0,0,False
5462,microsoft/azure-maven-plugins,d0da922f6f50fe9eb02765305530307f9cbec779,azure-spring-cloud-maven-plugin/src/test/java/com/microsoft/azure/maven/springcloud/configuration/SpringConfigurationTest.java,0,0,0,0,0.0,0,7,0,0,0,0,0,0,0,0,0,0,0,0,0,0,0,0,0,7,0,0,False
5463,microsoft/azure-maven-plugins,d0da922f6f50fe9eb02765305530307f9cbec779,azure-spring-cloud-maven-plugin/src/test/java/com/microsoft/azure/maven/springcloud/ConfigMojoTest.java,0,0,0,0,0.0,0,14,8,0,0,0,0,11,11,1,0,0,0,0,0,0,2,0,1,11,0,0,False
5464,microsoft/azure-maven-plugins,d0da922f6f50fe9eb02765305530307f9cbec779,azure-spring-cloud-maven-plugin/src/test/java/com/microsoft/azure/maven/springcloud/DeployMojoTest.java,0,0,0,0,0.0,0,1,1,0,0,0,0,1,0,0,0,0,0,0,0,0,0,0,0,1,0,0,False
5465,microsoft/azure-maven-plugins,d0da922f6f50fe9eb02765305530307f9cbec779,azure-spring-cloud-maven-plugin/src/test/java/com/microsoft/azure/maven/springcloud/prompt/ConfigurationPrompterTest.java,0,0,0,0,0.0,0,16,8,1,0,0,0,14,15,0,0,0,2,0,0,7,1,0,1,15,0,0,False
5466,microsoft/azure-maven-plugins,d0da922f6f50fe9eb02765305530307f9cbec779,azure-spring-cloud-maven-plugin/src/test/java/com/microsoft/azure/maven/springcloud/TestHelper.java,0,0,0,0,0.0,0,10,0,0,0,0,0,0,0,0,0,0,0,0,0,0,0,0,0,0,0,0,False
5467,microsoft/azure-maven-plugins,d0da922f6f50fe9eb02765305530307f9cbec779,azure-spring-cloud-maven-plugin/src/test/java/com/microsoft/azure/maven/springcloud/exception/AzureConfigurationExceptionTest.java,0,0,0,0,0.0,0,3,1,0,0,0,0,1,0,0,0,0,0,0,0,0,0,0,0,3,0,0,False
5468,microsoft/azure-maven-plugins,d0da922f6f50fe9eb02765305530307f9cbec779,azure-spring-cloud-maven-plugin/src/test/java/com/microsoft/azure/maven/springcloud/spring/SpringCloudServiceClientTest.java,0,0,0,0,0.0,0,3,1,0,0,0,0,1,0,0,0,0,0,0,0,0,0,0,0,2,0,0,False
5469,microsoft/azure-maven-plugins,d0da922f6f50fe9eb02765305530307f9cbec779,azure-spring-cloud-maven-plugin/src/test/java/com/microsoft/azure/maven/springcloud/pom/PomUtilsTest.java,0,0,0,0,0.0,0,2,2,0,0,0,0,2,0,2,0,0,0,0,0,0,0,0,2,2,0,0,False
5470,microsoft/azure-maven-plugins,d0da922f6f50fe9eb02765305530307f9cbec779,azure-tools-common/src/test/java/com/microsoft/azure/common/validation/SchemaValidatorTest.java,0,0,0,0,0.0,0,6,1,0,0,0,0,5,1,0,1,0,0,0,0,2,0,0,0,5,0,0,False
5471,microsoft/azure-maven-plugins,d0da922f6f50fe9eb02765305530307f9cbec779,azure-tools-common/src/test/java/com/microsoft/azure/common/ConfigurationProblemTest.java,0,0,0,0,0.0,0,1,1,0,0,0,0,0,0,0,0,0,1,0,0,0,0,0,0,1,0,0,False
5472,microsoft/azure-maven-plugins,d0da922f6f50fe9eb02765305530307f9cbec779,azure-tools-common/src/test/java/com/microsoft/azure/common/prompt/DefaultPrompterTest.java,0,0,0,0,0.0,0,13,8,4,0,0,0,12,0,0,0,0,0,0,0,4,1,0,0,12,0,0,False
5473,microsoft/azure-maven-plugins,d0da922f6f50fe9eb02765305530307f9cbec779,azure-tools-common/src/test/java/com/microsoft/azure/common/prompt/InputValidateResultTest.java,0,0,0,0,0.0,0,2,2,0,0,0,0,0,0,0,0,0,0,0,0,0,0,0,0,2,0,0,False
5474,microsoft/azure-maven-plugins,d0da922f6f50fe9eb02765305530307f9cbec779,azure-tools-common/src/test/java/com/microsoft/azure/common/handlers/artifact/ZIPArtifactHandlerImplTest.java,0,0,0,0,0.0,0,7,0,0,0,0,0,3,0,3,0,0,0,0,0,0,1,0,3,5,0,0,False
5475,microsoft/azure-maven-plugins,d0da922f6f50fe9eb02765305530307f9cbec779,azure-tools-common/src/test/java/com/microsoft/azure/common/handlers/artifact/FTPArtifactHandlerImplTest.java,0,0,0,0,0.0,0,6,0,0,0,0,0,4,0,0,0,0,0,0,0,0,4,0,0,4,0,0,False
5476,microsoft/azure-maven-plugins,d0da922f6f50fe9eb02765305530307f9cbec779,azure-tools-common/src/test/java/com/microsoft/azure/common/handlers/artifact/ArtifactHandlerBaseTest.java,0,0,0,0,0.0,0,4,0,0,0,0,0,3,0,0,0,0,0,0,0,0,0,0,0,3,0,0,False
5477,microsoft/azure-maven-plugins,d0da922f6f50fe9eb02765305530307f9cbec779,azure-tools-common/src/test/java/com/microsoft/azure/common/TestHelper.java,0,0,0,0,0.0,0,1,0,0,0,0,0,0,0,0,0,0,0,0,0,0,0,0,0,0,0,0,False
5478,microsoft/azure-maven-plugins,d0da922f6f50fe9eb02765305530307f9cbec779,azure-tools-common/src/test/java/com/microsoft/azure/common/utils/IndentUtilTest.java,0,0,0,0,0.0,0,2,1,0,0,0,0,1,0,0,0,0,0,0,0,1,0,0,0,2,0,0,False
5479,microsoft/azure-maven-plugins,d0da922f6f50fe9eb02765305530307f9cbec779,azure-tools-common/src/test/java/com/microsoft/azure/common/utils/SneakyThrowUtilsTest.java,0,0,0,0,0.0,0,2,0,0,0,0,0,1,0,0,0,0,0,0,0,0,0,0,0,1,0,0,False
5480,microsoft/azure-maven-plugins,d0da922f6f50fe9eb02765305530307f9cbec779,azure-tools-common/src/test/java/com/microsoft/azure/common/utils/TextUtilsTest.java,0,0,0,0,0.0,0,11,5,0,0,0,0,1,0,0,5,0,0,0,0,0,0,0,0,10,0,0,False
5481,microsoft/azure-maven-plugins,d0da922f6f50fe9eb02765305530307f9cbec779,azure-tools-common/src/test/java/com/microsoft/azure/common/utils/JsonUtilsTest.java,0,0,0,0,0.0,0,2,1,0,0,0,0,1,0,0,0,0,0,0,0,1,0,0,0,2,0,0,False
5482,microsoft/azure-maven-plugins,d0da922f6f50fe9eb02765305530307f9cbec779,azure-tools-common/src/test/java/com/microsoft/azure/common/UtilsTest.java,0,0,0,0,0.0,0,2,1,0,0,0,0,2,0,0,0,0,0,0,0,0,0,0,0,2,0,0,False
5483,microsoft/azure-maven-plugins,d0da922f6f50fe9eb02765305530307f9cbec779,azure-tools-common/src/test/java/com/microsoft/azure/common/FTPUploaderTest.java,0,0,0,0,0.0,0,4,0,0,0,0,0,3,0,0,0,0,0,0,0,0,1,0,0,3,0,0,False
5484,microsoft/azure-maven-plugins,d0da922f6f50fe9eb02765305530307f9cbec779,azure-tools-common/src/test/java/com/microsoft/azure/common/function/handlers/artifact/FunctionArtifactHelperTest.java,0,0,0,0,0.0,0,5,0,0,0,0,0,5,0,0,0,0,0,0,0,0,1,0,0,5,0,0,False
5485,microsoft/azure-maven-plugins,d0da922f6f50fe9eb02765305530307f9cbec779,azure-tools-common/src/test/java/com/microsoft/azure/common/function/handlers/artifact/MSDeployArtifactHandlerImplTest.java,0,0,0,0,0.0,0,7,0,0,0,0,0,5,0,3,0,0,0,0,0,0,3,0,2,5,0,0,False
5486,microsoft/azure-maven-plugins,d0da922f6f50fe9eb02765305530307f9cbec779,azure-tools-common/src/test/java/com/microsoft/azure/common/function/handlers/CommandHandlerImplTest.java,0,0,0,0,0.0,0,3,1,0,0,0,0,1,0,0,0,0,0,0,0,0,0,0,0,3,0,0,False
5487,microsoft/azure-maven-plugins,d0da922f6f50fe9eb02765305530307f9cbec779,azure-tools-common/src/test/java/com/microsoft/azure/common/function/handlers/AnnotationHandlerImplTest.java,0,0,0,0,0.0,0,7,2,0,0,0,0,2,0,0,0,0,0,0,0,0,0,0,0,2,0,0,False
5488,microsoft/azure-maven-plugins,d0da922f6f50fe9eb02765305530307f9cbec779,azure-tools-common/src/test/java/com/microsoft/azure/common/function/handlers/FunctionCoreToolsHandlerImplTest.java,0,0,0,0,0.0,0,7,0,0,0,0,0,6,0,0,0,0,0,0,0,0,3,0,2,7,0,0,False
5489,microsoft/azure-maven-plugins,d0da922f6f50fe9eb02765305530307f9cbec779,azure-tools-common/src/test/java/com/microsoft/azure/common/function/utils/CommandUtilsTest.java,0,0,0,0,0.0,0,3,1,0,0,0,0,1,0,0,0,0,0,0,0,0,0,0,0,3,0,0,False
5490,microsoft/azure-maven-plugins,5f14e611b634dacb664221196eb71149cd53e349,azure-auth-helper/src/test/java/com/microsoft/azure/auth/configuration/AuthConfigurationTest.java,0,0,0,0,0.0,0,10,1,0,0,0,0,0,0,0,0,0,0,0,0,1,0,0,0,10,0,0,False
5491,microsoft/azure-maven-plugins,5f14e611b634dacb664221196eb71149cd53e349,azure-auth-helper/src/test/java/com/microsoft/azure/auth/MavenSettingHelperTest.java,0,0,0,0,0.0,0,5,3,0,0,0,0,4,0,0,0,0,0,0,0,1,0,0,0,4,0,0,False
5492,microsoft/azure-maven-plugins,5f14e611b634dacb664221196eb71149cd53e349,azure-auth-helper/src/test/java/com/microsoft/azure/auth/TestHelper.java,0,0,0,0,0.0,0,5,0,0,0,0,0,0,0,0,0,0,0,0,0,0,0,0,0,0,0,0,False
5493,microsoft/azure-maven-plugins,5f14e611b634dacb664221196eb71149cd53e349,azure-auth-helper/src/test/java/com/microsoft/azure/auth/exception/InvalidConfigurationExceptionTest.java,0,0,0,0,0.0,0,2,0,0,0,0,0,1,0,0,0,0,0,0,0,0,0,0,0,2,0,0,False
5494,microsoft/azure-maven-plugins,5f14e611b634dacb664221196eb71149cd53e349,azure-auth-helper/src/test/java/com/microsoft/azure/auth/exception/MavenDecryptExceptionTest.java,0,0,0,0,0.0,0,3,1,0,0,0,0,1,0,0,0,0,0,0,0,0,0,0,0,3,0,0,False
5495,microsoft/azure-maven-plugins,5f14e611b634dacb664221196eb71149cd53e349,azure-auth-helper/src/test/java/com/microsoft/azure/auth/exception/AzureLoginFailureExceptionTest.java,0,0,0,0,0.0,0,2,0,0,0,0,0,1,0,0,0,0,0,0,0,0,0,0,0,2,0,0,False
5496,microsoft/azure-maven-plugins,5f14e611b634dacb664221196eb71149cd53e349,azure-auth-helper/src/test/java/com/microsoft/azure/auth/exception/DesktopNotSupportedExceptionTest.java,0,0,0,0,0.0,0,2,0,0,0,0,0,1,0,0,0,0,0,0,0,0,0,0,0,2,0,0,False
5497,microsoft/azure-maven-plugins,5f14e611b634dacb664221196eb71149cd53e349,azure-auth-helper/src/test/java/com/microsoft/azure/auth/exception/AzureLoginTimeoutExceptionTest.java,0,0,0,0,0.0,0,2,0,0,0,0,0,1,0,0,0,0,0,0,0,0,0,0,0,2,0,0,False
5498,microsoft/azure-maven-plugins,5f14e611b634dacb664221196eb71149cd53e349,azure-auth-helper/src/test/java/com/microsoft/azure/auth/AzureAuthHelperTest.java,0,0,0,0,0.0,0,19,11,0,0,0,0,11,16,7,0,0,2,0,0,3,0,0,7,17,0,0,False
5499,microsoft/azure-maven-plugins,5f14e611b634dacb664221196eb71149cd53e349,azure-auth-helper/src/test/java/com/microsoft/azure/auth/AzureServicePrincipleAuthHelperTest.java,0,0,0,0,0.0,0,6,2,0,0,0,0,5,0,4,0,0,0,0,0,1,2,0,4,5,0,0,False
5500,microsoft/azure-maven-plugins,5f14e611b634dacb664221196eb71149cd53e349,azure-auth-helper/src/test/java/com/microsoft/azure/auth/AzureCredentialTest.java,0,0,0,0,0.0,0,2,1,0,0,0,0,1,0,0,0,0,0,0,0,0,0,0,0,2,0,0,False
5501,microsoft/azure-maven-plugins,5f14e611b634dacb664221196eb71149cd53e349,azure-auth-helper/src/test/java/com/microsoft/azure/auth/AzureLoginHelperTest.java,0,0,0,0,0.0,0,9,6,0,0,0,0,6,0,0,0,0,0,0,0,1,0,0,0,8,0,0,False
5502,microsoft/azure-maven-plugins,5f14e611b634dacb664221196eb71149cd53e349,azure-auth-helper/src/test/java/com/microsoft/azure/auth/LocalAuthServerTest.java,0,0,0,0,0.0,0,6,2,0,0,0,0,4,0,0,0,0,0,0,0,0,1,0,0,4,0,0,False
5503,microsoft/azure-maven-plugins,5f14e611b634dacb664221196eb71149cd53e349,azure-auth-helper/src/test/java/com/microsoft/azure/auth/AzureContextExecutorTest.java,0,0,0,0,0.0,0,2,1,0,0,0,0,2,0,0,0,0,0,0,0,1,0,0,0,2,0,0,False
5504,microsoft/azure-maven-plugins,5f14e611b634dacb664221196eb71149cd53e349,azure-maven-plugin-common/src/test/java/com/microsoft/azure/maven/common/TestHelper.java,0,0,0,0,0.0,0,1,0,0,0,0,0,0,0,0,0,0,0,0,0,0,0,0,0,0,0,0,False
5505,microsoft/azure-maven-plugins,5f14e611b634dacb664221196eb71149cd53e349,azure-maven-plugin-common/src/test/java/com/microsoft/azure/maven/common/utils/MavenUtilsTest.java,0,0,0,0,0.0,0,3,2,0,0,0,0,3,0,3,0,0,0,0,0,0,0,0,3,3,0,0,False
5506,microsoft/azure-maven-plugins,5f14e611b634dacb664221196eb71149cd53e349,azure-maven-plugin/src/test/java/com/microsoft/azure/plugin/login/TestHelper.java,0,0,0,0,0.0,0,8,0,0,0,0,0,0,0,0,0,0,0,0,0,0,0,0,0,0,0,0,False
5507,microsoft/azure-maven-plugins,5f14e611b634dacb664221196eb71149cd53e349,azure-maven-plugin/src/test/java/com/microsoft/azure/plugin/login/LoginMojoTest.java,0,0,0,0,0.0,0,6,0,0,0,0,0,5,0,4,0,0,0,0,0,0,4,0,4,5,0,0,False
5508,microsoft/azure-maven-plugins,5f14e611b634dacb664221196eb71149cd53e349,azure-maven-plugin/src/test/java/com/microsoft/azure/plugin/login/LogoutMojoTest.java,0,0,0,0,0.0,0,3,1,0,0,0,0,2,0,1,0,0,0,0,0,1,0,0,1,2,0,0,False
5509,microsoft/azure-maven-plugins,5f14e611b634dacb664221196eb71149cd53e349,azure-maven-plugin/src/test/java/com/microsoft/azure/plugin/login/SelectSubscriptionMojoTest.java,0,0,0,0,0.0,0,9,1,0,0,0,0,8,0,5,0,0,0,0,0,0,3,0,5,8,0,0,False
5510,microsoft/azure-maven-plugins,5f14e611b634dacb664221196eb71149cd53e349,azure-maven-plugin-lib/src/test/java/com/microsoft/azure/maven/auth/AzureAuthHelperTest.java,0,0,0,0,0.0,0,13,5,0,0,0,0,4,0,0,0,0,0,0,0,3,1,0,0,12,0,0,False
5511,microsoft/azure-maven-plugins,5f14e611b634dacb664221196eb71149cd53e349,azure-spring-cloud-maven-plugin/src/test/java/com/microsoft/azure/maven/spring/configuration/DeploymentTest.java,0,0,0,0,0.0,0,7,1,0,0,0,0,0,0,0,0,0,0,0,0,0,0,0,0,7,0,0,False
5512,microsoft/azure-maven-plugins,5f14e611b634dacb664221196eb71149cd53e349,azure-spring-cloud-maven-plugin/src/test/java/com/microsoft/azure/maven/spring/configuration/DeploymentSettingsTest.java,0,0,0,0,0.0,0,7,0,0,0,0,0,0,0,0,0,0,0,0,0,0,0,0,0,7,0,0,False
5513,microsoft/azure-maven-plugins,5f14e611b634dacb664221196eb71149cd53e349,azure-spring-cloud-maven-plugin/src/test/java/com/microsoft/azure/maven/spring/configuration/VolumeTest.java,0,0,0,0,0.0,0,3,0,0,0,0,0,0,0,0,0,0,0,0,0,0,0,0,0,3,0,0,False
5514,microsoft/azure-maven-plugins,5f14e611b634dacb664221196eb71149cd53e349,azure-spring-cloud-maven-plugin/src/test/java/com/microsoft/azure/maven/spring/configuration/AppSettingsTest.java,0,0,0,0,0.0,0,6,0,0,0,0,0,0,0,0,0,0,0,0,0,0,0,0,0,6,0,0,False
5515,microsoft/azure-maven-plugins,5f14e611b634dacb664221196eb71149cd53e349,azure-spring-cloud-maven-plugin/src/test/java/com/microsoft/azure/maven/spring/configuration/SpringConfigurationTest.java,0,0,0,0,0.0,0,7,0,0,0,0,0,0,0,0,0,0,0,0,0,0,0,0,0,7,0,0,False
5516,microsoft/azure-maven-plugins,5f14e611b634dacb664221196eb71149cd53e349,azure-spring-cloud-maven-plugin/src/test/java/com/microsoft/azure/maven/spring/ConfigMojoTest.java,0,0,0,0,0.0,0,14,8,0,0,0,0,11,11,1,0,0,0,0,0,0,2,0,1,11,0,0,False
5517,microsoft/azure-maven-plugins,5f14e611b634dacb664221196eb71149cd53e349,azure-spring-cloud-maven-plugin/src/test/java/com/microsoft/azure/maven/spring/DeployMojoTest.java,0,0,0,0,0.0,0,1,1,0,0,0,0,1,0,0,0,0,0,0,0,0,0,0,0,1,0,0,False
5518,microsoft/azure-maven-plugins,5f14e611b634dacb664221196eb71149cd53e349,azure-spring-cloud-maven-plugin/src/test/java/com/microsoft/azure/maven/spring/prompt/PromptWrapperTest.java,0,0,0,0,0.0,0,16,8,1,0,0,0,14,15,0,0,0,2,0,0,7,1,0,1,15,0,0,False
5519,microsoft/azure-maven-plugins,5f14e611b634dacb664221196eb71149cd53e349,azure-spring-cloud-maven-plugin/src/test/java/com/microsoft/azure/maven/spring/TestHelper.java,0,0,0,0,0.0,0,10,0,0,0,0,0,0,0,0,0,0,0,0,0,0,0,0,0,0,0,0,False
5520,microsoft/azure-maven-plugins,5f14e611b634dacb664221196eb71149cd53e349,azure-spring-cloud-maven-plugin/src/test/java/com/microsoft/azure/maven/spring/utils/XmlUtilsTest.java,0,0,0,0,0.0,0,6,4,0,0,0,0,1,0,0,0,0,0,0,0,0,0,0,0,5,0,0,False
5521,microsoft/azure-maven-plugins,5f14e611b634dacb664221196eb71149cd53e349,azure-spring-cloud-maven-plugin/src/test/java/com/microsoft/azure/maven/spring/utils/ResourcesUtilsTest.java,0,0,0,0,0.0,0,2,1,0,0,0,0,1,0,0,0,0,0,0,0,0,0,0,0,2,0,0,False
5522,microsoft/azure-maven-plugins,5f14e611b634dacb664221196eb71149cd53e349,azure-spring-cloud-maven-plugin/src/test/java/com/microsoft/azure/maven/spring/utils/TemplateUtilsTest.java,0,0,0,0,0.0,0,8,2,0,0,0,0,1,0,0,0,0,0,0,0,1,0,0,0,8,0,0,False
5523,microsoft/azure-maven-plugins,5f14e611b634dacb664221196eb71149cd53e349,azure-spring-cloud-maven-plugin/src/test/java/com/microsoft/azure/maven/spring/exception/NoResourcesAvailableExceptionTest.java,0,0,0,0,0.0,0,2,0,0,0,0,0,1,0,0,0,0,0,0,0,0,0,0,0,2,0,0,False
5524,microsoft/azure-maven-plugins,5f14e611b634dacb664221196eb71149cd53e349,azure-spring-cloud-maven-plugin/src/test/java/com/microsoft/azure/maven/spring/exception/SpringConfigurationExceptionTest.java,0,0,0,0,0.0,0,3,1,0,0,0,0,1,0,0,0,0,0,0,0,0,0,0,0,3,0,0,False
5525,microsoft/azure-maven-plugins,5f14e611b634dacb664221196eb71149cd53e349,azure-spring-cloud-maven-plugin/src/test/java/com/microsoft/azure/maven/spring/spring/SpringServiceClientTest.java,0,0,0,0,0.0,0,3,1,0,0,0,0,1,0,0,0,0,0,0,0,0,0,0,0,2,0,0,False
5526,microsoft/azure-maven-plugins,5f14e611b634dacb664221196eb71149cd53e349,azure-spring-cloud-maven-plugin/src/test/java/com/microsoft/azure/maven/spring/pom/PomXmlUpdaterTest.java,0,0,0,0,0.0,0,2,2,0,0,0,0,2,0,2,0,0,0,0,0,0,0,0,2,2,0,0,False
5527,microsoft/azure-maven-plugins,5f14e611b634dacb664221196eb71149cd53e349,azure-tools-common/src/test/java/com/microsoft/azure/common/validation/SchemaValidatorTest.java,0,0,0,0,0.0,0,6,1,0,0,0,0,5,1,0,1,0,0,0,0,2,0,0,0,5,0,0,False
5528,microsoft/azure-maven-plugins,5f14e611b634dacb664221196eb71149cd53e349,azure-tools-common/src/test/java/com/microsoft/azure/common/ConfigurationProblemTest.java,0,0,0,0,0.0,0,1,1,0,0,0,0,0,0,0,0,0,1,0,0,0,0,0,0,1,0,0,False
5529,microsoft/azure-maven-plugins,5f14e611b634dacb664221196eb71149cd53e349,azure-tools-common/src/test/java/com/microsoft/azure/common/prompt/DefaultPrompterTest.java,0,0,0,0,0.0,0,13,8,4,0,0,0,12,0,0,0,0,0,0,0,4,1,0,0,12,0,0,False
5530,microsoft/azure-maven-plugins,5f14e611b634dacb664221196eb71149cd53e349,azure-tools-common/src/test/java/com/microsoft/azure/common/prompt/InputValidateResultTest.java,0,0,0,0,0.0,0,2,2,0,0,0,0,0,0,0,0,0,0,0,0,0,0,0,0,2,0,0,False
5531,microsoft/azure-maven-plugins,5f14e611b634dacb664221196eb71149cd53e349,azure-tools-common/src/test/java/com/microsoft/azure/common/handlers/artifact/ZIPArtifactHandlerImplTest.java,0,0,0,0,0.0,0,7,0,0,0,0,0,3,0,3,0,0,0,0,0,0,1,0,3,5,0,0,False
5532,microsoft/azure-maven-plugins,5f14e611b634dacb664221196eb71149cd53e349,azure-tools-common/src/test/java/com/microsoft/azure/common/handlers/artifact/FTPArtifactHandlerImplTest.java,0,0,0,0,0.0,0,6,0,0,0,0,0,4,0,0,0,0,0,0,0,0,4,0,0,4,0,0,False
5533,microsoft/azure-maven-plugins,5f14e611b634dacb664221196eb71149cd53e349,azure-tools-common/src/test/java/com/microsoft/azure/common/handlers/artifact/ArtifactHandlerBaseTest.java,0,0,0,0,0.0,0,4,0,0,0,0,0,3,0,0,0,0,0,0,0,0,0,0,0,3,0,0,False
5534,microsoft/azure-maven-plugins,5f14e611b634dacb664221196eb71149cd53e349,azure-tools-common/src/test/java/com/microsoft/azure/common/TestHelper.java,0,0,0,0,0.0,0,1,0,0,0,0,0,0,0,0,0,0,0,0,0,0,0,0,0,0,0,0,False
5535,microsoft/azure-maven-plugins,5f14e611b634dacb664221196eb71149cd53e349,azure-tools-common/src/test/java/com/microsoft/azure/common/utils/IndentUtilTest.java,0,0,0,0,0.0,0,2,1,0,0,0,0,1,0,0,0,0,0,0,0,1,0,0,0,2,0,0,False
5536,microsoft/azure-maven-plugins,5f14e611b634dacb664221196eb71149cd53e349,azure-tools-common/src/test/java/com/microsoft/azure/common/utils/SneakyThrowUtilsTest.java,0,0,0,0,0.0,0,2,0,0,0,0,0,1,0,0,0,0,0,0,0,0,0,0,0,1,0,0,False
5537,microsoft/azure-maven-plugins,5f14e611b634dacb664221196eb71149cd53e349,azure-tools-common/src/test/java/com/microsoft/azure/common/utils/TextUtilsTest.java,0,0,0,0,0.0,0,11,5,0,0,0,0,1,0,0,5,0,0,0,0,0,0,0,0,10,0,0,False
5538,microsoft/azure-maven-plugins,5f14e611b634dacb664221196eb71149cd53e349,azure-tools-common/src/test/java/com/microsoft/azure/common/utils/JsonUtilsTest.java,0,0,0,0,0.0,0,2,1,0,0,0,0,1,0,0,0,0,0,0,0,1,0,0,0,2,0,0,False
5539,microsoft/azure-maven-plugins,5f14e611b634dacb664221196eb71149cd53e349,azure-tools-common/src/test/java/com/microsoft/azure/common/UtilsTest.java,0,0,0,0,0.0,0,2,1,0,0,0,0,2,0,0,0,0,0,0,0,0,0,0,0,2,0,0,False
5540,microsoft/azure-maven-plugins,5f14e611b634dacb664221196eb71149cd53e349,azure-tools-common/src/test/java/com/microsoft/azure/common/FTPUploaderTest.java,0,0,0,0,0.0,0,4,0,0,0,0,0,3,0,0,0,0,0,0,0,0,1,0,0,3,0,0,False
5541,microsoft/azure-maven-plugins,5f14e611b634dacb664221196eb71149cd53e349,azure-tools-common/src/test/java/com/microsoft/azure/common/function/handlers/artifact/FunctionArtifactHelperTest.java,0,0,0,0,0.0,0,5,0,0,0,0,0,5,0,0,0,0,0,0,0,0,1,0,0,5,0,0,False
5542,microsoft/azure-maven-plugins,5f14e611b634dacb664221196eb71149cd53e349,azure-tools-common/src/test/java/com/microsoft/azure/common/function/handlers/artifact/MSDeployArtifactHandlerImplTest.java,0,0,0,0,0.0,0,7,0,0,0,0,0,5,0,3,0,0,0,0,0,0,3,0,2,5,0,0,False
5543,microsoft/azure-maven-plugins,5f14e611b634dacb664221196eb71149cd53e349,azure-tools-common/src/test/java/com/microsoft/azure/common/function/handlers/CommandHandlerImplTest.java,0,0,0,0,0.0,0,3,1,0,0,0,0,1,0,0,0,0,0,0,0,0,0,0,0,3,0,0,False
5544,microsoft/azure-maven-plugins,5f14e611b634dacb664221196eb71149cd53e349,azure-tools-common/src/test/java/com/microsoft/azure/common/function/handlers/AnnotationHandlerImplTest.java,0,0,0,0,0.0,0,7,2,0,0,0,0,2,0,0,0,0,0,0,0,0,0,0,0,2,0,0,False
5545,microsoft/azure-maven-plugins,5f14e611b634dacb664221196eb71149cd53e349,azure-tools-common/src/test/java/com/microsoft/azure/common/function/handlers/FunctionCoreToolsHandlerImplTest.java,0,0,0,0,0.0,0,7,0,0,0,0,0,6,0,0,0,0,0,0,0,0,3,0,2,7,0,0,False
5546,microsoft/azure-maven-plugins,5f14e611b634dacb664221196eb71149cd53e349,azure-tools-common/src/test/java/com/microsoft/azure/common/function/utils/CommandUtilsTest.java,0,0,0,0,0.0,0,3,1,0,0,0,0,1,0,0,0,0,0,0,0,0,0,0,0,3,0,0,False
5547,microsoft/azure-maven-plugins,e5a7ce7754b4ee3a95ad09491883e28f8ebf39dd,azure-auth-helper/src/test/java/com/microsoft/azure/auth/configuration/AuthConfigurationTest.java,0,0,0,0,0.0,0,10,1,0,0,0,0,0,0,0,0,0,0,0,0,1,0,0,0,10,0,0,False
5548,microsoft/azure-maven-plugins,e5a7ce7754b4ee3a95ad09491883e28f8ebf39dd,azure-auth-helper/src/test/java/com/microsoft/azure/auth/MavenSettingHelperTest.java,0,0,0,0,0.0,0,5,3,0,0,0,0,4,0,0,0,0,0,0,0,1,0,0,0,4,0,0,False
5549,microsoft/azure-maven-plugins,e5a7ce7754b4ee3a95ad09491883e28f8ebf39dd,azure-auth-helper/src/test/java/com/microsoft/azure/auth/TestHelper.java,0,0,0,0,0.0,0,5,0,0,0,0,0,0,0,0,0,0,0,0,0,0,0,0,0,0,0,0,False
5550,microsoft/azure-maven-plugins,e5a7ce7754b4ee3a95ad09491883e28f8ebf39dd,azure-auth-helper/src/test/java/com/microsoft/azure/auth/exception/InvalidConfigurationExceptionTest.java,0,0,0,0,0.0,0,2,0,0,0,0,0,1,0,0,0,0,0,0,0,0,0,0,0,2,0,0,False
5551,microsoft/azure-maven-plugins,e5a7ce7754b4ee3a95ad09491883e28f8ebf39dd,azure-auth-helper/src/test/java/com/microsoft/azure/auth/exception/MavenDecryptExceptionTest.java,0,0,0,0,0.0,0,3,1,0,0,0,0,1,0,0,0,0,0,0,0,0,0,0,0,3,0,0,False
5552,microsoft/azure-maven-plugins,e5a7ce7754b4ee3a95ad09491883e28f8ebf39dd,azure-auth-helper/src/test/java/com/microsoft/azure/auth/exception/AzureLoginFailureExceptionTest.java,0,0,0,0,0.0,0,2,0,0,0,0,0,1,0,0,0,0,0,0,0,0,0,0,0,2,0,0,False
5553,microsoft/azure-maven-plugins,e5a7ce7754b4ee3a95ad09491883e28f8ebf39dd,azure-auth-helper/src/test/java/com/microsoft/azure/auth/exception/DesktopNotSupportedExceptionTest.java,0,0,0,0,0.0,0,2,0,0,0,0,0,1,0,0,0,0,0,0,0,0,0,0,0,2,0,0,False
5554,microsoft/azure-maven-plugins,e5a7ce7754b4ee3a95ad09491883e28f8ebf39dd,azure-auth-helper/src/test/java/com/microsoft/azure/auth/exception/AzureLoginTimeoutExceptionTest.java,0,0,0,0,0.0,0,2,0,0,0,0,0,1,0,0,0,0,0,0,0,0,0,0,0,2,0,0,False
5555,microsoft/azure-maven-plugins,e5a7ce7754b4ee3a95ad09491883e28f8ebf39dd,azure-auth-helper/src/test/java/com/microsoft/azure/auth/AzureAuthHelperTest.java,0,0,0,0,0.0,0,19,11,0,0,0,0,11,16,7,0,0,2,0,0,3,0,0,7,17,0,0,False
5556,microsoft/azure-maven-plugins,e5a7ce7754b4ee3a95ad09491883e28f8ebf39dd,azure-auth-helper/src/test/java/com/microsoft/azure/auth/AzureServicePrincipleAuthHelperTest.java,0,0,0,0,0.0,0,6,2,0,0,0,0,5,0,4,0,0,0,0,0,1,2,0,4,5,0,0,False
5557,microsoft/azure-maven-plugins,e5a7ce7754b4ee3a95ad09491883e28f8ebf39dd,azure-auth-helper/src/test/java/com/microsoft/azure/auth/AzureCredentialTest.java,0,0,0,0,0.0,0,2,1,0,0,0,0,1,0,0,0,0,0,0,0,0,0,0,0,2,0,0,False
5558,microsoft/azure-maven-plugins,e5a7ce7754b4ee3a95ad09491883e28f8ebf39dd,azure-auth-helper/src/test/java/com/microsoft/azure/auth/AzureLoginHelperTest.java,0,0,0,0,0.0,0,9,6,0,0,0,0,6,0,0,0,0,0,0,0,1,0,0,0,8,0,0,False
5559,microsoft/azure-maven-plugins,e5a7ce7754b4ee3a95ad09491883e28f8ebf39dd,azure-auth-helper/src/test/java/com/microsoft/azure/auth/LocalAuthServerTest.java,0,0,0,0,0.0,0,6,2,0,0,0,0,4,0,0,0,0,0,0,0,0,1,0,0,4,0,0,False
5560,microsoft/azure-maven-plugins,e5a7ce7754b4ee3a95ad09491883e28f8ebf39dd,azure-auth-helper/src/test/java/com/microsoft/azure/auth/AzureContextExecutorTest.java,0,0,0,0,0.0,0,2,1,0,0,0,0,2,0,0,0,0,0,0,0,1,0,0,0,2,0,0,False
5561,microsoft/azure-maven-plugins,e5a7ce7754b4ee3a95ad09491883e28f8ebf39dd,azure-maven-plugin-common/src/test/java/com/microsoft/azure/maven/common/TestHelper.java,0,0,0,0,0.0,0,1,0,0,0,0,0,0,0,0,0,0,0,0,0,0,0,0,0,0,0,0,False
5562,microsoft/azure-maven-plugins,e5a7ce7754b4ee3a95ad09491883e28f8ebf39dd,azure-maven-plugin-common/src/test/java/com/microsoft/azure/maven/common/utils/MavenUtilsTest.java,0,0,0,0,0.0,0,3,2,0,0,0,0,3,0,3,0,0,0,0,0,0,0,0,3,3,0,0,False
5563,microsoft/azure-maven-plugins,e5a7ce7754b4ee3a95ad09491883e28f8ebf39dd,azure-maven-plugin/src/test/java/com/microsoft/azure/plugin/login/TestHelper.java,0,0,0,0,0.0,0,8,0,0,0,0,0,0,0,0,0,0,0,0,0,0,0,0,0,0,0,0,False
5564,microsoft/azure-maven-plugins,e5a7ce7754b4ee3a95ad09491883e28f8ebf39dd,azure-maven-plugin/src/test/java/com/microsoft/azure/plugin/login/LoginMojoTest.java,0,0,0,0,0.0,0,6,0,0,0,0,0,5,0,4,0,0,0,0,0,0,4,0,4,5,0,0,False
5565,microsoft/azure-maven-plugins,e5a7ce7754b4ee3a95ad09491883e28f8ebf39dd,azure-maven-plugin/src/test/java/com/microsoft/azure/plugin/login/LogoutMojoTest.java,0,0,0,0,0.0,0,3,1,0,0,0,0,2,0,1,0,0,0,0,0,1,0,0,1,2,0,0,False
5566,microsoft/azure-maven-plugins,e5a7ce7754b4ee3a95ad09491883e28f8ebf39dd,azure-maven-plugin/src/test/java/com/microsoft/azure/plugin/login/SelectSubscriptionMojoTest.java,0,0,0,0,0.0,0,9,1,0,0,0,0,8,0,5,0,0,0,0,0,0,3,0,5,8,0,0,False
5567,microsoft/azure-maven-plugins,e5a7ce7754b4ee3a95ad09491883e28f8ebf39dd,azure-maven-plugin-lib/src/test/java/com/microsoft/azure/maven/auth/AzureAuthHelperTest.java,0,0,0,0,0.0,0,13,5,0,0,0,0,4,0,0,0,0,0,0,0,3,1,0,0,12,0,0,False
5568,microsoft/azure-maven-plugins,e5a7ce7754b4ee3a95ad09491883e28f8ebf39dd,azure-spring-cloud-maven-plugin/src/test/java/com/microsoft/azure/maven/spring/configuration/DeploymentTest.java,0,0,0,0,0.0,0,7,1,0,0,0,0,0,0,0,0,0,0,0,0,0,0,0,0,7,0,0,False
5569,microsoft/azure-maven-plugins,e5a7ce7754b4ee3a95ad09491883e28f8ebf39dd,azure-spring-cloud-maven-plugin/src/test/java/com/microsoft/azure/maven/spring/configuration/DeploymentSettingsTest.java,0,0,0,0,0.0,0,7,0,0,0,0,0,0,0,0,0,0,0,0,0,0,0,0,0,7,0,0,False
5570,microsoft/azure-maven-plugins,e5a7ce7754b4ee3a95ad09491883e28f8ebf39dd,azure-spring-cloud-maven-plugin/src/test/java/com/microsoft/azure/maven/spring/configuration/VolumeTest.java,0,0,0,0,0.0,0,3,0,0,0,0,0,0,0,0,0,0,0,0,0,0,0,0,0,3,0,0,False
5571,microsoft/azure-maven-plugins,e5a7ce7754b4ee3a95ad09491883e28f8ebf39dd,azure-spring-cloud-maven-plugin/src/test/java/com/microsoft/azure/maven/spring/configuration/AppSettingsTest.java,0,0,0,0,0.0,0,6,0,0,0,0,0,0,0,0,0,0,0,0,0,0,0,0,0,6,0,0,False
5572,microsoft/azure-maven-plugins,e5a7ce7754b4ee3a95ad09491883e28f8ebf39dd,azure-spring-cloud-maven-plugin/src/test/java/com/microsoft/azure/maven/spring/configuration/SpringConfigurationTest.java,0,0,0,0,0.0,0,7,0,0,0,0,0,0,0,0,0,0,0,0,0,0,0,0,0,7,0,0,False
5573,microsoft/azure-maven-plugins,e5a7ce7754b4ee3a95ad09491883e28f8ebf39dd,azure-spring-cloud-maven-plugin/src/test/java/com/microsoft/azure/maven/spring/ConfigMojoTest.java,0,0,0,0,0.0,0,14,8,0,0,0,0,11,11,1,0,0,0,0,0,0,2,0,1,11,0,0,False
5574,microsoft/azure-maven-plugins,e5a7ce7754b4ee3a95ad09491883e28f8ebf39dd,azure-spring-cloud-maven-plugin/src/test/java/com/microsoft/azure/maven/spring/DeployMojoTest.java,0,0,0,0,0.0,0,1,1,0,0,0,0,1,0,0,0,0,0,0,0,0,0,0,0,1,0,0,False
5575,microsoft/azure-maven-plugins,e5a7ce7754b4ee3a95ad09491883e28f8ebf39dd,azure-spring-cloud-maven-plugin/src/test/java/com/microsoft/azure/maven/spring/prompt/PromptWrapperTest.java,0,0,0,0,0.0,0,16,8,1,0,0,0,14,15,0,0,0,2,0,0,7,1,0,1,15,0,0,False
5576,microsoft/azure-maven-plugins,e5a7ce7754b4ee3a95ad09491883e28f8ebf39dd,azure-spring-cloud-maven-plugin/src/test/java/com/microsoft/azure/maven/spring/TestHelper.java,0,0,0,0,0.0,0,10,0,0,0,0,0,0,0,0,0,0,0,0,0,0,0,0,0,0,0,0,False
5577,microsoft/azure-maven-plugins,e5a7ce7754b4ee3a95ad09491883e28f8ebf39dd,azure-spring-cloud-maven-plugin/src/test/java/com/microsoft/azure/maven/spring/utils/XmlUtilsTest.java,0,0,0,0,0.0,0,6,4,0,0,0,0,1,0,0,0,0,0,0,0,0,0,0,0,5,0,0,False
5578,microsoft/azure-maven-plugins,e5a7ce7754b4ee3a95ad09491883e28f8ebf39dd,azure-spring-cloud-maven-plugin/src/test/java/com/microsoft/azure/maven/spring/utils/ResourcesUtilsTest.java,0,0,0,0,0.0,0,2,1,0,0,0,0,1,0,0,0,0,0,0,0,0,0,0,0,2,0,0,False
5579,microsoft/azure-maven-plugins,e5a7ce7754b4ee3a95ad09491883e28f8ebf39dd,azure-spring-cloud-maven-plugin/src/test/java/com/microsoft/azure/maven/spring/utils/TemplateUtilsTest.java,0,0,0,0,0.0,0,8,2,0,0,0,0,1,0,0,0,0,0,0,0,1,0,0,0,8,0,0,False
5580,microsoft/azure-maven-plugins,e5a7ce7754b4ee3a95ad09491883e28f8ebf39dd,azure-spring-cloud-maven-plugin/src/test/java/com/microsoft/azure/maven/spring/exception/NoResourcesAvailableExceptionTest.java,0,0,0,0,0.0,0,2,0,0,0,0,0,1,0,0,0,0,0,0,0,0,0,0,0,2,0,0,False
5581,microsoft/azure-maven-plugins,e5a7ce7754b4ee3a95ad09491883e28f8ebf39dd,azure-spring-cloud-maven-plugin/src/test/java/com/microsoft/azure/maven/spring/exception/SpringConfigurationExceptionTest.java,0,0,0,0,0.0,0,3,1,0,0,0,0,1,0,0,0,0,0,0,0,0,0,0,0,3,0,0,False
5582,microsoft/azure-maven-plugins,e5a7ce7754b4ee3a95ad09491883e28f8ebf39dd,azure-spring-cloud-maven-plugin/src/test/java/com/microsoft/azure/maven/spring/spring/SpringServiceClientTest.java,0,0,0,0,0.0,0,3,1,0,0,0,0,1,0,0,0,0,0,0,0,0,0,0,0,2,0,0,False
5583,microsoft/azure-maven-plugins,e5a7ce7754b4ee3a95ad09491883e28f8ebf39dd,azure-spring-cloud-maven-plugin/src/test/java/com/microsoft/azure/maven/spring/pom/PomXmlUpdaterTest.java,0,0,0,0,0.0,0,2,2,0,0,0,0,2,0,2,0,0,0,0,0,0,0,0,2,2,0,0,False
5584,microsoft/azure-maven-plugins,e5a7ce7754b4ee3a95ad09491883e28f8ebf39dd,azure-tools-common/src/test/java/com/microsoft/azure/common/validation/SchemaValidatorTest.java,0,0,0,0,0.0,0,6,1,0,0,0,0,5,1,0,1,0,0,0,0,2,0,0,0,5,0,0,False
5585,microsoft/azure-maven-plugins,e5a7ce7754b4ee3a95ad09491883e28f8ebf39dd,azure-tools-common/src/test/java/com/microsoft/azure/common/ConfigurationProblemTest.java,0,0,0,0,0.0,0,1,1,0,0,0,0,0,0,0,0,0,1,0,0,0,0,0,0,1,0,0,False
5586,microsoft/azure-maven-plugins,e5a7ce7754b4ee3a95ad09491883e28f8ebf39dd,azure-tools-common/src/test/java/com/microsoft/azure/common/prompt/DefaultPrompterTest.java,0,0,0,0,0.0,0,13,8,4,0,0,0,12,0,0,0,0,0,0,0,4,1,0,0,12,0,0,False
5587,microsoft/azure-maven-plugins,e5a7ce7754b4ee3a95ad09491883e28f8ebf39dd,azure-tools-common/src/test/java/com/microsoft/azure/common/prompt/InputValidateResultTest.java,0,0,0,0,0.0,0,2,2,0,0,0,0,0,0,0,0,0,0,0,0,0,0,0,0,2,0,0,False
5588,microsoft/azure-maven-plugins,e5a7ce7754b4ee3a95ad09491883e28f8ebf39dd,azure-tools-common/src/test/java/com/microsoft/azure/common/handlers/artifact/ZIPArtifactHandlerImplTest.java,0,0,0,0,0.0,0,7,0,0,0,0,0,3,0,3,0,0,0,0,0,0,1,0,3,5,0,0,False
5589,microsoft/azure-maven-plugins,e5a7ce7754b4ee3a95ad09491883e28f8ebf39dd,azure-tools-common/src/test/java/com/microsoft/azure/common/handlers/artifact/FTPArtifactHandlerImplTest.java,0,0,0,0,0.0,0,6,0,0,0,0,0,4,0,0,0,0,0,0,0,0,4,0,0,4,0,0,False
5590,microsoft/azure-maven-plugins,e5a7ce7754b4ee3a95ad09491883e28f8ebf39dd,azure-tools-common/src/test/java/com/microsoft/azure/common/handlers/artifact/ArtifactHandlerBaseTest.java,0,0,0,0,0.0,0,4,0,0,0,0,0,3,0,0,0,0,0,0,0,0,0,0,0,3,0,0,False
5591,microsoft/azure-maven-plugins,e5a7ce7754b4ee3a95ad09491883e28f8ebf39dd,azure-tools-common/src/test/java/com/microsoft/azure/common/TestHelper.java,0,0,0,0,0.0,0,1,0,0,0,0,0,0,0,0,0,0,0,0,0,0,0,0,0,0,0,0,False
5592,microsoft/azure-maven-plugins,e5a7ce7754b4ee3a95ad09491883e28f8ebf39dd,azure-tools-common/src/test/java/com/microsoft/azure/common/utils/IndentUtilTest.java,0,0,0,0,0.0,0,2,1,0,0,0,0,1,0,0,0,0,0,0,0,1,0,0,0,2,0,0,False
5593,microsoft/azure-maven-plugins,e5a7ce7754b4ee3a95ad09491883e28f8ebf39dd,azure-tools-common/src/test/java/com/microsoft/azure/common/utils/SneakyThrowUtilsTest.java,0,0,0,0,0.0,0,2,0,0,0,0,0,1,0,0,0,0,0,0,0,0,0,0,0,1,0,0,False
5594,microsoft/azure-maven-plugins,e5a7ce7754b4ee3a95ad09491883e28f8ebf39dd,azure-tools-common/src/test/java/com/microsoft/azure/common/utils/TextUtilsTest.java,0,0,0,0,0.0,0,11,5,0,0,0,0,1,0,0,5,0,0,0,0,0,0,0,0,10,0,0,False
5595,microsoft/azure-maven-plugins,e5a7ce7754b4ee3a95ad09491883e28f8ebf39dd,azure-tools-common/src/test/java/com/microsoft/azure/common/utils/JsonUtilsTest.java,0,0,0,0,0.0,0,2,1,0,0,0,0,1,0,0,0,0,0,0,0,1,0,0,0,2,0,0,False
5596,microsoft/azure-maven-plugins,e5a7ce7754b4ee3a95ad09491883e28f8ebf39dd,azure-tools-common/src/test/java/com/microsoft/azure/common/UtilsTest.java,0,0,0,0,0.0,0,2,1,0,0,0,0,2,0,0,0,0,0,0,0,0,0,0,0,2,0,0,False
5597,microsoft/azure-maven-plugins,e5a7ce7754b4ee3a95ad09491883e28f8ebf39dd,azure-tools-common/src/test/java/com/microsoft/azure/common/FTPUploaderTest.java,0,0,0,0,0.0,0,4,0,0,0,0,0,3,0,0,0,0,0,0,0,0,1,0,0,3,0,0,False
5598,microsoft/azure-maven-plugins,e5a7ce7754b4ee3a95ad09491883e28f8ebf39dd,azure-tools-common/src/test/java/com/microsoft/azure/common/function/handlers/artifact/FunctionArtifactHelperTest.java,0,0,0,0,0.0,0,5,0,0,0,0,0,5,0,0,0,0,0,0,0,0,1,0,0,5,0,0,False
5599,microsoft/azure-maven-plugins,e5a7ce7754b4ee3a95ad09491883e28f8ebf39dd,azure-tools-common/src/test/java/com/microsoft/azure/common/function/handlers/artifact/MSDeployArtifactHandlerImplTest.java,0,0,0,0,0.0,0,7,0,0,0,0,0,5,0,3,0,0,0,0,0,0,3,0,2,5,0,0,False
5600,microsoft/azure-maven-plugins,e5a7ce7754b4ee3a95ad09491883e28f8ebf39dd,azure-tools-common/src/test/java/com/microsoft/azure/common/function/handlers/CommandHandlerImplTest.java,0,0,0,0,0.0,0,3,1,0,0,0,0,1,0,0,0,0,0,0,0,0,0,0,0,3,0,0,False
5601,microsoft/azure-maven-plugins,e5a7ce7754b4ee3a95ad09491883e28f8ebf39dd,azure-tools-common/src/test/java/com/microsoft/azure/common/function/handlers/AnnotationHandlerImplTest.java,0,0,0,0,0.0,0,7,2,0,0,0,0,2,0,0,0,0,0,0,0,0,0,0,0,2,0,0,False
5602,microsoft/azure-maven-plugins,e5a7ce7754b4ee3a95ad09491883e28f8ebf39dd,azure-tools-common/src/test/java/com/microsoft/azure/common/function/handlers/FunctionCoreToolsHandlerImplTest.java,0,0,0,0,0.0,0,7,0,0,0,0,0,6,0,0,0,0,0,0,0,0,3,0,2,7,0,0,False
5603,microsoft/azure-maven-plugins,e5a7ce7754b4ee3a95ad09491883e28f8ebf39dd,azure-tools-common/src/test/java/com/microsoft/azure/common/function/utils/CommandUtilsTest.java,0,0,0,0,0.0,0,3,1,0,0,0,0,1,0,0,0,0,0,0,0,0,0,0,0,3,0,0,False
5604,microsoft/azure-maven-plugins,a3ed23889b156643af1569645fd5f15a1b1d5e0f,azure-auth-helper/src/test/java/com/microsoft/azure/auth/configuration/AuthConfigurationTest.java,0,0,0,0,0.0,0,10,1,0,0,0,0,0,0,0,0,0,0,0,0,1,0,0,0,10,0,0,False
5605,microsoft/azure-maven-plugins,a3ed23889b156643af1569645fd5f15a1b1d5e0f,azure-auth-helper/src/test/java/com/microsoft/azure/auth/MavenSettingHelperTest.java,0,0,0,0,0.0,0,5,3,0,0,0,0,4,0,0,0,0,0,0,0,1,0,0,0,4,0,0,False
5606,microsoft/azure-maven-plugins,a3ed23889b156643af1569645fd5f15a1b1d5e0f,azure-auth-helper/src/test/java/com/microsoft/azure/auth/TestHelper.java,0,0,0,0,0.0,0,5,0,0,0,0,0,0,0,0,0,0,0,0,0,0,0,0,0,0,0,0,False
5607,microsoft/azure-maven-plugins,a3ed23889b156643af1569645fd5f15a1b1d5e0f,azure-auth-helper/src/test/java/com/microsoft/azure/auth/exception/InvalidConfigurationExceptionTest.java,0,0,0,0,0.0,0,2,0,0,0,0,0,1,0,0,0,0,0,0,0,0,0,0,0,2,0,0,False
5608,microsoft/azure-maven-plugins,a3ed23889b156643af1569645fd5f15a1b1d5e0f,azure-auth-helper/src/test/java/com/microsoft/azure/auth/exception/MavenDecryptExceptionTest.java,0,0,0,0,0.0,0,3,1,0,0,0,0,1,0,0,0,0,0,0,0,0,0,0,0,3,0,0,False
5609,microsoft/azure-maven-plugins,a3ed23889b156643af1569645fd5f15a1b1d5e0f,azure-auth-helper/src/test/java/com/microsoft/azure/auth/exception/AzureLoginFailureExceptionTest.java,0,0,0,0,0.0,0,2,0,0,0,0,0,1,0,0,0,0,0,0,0,0,0,0,0,2,0,0,False
5610,microsoft/azure-maven-plugins,a3ed23889b156643af1569645fd5f15a1b1d5e0f,azure-auth-helper/src/test/java/com/microsoft/azure/auth/exception/DesktopNotSupportedExceptionTest.java,0,0,0,0,0.0,0,2,0,0,0,0,0,1,0,0,0,0,0,0,0,0,0,0,0,2,0,0,False
5611,microsoft/azure-maven-plugins,a3ed23889b156643af1569645fd5f15a1b1d5e0f,azure-auth-helper/src/test/java/com/microsoft/azure/auth/exception/AzureLoginTimeoutExceptionTest.java,0,0,0,0,0.0,0,2,0,0,0,0,0,1,0,0,0,0,0,0,0,0,0,0,0,2,0,0,False
5612,microsoft/azure-maven-plugins,a3ed23889b156643af1569645fd5f15a1b1d5e0f,azure-auth-helper/src/test/java/com/microsoft/azure/auth/AzureAuthHelperTest.java,0,0,0,0,0.0,0,19,11,0,0,0,0,11,16,7,0,0,2,0,0,3,0,0,7,17,0,0,False
5613,microsoft/azure-maven-plugins,a3ed23889b156643af1569645fd5f15a1b1d5e0f,azure-auth-helper/src/test/java/com/microsoft/azure/auth/AzureServicePrincipleAuthHelperTest.java,0,0,0,0,0.0,0,6,2,0,0,0,0,5,0,4,0,0,0,0,0,1,2,0,4,5,0,0,False
5614,microsoft/azure-maven-plugins,a3ed23889b156643af1569645fd5f15a1b1d5e0f,azure-auth-helper/src/test/java/com/microsoft/azure/auth/AzureCredentialTest.java,0,0,0,0,0.0,0,2,1,0,0,0,0,1,0,0,0,0,0,0,0,0,0,0,0,2,0,0,False
5615,microsoft/azure-maven-plugins,a3ed23889b156643af1569645fd5f15a1b1d5e0f,azure-auth-helper/src/test/java/com/microsoft/azure/auth/AzureLoginHelperTest.java,0,0,0,0,0.0,0,9,6,0,0,0,0,6,0,0,0,0,0,0,0,1,0,0,0,8,0,0,False
5616,microsoft/azure-maven-plugins,a3ed23889b156643af1569645fd5f15a1b1d5e0f,azure-auth-helper/src/test/java/com/microsoft/azure/auth/LocalAuthServerTest.java,0,0,0,0,0.0,0,6,2,0,0,0,0,4,0,0,0,0,0,0,0,0,1,0,0,4,0,0,False
5617,microsoft/azure-maven-plugins,a3ed23889b156643af1569645fd5f15a1b1d5e0f,azure-auth-helper/src/test/java/com/microsoft/azure/auth/AzureContextExecutorTest.java,0,0,0,0,0.0,0,2,1,0,0,0,0,2,0,0,0,0,0,0,0,1,0,0,0,2,0,0,False
5618,microsoft/azure-maven-plugins,a3ed23889b156643af1569645fd5f15a1b1d5e0f,azure-maven-plugin-common/src/test/java/com/microsoft/azure/maven/common/TestHelper.java,0,0,0,0,0.0,0,1,0,0,0,0,0,0,0,0,0,0,0,0,0,0,0,0,0,0,0,0,False
5619,microsoft/azure-maven-plugins,a3ed23889b156643af1569645fd5f15a1b1d5e0f,azure-maven-plugin-common/src/test/java/com/microsoft/azure/maven/common/utils/MavenUtilsTest.java,0,0,0,0,0.0,0,3,2,0,0,0,0,3,0,3,0,0,0,0,0,0,0,0,3,3,0,0,False
5620,microsoft/azure-maven-plugins,a3ed23889b156643af1569645fd5f15a1b1d5e0f,azure-maven-plugin/src/test/java/com/microsoft/azure/plugin/login/TestHelper.java,0,0,0,0,0.0,0,8,0,0,0,0,0,0,0,0,0,0,0,0,0,0,0,0,0,0,0,0,False
5621,microsoft/azure-maven-plugins,a3ed23889b156643af1569645fd5f15a1b1d5e0f,azure-maven-plugin/src/test/java/com/microsoft/azure/plugin/login/LoginMojoTest.java,0,0,0,0,0.0,0,6,0,0,0,0,0,5,0,4,0,0,0,0,0,0,4,0,4,5,0,0,False
5622,microsoft/azure-maven-plugins,a3ed23889b156643af1569645fd5f15a1b1d5e0f,azure-maven-plugin/src/test/java/com/microsoft/azure/plugin/login/LogoutMojoTest.java,0,0,0,0,0.0,0,3,1,0,0,0,0,2,0,1,0,0,0,0,0,1,0,0,1,2,0,0,False
5623,microsoft/azure-maven-plugins,a3ed23889b156643af1569645fd5f15a1b1d5e0f,azure-maven-plugin/src/test/java/com/microsoft/azure/plugin/login/SelectSubscriptionMojoTest.java,0,0,0,0,0.0,0,9,1,0,0,0,0,8,0,5,0,0,0,0,0,0,3,0,5,8,0,0,False
5624,microsoft/azure-maven-plugins,a3ed23889b156643af1569645fd5f15a1b1d5e0f,azure-maven-plugin-lib/src/test/java/com/microsoft/azure/maven/auth/AzureAuthHelperTest.java,0,0,0,0,0.0,0,13,5,0,0,0,0,4,0,0,0,0,0,0,0,3,1,0,0,12,0,0,False
5625,microsoft/azure-maven-plugins,a3ed23889b156643af1569645fd5f15a1b1d5e0f,azure-spring-cloud-maven-plugin/src/test/java/com/microsoft/azure/maven/spring/configuration/DeploymentTest.java,0,0,0,0,0.0,0,7,1,0,0,0,0,0,0,0,0,0,0,0,0,0,0,0,0,7,0,0,False
5626,microsoft/azure-maven-plugins,a3ed23889b156643af1569645fd5f15a1b1d5e0f,azure-spring-cloud-maven-plugin/src/test/java/com/microsoft/azure/maven/spring/configuration/DeploymentSettingsTest.java,0,0,0,0,0.0,0,7,0,0,0,0,0,0,0,0,0,0,0,0,0,0,0,0,0,7,0,0,False
5627,microsoft/azure-maven-plugins,a3ed23889b156643af1569645fd5f15a1b1d5e0f,azure-spring-cloud-maven-plugin/src/test/java/com/microsoft/azure/maven/spring/configuration/VolumeTest.java,0,0,0,0,0.0,0,3,0,0,0,0,0,0,0,0,0,0,0,0,0,0,0,0,0,3,0,0,False
5628,microsoft/azure-maven-plugins,a3ed23889b156643af1569645fd5f15a1b1d5e0f,azure-spring-cloud-maven-plugin/src/test/java/com/microsoft/azure/maven/spring/configuration/AppSettingsTest.java,0,0,0,0,0.0,0,6,0,0,0,0,0,0,0,0,0,0,0,0,0,0,0,0,0,6,0,0,False
5629,microsoft/azure-maven-plugins,a3ed23889b156643af1569645fd5f15a1b1d5e0f,azure-spring-cloud-maven-plugin/src/test/java/com/microsoft/azure/maven/spring/configuration/SpringConfigurationTest.java,0,0,0,0,0.0,0,7,0,0,0,0,0,0,0,0,0,0,0,0,0,0,0,0,0,7,0,0,False
5630,microsoft/azure-maven-plugins,a3ed23889b156643af1569645fd5f15a1b1d5e0f,azure-spring-cloud-maven-plugin/src/test/java/com/microsoft/azure/maven/spring/ConfigMojoTest.java,0,0,0,0,0.0,0,14,8,0,0,0,0,11,11,1,0,0,0,0,0,0,2,0,1,11,0,0,False
5631,microsoft/azure-maven-plugins,a3ed23889b156643af1569645fd5f15a1b1d5e0f,azure-spring-cloud-maven-plugin/src/test/java/com/microsoft/azure/maven/spring/DeployMojoTest.java,0,0,0,0,0.0,0,1,1,0,0,0,0,1,0,0,0,0,0,0,0,0,0,0,0,1,0,0,False
5632,microsoft/azure-maven-plugins,a3ed23889b156643af1569645fd5f15a1b1d5e0f,azure-spring-cloud-maven-plugin/src/test/java/com/microsoft/azure/maven/spring/prompt/PromptWrapperTest.java,0,0,0,0,0.0,0,16,8,1,0,0,0,14,15,0,0,0,2,0,0,7,1,0,1,15,0,0,False
5633,microsoft/azure-maven-plugins,a3ed23889b156643af1569645fd5f15a1b1d5e0f,azure-spring-cloud-maven-plugin/src/test/java/com/microsoft/azure/maven/spring/TestHelper.java,0,0,0,0,0.0,0,10,0,0,0,0,0,0,0,0,0,0,0,0,0,0,0,0,0,0,0,0,False
5634,microsoft/azure-maven-plugins,a3ed23889b156643af1569645fd5f15a1b1d5e0f,azure-spring-cloud-maven-plugin/src/test/java/com/microsoft/azure/maven/spring/utils/XmlUtilsTest.java,0,0,0,0,0.0,0,6,4,0,0,0,0,1,0,0,0,0,0,0,0,0,0,0,0,5,0,0,False
5635,microsoft/azure-maven-plugins,a3ed23889b156643af1569645fd5f15a1b1d5e0f,azure-spring-cloud-maven-plugin/src/test/java/com/microsoft/azure/maven/spring/utils/ResourcesUtilsTest.java,0,0,0,0,0.0,0,2,1,0,0,0,0,1,0,0,0,0,0,0,0,0,0,0,0,2,0,0,False
5636,microsoft/azure-maven-plugins,a3ed23889b156643af1569645fd5f15a1b1d5e0f,azure-spring-cloud-maven-plugin/src/test/java/com/microsoft/azure/maven/spring/utils/TemplateUtilsTest.java,0,0,0,0,0.0,0,8,2,0,0,0,0,1,0,0,0,0,0,0,0,1,0,0,0,8,0,0,False
5637,microsoft/azure-maven-plugins,a3ed23889b156643af1569645fd5f15a1b1d5e0f,azure-spring-cloud-maven-plugin/src/test/java/com/microsoft/azure/maven/spring/exception/NoResourcesAvailableExceptionTest.java,0,0,0,0,0.0,0,2,0,0,0,0,0,1,0,0,0,0,0,0,0,0,0,0,0,2,0,0,False
5638,microsoft/azure-maven-plugins,a3ed23889b156643af1569645fd5f15a1b1d5e0f,azure-spring-cloud-maven-plugin/src/test/java/com/microsoft/azure/maven/spring/exception/SpringConfigurationExceptionTest.java,0,0,0,0,0.0,0,3,1,0,0,0,0,1,0,0,0,0,0,0,0,0,0,0,0,3,0,0,False
5639,microsoft/azure-maven-plugins,a3ed23889b156643af1569645fd5f15a1b1d5e0f,azure-spring-cloud-maven-plugin/src/test/java/com/microsoft/azure/maven/spring/spring/SpringServiceClientTest.java,0,0,0,0,0.0,0,3,1,0,0,0,0,1,0,0,0,0,0,0,0,0,0,0,0,2,0,0,False
5640,microsoft/azure-maven-plugins,a3ed23889b156643af1569645fd5f15a1b1d5e0f,azure-spring-cloud-maven-plugin/src/test/java/com/microsoft/azure/maven/spring/pom/PomXmlUpdaterTest.java,0,0,0,0,0.0,0,2,2,0,0,0,0,2,0,2,0,0,0,0,0,0,0,0,2,2,0,0,False
5641,microsoft/azure-maven-plugins,a3ed23889b156643af1569645fd5f15a1b1d5e0f,azure-tools-common/src/test/java/com/microsoft/azure/common/validation/SchemaValidatorTest.java,0,0,0,0,0.0,0,6,1,0,0,0,0,5,1,0,1,0,0,0,0,2,0,0,0,5,0,0,False
5642,microsoft/azure-maven-plugins,a3ed23889b156643af1569645fd5f15a1b1d5e0f,azure-tools-common/src/test/java/com/microsoft/azure/common/ConfigurationProblemTest.java,0,0,0,0,0.0,0,1,1,0,0,0,0,0,0,0,0,0,1,0,0,0,0,0,0,1,0,0,False
5643,microsoft/azure-maven-plugins,a3ed23889b156643af1569645fd5f15a1b1d5e0f,azure-tools-common/src/test/java/com/microsoft/azure/common/prompt/DefaultPrompterTest.java,0,0,0,0,0.0,0,13,8,4,0,0,0,12,0,0,0,0,0,0,0,4,1,0,0,12,0,0,False
5644,microsoft/azure-maven-plugins,a3ed23889b156643af1569645fd5f15a1b1d5e0f,azure-tools-common/src/test/java/com/microsoft/azure/common/prompt/InputValidateResultTest.java,0,0,0,0,0.0,0,2,2,0,0,0,0,0,0,0,0,0,0,0,0,0,0,0,0,2,0,0,False
5645,microsoft/azure-maven-plugins,a3ed23889b156643af1569645fd5f15a1b1d5e0f,azure-tools-common/src/test/java/com/microsoft/azure/common/handlers/artifact/ZIPArtifactHandlerImplTest.java,0,0,0,0,0.0,0,7,0,0,0,0,0,3,0,3,0,0,0,0,0,0,1,0,3,5,0,0,False
5646,microsoft/azure-maven-plugins,a3ed23889b156643af1569645fd5f15a1b1d5e0f,azure-tools-common/src/test/java/com/microsoft/azure/common/handlers/artifact/FTPArtifactHandlerImplTest.java,0,0,0,0,0.0,0,6,0,0,0,0,0,4,0,0,0,0,0,0,0,0,4,0,0,4,0,0,False
5647,microsoft/azure-maven-plugins,a3ed23889b156643af1569645fd5f15a1b1d5e0f,azure-tools-common/src/test/java/com/microsoft/azure/common/handlers/artifact/ArtifactHandlerBaseTest.java,0,0,0,0,0.0,0,4,0,0,0,0,0,3,0,0,0,0,0,0,0,0,0,0,0,3,0,0,False
5648,microsoft/azure-maven-plugins,a3ed23889b156643af1569645fd5f15a1b1d5e0f,azure-tools-common/src/test/java/com/microsoft/azure/common/TestHelper.java,0,0,0,0,0.0,0,1,0,0,0,0,0,0,0,0,0,0,0,0,0,0,0,0,0,0,0,0,False
5649,microsoft/azure-maven-plugins,a3ed23889b156643af1569645fd5f15a1b1d5e0f,azure-tools-common/src/test/java/com/microsoft/azure/common/utils/IndentUtilTest.java,0,0,0,0,0.0,0,2,1,0,0,0,0,1,0,0,0,0,0,0,0,1,0,0,0,2,0,0,False
5650,microsoft/azure-maven-plugins,a3ed23889b156643af1569645fd5f15a1b1d5e0f,azure-tools-common/src/test/java/com/microsoft/azure/common/utils/SneakyThrowUtilsTest.java,0,0,0,0,0.0,0,2,0,0,0,0,0,1,0,0,0,0,0,0,0,0,0,0,0,1,0,0,False
5651,microsoft/azure-maven-plugins,a3ed23889b156643af1569645fd5f15a1b1d5e0f,azure-tools-common/src/test/java/com/microsoft/azure/common/utils/TextUtilsTest.java,0,0,0,0,0.0,0,11,5,0,0,0,0,1,0,0,5,0,0,0,0,0,0,0,0,10,0,0,False
5652,microsoft/azure-maven-plugins,a3ed23889b156643af1569645fd5f15a1b1d5e0f,azure-tools-common/src/test/java/com/microsoft/azure/common/utils/JsonUtilsTest.java,0,0,0,0,0.0,0,2,1,0,0,0,0,1,0,0,0,0,0,0,0,1,0,0,0,2,0,0,False
5653,microsoft/azure-maven-plugins,a3ed23889b156643af1569645fd5f15a1b1d5e0f,azure-tools-common/src/test/java/com/microsoft/azure/common/UtilsTest.java,0,0,0,0,0.0,0,2,1,0,0,0,0,2,0,0,0,0,0,0,0,0,0,0,0,2,0,0,False
5654,microsoft/azure-maven-plugins,a3ed23889b156643af1569645fd5f15a1b1d5e0f,azure-tools-common/src/test/java/com/microsoft/azure/common/FTPUploaderTest.java,0,0,0,0,0.0,0,4,0,0,0,0,0,3,0,0,0,0,0,0,0,0,1,0,0,3,0,0,False
5655,microsoft/azure-maven-plugins,a3ed23889b156643af1569645fd5f15a1b1d5e0f,azure-tools-common/src/test/java/com/microsoft/azure/common/function/handlers/artifact/FunctionArtifactHelperTest.java,0,0,0,0,0.0,0,5,0,0,0,0,0,5,0,0,0,0,0,0,0,0,1,0,0,5,0,0,False
5656,microsoft/azure-maven-plugins,a3ed23889b156643af1569645fd5f15a1b1d5e0f,azure-tools-common/src/test/java/com/microsoft/azure/common/function/handlers/artifact/MSDeployArtifactHandlerImplTest.java,0,0,0,0,0.0,0,7,0,0,0,0,0,5,0,3,0,0,0,0,0,0,3,0,2,5,0,0,False
5657,microsoft/azure-maven-plugins,a3ed23889b156643af1569645fd5f15a1b1d5e0f,azure-tools-common/src/test/java/com/microsoft/azure/common/function/handlers/CommandHandlerImplTest.java,0,0,0,0,0.0,0,3,1,0,0,0,0,1,0,0,0,0,0,0,0,0,0,0,0,3,0,0,False
5658,microsoft/azure-maven-plugins,a3ed23889b156643af1569645fd5f15a1b1d5e0f,azure-tools-common/src/test/java/com/microsoft/azure/common/function/handlers/AnnotationHandlerImplTest.java,0,0,0,0,0.0,0,7,2,0,0,0,0,2,0,0,0,0,0,0,0,0,0,0,0,2,0,0,False
5659,microsoft/azure-maven-plugins,a3ed23889b156643af1569645fd5f15a1b1d5e0f,azure-tools-common/src/test/java/com/microsoft/azure/common/function/handlers/FunctionCoreToolsHandlerImplTest.java,0,0,0,0,0.0,0,7,0,0,0,0,0,6,0,0,0,0,0,0,0,0,3,0,2,7,0,0,False
5660,microsoft/azure-maven-plugins,a3ed23889b156643af1569645fd5f15a1b1d5e0f,azure-tools-common/src/test/java/com/microsoft/azure/common/function/utils/CommandUtilsTest.java,0,0,0,0,0.0,0,3,1,0,0,0,0,1,0,0,0,0,0,0,0,0,0,0,0,3,0,0,False
5661,microsoft/azure-maven-plugins,d290db9499f4c9fa452185bdd7f872bf1e2f8b88,azure-auth-helper/src/test/java/com/microsoft/azure/auth/configuration/AuthConfigurationTest.java,0,0,0,0,0.0,0,10,1,0,0,0,0,0,0,0,0,0,0,0,0,1,0,0,0,10,0,0,False
5662,microsoft/azure-maven-plugins,d290db9499f4c9fa452185bdd7f872bf1e2f8b88,azure-auth-helper/src/test/java/com/microsoft/azure/auth/MavenSettingHelperTest.java,0,0,0,0,0.0,0,5,3,0,0,0,0,4,0,0,0,0,0,0,0,1,0,0,0,4,0,0,False
5663,microsoft/azure-maven-plugins,d290db9499f4c9fa452185bdd7f872bf1e2f8b88,azure-auth-helper/src/test/java/com/microsoft/azure/auth/TestHelper.java,0,0,0,0,0.0,0,5,0,0,0,0,0,0,0,0,0,0,0,0,0,0,0,0,0,0,0,0,False
5664,microsoft/azure-maven-plugins,d290db9499f4c9fa452185bdd7f872bf1e2f8b88,azure-auth-helper/src/test/java/com/microsoft/azure/auth/exception/InvalidConfigurationExceptionTest.java,0,0,0,0,0.0,0,2,0,0,0,0,0,1,0,0,0,0,0,0,0,0,0,0,0,2,0,0,False
5665,microsoft/azure-maven-plugins,d290db9499f4c9fa452185bdd7f872bf1e2f8b88,azure-auth-helper/src/test/java/com/microsoft/azure/auth/exception/MavenDecryptExceptionTest.java,0,0,0,0,0.0,0,3,1,0,0,0,0,1,0,0,0,0,0,0,0,0,0,0,0,3,0,0,False
5666,microsoft/azure-maven-plugins,d290db9499f4c9fa452185bdd7f872bf1e2f8b88,azure-auth-helper/src/test/java/com/microsoft/azure/auth/exception/AzureLoginFailureExceptionTest.java,0,0,0,0,0.0,0,2,0,0,0,0,0,1,0,0,0,0,0,0,0,0,0,0,0,2,0,0,False
5667,microsoft/azure-maven-plugins,d290db9499f4c9fa452185bdd7f872bf1e2f8b88,azure-auth-helper/src/test/java/com/microsoft/azure/auth/exception/DesktopNotSupportedExceptionTest.java,0,0,0,0,0.0,0,2,0,0,0,0,0,1,0,0,0,0,0,0,0,0,0,0,0,2,0,0,False
5668,microsoft/azure-maven-plugins,d290db9499f4c9fa452185bdd7f872bf1e2f8b88,azure-auth-helper/src/test/java/com/microsoft/azure/auth/exception/AzureLoginTimeoutExceptionTest.java,0,0,0,0,0.0,0,2,0,0,0,0,0,1,0,0,0,0,0,0,0,0,0,0,0,2,0,0,False
5669,microsoft/azure-maven-plugins,d290db9499f4c9fa452185bdd7f872bf1e2f8b88,azure-auth-helper/src/test/java/com/microsoft/azure/auth/AzureAuthHelperTest.java,0,0,0,0,0.0,0,19,11,0,0,0,0,11,16,7,0,0,2,0,0,3,0,0,7,17,0,0,False
5670,microsoft/azure-maven-plugins,d290db9499f4c9fa452185bdd7f872bf1e2f8b88,azure-auth-helper/src/test/java/com/microsoft/azure/auth/AzureServicePrincipleAuthHelperTest.java,0,0,0,0,0.0,0,6,2,0,0,0,0,5,0,4,0,0,0,0,0,1,2,0,4,5,0,0,False
5671,microsoft/azure-maven-plugins,d290db9499f4c9fa452185bdd7f872bf1e2f8b88,azure-auth-helper/src/test/java/com/microsoft/azure/auth/AzureCredentialTest.java,0,0,0,0,0.0,0,2,1,0,0,0,0,1,0,0,0,0,0,0,0,0,0,0,0,2,0,0,False
5672,microsoft/azure-maven-plugins,d290db9499f4c9fa452185bdd7f872bf1e2f8b88,azure-auth-helper/src/test/java/com/microsoft/azure/auth/AzureLoginHelperTest.java,0,0,0,0,0.0,0,9,6,0,0,0,0,6,0,0,0,0,0,0,0,1,0,0,0,8,0,0,False
5673,microsoft/azure-maven-plugins,d290db9499f4c9fa452185bdd7f872bf1e2f8b88,azure-auth-helper/src/test/java/com/microsoft/azure/auth/LocalAuthServerTest.java,0,0,0,0,0.0,0,6,2,0,0,0,0,4,0,0,0,0,0,0,0,0,1,0,0,4,0,0,False
5674,microsoft/azure-maven-plugins,d290db9499f4c9fa452185bdd7f872bf1e2f8b88,azure-auth-helper/src/test/java/com/microsoft/azure/auth/AzureContextExecutorTest.java,0,0,0,0,0.0,0,2,1,0,0,0,0,2,0,0,0,0,0,0,0,1,0,0,0,2,0,0,False
5675,microsoft/azure-maven-plugins,d290db9499f4c9fa452185bdd7f872bf1e2f8b88,azure-maven-plugin-common/src/test/java/com/microsoft/azure/maven/common/validation/SchemaValidatorTest.java,0,0,0,0,0.0,0,6,1,0,0,0,0,5,1,0,1,0,0,0,0,2,0,0,0,5,0,0,False
5676,microsoft/azure-maven-plugins,d290db9499f4c9fa452185bdd7f872bf1e2f8b88,azure-maven-plugin-common/src/test/java/com/microsoft/azure/maven/common/ConfigurationProblemTest.java,0,0,0,0,0.0,0,1,1,0,0,0,0,0,0,0,0,0,1,0,0,0,0,0,0,1,0,0,False
5677,microsoft/azure-maven-plugins,d290db9499f4c9fa452185bdd7f872bf1e2f8b88,azure-maven-plugin-common/src/test/java/com/microsoft/azure/maven/common/prompt/DefaultPrompterTest.java,0,0,0,0,0.0,0,13,8,4,0,0,0,12,0,0,0,0,0,0,0,4,1,0,0,12,0,0,False
5678,microsoft/azure-maven-plugins,d290db9499f4c9fa452185bdd7f872bf1e2f8b88,azure-maven-plugin-common/src/test/java/com/microsoft/azure/maven/common/prompt/InputValidateResultTest.java,0,0,0,0,0.0,0,2,2,0,0,0,0,0,0,0,0,0,0,0,0,0,0,0,0,2,0,0,False
5679,microsoft/azure-maven-plugins,d290db9499f4c9fa452185bdd7f872bf1e2f8b88,azure-maven-plugin-common/src/test/java/com/microsoft/azure/maven/common/TestHelper.java,0,0,0,0,0.0,0,2,0,0,0,0,0,0,0,0,0,0,0,0,0,0,0,0,0,0,0,0,False
5680,microsoft/azure-maven-plugins,d290db9499f4c9fa452185bdd7f872bf1e2f8b88,azure-maven-plugin-common/src/test/java/com/microsoft/azure/maven/common/utils/MavenUtilsTest.java,0,0,0,0,0.0,0,3,2,0,0,0,0,3,0,3,0,0,0,0,0,0,0,0,3,3,0,0,False
5681,microsoft/azure-maven-plugins,d290db9499f4c9fa452185bdd7f872bf1e2f8b88,azure-maven-plugin-common/src/test/java/com/microsoft/azure/maven/common/utils/IndentUtilTest.java,0,0,0,0,0.0,0,2,1,0,0,0,0,1,0,0,0,0,0,0,0,1,0,0,0,2,0,0,False
5682,microsoft/azure-maven-plugins,d290db9499f4c9fa452185bdd7f872bf1e2f8b88,azure-maven-plugin-common/src/test/java/com/microsoft/azure/maven/common/utils/SneakyThrowUtilsTest.java,0,0,0,0,0.0,0,2,0,0,0,0,0,1,0,0,0,0,0,0,0,0,0,0,0,1,0,0,False
5683,microsoft/azure-maven-plugins,d290db9499f4c9fa452185bdd7f872bf1e2f8b88,azure-maven-plugin-common/src/test/java/com/microsoft/azure/maven/common/utils/TextUtilsTest.java,0,0,0,0,0.0,0,11,5,0,0,0,0,1,0,0,5,0,0,0,0,0,0,0,0,10,0,0,False
5684,microsoft/azure-maven-plugins,d290db9499f4c9fa452185bdd7f872bf1e2f8b88,azure-maven-plugin-common/src/test/java/com/microsoft/azure/maven/common/utils/JsonUtilsTest.java,0,0,0,0,0.0,0,2,1,0,0,0,0,1,0,0,0,0,0,0,0,1,0,0,0,2,0,0,False
5685,microsoft/azure-maven-plugins,d290db9499f4c9fa452185bdd7f872bf1e2f8b88,azure-maven-plugin/src/test/java/com/microsoft/azure/plugin/login/TestHelper.java,0,0,0,0,0.0,0,8,0,0,0,0,0,0,0,0,0,0,0,0,0,0,0,0,0,0,0,0,False
5686,microsoft/azure-maven-plugins,d290db9499f4c9fa452185bdd7f872bf1e2f8b88,azure-maven-plugin/src/test/java/com/microsoft/azure/plugin/login/LoginMojoTest.java,0,0,0,0,0.0,0,6,0,0,0,0,0,5,0,4,0,0,0,0,0,0,4,0,4,5,0,0,False
5687,microsoft/azure-maven-plugins,d290db9499f4c9fa452185bdd7f872bf1e2f8b88,azure-maven-plugin/src/test/java/com/microsoft/azure/plugin/login/LogoutMojoTest.java,0,0,0,0,0.0,0,3,1,0,0,0,0,2,0,1,0,0,0,0,0,1,0,0,1,2,0,0,False
5688,microsoft/azure-maven-plugins,d290db9499f4c9fa452185bdd7f872bf1e2f8b88,azure-maven-plugin/src/test/java/com/microsoft/azure/plugin/login/SelectSubscriptionMojoTest.java,0,0,0,0,0.0,0,9,1,0,0,0,0,8,0,5,0,0,0,0,0,0,3,0,5,8,0,0,False
5689,microsoft/azure-maven-plugins,d290db9499f4c9fa452185bdd7f872bf1e2f8b88,azure-maven-plugin-lib/src/test/java/com/microsoft/azure/maven/auth/AzureAuthHelperTest.java,0,0,0,0,0.0,0,13,5,0,0,0,0,4,0,0,0,0,0,0,0,3,1,0,0,12,0,0,False
5690,microsoft/azure-maven-plugins,d290db9499f4c9fa452185bdd7f872bf1e2f8b88,azure-spring-cloud-maven-plugin/src/test/java/com/microsoft/azure/maven/spring/configuration/DeploymentTest.java,0,0,0,0,0.0,0,7,1,0,0,0,0,0,0,0,0,0,0,0,0,0,0,0,0,7,0,0,False
5691,microsoft/azure-maven-plugins,d290db9499f4c9fa452185bdd7f872bf1e2f8b88,azure-spring-cloud-maven-plugin/src/test/java/com/microsoft/azure/maven/spring/configuration/DeploymentSettingsTest.java,0,0,0,0,0.0,0,7,0,0,0,0,0,0,0,0,0,0,0,0,0,0,0,0,0,7,0,0,False
5692,microsoft/azure-maven-plugins,d290db9499f4c9fa452185bdd7f872bf1e2f8b88,azure-spring-cloud-maven-plugin/src/test/java/com/microsoft/azure/maven/spring/configuration/VolumeTest.java,0,0,0,0,0.0,0,3,0,0,0,0,0,0,0,0,0,0,0,0,0,0,0,0,0,3,0,0,False
5693,microsoft/azure-maven-plugins,d290db9499f4c9fa452185bdd7f872bf1e2f8b88,azure-spring-cloud-maven-plugin/src/test/java/com/microsoft/azure/maven/spring/configuration/AppSettingsTest.java,0,0,0,0,0.0,0,6,0,0,0,0,0,0,0,0,0,0,0,0,0,0,0,0,0,6,0,0,False
5694,microsoft/azure-maven-plugins,d290db9499f4c9fa452185bdd7f872bf1e2f8b88,azure-spring-cloud-maven-plugin/src/test/java/com/microsoft/azure/maven/spring/configuration/SpringConfigurationTest.java,0,0,0,0,0.0,0,7,0,0,0,0,0,0,0,0,0,0,0,0,0,0,0,0,0,7,0,0,False
5695,microsoft/azure-maven-plugins,d290db9499f4c9fa452185bdd7f872bf1e2f8b88,azure-spring-cloud-maven-plugin/src/test/java/com/microsoft/azure/maven/spring/ConfigMojoTest.java,0,0,0,0,0.0,0,14,8,0,0,0,0,11,11,1,0,0,0,0,0,0,2,0,1,11,0,0,False
5696,microsoft/azure-maven-plugins,d290db9499f4c9fa452185bdd7f872bf1e2f8b88,azure-spring-cloud-maven-plugin/src/test/java/com/microsoft/azure/maven/spring/DeployMojoTest.java,0,0,0,0,0.0,0,1,1,0,0,0,0,1,0,0,0,0,0,0,0,0,0,0,0,1,0,0,False
5697,microsoft/azure-maven-plugins,d290db9499f4c9fa452185bdd7f872bf1e2f8b88,azure-spring-cloud-maven-plugin/src/test/java/com/microsoft/azure/maven/spring/prompt/PromptWrapperTest.java,0,0,0,0,0.0,0,16,8,1,0,0,0,14,15,0,0,0,2,0,0,7,1,0,1,15,0,0,False
5698,microsoft/azure-maven-plugins,d290db9499f4c9fa452185bdd7f872bf1e2f8b88,azure-spring-cloud-maven-plugin/src/test/java/com/microsoft/azure/maven/spring/TestHelper.java,0,0,0,0,0.0,0,10,0,0,0,0,0,0,0,0,0,0,0,0,0,0,0,0,0,0,0,0,False
5699,microsoft/azure-maven-plugins,d290db9499f4c9fa452185bdd7f872bf1e2f8b88,azure-spring-cloud-maven-plugin/src/test/java/com/microsoft/azure/maven/spring/utils/XmlUtilsTest.java,0,0,0,0,0.0,0,6,4,0,0,0,0,1,0,0,0,0,0,0,0,0,0,0,0,5,0,0,False
5700,microsoft/azure-maven-plugins,d290db9499f4c9fa452185bdd7f872bf1e2f8b88,azure-spring-cloud-maven-plugin/src/test/java/com/microsoft/azure/maven/spring/utils/ResourcesUtilsTest.java,0,0,0,0,0.0,0,2,1,0,0,0,0,1,0,0,0,0,0,0,0,0,0,0,0,2,0,0,False
5701,microsoft/azure-maven-plugins,d290db9499f4c9fa452185bdd7f872bf1e2f8b88,azure-spring-cloud-maven-plugin/src/test/java/com/microsoft/azure/maven/spring/utils/TemplateUtilsTest.java,0,0,0,0,0.0,0,8,2,0,0,0,0,1,0,0,0,0,0,0,0,1,0,0,0,8,0,0,False
5702,microsoft/azure-maven-plugins,d290db9499f4c9fa452185bdd7f872bf1e2f8b88,azure-spring-cloud-maven-plugin/src/test/java/com/microsoft/azure/maven/spring/exception/NoResourcesAvailableExceptionTest.java,0,0,0,0,0.0,0,2,0,0,0,0,0,1,0,0,0,0,0,0,0,0,0,0,0,2,0,0,False
5703,microsoft/azure-maven-plugins,d290db9499f4c9fa452185bdd7f872bf1e2f8b88,azure-spring-cloud-maven-plugin/src/test/java/com/microsoft/azure/maven/spring/exception/SpringConfigurationExceptionTest.java,0,0,0,0,0.0,0,3,1,0,0,0,0,1,0,0,0,0,0,0,0,0,0,0,0,3,0,0,False
5704,microsoft/azure-maven-plugins,d290db9499f4c9fa452185bdd7f872bf1e2f8b88,azure-spring-cloud-maven-plugin/src/test/java/com/microsoft/azure/maven/spring/spring/SpringServiceClientTest.java,0,0,0,0,0.0,0,3,1,0,0,0,0,1,0,0,0,0,0,0,0,0,0,0,0,2,0,0,False
5705,microsoft/azure-maven-plugins,d290db9499f4c9fa452185bdd7f872bf1e2f8b88,azure-spring-cloud-maven-plugin/src/test/java/com/microsoft/azure/maven/spring/pom/PomXmlUpdaterTest.java,0,0,0,0,0.0,0,2,2,0,0,0,0,2,0,2,0,0,0,0,0,0,0,0,2,2,0,0,False
5706,microsoft/azure-maven-plugins,d290db9499f4c9fa452185bdd7f872bf1e2f8b88,azure-tools-common/src/test/java/com/microsoft/azure/common/handlers/artifact/ZIPArtifactHandlerImplTest.java,0,0,0,0,0.0,0,7,0,0,0,0,0,3,0,3,0,0,0,0,0,0,1,0,3,5,0,0,False
5707,microsoft/azure-maven-plugins,d290db9499f4c9fa452185bdd7f872bf1e2f8b88,azure-tools-common/src/test/java/com/microsoft/azure/common/handlers/artifact/FTPArtifactHandlerImplTest.java,0,0,0,0,0.0,0,6,0,0,0,0,0,4,0,0,0,0,0,0,0,0,4,0,0,4,0,0,False
5708,microsoft/azure-maven-plugins,d290db9499f4c9fa452185bdd7f872bf1e2f8b88,azure-tools-common/src/test/java/com/microsoft/azure/common/handlers/artifact/ArtifactHandlerBaseTest.java,0,0,0,0,0.0,0,4,0,0,0,0,0,3,0,0,0,0,0,0,0,0,0,0,0,3,0,0,False
5709,microsoft/azure-maven-plugins,d290db9499f4c9fa452185bdd7f872bf1e2f8b88,azure-tools-common/src/test/java/com/microsoft/azure/common/UtilsTest.java,0,0,0,0,0.0,0,2,1,0,0,0,0,2,0,0,0,0,0,0,0,0,0,0,0,2,0,0,False
5710,microsoft/azure-maven-plugins,d290db9499f4c9fa452185bdd7f872bf1e2f8b88,azure-tools-common/src/test/java/com/microsoft/azure/common/FTPUploaderTest.java,0,0,0,0,0.0,0,4,0,0,0,0,0,3,0,0,0,0,0,0,0,0,1,0,0,3,0,0,False
5711,microsoft/azure-maven-plugins,d290db9499f4c9fa452185bdd7f872bf1e2f8b88,azure-tools-common/src/test/java/com/microsoft/azure/common/function/handlers/artifact/FunctionArtifactHelperTest.java,0,0,0,0,0.0,0,5,0,0,0,0,0,5,0,0,0,0,0,0,0,0,1,0,0,5,0,0,False
5712,microsoft/azure-maven-plugins,d290db9499f4c9fa452185bdd7f872bf1e2f8b88,azure-tools-common/src/test/java/com/microsoft/azure/common/function/handlers/artifact/MSDeployArtifactHandlerImplTest.java,0,0,0,0,0.0,0,7,0,0,0,0,0,5,0,3,0,0,0,0,0,0,3,0,2,5,0,0,False
5713,microsoft/azure-maven-plugins,d290db9499f4c9fa452185bdd7f872bf1e2f8b88,azure-tools-common/src/test/java/com/microsoft/azure/common/function/handlers/CommandHandlerImplTest.java,0,0,0,0,0.0,0,3,1,0,0,0,0,1,0,0,0,0,0,0,0,0,0,0,0,3,0,0,False
5714,microsoft/azure-maven-plugins,d290db9499f4c9fa452185bdd7f872bf1e2f8b88,azure-tools-common/src/test/java/com/microsoft/azure/common/function/handlers/AnnotationHandlerImplTest.java,0,0,0,0,0.0,0,7,2,0,0,0,0,2,0,0,0,0,0,0,0,0,0,0,0,2,0,0,False
5715,microsoft/azure-maven-plugins,d290db9499f4c9fa452185bdd7f872bf1e2f8b88,azure-tools-common/src/test/java/com/microsoft/azure/common/function/handlers/FunctionCoreToolsHandlerImplTest.java,0,0,0,0,0.0,0,7,0,0,0,0,0,6,0,0,0,0,0,0,0,0,3,0,2,7,0,0,False
5716,microsoft/azure-maven-plugins,d290db9499f4c9fa452185bdd7f872bf1e2f8b88,azure-tools-common/src/test/java/com/microsoft/azure/common/function/utils/CommandUtilsTest.java,0,0,0,0,0.0,0,3,1,0,0,0,0,1,0,0,0,0,0,0,0,0,0,0,0,3,0,0,False
5717,microsoft/azure-maven-plugins,a29188733fe137cf4356f55d74387b0eff6580c4,azure-auth-helper/src/test/java/com/microsoft/azure/auth/configuration/AuthConfigurationTest.java,0,0,0,0,0.0,0,10,1,0,0,0,0,0,0,0,0,0,0,0,0,1,0,0,0,10,0,0,False
5718,microsoft/azure-maven-plugins,a29188733fe137cf4356f55d74387b0eff6580c4,azure-auth-helper/src/test/java/com/microsoft/azure/auth/MavenSettingHelperTest.java,0,0,0,0,0.0,0,5,3,0,0,0,0,4,0,0,0,0,0,0,0,1,0,0,0,4,0,0,False
5719,microsoft/azure-maven-plugins,a29188733fe137cf4356f55d74387b0eff6580c4,azure-auth-helper/src/test/java/com/microsoft/azure/auth/TestHelper.java,0,0,0,0,0.0,0,5,0,0,0,0,0,0,0,0,0,0,0,0,0,0,0,0,0,0,0,0,False
5720,microsoft/azure-maven-plugins,a29188733fe137cf4356f55d74387b0eff6580c4,azure-auth-helper/src/test/java/com/microsoft/azure/auth/exception/InvalidConfigurationExceptionTest.java,0,0,0,0,0.0,0,2,0,0,0,0,0,1,0,0,0,0,0,0,0,0,0,0,0,2,0,0,False
5721,microsoft/azure-maven-plugins,a29188733fe137cf4356f55d74387b0eff6580c4,azure-auth-helper/src/test/java/com/microsoft/azure/auth/exception/MavenDecryptExceptionTest.java,0,0,0,0,0.0,0,3,1,0,0,0,0,1,0,0,0,0,0,0,0,0,0,0,0,3,0,0,False
5722,microsoft/azure-maven-plugins,a29188733fe137cf4356f55d74387b0eff6580c4,azure-auth-helper/src/test/java/com/microsoft/azure/auth/exception/AzureLoginFailureExceptionTest.java,0,0,0,0,0.0,0,2,0,0,0,0,0,1,0,0,0,0,0,0,0,0,0,0,0,2,0,0,False
5723,microsoft/azure-maven-plugins,a29188733fe137cf4356f55d74387b0eff6580c4,azure-auth-helper/src/test/java/com/microsoft/azure/auth/exception/DesktopNotSupportedExceptionTest.java,0,0,0,0,0.0,0,2,0,0,0,0,0,1,0,0,0,0,0,0,0,0,0,0,0,2,0,0,False
5724,microsoft/azure-maven-plugins,a29188733fe137cf4356f55d74387b0eff6580c4,azure-auth-helper/src/test/java/com/microsoft/azure/auth/exception/AzureLoginTimeoutExceptionTest.java,0,0,0,0,0.0,0,2,0,0,0,0,0,1,0,0,0,0,0,0,0,0,0,0,0,2,0,0,False
5725,microsoft/azure-maven-plugins,a29188733fe137cf4356f55d74387b0eff6580c4,azure-auth-helper/src/test/java/com/microsoft/azure/auth/AzureAuthHelperTest.java,0,0,0,0,0.0,0,19,11,0,0,0,0,11,16,7,0,0,2,0,0,3,0,0,7,17,0,0,False
5726,microsoft/azure-maven-plugins,a29188733fe137cf4356f55d74387b0eff6580c4,azure-auth-helper/src/test/java/com/microsoft/azure/auth/AzureServicePrincipleAuthHelperTest.java,0,0,0,0,0.0,0,6,2,0,0,0,0,5,0,4,0,0,0,0,0,1,2,0,4,5,0,0,False
5727,microsoft/azure-maven-plugins,a29188733fe137cf4356f55d74387b0eff6580c4,azure-auth-helper/src/test/java/com/microsoft/azure/auth/AzureCredentialTest.java,0,0,0,0,0.0,0,2,1,0,0,0,0,1,0,0,0,0,0,0,0,0,0,0,0,2,0,0,False
5728,microsoft/azure-maven-plugins,a29188733fe137cf4356f55d74387b0eff6580c4,azure-auth-helper/src/test/java/com/microsoft/azure/auth/AzureLoginHelperTest.java,0,0,0,0,0.0,0,9,6,0,0,0,0,6,0,0,0,0,0,0,0,1,0,0,0,8,0,0,False
5729,microsoft/azure-maven-plugins,a29188733fe137cf4356f55d74387b0eff6580c4,azure-auth-helper/src/test/java/com/microsoft/azure/auth/LocalAuthServerTest.java,0,0,0,0,0.0,0,6,2,0,0,0,0,4,0,0,0,0,0,0,0,0,1,0,0,4,0,0,False
5730,microsoft/azure-maven-plugins,a29188733fe137cf4356f55d74387b0eff6580c4,azure-auth-helper/src/test/java/com/microsoft/azure/auth/AzureContextExecutorTest.java,0,0,0,0,0.0,0,2,1,0,0,0,0,2,0,0,0,0,0,0,0,1,0,0,0,2,0,0,False
5731,microsoft/azure-maven-plugins,a29188733fe137cf4356f55d74387b0eff6580c4,azure-maven-plugin-common/src/test/java/com/microsoft/azure/maven/common/validation/SchemaValidatorTest.java,0,0,0,0,0.0,0,6,1,0,0,0,0,5,1,0,1,0,0,0,0,2,0,0,0,5,0,0,False
5732,microsoft/azure-maven-plugins,a29188733fe137cf4356f55d74387b0eff6580c4,azure-maven-plugin-common/src/test/java/com/microsoft/azure/maven/common/ConfigurationProblemTest.java,0,0,0,0,0.0,0,1,1,0,0,0,0,0,0,0,0,0,1,0,0,0,0,0,0,1,0,0,False
5733,microsoft/azure-maven-plugins,a29188733fe137cf4356f55d74387b0eff6580c4,azure-maven-plugin-common/src/test/java/com/microsoft/azure/maven/common/prompt/DefaultPrompterTest.java,0,0,0,0,0.0,0,13,8,4,0,0,0,12,0,0,0,0,0,0,0,4,1,0,0,12,0,0,False
5734,microsoft/azure-maven-plugins,a29188733fe137cf4356f55d74387b0eff6580c4,azure-maven-plugin-common/src/test/java/com/microsoft/azure/maven/common/prompt/InputValidateResultTest.java,0,0,0,0,0.0,0,2,2,0,0,0,0,0,0,0,0,0,0,0,0,0,0,0,0,2,0,0,False
5735,microsoft/azure-maven-plugins,a29188733fe137cf4356f55d74387b0eff6580c4,azure-maven-plugin-common/src/test/java/com/microsoft/azure/maven/common/TestHelper.java,0,0,0,0,0.0,0,2,0,0,0,0,0,0,0,0,0,0,0,0,0,0,0,0,0,0,0,0,False
5736,microsoft/azure-maven-plugins,a29188733fe137cf4356f55d74387b0eff6580c4,azure-maven-plugin-common/src/test/java/com/microsoft/azure/maven/common/utils/MavenUtilsTest.java,0,0,0,0,0.0,0,3,2,0,0,0,0,3,0,3,0,0,0,0,0,0,0,0,3,3,0,0,False
5737,microsoft/azure-maven-plugins,a29188733fe137cf4356f55d74387b0eff6580c4,azure-maven-plugin-common/src/test/java/com/microsoft/azure/maven/common/utils/IndentUtilTest.java,0,0,0,0,0.0,0,2,1,0,0,0,0,1,0,0,0,0,0,0,0,1,0,0,0,2,0,0,False
5738,microsoft/azure-maven-plugins,a29188733fe137cf4356f55d74387b0eff6580c4,azure-maven-plugin-common/src/test/java/com/microsoft/azure/maven/common/utils/SneakyThrowUtilsTest.java,0,0,0,0,0.0,0,2,0,0,0,0,0,1,0,0,0,0,0,0,0,0,0,0,0,1,0,0,False
5739,microsoft/azure-maven-plugins,a29188733fe137cf4356f55d74387b0eff6580c4,azure-maven-plugin-common/src/test/java/com/microsoft/azure/maven/common/utils/TextUtilsTest.java,0,0,0,0,0.0,0,11,5,0,0,0,0,1,0,0,5,0,0,0,0,0,0,0,0,10,0,0,False
5740,microsoft/azure-maven-plugins,a29188733fe137cf4356f55d74387b0eff6580c4,azure-maven-plugin-common/src/test/java/com/microsoft/azure/maven/common/utils/JsonUtilsTest.java,0,0,0,0,0.0,0,2,1,0,0,0,0,1,0,0,0,0,0,0,0,1,0,0,0,2,0,0,False
5741,microsoft/azure-maven-plugins,a29188733fe137cf4356f55d74387b0eff6580c4,azure-maven-plugin/src/test/java/com/microsoft/azure/plugin/login/TestHelper.java,0,0,0,0,0.0,0,8,0,0,0,0,0,0,0,0,0,0,0,0,0,0,0,0,0,0,0,0,False
5742,microsoft/azure-maven-plugins,a29188733fe137cf4356f55d74387b0eff6580c4,azure-maven-plugin/src/test/java/com/microsoft/azure/plugin/login/LoginMojoTest.java,0,0,0,0,0.0,0,6,0,0,0,0,0,5,0,4,0,0,0,0,0,0,4,0,4,5,0,0,False
5743,microsoft/azure-maven-plugins,a29188733fe137cf4356f55d74387b0eff6580c4,azure-maven-plugin/src/test/java/com/microsoft/azure/plugin/login/LogoutMojoTest.java,0,0,0,0,0.0,0,3,1,0,0,0,0,2,0,1,0,0,0,0,0,1,0,0,1,2,0,0,False
5744,microsoft/azure-maven-plugins,a29188733fe137cf4356f55d74387b0eff6580c4,azure-maven-plugin/src/test/java/com/microsoft/azure/plugin/login/SelectSubscriptionMojoTest.java,0,0,0,0,0.0,0,9,1,0,0,0,0,8,0,5,0,0,0,0,0,0,3,0,5,8,0,0,False
5745,microsoft/azure-maven-plugins,a29188733fe137cf4356f55d74387b0eff6580c4,azure-maven-plugin-lib/src/test/java/com/microsoft/azure/maven/auth/AzureAuthHelperTest.java,0,0,0,0,0.0,0,13,5,0,0,0,0,4,0,0,0,0,0,0,0,3,1,0,0,12,0,0,False
5746,microsoft/azure-maven-plugins,a29188733fe137cf4356f55d74387b0eff6580c4,azure-spring-cloud-maven-plugin/src/test/java/com/microsoft/azure/maven/spring/configuration/DeploymentTest.java,0,0,0,0,0.0,0,7,1,0,0,0,0,0,0,0,0,0,0,0,0,0,0,0,0,7,0,0,False
5747,microsoft/azure-maven-plugins,a29188733fe137cf4356f55d74387b0eff6580c4,azure-spring-cloud-maven-plugin/src/test/java/com/microsoft/azure/maven/spring/configuration/DeploymentSettingsTest.java,0,0,0,0,0.0,0,7,0,0,0,0,0,0,0,0,0,0,0,0,0,0,0,0,0,7,0,0,False
5748,microsoft/azure-maven-plugins,a29188733fe137cf4356f55d74387b0eff6580c4,azure-spring-cloud-maven-plugin/src/test/java/com/microsoft/azure/maven/spring/configuration/VolumeTest.java,0,0,0,0,0.0,0,3,0,0,0,0,0,0,0,0,0,0,0,0,0,0,0,0,0,3,0,0,False
5749,microsoft/azure-maven-plugins,a29188733fe137cf4356f55d74387b0eff6580c4,azure-spring-cloud-maven-plugin/src/test/java/com/microsoft/azure/maven/spring/configuration/AppSettingsTest.java,0,0,0,0,0.0,0,6,0,0,0,0,0,0,0,0,0,0,0,0,0,0,0,0,0,6,0,0,False
5750,microsoft/azure-maven-plugins,a29188733fe137cf4356f55d74387b0eff6580c4,azure-spring-cloud-maven-plugin/src/test/java/com/microsoft/azure/maven/spring/configuration/SpringConfigurationTest.java,0,0,0,0,0.0,0,7,0,0,0,0,0,0,0,0,0,0,0,0,0,0,0,0,0,7,0,0,False
5751,microsoft/azure-maven-plugins,a29188733fe137cf4356f55d74387b0eff6580c4,azure-spring-cloud-maven-plugin/src/test/java/com/microsoft/azure/maven/spring/ConfigMojoTest.java,0,0,0,0,0.0,0,14,8,0,0,0,0,11,11,1,0,0,0,0,0,0,2,0,1,11,0,0,False
5752,microsoft/azure-maven-plugins,a29188733fe137cf4356f55d74387b0eff6580c4,azure-spring-cloud-maven-plugin/src/test/java/com/microsoft/azure/maven/spring/DeployMojoTest.java,0,0,0,0,0.0,0,1,1,0,0,0,0,1,0,0,0,0,0,0,0,0,0,0,0,1,0,0,False
5753,microsoft/azure-maven-plugins,a29188733fe137cf4356f55d74387b0eff6580c4,azure-spring-cloud-maven-plugin/src/test/java/com/microsoft/azure/maven/spring/prompt/PromptWrapperTest.java,0,0,0,0,0.0,0,16,8,1,0,0,0,14,15,0,0,0,2,0,0,7,1,0,1,15,0,0,False
5754,microsoft/azure-maven-plugins,a29188733fe137cf4356f55d74387b0eff6580c4,azure-spring-cloud-maven-plugin/src/test/java/com/microsoft/azure/maven/spring/TestHelper.java,0,0,0,0,0.0,0,10,0,0,0,0,0,0,0,0,0,0,0,0,0,0,0,0,0,0,0,0,False
5755,microsoft/azure-maven-plugins,a29188733fe137cf4356f55d74387b0eff6580c4,azure-spring-cloud-maven-plugin/src/test/java/com/microsoft/azure/maven/spring/utils/XmlUtilsTest.java,0,0,0,0,0.0,0,6,4,0,0,0,0,1,0,0,0,0,0,0,0,0,0,0,0,5,0,0,False
5756,microsoft/azure-maven-plugins,a29188733fe137cf4356f55d74387b0eff6580c4,azure-spring-cloud-maven-plugin/src/test/java/com/microsoft/azure/maven/spring/utils/ResourcesUtilsTest.java,0,0,0,0,0.0,0,2,1,0,0,0,0,1,0,0,0,0,0,0,0,0,0,0,0,2,0,0,False
5757,microsoft/azure-maven-plugins,a29188733fe137cf4356f55d74387b0eff6580c4,azure-spring-cloud-maven-plugin/src/test/java/com/microsoft/azure/maven/spring/utils/TemplateUtilsTest.java,0,0,0,0,0.0,0,8,2,0,0,0,0,1,0,0,0,0,0,0,0,1,0,0,0,8,0,0,False
5758,microsoft/azure-maven-plugins,a29188733fe137cf4356f55d74387b0eff6580c4,azure-spring-cloud-maven-plugin/src/test/java/com/microsoft/azure/maven/spring/exception/NoResourcesAvailableExceptionTest.java,0,0,0,0,0.0,0,2,0,0,0,0,0,1,0,0,0,0,0,0,0,0,0,0,0,2,0,0,False
5759,microsoft/azure-maven-plugins,a29188733fe137cf4356f55d74387b0eff6580c4,azure-spring-cloud-maven-plugin/src/test/java/com/microsoft/azure/maven/spring/exception/SpringConfigurationExceptionTest.java,0,0,0,0,0.0,0,3,1,0,0,0,0,1,0,0,0,0,0,0,0,0,0,0,0,3,0,0,False
5760,microsoft/azure-maven-plugins,a29188733fe137cf4356f55d74387b0eff6580c4,azure-spring-cloud-maven-plugin/src/test/java/com/microsoft/azure/maven/spring/spring/SpringServiceClientTest.java,0,0,0,0,0.0,0,3,1,0,0,0,0,1,0,0,0,0,0,0,0,0,0,0,0,2,0,0,False
5761,microsoft/azure-maven-plugins,a29188733fe137cf4356f55d74387b0eff6580c4,azure-spring-cloud-maven-plugin/src/test/java/com/microsoft/azure/maven/spring/pom/PomXmlUpdaterTest.java,0,0,0,0,0.0,0,2,2,0,0,0,0,2,0,2,0,0,0,0,0,0,0,0,2,2,0,0,False
5762,microsoft/azure-maven-plugins,ddb4d169acaed9797616c53b9d6431d6482b5a25,azure-auth-helper/src/test/java/com/microsoft/azure/auth/configuration/AuthConfigurationTest.java,0,0,0,0,0.0,0,10,1,0,0,0,0,0,0,0,0,0,0,0,0,1,0,0,0,10,0,0,False
5763,microsoft/azure-maven-plugins,ddb4d169acaed9797616c53b9d6431d6482b5a25,azure-auth-helper/src/test/java/com/microsoft/azure/auth/MavenSettingHelperTest.java,0,0,0,0,0.0,0,5,3,0,0,0,0,4,0,0,0,0,0,0,0,1,0,0,0,4,0,0,False
5764,microsoft/azure-maven-plugins,ddb4d169acaed9797616c53b9d6431d6482b5a25,azure-auth-helper/src/test/java/com/microsoft/azure/auth/TestHelper.java,0,0,0,0,0.0,0,5,0,0,0,0,0,0,0,0,0,0,0,0,0,0,0,0,0,0,0,0,False
5765,microsoft/azure-maven-plugins,ddb4d169acaed9797616c53b9d6431d6482b5a25,azure-auth-helper/src/test/java/com/microsoft/azure/auth/exception/InvalidConfigurationExceptionTest.java,0,0,0,0,0.0,0,2,0,0,0,0,0,1,0,0,0,0,0,0,0,0,0,0,0,2,0,0,False
5766,microsoft/azure-maven-plugins,ddb4d169acaed9797616c53b9d6431d6482b5a25,azure-auth-helper/src/test/java/com/microsoft/azure/auth/exception/MavenDecryptExceptionTest.java,0,0,0,0,0.0,0,3,1,0,0,0,0,1,0,0,0,0,0,0,0,0,0,0,0,3,0,0,False
5767,microsoft/azure-maven-plugins,ddb4d169acaed9797616c53b9d6431d6482b5a25,azure-auth-helper/src/test/java/com/microsoft/azure/auth/exception/AzureLoginFailureExceptionTest.java,0,0,0,0,0.0,0,2,0,0,0,0,0,1,0,0,0,0,0,0,0,0,0,0,0,2,0,0,False
5768,microsoft/azure-maven-plugins,ddb4d169acaed9797616c53b9d6431d6482b5a25,azure-auth-helper/src/test/java/com/microsoft/azure/auth/exception/DesktopNotSupportedExceptionTest.java,0,0,0,0,0.0,0,2,0,0,0,0,0,1,0,0,0,0,0,0,0,0,0,0,0,2,0,0,False
5769,microsoft/azure-maven-plugins,ddb4d169acaed9797616c53b9d6431d6482b5a25,azure-auth-helper/src/test/java/com/microsoft/azure/auth/exception/AzureLoginTimeoutExceptionTest.java,0,0,0,0,0.0,0,2,0,0,0,0,0,1,0,0,0,0,0,0,0,0,0,0,0,2,0,0,False
5770,microsoft/azure-maven-plugins,ddb4d169acaed9797616c53b9d6431d6482b5a25,azure-auth-helper/src/test/java/com/microsoft/azure/auth/AzureAuthHelperTest.java,0,0,0,0,0.0,0,19,11,0,0,0,0,11,16,7,0,0,2,0,0,3,0,0,7,17,0,0,False
5771,microsoft/azure-maven-plugins,ddb4d169acaed9797616c53b9d6431d6482b5a25,azure-auth-helper/src/test/java/com/microsoft/azure/auth/AzureServicePrincipleAuthHelperTest.java,0,0,0,0,0.0,0,6,2,0,0,0,0,5,0,4,0,0,0,0,0,1,2,0,4,5,0,0,False
5772,microsoft/azure-maven-plugins,ddb4d169acaed9797616c53b9d6431d6482b5a25,azure-auth-helper/src/test/java/com/microsoft/azure/auth/AzureCredentialTest.java,0,0,0,0,0.0,0,2,1,0,0,0,0,1,0,0,0,0,0,0,0,0,0,0,0,2,0,0,False
5773,microsoft/azure-maven-plugins,ddb4d169acaed9797616c53b9d6431d6482b5a25,azure-auth-helper/src/test/java/com/microsoft/azure/auth/AzureLoginHelperTest.java,0,0,0,0,0.0,0,9,6,0,0,0,0,6,0,0,0,0,0,0,0,1,0,0,0,8,0,0,False
5774,microsoft/azure-maven-plugins,ddb4d169acaed9797616c53b9d6431d6482b5a25,azure-auth-helper/src/test/java/com/microsoft/azure/auth/LocalAuthServerTest.java,0,0,0,0,0.0,0,6,2,0,0,0,0,4,0,0,0,0,0,0,0,0,1,0,0,4,0,0,False
5775,microsoft/azure-maven-plugins,ddb4d169acaed9797616c53b9d6431d6482b5a25,azure-auth-helper/src/test/java/com/microsoft/azure/auth/AzureContextExecutorTest.java,0,0,0,0,0.0,0,2,1,0,0,0,0,2,0,0,0,0,0,0,0,1,0,0,0,2,0,0,False
5776,microsoft/azure-maven-plugins,ddb4d169acaed9797616c53b9d6431d6482b5a25,azure-maven-plugin-common/src/test/java/com/microsoft/azure/maven/common/validation/SchemaValidatorTest.java,0,0,0,0,0.0,0,6,1,0,0,0,0,5,1,0,1,0,0,0,0,2,0,0,0,5,0,0,False
5777,microsoft/azure-maven-plugins,ddb4d169acaed9797616c53b9d6431d6482b5a25,azure-maven-plugin-common/src/test/java/com/microsoft/azure/maven/common/ConfigurationProblemTest.java,0,0,0,0,0.0,0,1,1,0,0,0,0,0,0,0,0,0,1,0,0,0,0,0,0,1,0,0,False
5778,microsoft/azure-maven-plugins,ddb4d169acaed9797616c53b9d6431d6482b5a25,azure-maven-plugin-common/src/test/java/com/microsoft/azure/maven/common/prompt/DefaultPrompterTest.java,0,0,0,0,0.0,0,13,8,4,0,0,0,12,0,0,0,0,0,0,0,4,1,0,0,12,0,0,False
5779,microsoft/azure-maven-plugins,ddb4d169acaed9797616c53b9d6431d6482b5a25,azure-maven-plugin-common/src/test/java/com/microsoft/azure/maven/common/prompt/InputValidateResultTest.java,0,0,0,0,0.0,0,2,2,0,0,0,0,0,0,0,0,0,0,0,0,0,0,0,0,2,0,0,False
5780,microsoft/azure-maven-plugins,ddb4d169acaed9797616c53b9d6431d6482b5a25,azure-maven-plugin-common/src/test/java/com/microsoft/azure/maven/common/TestHelper.java,0,0,0,0,0.0,0,1,0,0,0,0,0,0,0,0,0,0,0,0,0,0,0,0,0,0,0,0,False
5781,microsoft/azure-maven-plugins,ddb4d169acaed9797616c53b9d6431d6482b5a25,azure-maven-plugin-common/src/test/java/com/microsoft/azure/maven/common/utils/IndentUtilTest.java,0,0,0,0,0.0,0,2,1,0,0,0,0,1,0,0,0,0,0,0,0,1,0,0,0,2,0,0,False
5782,microsoft/azure-maven-plugins,ddb4d169acaed9797616c53b9d6431d6482b5a25,azure-maven-plugin-common/src/test/java/com/microsoft/azure/maven/common/utils/SneakyThrowUtilsTest.java,0,0,0,0,0.0,0,2,0,0,0,0,0,1,0,0,0,0,0,0,0,0,0,0,0,1,0,0,False
5783,microsoft/azure-maven-plugins,ddb4d169acaed9797616c53b9d6431d6482b5a25,azure-maven-plugin-common/src/test/java/com/microsoft/azure/maven/common/utils/TextUtilsTest.java,0,0,0,0,0.0,0,11,5,0,0,0,0,1,0,0,5,0,0,0,0,0,0,0,0,10,0,0,False
5784,microsoft/azure-maven-plugins,ddb4d169acaed9797616c53b9d6431d6482b5a25,azure-maven-plugin-common/src/test/java/com/microsoft/azure/maven/common/utils/JsonUtilsTest.java,0,0,0,0,0.0,0,2,1,0,0,0,0,1,0,0,0,0,0,0,0,1,0,0,0,2,0,0,False
5785,microsoft/azure-maven-plugins,ddb4d169acaed9797616c53b9d6431d6482b5a25,azure-maven-plugin/src/test/java/com/microsoft/azure/plugin/login/TestHelper.java,0,0,0,0,0.0,0,8,0,0,0,0,0,0,0,0,0,0,0,0,0,0,0,0,0,0,0,0,False
5786,microsoft/azure-maven-plugins,ddb4d169acaed9797616c53b9d6431d6482b5a25,azure-maven-plugin/src/test/java/com/microsoft/azure/plugin/login/LoginMojoTest.java,0,0,0,0,0.0,0,6,0,0,0,0,0,5,0,4,0,0,0,0,0,0,4,0,4,5,0,0,False
5787,microsoft/azure-maven-plugins,ddb4d169acaed9797616c53b9d6431d6482b5a25,azure-maven-plugin/src/test/java/com/microsoft/azure/plugin/login/LogoutMojoTest.java,0,0,0,0,0.0,0,3,1,0,0,0,0,2,0,1,0,0,0,0,0,1,0,0,1,2,0,0,False
5788,microsoft/azure-maven-plugins,ddb4d169acaed9797616c53b9d6431d6482b5a25,azure-maven-plugin/src/test/java/com/microsoft/azure/plugin/login/SelectSubscriptionMojoTest.java,0,0,0,0,0.0,0,9,1,0,0,0,0,8,0,5,0,0,0,0,0,0,3,0,5,8,0,0,False
5789,microsoft/azure-maven-plugins,ddb4d169acaed9797616c53b9d6431d6482b5a25,azure-webapp-maven-plugin/src/test/java/com/microsoft/azure/maven/webapp/utils/TestUtils.java,0,0,0,0,0.0,0,4,0,0,0,0,0,0,0,0,0,0,0,0,0,0,0,0,0,0,0,0,False
5790,microsoft/azure-maven-plugins,ddb4d169acaed9797616c53b9d6431d6482b5a25,azure-spring-cloud-maven-plugin/src/test/java/com/microsoft/azure/maven/spring/configuration/DeploymentTest.java,0,0,0,0,0.0,0,7,1,0,0,0,0,0,0,0,0,0,0,0,0,0,0,0,0,7,0,0,False
5791,microsoft/azure-maven-plugins,ddb4d169acaed9797616c53b9d6431d6482b5a25,azure-spring-cloud-maven-plugin/src/test/java/com/microsoft/azure/maven/spring/configuration/DeploymentSettingsTest.java,0,0,0,0,0.0,0,7,0,0,0,0,0,0,0,0,0,0,0,0,0,0,0,0,0,7,0,0,False
5792,microsoft/azure-maven-plugins,ddb4d169acaed9797616c53b9d6431d6482b5a25,azure-spring-cloud-maven-plugin/src/test/java/com/microsoft/azure/maven/spring/configuration/VolumeTest.java,0,0,0,0,0.0,0,3,0,0,0,0,0,0,0,0,0,0,0,0,0,0,0,0,0,3,0,0,False
5793,microsoft/azure-maven-plugins,ddb4d169acaed9797616c53b9d6431d6482b5a25,azure-spring-cloud-maven-plugin/src/test/java/com/microsoft/azure/maven/spring/configuration/AppSettingsTest.java,0,0,0,0,0.0,0,6,0,0,0,0,0,0,0,0,0,0,0,0,0,0,0,0,0,6,0,0,False
5794,microsoft/azure-maven-plugins,ddb4d169acaed9797616c53b9d6431d6482b5a25,azure-spring-cloud-maven-plugin/src/test/java/com/microsoft/azure/maven/spring/configuration/SpringConfigurationTest.java,0,0,0,0,0.0,0,7,0,0,0,0,0,0,0,0,0,0,0,0,0,0,0,0,0,7,0,0,False
5795,microsoft/azure-maven-plugins,ddb4d169acaed9797616c53b9d6431d6482b5a25,azure-spring-cloud-maven-plugin/src/test/java/com/microsoft/azure/maven/spring/ConfigMojoTest.java,0,0,0,0,0.0,0,14,8,0,0,0,0,11,11,1,0,0,0,0,0,0,2,0,1,11,0,0,False
5796,microsoft/azure-maven-plugins,ddb4d169acaed9797616c53b9d6431d6482b5a25,azure-spring-cloud-maven-plugin/src/test/java/com/microsoft/azure/maven/spring/DeployMojoTest.java,0,0,0,0,0.0,0,1,1,0,0,0,0,1,0,0,0,0,0,0,0,0,0,0,0,1,0,0,False
5797,microsoft/azure-maven-plugins,ddb4d169acaed9797616c53b9d6431d6482b5a25,azure-spring-cloud-maven-plugin/src/test/java/com/microsoft/azure/maven/spring/prompt/PromptWrapperTest.java,0,0,0,0,0.0,0,16,8,1,0,0,0,14,15,0,0,0,2,0,0,7,1,0,1,15,0,0,False
5798,microsoft/azure-maven-plugins,ddb4d169acaed9797616c53b9d6431d6482b5a25,azure-spring-cloud-maven-plugin/src/test/java/com/microsoft/azure/maven/spring/TestHelper.java,0,0,0,0,0.0,0,10,0,0,0,0,0,0,0,0,0,0,0,0,0,0,0,0,0,0,0,0,False
5799,microsoft/azure-maven-plugins,ddb4d169acaed9797616c53b9d6431d6482b5a25,azure-spring-cloud-maven-plugin/src/test/java/com/microsoft/azure/maven/spring/utils/MavenUtilsTest.java,0,0,0,0,0.0,0,3,2,0,0,0,0,3,0,3,0,0,0,0,0,0,0,0,3,3,0,0,False
5800,microsoft/azure-maven-plugins,ddb4d169acaed9797616c53b9d6431d6482b5a25,azure-spring-cloud-maven-plugin/src/test/java/com/microsoft/azure/maven/spring/utils/XmlUtilsTest.java,0,0,0,0,0.0,0,6,4,0,0,0,0,1,0,0,0,0,0,0,0,0,0,0,0,5,0,0,False
5801,microsoft/azure-maven-plugins,ddb4d169acaed9797616c53b9d6431d6482b5a25,azure-spring-cloud-maven-plugin/src/test/java/com/microsoft/azure/maven/spring/utils/ResourcesUtilsTest.java,0,0,0,0,0.0,0,2,1,0,0,0,0,1,0,0,0,0,0,0,0,0,0,0,0,2,0,0,False
5802,microsoft/azure-maven-plugins,ddb4d169acaed9797616c53b9d6431d6482b5a25,azure-spring-cloud-maven-plugin/src/test/java/com/microsoft/azure/maven/spring/utils/TemplateUtilsTest.java,0,0,0,0,0.0,0,8,2,0,0,0,0,1,0,0,0,0,0,0,0,1,0,0,0,8,0,0,False
5803,microsoft/azure-maven-plugins,ddb4d169acaed9797616c53b9d6431d6482b5a25,azure-spring-cloud-maven-plugin/src/test/java/com/microsoft/azure/maven/spring/exception/NoResourcesAvailableExceptionTest.java,0,0,0,0,0.0,0,2,0,0,0,0,0,1,0,0,0,0,0,0,0,0,0,0,0,2,0,0,False
5804,microsoft/azure-maven-plugins,ddb4d169acaed9797616c53b9d6431d6482b5a25,azure-spring-cloud-maven-plugin/src/test/java/com/microsoft/azure/maven/spring/exception/SpringConfigurationExceptionTest.java,0,0,0,0,0.0,0,3,1,0,0,0,0,1,0,0,0,0,0,0,0,0,0,0,0,3,0,0,False
5805,microsoft/azure-maven-plugins,ddb4d169acaed9797616c53b9d6431d6482b5a25,azure-spring-cloud-maven-plugin/src/test/java/com/microsoft/azure/maven/spring/spring/SpringServiceClientTest.java,0,0,0,0,0.0,0,3,1,0,0,0,0,1,0,0,0,0,0,0,0,0,0,0,0,2,0,0,False
5806,microsoft/azure-maven-plugins,ddb4d169acaed9797616c53b9d6431d6482b5a25,azure-spring-cloud-maven-plugin/src/test/java/com/microsoft/azure/maven/spring/pom/PomXmlUpdaterTest.java,0,0,0,0,0.0,0,2,2,0,0,0,0,2,0,2,0,0,0,0,0,0,0,0,2,2,0,0,False
5807,microsoft/azure-maven-plugins,640c424b3746245d52bf09934819c280f39be165,azure-webapp-maven-plugin/src/test/java/com/microsoft/azure/maven/webapp/utils/TestUtils.java,0,0,0,0,0.0,0,4,0,0,0,0,0,0,0,0,0,0,0,0,0,0,0,0,0,0,0,0,False
5808,microsoft/azure-maven-plugins,a8664c05e9811078ae2517f165b51883d7e5cb9b,azure-webapp-maven-plugin/src/test/java/com/microsoft/azure/maven/webapp/utils/TestUtils.java,0,0,0,0,0.0,0,4,0,0,0,0,0,0,0,0,0,0,0,0,0,0,0,0,0,0,0,0,False
5809,microsoft/azure-maven-plugins,59077c9dfe32539bd771787295f10ecb5073f727,azure-webapp-maven-plugin/src/test/java/com/microsoft/azure/maven/webapp/utils/TestUtils.java,0,0,0,0,0.0,0,4,0,0,0,0,0,0,0,0,0,0,0,0,0,0,0,0,0,0,0,0,False
