index,App,SHA,TestFilePath,LOC,NOM,WMC,RFC,NAs,AsD,NumberOfMethods,AssertionRoulette,ConditionalTestLogic,ConstructorInitialization,DefaultTest,EmptyTest,ExceptionCatchingThrowing,GeneralFixture,MysteryGuest,PrintStatement,RedundantAssertion,SensitiveEquality,VerboseTest,SleepyTest,DuplicateAssert,UnknownTest,IgnoredTest,ResourceOptimism,MagicNumberTest,DependentTest,ReplaceAnonymousWithLambda,isReplaceAnonymousWithLambda
0,logic-ng/logicng,b20e782b8710b9d62dbd25110fbb6c545a673867,org/logicng/backbones/BackboneTest.java,78,6,8,39,0.35,27,6,4,0,0,0,0,1,0,0,0,0,1,0,0,2,0,0,0,5,0,0,False
1,logic-ng/logicng,b20e782b8710b9d62dbd25110fbb6c545a673867,org/logicng/backbones/BackboneGenerationTest.java,224,9,27,100,0.22,49,9,4,2,0,0,0,4,0,0,0,0,0,0,0,2,0,0,0,8,0,0,False
2,logic-ng/logicng,b20e782b8710b9d62dbd25110fbb6c545a673867,org/logicng/collections/LNGBooleanVectorTest.java,173,11,22,75,0.34,59,11,10,9,0,0,0,0,0,0,0,0,1,0,0,7,0,0,0,11,0,0,False
3,logic-ng/logicng,b20e782b8710b9d62dbd25110fbb6c545a673867,org/logicng/collections/LNGByteVectorTest.java,198,12,25,84,0.29,57,12,11,11,0,0,0,0,0,0,0,0,1,0,0,6,0,0,0,12,0,0,False
4,logic-ng/logicng,b20e782b8710b9d62dbd25110fbb6c545a673867,org/logicng/collections/LNGDoublePriorityQueueTest.java,107,6,6,35,0.4,43,6,5,0,0,0,0,0,0,0,0,0,1,0,0,3,0,0,0,6,0,0,False
5,logic-ng/logicng,b20e782b8710b9d62dbd25110fbb6c545a673867,org/logicng/collections/LNGDoubleVectorTest.java,195,12,25,83,0.29,56,12,11,11,0,0,0,0,0,0,0,0,1,0,0,6,0,0,0,12,0,0,False
6,logic-ng/logicng,b20e782b8710b9d62dbd25110fbb6c545a673867,org/logicng/collections/LNGIntVectorTest.java,195,12,25,83,0.29,56,12,11,11,0,0,0,0,0,0,0,0,1,0,0,6,0,0,0,12,0,0,False
7,logic-ng/logicng,b20e782b8710b9d62dbd25110fbb6c545a673867,org/logicng/collections/LNGLongPriorityQueueTest.java,86,5,5,28,0.42,36,5,4,0,0,0,0,0,0,0,0,0,1,0,0,3,0,0,0,5,0,0,False
8,logic-ng/logicng,b20e782b8710b9d62dbd25110fbb6c545a673867,org/logicng/collections/LNGLongVectorTest.java,198,12,25,84,0.29,57,12,11,11,0,0,0,0,0,0,0,0,1,0,0,6,0,0,0,12,0,0,False
9,logic-ng/logicng,b20e782b8710b9d62dbd25110fbb6c545a673867,org/logicng/collections/LNGVectorTest.java,342,22,42,135,0.29,100,21,19,20,1,0,0,0,0,0,0,0,2,0,0,9,0,0,0,21,0,0,False
10,logic-ng/logicng,b20e782b8710b9d62dbd25110fbb6c545a673867,org/logicng/datastructures/AssignmentTest.java,163,14,18,88,0.47,77,14,13,0,0,0,0,2,0,0,0,0,1,0,0,6,0,0,0,14,0,0,False
11,logic-ng/logicng,b20e782b8710b9d62dbd25110fbb6c545a673867,org/logicng/formulas/SubstitutionTest.java,153,16,20,70,0.36,55,15,12,0,1,0,0,4,0,0,0,0,1,0,0,4,0,0,0,15,0,0,False
12,logic-ng/logicng,b20e782b8710b9d62dbd25110fbb6c545a673867,org/logicng/datastructures/ubtrees/UBNodeTest.java,33,4,4,14,0.27,9,3,2,0,1,0,0,0,0,0,0,0,1,0,0,1,0,0,0,3,0,0,False
13,logic-ng/logicng,b20e782b8710b9d62dbd25110fbb6c545a673867,org/logicng/datastructures/ubtrees/UBTreeTest.java,201,8,9,57,0.62,125,8,6,0,0,0,0,0,0,0,0,0,0,0,0,1,0,0,0,7,0,0,False
14,logic-ng/logicng,b20e782b8710b9d62dbd25110fbb6c545a673867,org/logicng/explanations/mus/MUSConfigTest.java,12,1,2,11,0.17,2,1,1,0,0,0,0,0,0,0,0,0,1,0,0,0,0,0,0,1,0,0,False
15,logic-ng/logicng,b20e782b8710b9d62dbd25110fbb6c545a673867,org/logicng/explanations/mus/MUSGenerationTest.java,114,12,24,32,0.05,6,11,2,2,1,0,0,2,0,0,0,0,1,0,0,0,2,1,0,8,0,0,False
16,logic-ng/logicng,b20e782b8710b9d62dbd25110fbb6c545a673867,org/logicng/explanations/smus/SmusComputationTest.java,96,16,38,82,0.14,13,16,0,3,0,0,0,15,0,0,0,0,0,0,0,0,5,1,0,15,0,0,False
17,logic-ng/logicng,b20e782b8710b9d62dbd25110fbb6c545a673867,org/logicng/explanations/UNSATCoreTest.java,54,5,7,19,0.3,16,4,4,0,1,0,0,0,0,0,0,0,1,0,0,1,0,0,0,4,0,0,False
18,logic-ng/logicng,b20e782b8710b9d62dbd25110fbb6c545a673867,org/logicng/formulas/AndTest.java,144,20,25,93,0.56,81,20,17,0,0,0,0,2,0,0,0,0,1,0,0,4,0,0,0,20,0,0,False
19,logic-ng/logicng,b20e782b8710b9d62dbd25110fbb6c545a673867,org/logicng/formulas/CFalseTest.java,63,18,19,62,0.32,20,18,2,0,0,0,0,0,0,0,0,0,1,0,0,0,0,0,0,18,0,0,False
20,logic-ng/logicng,b20e782b8710b9d62dbd25110fbb6c545a673867,org/logicng/formulas/CTrueTest.java,64,18,19,62,0.33,21,18,3,0,0,0,0,0,0,0,0,0,1,0,0,1,0,0,0,18,0,0,False
21,logic-ng/logicng,b20e782b8710b9d62dbd25110fbb6c545a673867,org/logicng/formulas/EquivalenceTest.java,136,20,23,81,0.57,77,20,19,0,0,0,0,1,0,0,0,0,1,0,0,4,0,0,0,20,0,0,False
22,logic-ng/logicng,b20e782b8710b9d62dbd25110fbb6c545a673867,org/logicng/formulas/ExtendedFormulaFactoryTest.java,219,13,23,82,0.25,55,13,7,1,0,0,0,1,0,0,0,0,0,0,0,5,2,1,0,11,0,0,False
23,logic-ng/logicng,b20e782b8710b9d62dbd25110fbb6c545a673867,org/logicng/formulas/FormulaTest.java,122,14,26,81,0.37,45,12,11,0,0,0,0,6,0,0,0,0,0,0,0,0,0,0,0,12,0,0,False
24,logic-ng/logicng,b20e782b8710b9d62dbd25110fbb6c545a673867,org/logicng/formulas/FormulaFactoryTest.java,184,9,13,96,0.48,89,9,6,1,0,0,0,1,0,0,0,0,2,0,0,2,0,0,0,9,0,0,False
25,logic-ng/logicng,b20e782b8710b9d62dbd25110fbb6c545a673867,org/logicng/formulas/ImplicationTest.java,131,21,24,80,0.54,71,21,19,0,0,0,0,1,0,0,0,0,1,0,0,5,0,0,0,21,0,0,False
26,logic-ng/logicng,b20e782b8710b9d62dbd25110fbb6c545a673867,org/logicng/formulas/LiteralTest.java,119,23,24,85,0.52,62,23,22,0,0,0,0,0,0,0,0,0,1,0,0,2,1,0,0,23,0,0,False
27,logic-ng/logicng,b20e782b8710b9d62dbd25110fbb6c545a673867,org/logicng/formulas/NotTest.java,107,19,22,76,0.5,54,19,18,0,0,0,0,1,0,0,0,0,1,0,0,4,0,0,0,19,0,0,False
28,logic-ng/logicng,b20e782b8710b9d62dbd25110fbb6c545a673867,org/logicng/formulas/OrTest.java,139,19,24,88,0.58,80,19,17,0,0,0,0,2,0,0,0,0,1,0,0,4,0,0,0,19,0,0,False
29,logic-ng/logicng,b20e782b8710b9d62dbd25110fbb6c545a673867,org/logicng/formulas/PBConstraintTest.java,619,36,39,207,0.61,376,35,33,0,1,0,0,0,0,0,0,0,5,0,0,6,0,0,0,35,0,0,False
30,logic-ng/logicng,b20e782b8710b9d62dbd25110fbb6c545a673867,org/logicng/formulas/printer/DefaultStringRepresentationTest.java,48,3,3,18,0.71,34,3,1,0,0,0,0,0,0,0,0,0,2,0,0,0,0,0,0,3,0,0,False
31,logic-ng/logicng,b20e782b8710b9d62dbd25110fbb6c545a673867,org/logicng/formulas/printer/LatexStringRepresentationTest.java,46,3,3,15,0.67,31,3,2,0,0,0,0,0,0,0,0,0,2,0,0,0,0,0,0,3,0,0,False
32,logic-ng/logicng,b20e782b8710b9d62dbd25110fbb6c545a673867,org/logicng/formulas/printer/SortedStringRepresentationTest.java,61,4,4,22,0.69,42,4,2,0,0,0,0,0,0,0,0,0,2,0,0,2,0,0,0,4,0,0,False
33,logic-ng/logicng,b20e782b8710b9d62dbd25110fbb6c545a673867,org/logicng/formulas/printer/UTF8StringRepresentationTest.java,46,3,3,15,0.67,31,3,2,0,0,0,0,0,0,0,0,0,2,0,0,0,0,0,0,3,0,0,False
34,logic-ng/logicng,b20e782b8710b9d62dbd25110fbb6c545a673867,org/logicng/functions/FormulaDepthFunctionTest.java,54,4,7,24,0.57,31,4,3,1,0,0,0,1,0,0,0,0,0,0,0,1,0,0,0,4,0,0,False
35,logic-ng/logicng,b20e782b8710b9d62dbd25110fbb6c545a673867,org/logicng/graphs/algorithms/BronKerboschTest.java,44,1,4,14,0.16,7,1,1,1,0,0,0,1,0,0,0,0,0,0,0,1,0,0,0,1,0,0,False
36,logic-ng/logicng,b20e782b8710b9d62dbd25110fbb6c545a673867,org/logicng/graphs/datastructures/GraphTest.java,71,5,8,39,0.27,19,5,4,0,0,0,0,0,0,0,0,0,1,0,0,1,0,0,0,4,0,0,False
37,logic-ng/logicng,b20e782b8710b9d62dbd25110fbb6c545a673867,org/logicng/graphs/datastructures/HypergraphTest.java,34,2,2,12,0.21,7,2,1,0,0,0,0,0,0,0,0,0,1,0,0,1,0,0,0,2,0,0,False
38,logic-ng/logicng,b20e782b8710b9d62dbd25110fbb6c545a673867,org/logicng/graphs/datastructures/HypergraphEdgeTest.java,51,4,6,20,0.22,11,4,2,0,0,0,0,2,0,0,0,0,0,0,0,2,0,0,0,4,0,0,False
39,logic-ng/logicng,b20e782b8710b9d62dbd25110fbb6c545a673867,org/logicng/graphs/datastructures/HypergraphNodeTest.java,30,2,2,12,0.37,11,2,2,0,0,0,0,0,0,0,0,0,0,0,0,1,0,0,0,2,0,0,False
40,logic-ng/logicng,b20e782b8710b9d62dbd25110fbb6c545a673867,org/logicng/graphs/generators/ConstraintGraphGeneratorTest.java,75,5,13,45,0.11,8,5,1,1,0,0,0,5,0,0,0,0,3,0,0,1,0,0,0,5,0,0,False
41,logic-ng/logicng,b20e782b8710b9d62dbd25110fbb6c545a673867,org/logicng/graphs/generators/HypergraphGeneratorTest.java,83,3,8,26,0.28,23,3,2,0,0,0,0,3,0,0,0,0,0,0,0,2,0,0,0,3,0,0,False
42,logic-ng/logicng,b20e782b8710b9d62dbd25110fbb6c545a673867,org/logicng/graphs/io/GraphDimacsFileWriterTest.java,55,6,16,19,0.13,7,6,0,1,0,0,0,3,0,0,0,0,0,0,0,0,3,1,0,3,0,0,False
43,logic-ng/logicng,b20e782b8710b9d62dbd25110fbb6c545a673867,org/logicng/handlers/NumberOfNodesBDDHandlerTest.java,9,1,1,0,0.0,0,1,0,0,0,0,0,0,0,0,0,0,0,0,0,0,0,0,0,1,0,0,False
44,logic-ng/logicng,b20e782b8710b9d62dbd25110fbb6c545a673867,org/logicng/handlers/TimeoutBDDHandlerTest.java,44,6,14,31,0.14,6,6,3,0,0,0,0,3,0,0,0,0,0,0,1,1,1,0,0,5,0,0,False
45,logic-ng/logicng,b20e782b8710b9d62dbd25110fbb6c545a673867,org/logicng/handlers/TimeoutMaxSATHandlerTest.java,41,7,15,32,0.1,4,7,4,4,0,0,0,5,0,0,0,0,0,0,2,2,1,0,0,6,0,0,False
46,logic-ng/logicng,b20e782b8710b9d62dbd25110fbb6c545a673867,org/logicng/handlers/TimeoutModelEnumerationHandlerTest.java,60,6,13,49,0.1,6,6,3,4,0,0,0,2,0,0,0,0,0,0,1,1,2,0,0,5,0,0,False
47,logic-ng/logicng,b20e782b8710b9d62dbd25110fbb6c545a673867,org/logicng/handlers/TimeoutOptimizationHandlerTest.java,46,5,14,45,0.04,2,5,1,3,0,0,0,4,0,0,0,0,0,0,1,1,1,0,0,4,0,0,False
48,logic-ng/logicng,b20e782b8710b9d62dbd25110fbb6c545a673867,org/logicng/handlers/TimeoutSATHandlerTest.java,55,6,13,37,0.11,6,6,3,4,0,0,0,2,0,0,0,0,0,0,1,1,1,0,0,5,0,0,False
49,logic-ng/logicng,b20e782b8710b9d62dbd25110fbb6c545a673867,org/logicng/io/graphical/generators/BddGraphicalGeneratorTest.java,117,4,11,39,0.01,1,4,0,0,0,0,0,3,0,0,0,0,0,0,0,0,3,1,0,3,0,0,False
50,logic-ng/logicng,b20e782b8710b9d62dbd25110fbb6c545a673867,org/logicng/io/graphical/generators/FormulaAstGraphicalGeneratorTest.java,61,10,21,34,0.03,2,10,0,2,0,0,0,8,0,0,0,0,0,0,0,0,8,1,0,8,0,0,False
51,logic-ng/logicng,b20e782b8710b9d62dbd25110fbb6c545a673867,org/logicng/io/graphical/generators/FormulaDagGraphicalGeneratorTest.java,59,9,19,34,0.03,2,9,0,2,0,0,0,7,0,0,0,0,0,0,0,0,7,1,0,7,0,0,False
52,logic-ng/logicng,b20e782b8710b9d62dbd25110fbb6c545a673867,org/logicng/io/graphical/generators/GraphGraphicalGeneratorTest.java,45,6,13,32,0.04,2,6,0,2,0,0,0,5,0,0,0,0,0,0,0,0,5,1,0,5,0,0,False
53,logic-ng/logicng,b20e782b8710b9d62dbd25110fbb6c545a673867,org/logicng/io/graphical/GraphicalEdgeTest.java,60,5,6,22,0.4,24,5,4,0,0,0,0,0,0,0,0,0,0,0,0,4,0,0,0,4,0,0,False
54,logic-ng/logicng,b20e782b8710b9d62dbd25110fbb6c545a673867,org/logicng/io/graphical/GraphicalNodeTest.java,64,9,10,42,0.38,24,9,8,0,0,0,0,0,0,0,0,0,0,0,0,8,0,0,0,8,0,0,False
55,logic-ng/logicng,b20e782b8710b9d62dbd25110fbb6c545a673867,org/logicng/io/parsers/PropositionalParserTest.java,149,29,38,55,0.48,71,29,9,0,0,0,0,9,0,0,0,0,1,0,0,1,0,0,0,29,0,0,False
56,logic-ng/logicng,b20e782b8710b9d62dbd25110fbb6c545a673867,org/logicng/io/parsers/PseudoBooleanParserTest.java,171,30,42,77,0.53,91,30,12,0,0,0,0,12,0,0,0,0,1,0,0,2,0,0,0,30,0,0,False
57,logic-ng/logicng,b20e782b8710b9d62dbd25110fbb6c545a673867,org/logicng/io/readers/DimacsReaderTest.java,9,1,1,0,0.0,0,1,0,0,0,0,0,0,0,1,0,0,0,0,0,0,0,0,1,1,0,0,False
58,logic-ng/logicng,b20e782b8710b9d62dbd25110fbb6c545a673867,org/logicng/io/writers/FormulaDimacsFileWriterTest.java,67,7,17,21,0.09,6,7,0,0,0,0,0,4,0,0,0,0,0,0,0,0,4,1,0,5,0,0,False
59,logic-ng/logicng,b20e782b8710b9d62dbd25110fbb6c545a673867,org/logicng/knowledgecompilation/bdds/datastructures/BDDNodeTest.java,66,4,4,35,0.47,31,4,4,0,0,0,0,0,0,0,0,0,0,0,0,1,0,0,0,4,0,0,False
60,logic-ng/logicng,b20e782b8710b9d62dbd25110fbb6c545a673867,org/logicng/knowledgecompilation/bdds/BDDOperationsTest.java,256,16,29,85,0.63,161,16,12,1,0,0,0,5,0,0,0,0,0,0,0,0,1,0,0,13,0,0,False
61,logic-ng/logicng,b20e782b8710b9d62dbd25110fbb6c545a673867,org/logicng/knowledgecompilation/bdds/jbuddy/BDDPrimeTest.java,6,1,1,3,0.33,2,1,1,0,0,0,0,0,0,0,0,0,0,0,0,0,0,0,0,1,0,0,False
62,logic-ng/logicng,b20e782b8710b9d62dbd25110fbb6c545a673867,org/logicng/knowledgecompilation/bdds/BDDReorderingTest.java,192,16,38,81,0.04,8,16,3,0,0,0,0,2,0,0,0,0,0,0,0,2,4,2,0,7,0,0,False
63,logic-ng/logicng,b20e782b8710b9d62dbd25110fbb6c545a673867,org/logicng/knowledgecompilation/bdds/orderings/BFSOrderingTest.java,27,2,5,11,0.37,10,2,1,0,0,0,0,2,0,0,0,0,0,0,0,0,0,0,0,2,0,0,False
64,logic-ng/logicng,b20e782b8710b9d62dbd25110fbb6c545a673867,org/logicng/knowledgecompilation/bdds/orderings/DFSOrderingTest.java,27,2,5,11,0.37,10,2,1,0,0,0,0,2,0,0,0,0,0,0,0,0,0,0,0,2,0,0,False
65,logic-ng/logicng,b20e782b8710b9d62dbd25110fbb6c545a673867,org/logicng/knowledgecompilation/bdds/orderings/ForceOrderingTest.java,33,3,9,17,0.21,7,3,1,0,0,0,0,3,0,0,0,0,0,0,0,0,0,0,0,3,0,0,False
66,logic-ng/logicng,b20e782b8710b9d62dbd25110fbb6c545a673867,org/logicng/knowledgecompilation/dnnf/datastructures/dtree/DTreeNodeTest.java,11,1,2,4,0.09,1,1,0,0,0,0,0,1,0,0,0,0,1,0,0,0,0,0,0,1,0,0,False
67,logic-ng/logicng,b20e782b8710b9d62dbd25110fbb6c545a673867,org/logicng/knowledgecompilation/dnnf/DnnfCompilerTest.java,95,7,21,38,0.03,3,7,0,1,0,0,0,5,0,0,0,0,0,0,0,0,3,1,0,5,0,0,False
68,logic-ng/logicng,b20e782b8710b9d62dbd25110fbb6c545a673867,org/logicng/LogicNGVersionTest.java,15,4,4,0,0.0,0,4,4,0,0,0,0,0,0,0,0,0,0,0,0,4,0,0,0,4,0,0,False
69,logic-ng/logicng,b20e782b8710b9d62dbd25110fbb6c545a673867,org/logicng/modelcounting/ModelCounterTest.java,76,14,22,53,0.17,13,14,6,4,0,0,0,3,0,0,0,0,0,0,0,1,1,1,0,10,0,0,False
70,logic-ng/logicng,b20e782b8710b9d62dbd25110fbb6c545a673867,org/logicng/np/SetCoverTest.java,31,2,2,16,0.19,6,2,1,0,0,0,0,0,0,0,0,0,0,0,0,1,0,0,0,2,0,0,False
71,logic-ng/logicng,b20e782b8710b9d62dbd25110fbb6c545a673867,org/logicng/predicates/CNFPredicateTest.java,30,3,3,10,0.53,16,3,1,0,0,0,0,0,0,0,0,0,1,0,0,0,0,0,0,3,0,0,False
72,logic-ng/logicng,b20e782b8710b9d62dbd25110fbb6c545a673867,org/logicng/predicates/ContainsPBCPredicateTest.java,44,6,9,30,0.43,19,6,4,1,0,0,0,2,0,0,0,0,1,0,0,0,0,0,0,6,0,0,False
73,logic-ng/logicng,b20e782b8710b9d62dbd25110fbb6c545a673867,org/logicng/predicates/DNFPredicateTest.java,28,2,2,10,0.57,16,2,1,0,0,0,0,0,0,0,0,0,1,0,0,0,0,0,0,2,0,0,False
74,logic-ng/logicng,b20e782b8710b9d62dbd25110fbb6c545a673867,org/logicng/predicates/EvaluatesToConstantPredicateTest.java,432,22,34,94,0.83,360,21,21,2,1,0,0,12,0,0,0,0,0,0,0,1,0,0,0,21,0,0,False
75,logic-ng/logicng,b20e782b8710b9d62dbd25110fbb6c545a673867,org/logicng/predicates/NNFPredicateTest.java,32,2,2,11,0.63,20,2,1,0,0,0,0,0,0,0,0,0,1,0,0,0,0,0,0,2,0,0,False
76,logic-ng/logicng,b20e782b8710b9d62dbd25110fbb6c545a673867,org/logicng/predicates/TermPredicateTest.java,47,3,3,17,0.68,32,3,3,0,0,0,0,0,0,0,0,0,1,0,0,0,0,0,0,3,0,0,False
77,logic-ng/logicng,b20e782b8710b9d62dbd25110fbb6c545a673867,org/logicng/primecomputation/PrimeCompilerTest.java,118,12,33,65,0.09,11,12,0,4,0,0,0,4,0,0,0,0,1,0,0,0,6,1,0,7,0,0,False
78,logic-ng/logicng,b20e782b8710b9d62dbd25110fbb6c545a673867,org/logicng/primecomputation/PrimeResultTest.java,75,5,5,28,0.36,27,4,3,0,1,0,0,0,0,0,0,0,1,0,0,0,0,0,0,4,0,0,False
79,logic-ng/logicng,b20e782b8710b9d62dbd25110fbb6c545a673867,org/logicng/propositions/ExtendedPropositionTest.java,56,5,11,18,0.25,14,4,4,0,1,0,0,3,0,0,0,0,1,0,0,0,0,0,0,4,0,0,False
80,logic-ng/logicng,b20e782b8710b9d62dbd25110fbb6c545a673867,org/logicng/propositions/StandardPropositionTest.java,43,5,11,18,0.35,15,4,4,0,1,0,0,3,0,0,0,0,1,0,0,0,0,0,0,4,0,0,False
81,logic-ng/logicng,b20e782b8710b9d62dbd25110fbb6c545a673867,org/logicng/pseudobooleans/PBEncoderTest.java,66,9,13,30,0.11,7,8,1,4,1,0,0,1,0,0,0,0,1,0,0,0,1,1,0,7,0,0,False
82,logic-ng/logicng,b20e782b8710b9d62dbd25110fbb6c545a673867,org/logicng/solvers/datastructures/LNGHeapTest.java,23,1,1,10,0.22,5,1,1,0,0,0,0,0,0,0,0,0,1,0,0,1,0,0,0,1,0,0,False
83,logic-ng/logicng,b20e782b8710b9d62dbd25110fbb6c545a673867,org/logicng/solvers/functions/BackboneFunctionTest.java,276,12,41,159,0.25,68,12,8,6,0,0,0,8,0,0,0,0,0,0,0,8,0,0,0,9,0,0,False
84,logic-ng/logicng,b20e782b8710b9d62dbd25110fbb6c545a673867,org/logicng/solvers/functions/ModelEnumerationFunctionTest.java,19,3,5,10,0.05,1,2,1,0,1,0,0,2,0,0,0,0,0,0,0,1,0,0,0,2,0,0,False
85,logic-ng/logicng,b20e782b8710b9d62dbd25110fbb6c545a673867,org/logicng/solvers/functions/OptimizationFunctionTest.java,284,23,63,200,0.14,39,23,6,5,0,0,0,11,0,0,0,0,0,0,0,1,8,3,0,14,0,0,False
86,logic-ng/logicng,b20e782b8710b9d62dbd25110fbb6c545a673867,org/logicng/solvers/functions/UnsatCoreFunctionTest.java,9,1,1,0,0.0,0,1,1,0,0,0,0,0,0,0,0,0,0,0,0,0,0,0,0,1,0,0,False
87,logic-ng/logicng,b20e782b8710b9d62dbd25110fbb6c545a673867,org/logicng/solvers/sat/MiniSatTest.java,86,9,13,45,0.36,31,9,5,0,0,0,0,1,0,0,0,0,1,0,0,1,0,0,0,7,0,0,False
88,logic-ng/logicng,b20e782b8710b9d62dbd25110fbb6c545a673867,org/logicng/solvers/sat/GlucoseSyrupTest.java,33,6,11,9,0.03,1,6,0,0,0,0,0,0,0,0,0,0,1,0,0,0,0,0,0,3,0,0,False
89,logic-ng/logicng,b20e782b8710b9d62dbd25110fbb6c545a673867,org/logicng/solvers/sat/MiniCardTest.java,84,8,12,32,0.18,15,8,3,0,0,0,0,0,0,0,0,0,1,0,0,1,0,0,0,6,0,0,False
90,logic-ng/logicng,b20e782b8710b9d62dbd25110fbb6c545a673867,org/logicng/transformations/AnonymizerTest.java,77,5,15,23,0.49,38,5,5,0,0,0,0,5,0,0,0,0,0,0,0,2,0,0,0,5,0,0,False
91,logic-ng/logicng,b20e782b8710b9d62dbd25110fbb6c545a673867,org/logicng/transformations/FormulaFactoryImporterTest.java,187,12,17,114,0.67,126,12,10,0,0,0,0,1,0,0,0,0,0,0,0,0,0,0,0,10,0,0,False
92,logic-ng/logicng,b20e782b8710b9d62dbd25110fbb6c545a673867,org/logicng/transformations/LiteralSubstitutionTest.java,42,5,14,19,0.4,17,5,3,0,0,0,0,4,0,0,0,0,0,0,0,0,0,0,0,4,0,0,False
93,logic-ng/logicng,b20e782b8710b9d62dbd25110fbb6c545a673867,org/logicng/transformations/PureExpansionTransformationTest.java,107,13,37,44,0.35,37,13,6,2,0,0,0,4,0,0,0,0,1,0,0,1,2,0,0,10,0,0,False
94,logic-ng/logicng,b20e782b8710b9d62dbd25110fbb6c545a673867,org/logicng/transformations/UnitPropagationTest.java,31,4,9,15,0.45,14,4,4,0,0,0,0,1,0,0,0,0,0,0,0,0,0,0,0,4,0,0,False
95,logic-ng/logicng,b20e782b8710b9d62dbd25110fbb6c545a673867,org/logicng/transformations/cnf/CanonicalCNFEnumerationTest.java,54,6,13,30,0.31,17,6,1,2,0,0,0,1,0,0,0,0,1,0,0,0,2,1,0,4,0,0,False
96,logic-ng/logicng,b20e782b8710b9d62dbd25110fbb6c545a673867,org/logicng/transformations/cnf/CNFEncoderTest.java,157,13,27,106,0.22,35,13,11,0,0,0,0,10,0,0,0,0,1,0,0,3,0,0,0,12,0,0,False
97,logic-ng/logicng,b20e782b8710b9d62dbd25110fbb6c545a673867,org/logicng/transformations/cnf/CNFSubsumptionTest.java,41,4,8,16,0.46,19,4,3,0,0,0,0,3,0,0,0,0,0,0,0,1,0,0,0,4,0,0,False
98,logic-ng/logicng,b20e782b8710b9d62dbd25110fbb6c545a673867,org/logicng/transformations/cnf/PlaistedGreenbaumTransformationSolverTest.java,41,5,10,11,0.02,1,5,1,2,0,0,0,1,0,0,0,0,0,0,0,1,1,0,0,3,0,0,False
99,logic-ng/logicng,b20e782b8710b9d62dbd25110fbb6c545a673867,org/logicng/transformations/dnf/CanonicalDNFEnumerationTest.java,54,6,13,30,0.31,17,6,1,2,0,0,0,1,0,0,0,0,1,0,0,0,2,1,0,4,0,0,False
100,logic-ng/logicng,b20e782b8710b9d62dbd25110fbb6c545a673867,org/logicng/transformations/dnf/DNFFactorizationTest.java,105,12,29,45,0.43,45,8,8,0,0,0,0,5,0,0,0,0,1,0,0,2,0,0,0,8,0,0,False
101,logic-ng/logicng,b20e782b8710b9d62dbd25110fbb6c545a673867,org/logicng/transformations/dnf/DNFSubsumptionTest.java,48,4,10,16,0.4,19,4,3,1,0,0,0,3,0,0,0,0,0,0,0,1,0,0,0,4,0,0,False
102,logic-ng/logicng,b20e782b8710b9d62dbd25110fbb6c545a673867,org/logicng/transformations/qmc/TermTest.java,80,3,7,21,0.21,17,3,3,0,0,0,0,1,0,0,0,0,1,0,0,0,0,0,0,3,0,0,False
103,logic-ng/logicng,b20e782b8710b9d62dbd25110fbb6c545a673867,org/logicng/transformations/qmc/TermTableTest.java,47,4,8,19,0.26,12,4,2,0,0,0,0,0,0,0,0,0,1,0,0,1,0,0,0,3,0,0,False
104,logic-ng/logicng,b20e782b8710b9d62dbd25110fbb6c545a673867,org/logicng/transformations/simplification/AdvancedSimplifierTest.java,84,11,31,56,0.12,10,11,2,5,0,0,0,5,0,0,0,0,1,0,0,0,7,1,0,9,0,0,False
105,logic-ng/logicng,b20e782b8710b9d62dbd25110fbb6c545a673867,org/logicng/transformations/simplification/BackboneSimplifierTest.java,27,2,8,8,0.41,11,2,2,0,0,0,0,2,0,0,0,0,0,0,0,0,0,0,0,2,0,0,False
106,logic-ng/logicng,b20e782b8710b9d62dbd25110fbb6c545a673867,org/logicng/transformations/simplification/DistributiveSimplifierTest.java,52,6,20,25,0.5,26,6,6,0,0,0,0,2,0,0,0,0,0,0,0,0,0,0,0,6,0,0,False
107,logic-ng/logicng,b20e782b8710b9d62dbd25110fbb6c545a673867,org/logicng/util/CollectionHelperTest.java,60,6,7,16,0.6,36,6,6,0,0,0,0,0,0,0,0,0,0,0,0,1,0,0,0,6,0,0,False
108,logic-ng/logicng,b20e782b8710b9d62dbd25110fbb6c545a673867,org/logicng/util/ComparablePairTest.java,42,5,5,18,0.52,22,5,5,0,0,0,0,0,0,0,0,0,1,0,0,0,0,0,0,5,0,0,False
109,logic-ng/logicng,b20e782b8710b9d62dbd25110fbb6c545a673867,org/logicng/util/FormulaHelperTest.java,67,9,9,35,0.63,42,9,9,0,0,0,0,0,0,0,0,0,0,0,0,0,0,0,0,9,0,0,False
110,logic-ng/logicng,b20e782b8710b9d62dbd25110fbb6c545a673867,org/logicng/util/FormulaRandomizerTest.java,414,22,60,281,0.21,86,22,19,20,0,0,0,0,0,0,0,0,0,0,0,1,0,0,0,20,0,0,False
111,logic-ng/logicng,b20e782b8710b9d62dbd25110fbb6c545a673867,org/logicng/util/PairTest.java,36,4,4,14,0.5,18,4,4,0,0,0,0,0,0,0,0,0,1,0,0,0,0,0,0,4,0,0,False
112,logic-ng/logicng,38e007c1794193a7b55bf9f82f9f2903fb66a14e,org/logicng/backbones/BackboneTest.java,78,6,8,39,0.35,27,6,4,0,0,0,0,1,0,0,0,0,1,0,0,2,0,0,0,5,0,0,False
113,logic-ng/logicng,38e007c1794193a7b55bf9f82f9f2903fb66a14e,org/logicng/backbones/BackboneGenerationTest.java,224,9,27,100,0.22,49,9,4,2,0,0,0,4,0,0,0,0,0,0,0,2,0,0,0,8,0,0,False
114,logic-ng/logicng,38e007c1794193a7b55bf9f82f9f2903fb66a14e,org/logicng/collections/LNGBooleanVectorTest.java,173,11,22,75,0.34,59,11,10,9,0,0,0,0,0,0,0,0,1,0,0,7,0,0,0,11,0,0,False
115,logic-ng/logicng,38e007c1794193a7b55bf9f82f9f2903fb66a14e,org/logicng/collections/LNGByteVectorTest.java,198,12,25,84,0.29,57,12,11,11,0,0,0,0,0,0,0,0,1,0,0,6,0,0,0,12,0,0,False
116,logic-ng/logicng,38e007c1794193a7b55bf9f82f9f2903fb66a14e,org/logicng/collections/LNGDoublePriorityQueueTest.java,107,6,6,35,0.4,43,6,5,0,0,0,0,0,0,0,0,0,1,0,0,3,0,0,0,6,0,0,False
117,logic-ng/logicng,38e007c1794193a7b55bf9f82f9f2903fb66a14e,org/logicng/collections/LNGDoubleVectorTest.java,195,12,25,83,0.29,56,12,11,11,0,0,0,0,0,0,0,0,1,0,0,6,0,0,0,12,0,0,False
118,logic-ng/logicng,38e007c1794193a7b55bf9f82f9f2903fb66a14e,org/logicng/collections/LNGIntVectorTest.java,195,12,25,83,0.29,56,12,11,11,0,0,0,0,0,0,0,0,1,0,0,6,0,0,0,12,0,0,False
119,logic-ng/logicng,38e007c1794193a7b55bf9f82f9f2903fb66a14e,org/logicng/collections/LNGLongPriorityQueueTest.java,86,5,5,28,0.42,36,5,4,0,0,0,0,0,0,0,0,0,1,0,0,3,0,0,0,5,0,0,False
120,logic-ng/logicng,38e007c1794193a7b55bf9f82f9f2903fb66a14e,org/logicng/collections/LNGLongVectorTest.java,198,12,25,84,0.29,57,12,11,11,0,0,0,0,0,0,0,0,1,0,0,6,0,0,0,12,0,0,False
121,logic-ng/logicng,38e007c1794193a7b55bf9f82f9f2903fb66a14e,org/logicng/collections/LNGVectorTest.java,342,22,42,135,0.29,100,21,19,20,1,0,0,0,0,0,0,0,2,0,0,9,0,0,0,21,0,0,False
122,logic-ng/logicng,38e007c1794193a7b55bf9f82f9f2903fb66a14e,org/logicng/datastructures/AssignmentTest.java,163,14,18,88,0.47,77,14,13,0,0,0,0,2,0,0,0,0,1,0,0,6,0,0,0,14,0,0,False
123,logic-ng/logicng,38e007c1794193a7b55bf9f82f9f2903fb66a14e,org/logicng/formulas/SubstitutionTest.java,153,16,20,70,0.36,55,15,12,0,1,0,0,4,0,0,0,0,1,0,0,4,0,0,0,15,0,0,False
124,logic-ng/logicng,38e007c1794193a7b55bf9f82f9f2903fb66a14e,org/logicng/datastructures/ubtrees/UBNodeTest.java,33,4,4,14,0.27,9,3,2,0,1,0,0,0,0,0,0,0,1,0,0,1,0,0,0,3,0,0,False
125,logic-ng/logicng,38e007c1794193a7b55bf9f82f9f2903fb66a14e,org/logicng/datastructures/ubtrees/UBTreeTest.java,201,8,9,57,0.62,125,8,6,0,0,0,0,0,0,0,0,0,0,0,0,1,0,0,0,7,0,0,False
126,logic-ng/logicng,38e007c1794193a7b55bf9f82f9f2903fb66a14e,org/logicng/explanations/mus/MUSConfigTest.java,12,1,2,11,0.17,2,1,1,0,0,0,0,0,0,0,0,0,1,0,0,0,0,0,0,1,0,0,False
127,logic-ng/logicng,38e007c1794193a7b55bf9f82f9f2903fb66a14e,org/logicng/explanations/mus/MUSGenerationTest.java,114,12,24,32,0.05,6,11,2,2,1,0,0,2,0,0,0,0,1,0,0,0,2,1,0,8,0,0,False
128,logic-ng/logicng,38e007c1794193a7b55bf9f82f9f2903fb66a14e,org/logicng/explanations/smus/SmusComputationTest.java,96,16,38,82,0.14,13,16,0,3,0,0,0,15,0,0,0,0,0,0,0,0,5,1,0,15,0,0,False
129,logic-ng/logicng,38e007c1794193a7b55bf9f82f9f2903fb66a14e,org/logicng/explanations/UNSATCoreTest.java,54,5,7,19,0.3,16,4,4,0,1,0,0,0,0,0,0,0,1,0,0,1,0,0,0,4,0,0,False
130,logic-ng/logicng,38e007c1794193a7b55bf9f82f9f2903fb66a14e,org/logicng/formulas/AndTest.java,144,20,25,93,0.56,81,20,17,0,0,0,0,2,0,0,0,0,1,0,0,4,0,0,0,20,0,0,False
131,logic-ng/logicng,38e007c1794193a7b55bf9f82f9f2903fb66a14e,org/logicng/formulas/CFalseTest.java,63,18,19,62,0.32,20,18,2,0,0,0,0,0,0,0,0,0,1,0,0,0,0,0,0,18,0,0,False
132,logic-ng/logicng,38e007c1794193a7b55bf9f82f9f2903fb66a14e,org/logicng/formulas/CTrueTest.java,64,18,19,62,0.33,21,18,3,0,0,0,0,0,0,0,0,0,1,0,0,1,0,0,0,18,0,0,False
133,logic-ng/logicng,38e007c1794193a7b55bf9f82f9f2903fb66a14e,org/logicng/formulas/EquivalenceTest.java,136,20,23,81,0.57,77,20,19,0,0,0,0,1,0,0,0,0,1,0,0,4,0,0,0,20,0,0,False
134,logic-ng/logicng,38e007c1794193a7b55bf9f82f9f2903fb66a14e,org/logicng/formulas/ExtendedFormulaFactoryTest.java,219,13,23,82,0.25,55,13,7,1,0,0,0,1,0,0,0,0,0,0,0,5,2,1,0,11,0,0,False
135,logic-ng/logicng,38e007c1794193a7b55bf9f82f9f2903fb66a14e,org/logicng/formulas/FormulaTest.java,122,14,26,81,0.37,45,12,11,0,0,0,0,6,0,0,0,0,0,0,0,0,0,0,0,12,0,0,False
136,logic-ng/logicng,38e007c1794193a7b55bf9f82f9f2903fb66a14e,org/logicng/formulas/FormulaFactoryTest.java,184,9,13,96,0.48,89,9,6,1,0,0,0,1,0,0,0,0,2,0,0,2,0,0,0,9,0,0,False
137,logic-ng/logicng,38e007c1794193a7b55bf9f82f9f2903fb66a14e,org/logicng/formulas/ImplicationTest.java,131,21,24,80,0.54,71,21,19,0,0,0,0,1,0,0,0,0,1,0,0,5,0,0,0,21,0,0,False
138,logic-ng/logicng,38e007c1794193a7b55bf9f82f9f2903fb66a14e,org/logicng/formulas/LiteralTest.java,119,23,24,85,0.52,62,23,22,0,0,0,0,0,0,0,0,0,1,0,0,2,1,0,0,23,0,0,False
139,logic-ng/logicng,38e007c1794193a7b55bf9f82f9f2903fb66a14e,org/logicng/formulas/NotTest.java,107,19,22,76,0.5,54,19,18,0,0,0,0,1,0,0,0,0,1,0,0,4,0,0,0,19,0,0,False
140,logic-ng/logicng,38e007c1794193a7b55bf9f82f9f2903fb66a14e,org/logicng/formulas/OrTest.java,139,19,24,88,0.58,80,19,17,0,0,0,0,2,0,0,0,0,1,0,0,4,0,0,0,19,0,0,False
141,logic-ng/logicng,38e007c1794193a7b55bf9f82f9f2903fb66a14e,org/logicng/formulas/PBConstraintTest.java,619,36,39,207,0.61,376,35,33,0,1,0,0,0,0,0,0,0,5,0,0,6,0,0,0,35,0,0,False
142,logic-ng/logicng,38e007c1794193a7b55bf9f82f9f2903fb66a14e,org/logicng/formulas/printer/DefaultStringRepresentationTest.java,48,3,3,18,0.71,34,3,1,0,0,0,0,0,0,0,0,0,2,0,0,0,0,0,0,3,0,0,False
143,logic-ng/logicng,38e007c1794193a7b55bf9f82f9f2903fb66a14e,org/logicng/formulas/printer/LatexStringRepresentationTest.java,46,3,3,15,0.67,31,3,2,0,0,0,0,0,0,0,0,0,2,0,0,0,0,0,0,3,0,0,False
144,logic-ng/logicng,38e007c1794193a7b55bf9f82f9f2903fb66a14e,org/logicng/formulas/printer/SortedStringRepresentationTest.java,61,4,4,22,0.69,42,4,2,0,0,0,0,0,0,0,0,0,2,0,0,2,0,0,0,4,0,0,False
145,logic-ng/logicng,38e007c1794193a7b55bf9f82f9f2903fb66a14e,org/logicng/formulas/printer/UTF8StringRepresentationTest.java,46,3,3,15,0.67,31,3,2,0,0,0,0,0,0,0,0,0,2,0,0,0,0,0,0,3,0,0,False
146,logic-ng/logicng,38e007c1794193a7b55bf9f82f9f2903fb66a14e,org/logicng/functions/FormulaDepthFunctionTest.java,54,4,7,24,0.57,31,4,3,1,0,0,0,1,0,0,0,0,0,0,0,1,0,0,0,4,0,0,False
147,logic-ng/logicng,38e007c1794193a7b55bf9f82f9f2903fb66a14e,org/logicng/graphs/algorithms/BronKerboschTest.java,44,1,4,14,0.16,7,1,1,1,0,0,0,1,0,0,0,0,0,0,0,1,0,0,0,1,0,0,False
148,logic-ng/logicng,38e007c1794193a7b55bf9f82f9f2903fb66a14e,org/logicng/graphs/datastructures/GraphTest.java,71,5,8,39,0.27,19,5,4,0,0,0,0,0,0,0,0,0,1,0,0,1,0,0,0,4,0,0,False
149,logic-ng/logicng,38e007c1794193a7b55bf9f82f9f2903fb66a14e,org/logicng/graphs/datastructures/HypergraphTest.java,34,2,2,12,0.21,7,2,1,0,0,0,0,0,0,0,0,0,1,0,0,1,0,0,0,2,0,0,False
150,logic-ng/logicng,38e007c1794193a7b55bf9f82f9f2903fb66a14e,org/logicng/graphs/datastructures/HypergraphEdgeTest.java,51,4,6,20,0.22,11,4,2,0,0,0,0,2,0,0,0,0,0,0,0,2,0,0,0,4,0,0,False
151,logic-ng/logicng,38e007c1794193a7b55bf9f82f9f2903fb66a14e,org/logicng/graphs/datastructures/HypergraphNodeTest.java,30,2,2,12,0.37,11,2,2,0,0,0,0,0,0,0,0,0,0,0,0,1,0,0,0,2,0,0,False
152,logic-ng/logicng,38e007c1794193a7b55bf9f82f9f2903fb66a14e,org/logicng/graphs/generators/ConstraintGraphGeneratorTest.java,75,5,13,45,0.11,8,5,1,1,0,0,0,5,0,0,0,0,3,0,0,1,0,0,0,5,0,0,False
153,logic-ng/logicng,38e007c1794193a7b55bf9f82f9f2903fb66a14e,org/logicng/graphs/generators/HypergraphGeneratorTest.java,83,3,8,26,0.28,23,3,2,0,0,0,0,3,0,0,0,0,0,0,0,2,0,0,0,3,0,0,False
154,logic-ng/logicng,38e007c1794193a7b55bf9f82f9f2903fb66a14e,org/logicng/graphs/io/GraphDimacsFileWriterTest.java,55,6,16,19,0.13,7,6,0,1,0,0,0,3,0,0,0,0,0,0,0,0,3,1,0,3,0,0,False
155,logic-ng/logicng,38e007c1794193a7b55bf9f82f9f2903fb66a14e,org/logicng/handlers/NumberOfNodesBDDHandlerTest.java,9,1,1,0,0.0,0,1,0,0,0,0,0,0,0,0,0,0,0,0,0,0,0,0,0,1,0,0,False
156,logic-ng/logicng,38e007c1794193a7b55bf9f82f9f2903fb66a14e,org/logicng/handlers/TimeoutBDDHandlerTest.java,44,6,14,31,0.14,6,6,3,0,0,0,0,3,0,0,0,0,0,0,1,1,1,0,0,5,0,0,False
157,logic-ng/logicng,38e007c1794193a7b55bf9f82f9f2903fb66a14e,org/logicng/handlers/TimeoutMaxSATHandlerTest.java,41,7,15,32,0.1,4,7,4,4,0,0,0,5,0,0,0,0,0,0,2,2,1,0,0,6,0,0,False
158,logic-ng/logicng,38e007c1794193a7b55bf9f82f9f2903fb66a14e,org/logicng/handlers/TimeoutModelEnumerationHandlerTest.java,60,6,13,49,0.1,6,6,3,4,0,0,0,2,0,0,0,0,0,0,1,1,2,0,0,5,0,0,False
159,logic-ng/logicng,38e007c1794193a7b55bf9f82f9f2903fb66a14e,org/logicng/handlers/TimeoutOptimizationHandlerTest.java,46,5,14,45,0.04,2,5,1,3,0,0,0,4,0,0,0,0,0,0,1,1,1,0,0,4,0,0,False
160,logic-ng/logicng,38e007c1794193a7b55bf9f82f9f2903fb66a14e,org/logicng/handlers/TimeoutSATHandlerTest.java,55,6,13,37,0.11,6,6,3,4,0,0,0,2,0,0,0,0,0,0,1,1,1,0,0,5,0,0,False
161,logic-ng/logicng,38e007c1794193a7b55bf9f82f9f2903fb66a14e,org/logicng/io/graphical/generators/BddGraphicalGeneratorTest.java,117,4,11,39,0.01,1,4,0,0,0,0,0,3,0,0,0,0,0,0,0,0,3,1,0,3,0,0,False
162,logic-ng/logicng,38e007c1794193a7b55bf9f82f9f2903fb66a14e,org/logicng/io/graphical/generators/FormulaAstGraphicalGeneratorTest.java,61,10,21,34,0.03,2,10,0,2,0,0,0,8,0,0,0,0,0,0,0,0,8,1,0,8,0,0,False
163,logic-ng/logicng,38e007c1794193a7b55bf9f82f9f2903fb66a14e,org/logicng/io/graphical/generators/FormulaDagGraphicalGeneratorTest.java,59,9,19,34,0.03,2,9,0,2,0,0,0,7,0,0,0,0,0,0,0,0,7,1,0,7,0,0,False
164,logic-ng/logicng,38e007c1794193a7b55bf9f82f9f2903fb66a14e,org/logicng/io/graphical/generators/GraphGraphicalGeneratorTest.java,45,6,13,32,0.04,2,6,0,2,0,0,0,5,0,0,0,0,0,0,0,0,5,1,0,5,0,0,False
165,logic-ng/logicng,38e007c1794193a7b55bf9f82f9f2903fb66a14e,org/logicng/io/graphical/GraphicalEdgeTest.java,60,5,6,22,0.4,24,5,4,0,0,0,0,0,0,0,0,0,0,0,0,4,0,0,0,4,0,0,False
166,logic-ng/logicng,38e007c1794193a7b55bf9f82f9f2903fb66a14e,org/logicng/io/graphical/GraphicalNodeTest.java,64,9,10,42,0.38,24,9,8,0,0,0,0,0,0,0,0,0,0,0,0,8,0,0,0,8,0,0,False
167,logic-ng/logicng,38e007c1794193a7b55bf9f82f9f2903fb66a14e,org/logicng/io/parsers/PropositionalParserTest.java,149,29,38,55,0.48,71,29,9,0,0,0,0,9,0,0,0,0,1,0,0,1,0,0,0,29,0,0,False
168,logic-ng/logicng,38e007c1794193a7b55bf9f82f9f2903fb66a14e,org/logicng/io/parsers/PseudoBooleanParserTest.java,171,30,42,77,0.53,91,30,12,0,0,0,0,12,0,0,0,0,1,0,0,2,0,0,0,30,0,0,False
169,logic-ng/logicng,38e007c1794193a7b55bf9f82f9f2903fb66a14e,org/logicng/io/readers/DimacsReaderTest.java,9,1,1,0,0.0,0,1,0,0,0,0,0,0,0,1,0,0,0,0,0,0,0,0,1,1,0,0,False
170,logic-ng/logicng,38e007c1794193a7b55bf9f82f9f2903fb66a14e,org/logicng/io/writers/FormulaDimacsFileWriterTest.java,67,7,17,21,0.09,6,7,0,0,0,0,0,4,0,0,0,0,0,0,0,0,4,1,0,5,0,0,False
171,logic-ng/logicng,38e007c1794193a7b55bf9f82f9f2903fb66a14e,org/logicng/knowledgecompilation/bdds/datastructures/BDDNodeTest.java,66,4,4,35,0.47,31,4,4,0,0,0,0,0,0,0,0,0,0,0,0,1,0,0,0,4,0,0,False
172,logic-ng/logicng,38e007c1794193a7b55bf9f82f9f2903fb66a14e,org/logicng/knowledgecompilation/bdds/BDDOperationsTest.java,256,16,29,85,0.63,161,16,12,1,0,0,0,5,0,0,0,0,0,0,0,0,1,0,0,13,0,0,False
173,logic-ng/logicng,38e007c1794193a7b55bf9f82f9f2903fb66a14e,org/logicng/knowledgecompilation/bdds/jbuddy/BDDPrimeTest.java,6,1,1,3,0.33,2,1,1,0,0,0,0,0,0,0,0,0,0,0,0,0,0,0,0,1,0,0,False
174,logic-ng/logicng,38e007c1794193a7b55bf9f82f9f2903fb66a14e,org/logicng/knowledgecompilation/bdds/BDDReorderingTest.java,192,16,38,81,0.04,8,16,3,0,0,0,0,2,0,0,0,0,0,0,0,2,4,2,0,7,0,0,False
175,logic-ng/logicng,38e007c1794193a7b55bf9f82f9f2903fb66a14e,org/logicng/knowledgecompilation/bdds/orderings/BFSOrderingTest.java,27,2,5,11,0.37,10,2,1,0,0,0,0,2,0,0,0,0,0,0,0,0,0,0,0,2,0,0,False
176,logic-ng/logicng,38e007c1794193a7b55bf9f82f9f2903fb66a14e,org/logicng/knowledgecompilation/bdds/orderings/DFSOrderingTest.java,27,2,5,11,0.37,10,2,1,0,0,0,0,2,0,0,0,0,0,0,0,0,0,0,0,2,0,0,False
177,logic-ng/logicng,38e007c1794193a7b55bf9f82f9f2903fb66a14e,org/logicng/knowledgecompilation/bdds/orderings/ForceOrderingTest.java,33,3,9,17,0.21,7,3,1,0,0,0,0,3,0,0,0,0,0,0,0,0,0,0,0,3,0,0,False
178,logic-ng/logicng,38e007c1794193a7b55bf9f82f9f2903fb66a14e,org/logicng/knowledgecompilation/dnnf/datastructures/dtree/DTreeNodeTest.java,11,1,2,4,0.09,1,1,0,0,0,0,0,1,0,0,0,0,1,0,0,0,0,0,0,1,0,0,False
179,logic-ng/logicng,38e007c1794193a7b55bf9f82f9f2903fb66a14e,org/logicng/knowledgecompilation/dnnf/DnnfCompilerTest.java,95,7,21,38,0.03,3,7,0,1,0,0,0,5,0,0,0,0,0,0,0,0,3,1,0,5,0,0,False
180,logic-ng/logicng,38e007c1794193a7b55bf9f82f9f2903fb66a14e,org/logicng/LogicNGVersionTest.java,15,4,4,0,0.0,0,4,4,0,0,0,0,0,0,0,0,0,0,0,0,4,0,0,0,4,0,0,False
181,logic-ng/logicng,38e007c1794193a7b55bf9f82f9f2903fb66a14e,org/logicng/modelcounting/ModelCounterTest.java,76,14,22,53,0.17,13,14,6,4,0,0,0,3,0,0,0,0,0,0,0,1,1,1,0,10,0,0,False
182,logic-ng/logicng,38e007c1794193a7b55bf9f82f9f2903fb66a14e,org/logicng/np/SetCoverTest.java,31,2,2,16,0.19,6,2,1,0,0,0,0,0,0,0,0,0,0,0,0,1,0,0,0,2,0,0,False
183,logic-ng/logicng,38e007c1794193a7b55bf9f82f9f2903fb66a14e,org/logicng/predicates/CNFPredicateTest.java,30,3,3,10,0.53,16,3,1,0,0,0,0,0,0,0,0,0,1,0,0,0,0,0,0,3,0,0,False
184,logic-ng/logicng,38e007c1794193a7b55bf9f82f9f2903fb66a14e,org/logicng/predicates/ContainsPBCPredicateTest.java,44,6,9,30,0.43,19,6,4,1,0,0,0,2,0,0,0,0,1,0,0,0,0,0,0,6,0,0,False
185,logic-ng/logicng,38e007c1794193a7b55bf9f82f9f2903fb66a14e,org/logicng/predicates/DNFPredicateTest.java,28,2,2,10,0.57,16,2,1,0,0,0,0,0,0,0,0,0,1,0,0,0,0,0,0,2,0,0,False
186,logic-ng/logicng,38e007c1794193a7b55bf9f82f9f2903fb66a14e,org/logicng/predicates/EvaluatesToConstantPredicateTest.java,432,22,34,94,0.83,360,21,21,2,1,0,0,12,0,0,0,0,0,0,0,1,0,0,0,21,0,0,False
187,logic-ng/logicng,38e007c1794193a7b55bf9f82f9f2903fb66a14e,org/logicng/predicates/NNFPredicateTest.java,32,2,2,11,0.63,20,2,1,0,0,0,0,0,0,0,0,0,1,0,0,0,0,0,0,2,0,0,False
188,logic-ng/logicng,38e007c1794193a7b55bf9f82f9f2903fb66a14e,org/logicng/predicates/TermPredicateTest.java,47,3,3,17,0.68,32,3,3,0,0,0,0,0,0,0,0,0,1,0,0,0,0,0,0,3,0,0,False
189,logic-ng/logicng,38e007c1794193a7b55bf9f82f9f2903fb66a14e,org/logicng/primecomputation/PrimeCompilerTest.java,118,12,33,65,0.09,11,12,0,4,0,0,0,4,0,0,0,0,1,0,0,0,6,1,0,7,0,0,False
190,logic-ng/logicng,38e007c1794193a7b55bf9f82f9f2903fb66a14e,org/logicng/primecomputation/PrimeResultTest.java,75,5,5,28,0.36,27,4,3,0,1,0,0,0,0,0,0,0,1,0,0,0,0,0,0,4,0,0,False
191,logic-ng/logicng,38e007c1794193a7b55bf9f82f9f2903fb66a14e,org/logicng/propositions/ExtendedPropositionTest.java,56,5,11,18,0.25,14,4,4,0,1,0,0,3,0,0,0,0,1,0,0,0,0,0,0,4,0,0,False
192,logic-ng/logicng,38e007c1794193a7b55bf9f82f9f2903fb66a14e,org/logicng/propositions/StandardPropositionTest.java,43,5,11,18,0.35,15,4,4,0,1,0,0,3,0,0,0,0,1,0,0,0,0,0,0,4,0,0,False
193,logic-ng/logicng,38e007c1794193a7b55bf9f82f9f2903fb66a14e,org/logicng/pseudobooleans/PBEncoderTest.java,66,9,13,30,0.11,7,8,1,4,1,0,0,1,0,0,0,0,1,0,0,0,1,1,0,7,0,0,False
194,logic-ng/logicng,38e007c1794193a7b55bf9f82f9f2903fb66a14e,org/logicng/solvers/datastructures/LNGHeapTest.java,23,1,1,10,0.22,5,1,1,0,0,0,0,0,0,0,0,0,1,0,0,1,0,0,0,1,0,0,False
195,logic-ng/logicng,38e007c1794193a7b55bf9f82f9f2903fb66a14e,org/logicng/solvers/functions/BackboneFunctionTest.java,276,12,41,159,0.25,68,12,8,6,0,0,0,8,0,0,0,0,0,0,0,8,0,0,0,9,0,0,False
196,logic-ng/logicng,38e007c1794193a7b55bf9f82f9f2903fb66a14e,org/logicng/solvers/functions/ModelEnumerationFunctionTest.java,19,3,5,10,0.05,1,2,1,0,1,0,0,2,0,0,0,0,0,0,0,1,0,0,0,2,0,0,False
197,logic-ng/logicng,38e007c1794193a7b55bf9f82f9f2903fb66a14e,org/logicng/solvers/functions/OptimizationFunctionTest.java,284,23,63,200,0.14,39,23,6,5,0,0,0,11,0,0,0,0,0,0,0,1,8,3,0,14,0,0,False
198,logic-ng/logicng,38e007c1794193a7b55bf9f82f9f2903fb66a14e,org/logicng/solvers/functions/UnsatCoreFunctionTest.java,9,1,1,0,0.0,0,1,1,0,0,0,0,0,0,0,0,0,0,0,0,0,0,0,0,1,0,0,False
199,logic-ng/logicng,38e007c1794193a7b55bf9f82f9f2903fb66a14e,org/logicng/solvers/sat/MiniSatTest.java,86,9,13,45,0.36,31,9,5,0,0,0,0,1,0,0,0,0,1,0,0,1,0,0,0,7,0,0,False
200,logic-ng/logicng,38e007c1794193a7b55bf9f82f9f2903fb66a14e,org/logicng/solvers/sat/GlucoseSyrupTest.java,33,6,11,9,0.03,1,6,0,0,0,0,0,0,0,0,0,0,1,0,0,0,0,0,0,3,0,0,False
201,logic-ng/logicng,38e007c1794193a7b55bf9f82f9f2903fb66a14e,org/logicng/solvers/sat/MiniCardTest.java,84,8,12,32,0.18,15,8,3,0,0,0,0,0,0,0,0,0,1,0,0,1,0,0,0,6,0,0,False
202,logic-ng/logicng,38e007c1794193a7b55bf9f82f9f2903fb66a14e,org/logicng/transformations/AnonymizerTest.java,77,5,15,23,0.49,38,5,5,0,0,0,0,5,0,0,0,0,0,0,0,2,0,0,0,5,0,0,False
203,logic-ng/logicng,38e007c1794193a7b55bf9f82f9f2903fb66a14e,org/logicng/transformations/FormulaFactoryImporterTest.java,187,12,17,114,0.67,126,12,10,0,0,0,0,1,0,0,0,0,0,0,0,0,0,0,0,10,0,0,False
204,logic-ng/logicng,38e007c1794193a7b55bf9f82f9f2903fb66a14e,org/logicng/transformations/LiteralSubstitutionTest.java,42,5,14,19,0.4,17,5,3,0,0,0,0,4,0,0,0,0,0,0,0,0,0,0,0,4,0,0,False
205,logic-ng/logicng,38e007c1794193a7b55bf9f82f9f2903fb66a14e,org/logicng/transformations/PureExpansionTransformationTest.java,107,13,37,44,0.35,37,13,6,2,0,0,0,4,0,0,0,0,1,0,0,1,2,0,0,10,0,0,False
206,logic-ng/logicng,38e007c1794193a7b55bf9f82f9f2903fb66a14e,org/logicng/transformations/UnitPropagationTest.java,31,4,9,15,0.45,14,4,4,0,0,0,0,1,0,0,0,0,0,0,0,0,0,0,0,4,0,0,False
207,logic-ng/logicng,38e007c1794193a7b55bf9f82f9f2903fb66a14e,org/logicng/transformations/cnf/CanonicalCNFEnumerationTest.java,54,6,13,30,0.31,17,6,1,2,0,0,0,1,0,0,0,0,1,0,0,0,2,1,0,4,0,0,False
208,logic-ng/logicng,38e007c1794193a7b55bf9f82f9f2903fb66a14e,org/logicng/transformations/cnf/CNFEncoderTest.java,157,13,27,106,0.22,35,13,11,0,0,0,0,10,0,0,0,0,1,0,0,3,0,0,0,12,0,0,False
209,logic-ng/logicng,38e007c1794193a7b55bf9f82f9f2903fb66a14e,org/logicng/transformations/cnf/CNFSubsumptionTest.java,41,4,8,16,0.46,19,4,3,0,0,0,0,3,0,0,0,0,0,0,0,1,0,0,0,4,0,0,False
210,logic-ng/logicng,38e007c1794193a7b55bf9f82f9f2903fb66a14e,org/logicng/transformations/cnf/PlaistedGreenbaumTransformationSolverTest.java,41,5,10,11,0.02,1,5,1,2,0,0,0,1,0,0,0,0,0,0,0,1,1,0,0,3,0,0,False
211,logic-ng/logicng,38e007c1794193a7b55bf9f82f9f2903fb66a14e,org/logicng/transformations/dnf/CanonicalDNFEnumerationTest.java,54,6,13,30,0.31,17,6,1,2,0,0,0,1,0,0,0,0,1,0,0,0,2,1,0,4,0,0,False
212,logic-ng/logicng,38e007c1794193a7b55bf9f82f9f2903fb66a14e,org/logicng/transformations/dnf/DNFFactorizationTest.java,105,12,29,45,0.43,45,8,8,0,0,0,0,5,0,0,0,0,1,0,0,2,0,0,0,8,0,0,False
213,logic-ng/logicng,38e007c1794193a7b55bf9f82f9f2903fb66a14e,org/logicng/transformations/dnf/DNFSubsumptionTest.java,48,4,10,16,0.4,19,4,3,1,0,0,0,3,0,0,0,0,0,0,0,1,0,0,0,4,0,0,False
214,logic-ng/logicng,38e007c1794193a7b55bf9f82f9f2903fb66a14e,org/logicng/transformations/qmc/TermTest.java,80,3,7,21,0.21,17,3,3,0,0,0,0,1,0,0,0,0,1,0,0,0,0,0,0,3,0,0,False
215,logic-ng/logicng,38e007c1794193a7b55bf9f82f9f2903fb66a14e,org/logicng/transformations/qmc/TermTableTest.java,47,4,8,19,0.26,12,4,2,0,0,0,0,0,0,0,0,0,1,0,0,1,0,0,0,3,0,0,False
216,logic-ng/logicng,38e007c1794193a7b55bf9f82f9f2903fb66a14e,org/logicng/transformations/simplification/AdvancedSimplifierTest.java,84,11,31,56,0.12,10,11,2,5,0,0,0,5,0,0,0,0,1,0,0,0,7,1,0,9,0,0,False
217,logic-ng/logicng,38e007c1794193a7b55bf9f82f9f2903fb66a14e,org/logicng/transformations/simplification/BackboneSimplifierTest.java,27,2,8,8,0.41,11,2,2,0,0,0,0,2,0,0,0,0,0,0,0,0,0,0,0,2,0,0,False
218,logic-ng/logicng,38e007c1794193a7b55bf9f82f9f2903fb66a14e,org/logicng/transformations/simplification/DistributiveSimplifierTest.java,52,6,20,25,0.5,26,6,6,0,0,0,0,2,0,0,0,0,0,0,0,0,0,0,0,6,0,0,False
219,logic-ng/logicng,38e007c1794193a7b55bf9f82f9f2903fb66a14e,org/logicng/util/CollectionHelperTest.java,60,6,7,16,0.6,36,6,6,0,0,0,0,0,0,0,0,0,0,0,0,1,0,0,0,6,0,0,False
220,logic-ng/logicng,38e007c1794193a7b55bf9f82f9f2903fb66a14e,org/logicng/util/ComparablePairTest.java,42,5,5,18,0.52,22,5,5,0,0,0,0,0,0,0,0,0,1,0,0,0,0,0,0,5,0,0,False
221,logic-ng/logicng,38e007c1794193a7b55bf9f82f9f2903fb66a14e,org/logicng/util/FormulaHelperTest.java,67,9,9,35,0.63,42,9,9,0,0,0,0,0,0,0,0,0,0,0,0,0,0,0,0,9,0,0,False
222,logic-ng/logicng,38e007c1794193a7b55bf9f82f9f2903fb66a14e,org/logicng/util/FormulaRandomizerTest.java,414,22,60,281,0.21,86,22,19,20,0,0,0,0,0,0,0,0,0,0,0,1,0,0,0,20,0,0,False
223,logic-ng/logicng,38e007c1794193a7b55bf9f82f9f2903fb66a14e,org/logicng/util/PairTest.java,36,4,4,14,0.5,18,4,4,0,0,0,0,0,0,0,0,0,1,0,0,0,0,0,0,4,0,0,False
224,logic-ng/logicng,3e2dfe7d1f789a50a7bd0c68111139565b95665b,org/logicng/backbones/BackboneTest.java,78,6,8,39,0.35,27,6,4,0,0,0,0,1,0,0,0,0,1,0,0,2,0,0,0,5,0,0,False
225,logic-ng/logicng,3e2dfe7d1f789a50a7bd0c68111139565b95665b,org/logicng/backbones/BackboneGenerationTest.java,224,9,27,100,0.22,49,9,4,2,0,0,0,4,0,0,0,0,0,0,0,2,0,0,0,8,0,0,False
226,logic-ng/logicng,3e2dfe7d1f789a50a7bd0c68111139565b95665b,org/logicng/collections/LNGBooleanVectorTest.java,173,11,22,75,0.34,59,11,10,9,0,0,0,0,0,0,0,0,1,0,0,7,0,0,0,11,0,0,False
227,logic-ng/logicng,3e2dfe7d1f789a50a7bd0c68111139565b95665b,org/logicng/collections/LNGByteVectorTest.java,198,12,25,84,0.29,57,12,11,11,0,0,0,0,0,0,0,0,1,0,0,6,0,0,0,12,0,0,False
228,logic-ng/logicng,3e2dfe7d1f789a50a7bd0c68111139565b95665b,org/logicng/collections/LNGDoublePriorityQueueTest.java,107,6,6,35,0.4,43,6,5,0,0,0,0,0,0,0,0,0,1,0,0,3,0,0,0,6,0,0,False
229,logic-ng/logicng,3e2dfe7d1f789a50a7bd0c68111139565b95665b,org/logicng/collections/LNGDoubleVectorTest.java,195,12,25,83,0.29,56,12,11,11,0,0,0,0,0,0,0,0,1,0,0,6,0,0,0,12,0,0,False
230,logic-ng/logicng,3e2dfe7d1f789a50a7bd0c68111139565b95665b,org/logicng/collections/LNGIntVectorTest.java,195,12,25,83,0.29,56,12,11,11,0,0,0,0,0,0,0,0,1,0,0,6,0,0,0,12,0,0,False
231,logic-ng/logicng,3e2dfe7d1f789a50a7bd0c68111139565b95665b,org/logicng/collections/LNGLongPriorityQueueTest.java,86,5,5,28,0.42,36,5,4,0,0,0,0,0,0,0,0,0,1,0,0,3,0,0,0,5,0,0,False
232,logic-ng/logicng,3e2dfe7d1f789a50a7bd0c68111139565b95665b,org/logicng/collections/LNGLongVectorTest.java,198,12,25,84,0.29,57,12,11,11,0,0,0,0,0,0,0,0,1,0,0,6,0,0,0,12,0,0,False
233,logic-ng/logicng,3e2dfe7d1f789a50a7bd0c68111139565b95665b,org/logicng/collections/LNGVectorTest.java,342,22,42,135,0.29,100,21,19,20,1,0,0,0,0,0,0,0,2,0,0,9,0,0,0,21,0,0,False
234,logic-ng/logicng,3e2dfe7d1f789a50a7bd0c68111139565b95665b,org/logicng/datastructures/AssignmentTest.java,163,14,18,88,0.47,77,14,13,0,0,0,0,2,0,0,0,0,1,0,0,6,0,0,0,14,0,0,False
235,logic-ng/logicng,3e2dfe7d1f789a50a7bd0c68111139565b95665b,org/logicng/formulas/SubstitutionTest.java,153,16,20,70,0.36,55,15,12,0,1,0,0,4,0,0,0,0,1,0,0,4,0,0,0,15,0,0,False
236,logic-ng/logicng,3e2dfe7d1f789a50a7bd0c68111139565b95665b,org/logicng/datastructures/ubtrees/UBNodeTest.java,33,4,4,14,0.27,9,3,2,0,1,0,0,0,0,0,0,0,1,0,0,1,0,0,0,3,0,0,False
237,logic-ng/logicng,3e2dfe7d1f789a50a7bd0c68111139565b95665b,org/logicng/datastructures/ubtrees/UBTreeTest.java,201,8,9,57,0.62,125,8,6,0,0,0,0,0,0,0,0,0,0,0,0,1,0,0,0,7,0,0,False
238,logic-ng/logicng,3e2dfe7d1f789a50a7bd0c68111139565b95665b,org/logicng/explanations/mus/MUSConfigTest.java,12,1,2,11,0.17,2,1,1,0,0,0,0,0,0,0,0,0,1,0,0,0,0,0,0,1,0,0,False
239,logic-ng/logicng,3e2dfe7d1f789a50a7bd0c68111139565b95665b,org/logicng/explanations/mus/MUSGenerationTest.java,114,12,24,32,0.05,6,11,2,2,1,0,0,2,0,0,0,0,1,0,0,0,2,1,0,8,0,0,False
240,logic-ng/logicng,3e2dfe7d1f789a50a7bd0c68111139565b95665b,org/logicng/explanations/smus/SmusComputationTest.java,96,16,38,82,0.14,13,16,0,3,0,0,0,15,0,0,0,0,0,0,0,0,5,1,0,15,0,0,False
241,logic-ng/logicng,3e2dfe7d1f789a50a7bd0c68111139565b95665b,org/logicng/explanations/UNSATCoreTest.java,54,5,7,19,0.3,16,4,4,0,1,0,0,0,0,0,0,0,1,0,0,1,0,0,0,4,0,0,False
242,logic-ng/logicng,3e2dfe7d1f789a50a7bd0c68111139565b95665b,org/logicng/formulas/AndTest.java,144,20,25,93,0.56,81,20,17,0,0,0,0,2,0,0,0,0,1,0,0,4,0,0,0,20,0,0,False
243,logic-ng/logicng,3e2dfe7d1f789a50a7bd0c68111139565b95665b,org/logicng/formulas/CFalseTest.java,63,18,19,62,0.32,20,18,2,0,0,0,0,0,0,0,0,0,1,0,0,0,0,0,0,18,0,0,False
244,logic-ng/logicng,3e2dfe7d1f789a50a7bd0c68111139565b95665b,org/logicng/formulas/CTrueTest.java,64,18,19,62,0.33,21,18,3,0,0,0,0,0,0,0,0,0,1,0,0,1,0,0,0,18,0,0,False
245,logic-ng/logicng,3e2dfe7d1f789a50a7bd0c68111139565b95665b,org/logicng/formulas/EquivalenceTest.java,136,20,23,81,0.57,77,20,19,0,0,0,0,1,0,0,0,0,1,0,0,4,0,0,0,20,0,0,False
246,logic-ng/logicng,3e2dfe7d1f789a50a7bd0c68111139565b95665b,org/logicng/formulas/ExtendedFormulaFactoryTest.java,219,13,23,82,0.25,55,13,7,1,0,0,0,1,0,0,0,0,0,0,0,5,2,1,0,11,0,0,False
247,logic-ng/logicng,3e2dfe7d1f789a50a7bd0c68111139565b95665b,org/logicng/formulas/FormulaTest.java,122,14,26,81,0.37,45,12,11,0,0,0,0,6,0,0,0,0,0,0,0,0,0,0,0,12,0,0,False
248,logic-ng/logicng,3e2dfe7d1f789a50a7bd0c68111139565b95665b,org/logicng/formulas/FormulaFactoryTest.java,184,9,13,96,0.48,89,9,6,1,0,0,0,1,0,0,0,0,2,0,0,2,0,0,0,9,0,0,False
249,logic-ng/logicng,3e2dfe7d1f789a50a7bd0c68111139565b95665b,org/logicng/formulas/ImplicationTest.java,131,21,24,80,0.54,71,21,19,0,0,0,0,1,0,0,0,0,1,0,0,5,0,0,0,21,0,0,False
250,logic-ng/logicng,3e2dfe7d1f789a50a7bd0c68111139565b95665b,org/logicng/formulas/LiteralTest.java,119,23,24,85,0.52,62,23,22,0,0,0,0,0,0,0,0,0,1,0,0,2,1,0,0,23,0,0,False
251,logic-ng/logicng,3e2dfe7d1f789a50a7bd0c68111139565b95665b,org/logicng/formulas/NotTest.java,107,19,22,76,0.5,54,19,18,0,0,0,0,1,0,0,0,0,1,0,0,4,0,0,0,19,0,0,False
252,logic-ng/logicng,3e2dfe7d1f789a50a7bd0c68111139565b95665b,org/logicng/formulas/OrTest.java,139,19,24,88,0.58,80,19,17,0,0,0,0,2,0,0,0,0,1,0,0,4,0,0,0,19,0,0,False
253,logic-ng/logicng,3e2dfe7d1f789a50a7bd0c68111139565b95665b,org/logicng/formulas/PBConstraintTest.java,619,36,39,207,0.61,376,35,33,0,1,0,0,0,0,0,0,0,5,0,0,6,0,0,0,35,0,0,False
254,logic-ng/logicng,3e2dfe7d1f789a50a7bd0c68111139565b95665b,org/logicng/formulas/printer/DefaultStringRepresentationTest.java,48,3,3,18,0.71,34,3,1,0,0,0,0,0,0,0,0,0,2,0,0,0,0,0,0,3,0,0,False
255,logic-ng/logicng,3e2dfe7d1f789a50a7bd0c68111139565b95665b,org/logicng/formulas/printer/LatexStringRepresentationTest.java,46,3,3,15,0.67,31,3,2,0,0,0,0,0,0,0,0,0,2,0,0,0,0,0,0,3,0,0,False
256,logic-ng/logicng,3e2dfe7d1f789a50a7bd0c68111139565b95665b,org/logicng/formulas/printer/SortedStringRepresentationTest.java,61,4,4,22,0.69,42,4,2,0,0,0,0,0,0,0,0,0,2,0,0,2,0,0,0,4,0,0,False
257,logic-ng/logicng,3e2dfe7d1f789a50a7bd0c68111139565b95665b,org/logicng/formulas/printer/UTF8StringRepresentationTest.java,46,3,3,15,0.67,31,3,2,0,0,0,0,0,0,0,0,0,2,0,0,0,0,0,0,3,0,0,False
258,logic-ng/logicng,3e2dfe7d1f789a50a7bd0c68111139565b95665b,org/logicng/functions/FormulaDepthFunctionTest.java,54,4,7,24,0.57,31,4,3,1,0,0,0,1,0,0,0,0,0,0,0,1,0,0,0,4,0,0,False
259,logic-ng/logicng,3e2dfe7d1f789a50a7bd0c68111139565b95665b,org/logicng/graphs/algorithms/BronKerboschTest.java,44,1,4,14,0.16,7,1,1,1,0,0,0,1,0,0,0,0,0,0,0,1,0,0,0,1,0,0,False
260,logic-ng/logicng,3e2dfe7d1f789a50a7bd0c68111139565b95665b,org/logicng/graphs/datastructures/GraphTest.java,71,5,8,39,0.27,19,5,4,0,0,0,0,0,0,0,0,0,1,0,0,1,0,0,0,4,0,0,False
261,logic-ng/logicng,3e2dfe7d1f789a50a7bd0c68111139565b95665b,org/logicng/graphs/datastructures/HypergraphTest.java,34,2,2,12,0.21,7,2,1,0,0,0,0,0,0,0,0,0,1,0,0,1,0,0,0,2,0,0,False
262,logic-ng/logicng,3e2dfe7d1f789a50a7bd0c68111139565b95665b,org/logicng/graphs/datastructures/HypergraphEdgeTest.java,51,4,6,20,0.22,11,4,2,0,0,0,0,2,0,0,0,0,0,0,0,2,0,0,0,4,0,0,False
263,logic-ng/logicng,3e2dfe7d1f789a50a7bd0c68111139565b95665b,org/logicng/graphs/datastructures/HypergraphNodeTest.java,30,2,2,12,0.37,11,2,2,0,0,0,0,0,0,0,0,0,0,0,0,1,0,0,0,2,0,0,False
264,logic-ng/logicng,3e2dfe7d1f789a50a7bd0c68111139565b95665b,org/logicng/graphs/generators/ConstraintGraphGeneratorTest.java,75,5,13,45,0.11,8,5,1,1,0,0,0,5,0,0,0,0,3,0,0,1,0,0,0,5,0,0,False
265,logic-ng/logicng,3e2dfe7d1f789a50a7bd0c68111139565b95665b,org/logicng/graphs/generators/HypergraphGeneratorTest.java,83,3,8,26,0.28,23,3,2,0,0,0,0,3,0,0,0,0,0,0,0,2,0,0,0,3,0,0,False
266,logic-ng/logicng,3e2dfe7d1f789a50a7bd0c68111139565b95665b,org/logicng/graphs/io/GraphDimacsFileWriterTest.java,55,6,16,19,0.13,7,6,0,1,0,0,0,3,0,0,0,0,0,0,0,0,3,1,0,3,0,0,False
267,logic-ng/logicng,3e2dfe7d1f789a50a7bd0c68111139565b95665b,org/logicng/handlers/NumberOfNodesBDDHandlerTest.java,9,1,1,0,0.0,0,1,0,0,0,0,0,0,0,0,0,0,0,0,0,0,0,0,0,1,0,0,False
268,logic-ng/logicng,3e2dfe7d1f789a50a7bd0c68111139565b95665b,org/logicng/handlers/TimeoutBDDHandlerTest.java,44,6,14,31,0.14,6,6,3,0,0,0,0,3,0,0,0,0,0,0,1,1,1,0,0,5,0,0,False
269,logic-ng/logicng,3e2dfe7d1f789a50a7bd0c68111139565b95665b,org/logicng/handlers/TimeoutMaxSATHandlerTest.java,41,7,15,32,0.1,4,7,4,4,0,0,0,5,0,0,0,0,0,0,2,2,1,0,0,6,0,0,False
270,logic-ng/logicng,3e2dfe7d1f789a50a7bd0c68111139565b95665b,org/logicng/handlers/TimeoutModelEnumerationHandlerTest.java,60,6,13,49,0.1,6,6,3,4,0,0,0,2,0,0,0,0,0,0,1,1,2,0,0,5,0,0,False
271,logic-ng/logicng,3e2dfe7d1f789a50a7bd0c68111139565b95665b,org/logicng/handlers/TimeoutOptimizationHandlerTest.java,46,5,14,45,0.04,2,5,1,3,0,0,0,4,0,0,0,0,0,0,1,1,1,0,0,4,0,0,False
272,logic-ng/logicng,3e2dfe7d1f789a50a7bd0c68111139565b95665b,org/logicng/handlers/TimeoutSATHandlerTest.java,55,6,13,37,0.11,6,6,3,4,0,0,0,2,0,0,0,0,0,0,1,1,1,0,0,5,0,0,False
273,logic-ng/logicng,3e2dfe7d1f789a50a7bd0c68111139565b95665b,org/logicng/io/graphical/generators/BddGraphicalGeneratorTest.java,117,4,11,39,0.01,1,4,0,0,0,0,0,3,0,0,0,0,0,0,0,0,3,1,0,3,0,0,False
274,logic-ng/logicng,3e2dfe7d1f789a50a7bd0c68111139565b95665b,org/logicng/io/graphical/generators/FormulaAstGraphicalGeneratorTest.java,61,10,21,34,0.03,2,10,0,2,0,0,0,8,0,0,0,0,0,0,0,0,8,1,0,8,0,0,False
275,logic-ng/logicng,3e2dfe7d1f789a50a7bd0c68111139565b95665b,org/logicng/io/graphical/generators/FormulaDagGraphicalGeneratorTest.java,59,9,19,34,0.03,2,9,0,2,0,0,0,7,0,0,0,0,0,0,0,0,7,1,0,7,0,0,False
276,logic-ng/logicng,3e2dfe7d1f789a50a7bd0c68111139565b95665b,org/logicng/io/graphical/generators/GraphGraphicalGeneratorTest.java,45,6,13,32,0.04,2,6,0,2,0,0,0,5,0,0,0,0,0,0,0,0,5,1,0,5,0,0,False
277,logic-ng/logicng,3e2dfe7d1f789a50a7bd0c68111139565b95665b,org/logicng/io/graphical/GraphicalEdgeTest.java,60,5,6,22,0.4,24,5,4,0,0,0,0,0,0,0,0,0,0,0,0,4,0,0,0,4,0,0,False
278,logic-ng/logicng,3e2dfe7d1f789a50a7bd0c68111139565b95665b,org/logicng/io/graphical/GraphicalNodeTest.java,64,9,10,42,0.38,24,9,8,0,0,0,0,0,0,0,0,0,0,0,0,8,0,0,0,8,0,0,False
279,logic-ng/logicng,3e2dfe7d1f789a50a7bd0c68111139565b95665b,org/logicng/io/parsers/PropositionalParserTest.java,142,29,38,55,0.45,64,29,9,0,0,0,0,9,0,0,0,0,1,0,0,0,0,0,0,29,0,0,False
280,logic-ng/logicng,3e2dfe7d1f789a50a7bd0c68111139565b95665b,org/logicng/io/parsers/PseudoBooleanParserTest.java,164,30,42,77,0.51,84,30,12,0,0,0,0,12,0,0,0,0,1,0,0,1,0,0,0,30,0,0,False
281,logic-ng/logicng,3e2dfe7d1f789a50a7bd0c68111139565b95665b,org/logicng/io/readers/DimacsReaderTest.java,9,1,1,0,0.0,0,1,0,0,0,0,0,0,0,1,0,0,0,0,0,0,0,0,1,1,0,0,False
282,logic-ng/logicng,3e2dfe7d1f789a50a7bd0c68111139565b95665b,org/logicng/io/writers/FormulaDimacsFileWriterTest.java,67,7,17,21,0.09,6,7,0,0,0,0,0,4,0,0,0,0,0,0,0,0,4,1,0,5,0,0,False
283,logic-ng/logicng,3e2dfe7d1f789a50a7bd0c68111139565b95665b,org/logicng/knowledgecompilation/bdds/datastructures/BDDNodeTest.java,66,4,4,35,0.47,31,4,4,0,0,0,0,0,0,0,0,0,0,0,0,1,0,0,0,4,0,0,False
284,logic-ng/logicng,3e2dfe7d1f789a50a7bd0c68111139565b95665b,org/logicng/knowledgecompilation/bdds/BDDOperationsTest.java,256,16,29,85,0.63,161,16,12,1,0,0,0,5,0,0,0,0,0,0,0,0,1,0,0,13,0,0,False
285,logic-ng/logicng,3e2dfe7d1f789a50a7bd0c68111139565b95665b,org/logicng/knowledgecompilation/bdds/jbuddy/BDDPrimeTest.java,6,1,1,3,0.33,2,1,1,0,0,0,0,0,0,0,0,0,0,0,0,0,0,0,0,1,0,0,False
286,logic-ng/logicng,3e2dfe7d1f789a50a7bd0c68111139565b95665b,org/logicng/knowledgecompilation/bdds/BDDReorderingTest.java,192,16,38,81,0.04,8,16,3,0,0,0,0,2,0,0,0,0,0,0,0,2,4,2,0,7,0,0,False
287,logic-ng/logicng,3e2dfe7d1f789a50a7bd0c68111139565b95665b,org/logicng/knowledgecompilation/bdds/orderings/BFSOrderingTest.java,27,2,5,11,0.37,10,2,1,0,0,0,0,2,0,0,0,0,0,0,0,0,0,0,0,2,0,0,False
288,logic-ng/logicng,3e2dfe7d1f789a50a7bd0c68111139565b95665b,org/logicng/knowledgecompilation/bdds/orderings/DFSOrderingTest.java,27,2,5,11,0.37,10,2,1,0,0,0,0,2,0,0,0,0,0,0,0,0,0,0,0,2,0,0,False
289,logic-ng/logicng,3e2dfe7d1f789a50a7bd0c68111139565b95665b,org/logicng/knowledgecompilation/bdds/orderings/ForceOrderingTest.java,33,3,9,17,0.21,7,3,1,0,0,0,0,3,0,0,0,0,0,0,0,0,0,0,0,3,0,0,False
290,logic-ng/logicng,3e2dfe7d1f789a50a7bd0c68111139565b95665b,org/logicng/knowledgecompilation/dnnf/datastructures/dtree/DTreeNodeTest.java,11,1,2,4,0.09,1,1,0,0,0,0,0,1,0,0,0,0,1,0,0,0,0,0,0,1,0,0,False
291,logic-ng/logicng,3e2dfe7d1f789a50a7bd0c68111139565b95665b,org/logicng/knowledgecompilation/dnnf/DnnfCompilerTest.java,95,7,21,38,0.03,3,7,0,1,0,0,0,5,0,0,0,0,0,0,0,0,3,1,0,5,0,0,False
292,logic-ng/logicng,3e2dfe7d1f789a50a7bd0c68111139565b95665b,org/logicng/LogicNGVersionTest.java,15,4,4,0,0.0,0,4,4,0,0,0,0,0,0,0,0,0,0,0,0,4,0,0,0,4,0,0,False
293,logic-ng/logicng,3e2dfe7d1f789a50a7bd0c68111139565b95665b,org/logicng/modelcounting/ModelCounterTest.java,76,14,22,53,0.17,13,14,6,4,0,0,0,3,0,0,0,0,0,0,0,1,1,1,0,10,0,0,False
294,logic-ng/logicng,3e2dfe7d1f789a50a7bd0c68111139565b95665b,org/logicng/np/SetCoverTest.java,31,2,2,16,0.19,6,2,1,0,0,0,0,0,0,0,0,0,0,0,0,1,0,0,0,2,0,0,False
295,logic-ng/logicng,3e2dfe7d1f789a50a7bd0c68111139565b95665b,org/logicng/predicates/CNFPredicateTest.java,30,3,3,10,0.53,16,3,1,0,0,0,0,0,0,0,0,0,1,0,0,0,0,0,0,3,0,0,False
296,logic-ng/logicng,3e2dfe7d1f789a50a7bd0c68111139565b95665b,org/logicng/predicates/ContainsPBCPredicateTest.java,44,6,9,30,0.43,19,6,4,1,0,0,0,2,0,0,0,0,1,0,0,0,0,0,0,6,0,0,False
297,logic-ng/logicng,3e2dfe7d1f789a50a7bd0c68111139565b95665b,org/logicng/predicates/DNFPredicateTest.java,28,2,2,10,0.57,16,2,1,0,0,0,0,0,0,0,0,0,1,0,0,0,0,0,0,2,0,0,False
298,logic-ng/logicng,3e2dfe7d1f789a50a7bd0c68111139565b95665b,org/logicng/predicates/EvaluatesToConstantPredicateTest.java,432,22,34,94,0.83,360,21,21,2,1,0,0,12,0,0,0,0,0,0,0,1,0,0,0,21,0,0,False
299,logic-ng/logicng,3e2dfe7d1f789a50a7bd0c68111139565b95665b,org/logicng/predicates/NNFPredicateTest.java,32,2,2,11,0.63,20,2,1,0,0,0,0,0,0,0,0,0,1,0,0,0,0,0,0,2,0,0,False
300,logic-ng/logicng,3e2dfe7d1f789a50a7bd0c68111139565b95665b,org/logicng/predicates/TermPredicateTest.java,47,3,3,17,0.68,32,3,3,0,0,0,0,0,0,0,0,0,1,0,0,0,0,0,0,3,0,0,False
301,logic-ng/logicng,3e2dfe7d1f789a50a7bd0c68111139565b95665b,org/logicng/primecomputation/PrimeCompilerTest.java,118,12,33,65,0.09,11,12,0,4,0,0,0,4,0,0,0,0,1,0,0,0,6,1,0,7,0,0,False
302,logic-ng/logicng,3e2dfe7d1f789a50a7bd0c68111139565b95665b,org/logicng/primecomputation/PrimeResultTest.java,75,5,5,28,0.36,27,4,3,0,1,0,0,0,0,0,0,0,1,0,0,0,0,0,0,4,0,0,False
303,logic-ng/logicng,3e2dfe7d1f789a50a7bd0c68111139565b95665b,org/logicng/propositions/ExtendedPropositionTest.java,56,5,11,18,0.25,14,4,4,0,1,0,0,3,0,0,0,0,1,0,0,0,0,0,0,4,0,0,False
304,logic-ng/logicng,3e2dfe7d1f789a50a7bd0c68111139565b95665b,org/logicng/propositions/StandardPropositionTest.java,43,5,11,18,0.35,15,4,4,0,1,0,0,3,0,0,0,0,1,0,0,0,0,0,0,4,0,0,False
305,logic-ng/logicng,3e2dfe7d1f789a50a7bd0c68111139565b95665b,org/logicng/pseudobooleans/PBEncoderTest.java,66,9,13,30,0.11,7,8,1,4,1,0,0,1,0,0,0,0,1,0,0,0,1,1,0,7,0,0,False
306,logic-ng/logicng,3e2dfe7d1f789a50a7bd0c68111139565b95665b,org/logicng/solvers/datastructures/LNGHeapTest.java,23,1,1,10,0.22,5,1,1,0,0,0,0,0,0,0,0,0,1,0,0,1,0,0,0,1,0,0,False
307,logic-ng/logicng,3e2dfe7d1f789a50a7bd0c68111139565b95665b,org/logicng/solvers/functions/BackboneFunctionTest.java,276,12,41,159,0.25,68,12,8,6,0,0,0,8,0,0,0,0,0,0,0,8,0,0,0,9,0,0,False
308,logic-ng/logicng,3e2dfe7d1f789a50a7bd0c68111139565b95665b,org/logicng/solvers/functions/ModelEnumerationFunctionTest.java,19,3,5,10,0.05,1,2,1,0,1,0,0,2,0,0,0,0,0,0,0,1,0,0,0,2,0,0,False
309,logic-ng/logicng,3e2dfe7d1f789a50a7bd0c68111139565b95665b,org/logicng/solvers/functions/OptimizationFunctionTest.java,284,23,63,200,0.14,39,23,6,5,0,0,0,11,0,0,0,0,0,0,0,1,8,3,0,14,0,0,False
310,logic-ng/logicng,3e2dfe7d1f789a50a7bd0c68111139565b95665b,org/logicng/solvers/functions/UnsatCoreFunctionTest.java,9,1,1,0,0.0,0,1,1,0,0,0,0,0,0,0,0,0,0,0,0,0,0,0,0,1,0,0,False
311,logic-ng/logicng,3e2dfe7d1f789a50a7bd0c68111139565b95665b,org/logicng/solvers/sat/MiniSatTest.java,86,9,13,45,0.36,31,9,5,0,0,0,0,1,0,0,0,0,1,0,0,1,0,0,0,7,0,0,False
312,logic-ng/logicng,3e2dfe7d1f789a50a7bd0c68111139565b95665b,org/logicng/solvers/sat/GlucoseSyrupTest.java,33,6,11,9,0.03,1,6,0,0,0,0,0,0,0,0,0,0,1,0,0,0,0,0,0,3,0,0,False
313,logic-ng/logicng,3e2dfe7d1f789a50a7bd0c68111139565b95665b,org/logicng/solvers/sat/MiniCardTest.java,84,8,12,32,0.18,15,8,3,0,0,0,0,0,0,0,0,0,1,0,0,1,0,0,0,6,0,0,False
314,logic-ng/logicng,3e2dfe7d1f789a50a7bd0c68111139565b95665b,org/logicng/transformations/AnonymizerTest.java,77,5,15,23,0.49,38,5,5,0,0,0,0,5,0,0,0,0,0,0,0,2,0,0,0,5,0,0,False
315,logic-ng/logicng,3e2dfe7d1f789a50a7bd0c68111139565b95665b,org/logicng/transformations/FormulaFactoryImporterTest.java,187,12,17,114,0.67,126,12,10,0,0,0,0,1,0,0,0,0,0,0,0,0,0,0,0,10,0,0,False
316,logic-ng/logicng,3e2dfe7d1f789a50a7bd0c68111139565b95665b,org/logicng/transformations/LiteralSubstitutionTest.java,42,5,14,19,0.4,17,5,3,0,0,0,0,4,0,0,0,0,0,0,0,0,0,0,0,4,0,0,False
317,logic-ng/logicng,3e2dfe7d1f789a50a7bd0c68111139565b95665b,org/logicng/transformations/PureExpansionTransformationTest.java,107,13,37,44,0.35,37,13,6,2,0,0,0,4,0,0,0,0,1,0,0,1,2,0,0,10,0,0,False
318,logic-ng/logicng,3e2dfe7d1f789a50a7bd0c68111139565b95665b,org/logicng/transformations/UnitPropagationTest.java,31,4,9,15,0.45,14,4,4,0,0,0,0,1,0,0,0,0,0,0,0,0,0,0,0,4,0,0,False
319,logic-ng/logicng,3e2dfe7d1f789a50a7bd0c68111139565b95665b,org/logicng/transformations/cnf/CanonicalCNFEnumerationTest.java,54,6,13,30,0.31,17,6,1,2,0,0,0,1,0,0,0,0,1,0,0,0,2,1,0,4,0,0,False
320,logic-ng/logicng,3e2dfe7d1f789a50a7bd0c68111139565b95665b,org/logicng/transformations/cnf/CNFEncoderTest.java,157,13,27,106,0.22,35,13,11,0,0,0,0,10,0,0,0,0,1,0,0,3,0,0,0,12,0,0,False
321,logic-ng/logicng,3e2dfe7d1f789a50a7bd0c68111139565b95665b,org/logicng/transformations/cnf/CNFSubsumptionTest.java,41,4,8,16,0.46,19,4,3,0,0,0,0,3,0,0,0,0,0,0,0,1,0,0,0,4,0,0,False
322,logic-ng/logicng,3e2dfe7d1f789a50a7bd0c68111139565b95665b,org/logicng/transformations/cnf/PlaistedGreenbaumTransformationSolverTest.java,41,5,10,11,0.02,1,5,1,2,0,0,0,1,0,0,0,0,0,0,0,1,1,0,0,3,0,0,False
323,logic-ng/logicng,3e2dfe7d1f789a50a7bd0c68111139565b95665b,org/logicng/transformations/dnf/CanonicalDNFEnumerationTest.java,54,6,13,30,0.31,17,6,1,2,0,0,0,1,0,0,0,0,1,0,0,0,2,1,0,4,0,0,False
324,logic-ng/logicng,3e2dfe7d1f789a50a7bd0c68111139565b95665b,org/logicng/transformations/dnf/DNFFactorizationTest.java,105,12,29,45,0.43,45,8,8,0,0,0,0,5,0,0,0,0,1,0,0,2,0,0,0,8,0,0,False
325,logic-ng/logicng,3e2dfe7d1f789a50a7bd0c68111139565b95665b,org/logicng/transformations/dnf/DNFSubsumptionTest.java,48,4,10,16,0.4,19,4,3,1,0,0,0,3,0,0,0,0,0,0,0,1,0,0,0,4,0,0,False
326,logic-ng/logicng,3e2dfe7d1f789a50a7bd0c68111139565b95665b,org/logicng/transformations/qmc/TermTest.java,80,3,7,21,0.21,17,3,3,0,0,0,0,1,0,0,0,0,1,0,0,0,0,0,0,3,0,0,False
327,logic-ng/logicng,3e2dfe7d1f789a50a7bd0c68111139565b95665b,org/logicng/transformations/qmc/TermTableTest.java,47,4,8,19,0.26,12,4,2,0,0,0,0,0,0,0,0,0,1,0,0,1,0,0,0,3,0,0,False
328,logic-ng/logicng,3e2dfe7d1f789a50a7bd0c68111139565b95665b,org/logicng/transformations/simplification/AdvancedSimplifierTest.java,84,11,31,56,0.12,10,11,2,5,0,0,0,5,0,0,0,0,1,0,0,0,7,1,0,9,0,0,False
329,logic-ng/logicng,3e2dfe7d1f789a50a7bd0c68111139565b95665b,org/logicng/transformations/simplification/BackboneSimplifierTest.java,27,2,8,8,0.41,11,2,2,0,0,0,0,2,0,0,0,0,0,0,0,0,0,0,0,2,0,0,False
330,logic-ng/logicng,3e2dfe7d1f789a50a7bd0c68111139565b95665b,org/logicng/transformations/simplification/DistributiveSimplifierTest.java,52,6,20,25,0.5,26,6,6,0,0,0,0,2,0,0,0,0,0,0,0,0,0,0,0,6,0,0,False
331,logic-ng/logicng,3e2dfe7d1f789a50a7bd0c68111139565b95665b,org/logicng/util/CollectionHelperTest.java,60,6,7,16,0.6,36,6,6,0,0,0,0,0,0,0,0,0,0,0,0,1,0,0,0,6,0,0,False
332,logic-ng/logicng,3e2dfe7d1f789a50a7bd0c68111139565b95665b,org/logicng/util/ComparablePairTest.java,42,5,5,18,0.52,22,5,5,0,0,0,0,0,0,0,0,0,1,0,0,0,0,0,0,5,0,0,False
333,logic-ng/logicng,3e2dfe7d1f789a50a7bd0c68111139565b95665b,org/logicng/util/FormulaHelperTest.java,67,9,9,35,0.63,42,9,9,0,0,0,0,0,0,0,0,0,0,0,0,0,0,0,0,9,0,0,False
334,logic-ng/logicng,3e2dfe7d1f789a50a7bd0c68111139565b95665b,org/logicng/util/FormulaRandomizerTest.java,414,22,60,281,0.21,86,22,19,20,0,0,0,0,0,0,0,0,0,0,0,1,0,0,0,20,0,0,False
335,logic-ng/logicng,3e2dfe7d1f789a50a7bd0c68111139565b95665b,org/logicng/util/PairTest.java,36,4,4,14,0.5,18,4,4,0,0,0,0,0,0,0,0,0,1,0,0,0,0,0,0,4,0,0,False
336,logic-ng/logicng,53c33f828125b861b4b76932fad4855087978869,org/logicng/backbones/BackboneTest.java,78,6,8,39,0.35,27,6,4,0,0,0,0,1,0,0,0,0,1,0,0,2,0,0,0,5,0,0,False
337,logic-ng/logicng,53c33f828125b861b4b76932fad4855087978869,org/logicng/backbones/BackboneGenerationTest.java,224,9,27,100,0.22,49,9,4,2,0,0,0,4,0,0,0,0,0,0,0,2,0,0,0,8,0,0,False
338,logic-ng/logicng,53c33f828125b861b4b76932fad4855087978869,org/logicng/collections/LNGBooleanVectorTest.java,173,11,22,75,0.34,59,11,10,9,0,0,0,0,0,0,0,0,1,0,0,7,0,0,0,11,0,0,False
339,logic-ng/logicng,53c33f828125b861b4b76932fad4855087978869,org/logicng/collections/LNGByteVectorTest.java,198,12,25,84,0.29,57,12,11,11,0,0,0,0,0,0,0,0,1,0,0,6,0,0,0,12,0,0,False
340,logic-ng/logicng,53c33f828125b861b4b76932fad4855087978869,org/logicng/collections/LNGDoublePriorityQueueTest.java,107,6,6,35,0.4,43,6,5,0,0,0,0,0,0,0,0,0,1,0,0,3,0,0,0,6,0,0,False
341,logic-ng/logicng,53c33f828125b861b4b76932fad4855087978869,org/logicng/collections/LNGDoubleVectorTest.java,195,12,25,83,0.29,56,12,11,11,0,0,0,0,0,0,0,0,1,0,0,6,0,0,0,12,0,0,False
342,logic-ng/logicng,53c33f828125b861b4b76932fad4855087978869,org/logicng/collections/LNGIntVectorTest.java,195,12,25,83,0.29,56,12,11,11,0,0,0,0,0,0,0,0,1,0,0,6,0,0,0,12,0,0,False
343,logic-ng/logicng,53c33f828125b861b4b76932fad4855087978869,org/logicng/collections/LNGLongPriorityQueueTest.java,86,5,5,28,0.42,36,5,4,0,0,0,0,0,0,0,0,0,1,0,0,3,0,0,0,5,0,0,False
344,logic-ng/logicng,53c33f828125b861b4b76932fad4855087978869,org/logicng/collections/LNGLongVectorTest.java,198,12,25,84,0.29,57,12,11,11,0,0,0,0,0,0,0,0,1,0,0,6,0,0,0,12,0,0,False
345,logic-ng/logicng,53c33f828125b861b4b76932fad4855087978869,org/logicng/collections/LNGVectorTest.java,342,22,42,135,0.29,100,21,19,20,1,0,0,0,0,0,0,0,2,0,0,9,0,0,0,21,0,0,False
346,logic-ng/logicng,53c33f828125b861b4b76932fad4855087978869,org/logicng/datastructures/AssignmentTest.java,163,14,18,88,0.47,77,14,13,0,0,0,0,2,0,0,0,0,1,0,0,6,0,0,0,14,0,0,False
347,logic-ng/logicng,53c33f828125b861b4b76932fad4855087978869,org/logicng/formulas/SubstitutionTest.java,153,16,20,70,0.36,55,15,12,0,1,0,0,4,0,0,0,0,1,0,0,4,0,0,0,15,0,0,False
348,logic-ng/logicng,53c33f828125b861b4b76932fad4855087978869,org/logicng/datastructures/ubtrees/UBNodeTest.java,33,4,4,14,0.27,9,3,2,0,1,0,0,0,0,0,0,0,1,0,0,1,0,0,0,3,0,0,False
349,logic-ng/logicng,53c33f828125b861b4b76932fad4855087978869,org/logicng/datastructures/ubtrees/UBTreeTest.java,201,8,9,57,0.62,125,8,6,0,0,0,0,0,0,0,0,0,0,0,0,1,0,0,0,7,0,0,False
350,logic-ng/logicng,53c33f828125b861b4b76932fad4855087978869,org/logicng/explanations/mus/MUSConfigTest.java,12,1,2,11,0.17,2,1,1,0,0,0,0,0,0,0,0,0,1,0,0,0,0,0,0,1,0,0,False
351,logic-ng/logicng,53c33f828125b861b4b76932fad4855087978869,org/logicng/explanations/mus/MUSGenerationTest.java,114,12,24,32,0.05,6,11,2,2,1,0,0,2,0,0,0,0,1,0,0,0,2,1,0,8,0,0,False
352,logic-ng/logicng,53c33f828125b861b4b76932fad4855087978869,org/logicng/explanations/smus/SmusComputationTest.java,96,16,38,82,0.14,13,16,0,3,0,0,0,15,0,0,0,0,0,0,0,0,5,1,0,15,0,0,False
353,logic-ng/logicng,53c33f828125b861b4b76932fad4855087978869,org/logicng/explanations/UNSATCoreTest.java,54,5,7,19,0.3,16,4,4,0,1,0,0,0,0,0,0,0,1,0,0,1,0,0,0,4,0,0,False
354,logic-ng/logicng,53c33f828125b861b4b76932fad4855087978869,org/logicng/formulas/AndTest.java,144,20,25,93,0.56,81,20,17,0,0,0,0,2,0,0,0,0,1,0,0,4,0,0,0,20,0,0,False
355,logic-ng/logicng,53c33f828125b861b4b76932fad4855087978869,org/logicng/formulas/CFalseTest.java,63,18,19,62,0.32,20,18,2,0,0,0,0,0,0,0,0,0,1,0,0,0,0,0,0,18,0,0,False
356,logic-ng/logicng,53c33f828125b861b4b76932fad4855087978869,org/logicng/formulas/CTrueTest.java,64,18,19,62,0.33,21,18,3,0,0,0,0,0,0,0,0,0,1,0,0,1,0,0,0,18,0,0,False
357,logic-ng/logicng,53c33f828125b861b4b76932fad4855087978869,org/logicng/formulas/EquivalenceTest.java,136,20,23,81,0.57,77,20,19,0,0,0,0,1,0,0,0,0,1,0,0,4,0,0,0,20,0,0,False
358,logic-ng/logicng,53c33f828125b861b4b76932fad4855087978869,org/logicng/formulas/ExtendedFormulaFactoryTest.java,219,13,23,82,0.25,55,13,7,1,0,0,0,1,0,0,0,0,0,0,0,5,2,1,0,11,0,0,False
359,logic-ng/logicng,53c33f828125b861b4b76932fad4855087978869,org/logicng/formulas/FormulaTest.java,61,8,13,44,0.28,17,6,5,0,0,0,0,0,0,0,0,0,0,0,0,0,0,0,0,6,0,0,False
360,logic-ng/logicng,53c33f828125b861b4b76932fad4855087978869,org/logicng/formulas/FormulaFactoryTest.java,184,9,13,96,0.48,89,9,6,1,0,0,0,1,0,0,0,0,2,0,0,2,0,0,0,9,0,0,False
361,logic-ng/logicng,53c33f828125b861b4b76932fad4855087978869,org/logicng/formulas/ImplicationTest.java,131,21,24,80,0.54,71,21,19,0,0,0,0,1,0,0,0,0,1,0,0,5,0,0,0,21,0,0,False
362,logic-ng/logicng,53c33f828125b861b4b76932fad4855087978869,org/logicng/formulas/LiteralTest.java,119,23,24,85,0.52,62,23,22,0,0,0,0,0,0,0,0,0,1,0,0,2,1,0,0,23,0,0,False
363,logic-ng/logicng,53c33f828125b861b4b76932fad4855087978869,org/logicng/formulas/NotTest.java,107,19,22,76,0.5,54,19,18,0,0,0,0,1,0,0,0,0,1,0,0,4,0,0,0,19,0,0,False
364,logic-ng/logicng,53c33f828125b861b4b76932fad4855087978869,org/logicng/formulas/OrTest.java,139,19,24,88,0.58,80,19,17,0,0,0,0,2,0,0,0,0,1,0,0,4,0,0,0,19,0,0,False
365,logic-ng/logicng,53c33f828125b861b4b76932fad4855087978869,org/logicng/formulas/PBConstraintTest.java,619,36,39,207,0.61,376,35,33,0,1,0,0,0,0,0,0,0,5,0,0,6,0,0,0,35,0,0,False
366,logic-ng/logicng,53c33f828125b861b4b76932fad4855087978869,org/logicng/formulas/printer/DefaultStringRepresentationTest.java,48,3,3,18,0.71,34,3,1,0,0,0,0,0,0,0,0,0,2,0,0,0,0,0,0,3,0,0,False
367,logic-ng/logicng,53c33f828125b861b4b76932fad4855087978869,org/logicng/formulas/printer/LatexStringRepresentationTest.java,46,3,3,15,0.67,31,3,2,0,0,0,0,0,0,0,0,0,2,0,0,0,0,0,0,3,0,0,False
368,logic-ng/logicng,53c33f828125b861b4b76932fad4855087978869,org/logicng/formulas/printer/SortedStringRepresentationTest.java,61,4,4,22,0.69,42,4,2,0,0,0,0,0,0,0,0,0,2,0,0,2,0,0,0,4,0,0,False
369,logic-ng/logicng,53c33f828125b861b4b76932fad4855087978869,org/logicng/formulas/printer/UTF8StringRepresentationTest.java,46,3,3,15,0.67,31,3,2,0,0,0,0,0,0,0,0,0,2,0,0,0,0,0,0,3,0,0,False
370,logic-ng/logicng,53c33f828125b861b4b76932fad4855087978869,org/logicng/functions/FormulaDepthFunctionTest.java,54,4,7,24,0.57,31,4,3,1,0,0,0,1,0,0,0,0,0,0,0,1,0,0,0,4,0,0,False
371,logic-ng/logicng,53c33f828125b861b4b76932fad4855087978869,org/logicng/graphs/algorithms/BronKerboschTest.java,44,1,4,14,0.16,7,1,1,1,0,0,0,1,0,0,0,0,0,0,0,1,0,0,0,1,0,0,False
372,logic-ng/logicng,53c33f828125b861b4b76932fad4855087978869,org/logicng/graphs/datastructures/GraphTest.java,71,5,8,39,0.27,19,5,4,0,0,0,0,0,0,0,0,0,1,0,0,1,0,0,0,4,0,0,False
373,logic-ng/logicng,53c33f828125b861b4b76932fad4855087978869,org/logicng/graphs/datastructures/HypergraphTest.java,34,2,2,12,0.21,7,2,1,0,0,0,0,0,0,0,0,0,1,0,0,1,0,0,0,2,0,0,False
374,logic-ng/logicng,53c33f828125b861b4b76932fad4855087978869,org/logicng/graphs/datastructures/HypergraphEdgeTest.java,51,4,6,20,0.22,11,4,2,0,0,0,0,2,0,0,0,0,0,0,0,2,0,0,0,4,0,0,False
375,logic-ng/logicng,53c33f828125b861b4b76932fad4855087978869,org/logicng/graphs/datastructures/HypergraphNodeTest.java,30,2,2,12,0.37,11,2,2,0,0,0,0,0,0,0,0,0,0,0,0,1,0,0,0,2,0,0,False
376,logic-ng/logicng,53c33f828125b861b4b76932fad4855087978869,org/logicng/graphs/generators/ConstraintGraphGeneratorTest.java,75,5,13,45,0.11,8,5,1,1,0,0,0,5,0,0,0,0,3,0,0,1,0,0,0,5,0,0,False
377,logic-ng/logicng,53c33f828125b861b4b76932fad4855087978869,org/logicng/graphs/generators/HypergraphGeneratorTest.java,83,3,8,26,0.28,23,3,2,0,0,0,0,3,0,0,0,0,0,0,0,2,0,0,0,3,0,0,False
378,logic-ng/logicng,53c33f828125b861b4b76932fad4855087978869,org/logicng/graphs/io/GraphDimacsFileWriterTest.java,55,6,16,19,0.13,7,6,0,1,0,0,0,3,0,0,0,0,0,0,0,0,3,1,0,3,0,0,False
379,logic-ng/logicng,53c33f828125b861b4b76932fad4855087978869,org/logicng/graphs/io/GraphDotFileWriterTest.java,33,5,11,11,0.06,2,5,0,1,0,0,0,3,0,0,0,0,0,0,0,0,3,1,0,3,0,0,False
380,logic-ng/logicng,53c33f828125b861b4b76932fad4855087978869,org/logicng/handlers/NumberOfNodesBDDHandlerTest.java,9,1,1,0,0.0,0,1,0,0,0,0,0,0,0,0,0,0,0,0,0,0,0,0,0,1,0,0,False
381,logic-ng/logicng,53c33f828125b861b4b76932fad4855087978869,org/logicng/handlers/TimeoutBDDHandlerTest.java,44,6,14,31,0.14,6,6,3,0,0,0,0,3,0,0,0,0,0,0,1,1,1,0,0,5,0,0,False
382,logic-ng/logicng,53c33f828125b861b4b76932fad4855087978869,org/logicng/handlers/TimeoutMaxSATHandlerTest.java,41,7,15,31,0.1,4,7,4,4,0,0,0,5,0,0,0,0,0,0,2,2,1,0,0,6,0,0,False
383,logic-ng/logicng,53c33f828125b861b4b76932fad4855087978869,org/logicng/handlers/TimeoutModelEnumerationHandlerTest.java,60,6,13,49,0.1,6,6,3,4,0,0,0,2,0,0,0,0,0,0,1,1,2,0,0,5,0,0,False
384,logic-ng/logicng,53c33f828125b861b4b76932fad4855087978869,org/logicng/handlers/TimeoutOptimizationHandlerTest.java,46,5,14,45,0.04,2,5,1,3,0,0,0,4,0,0,0,0,0,0,1,1,1,0,0,4,0,0,False
385,logic-ng/logicng,53c33f828125b861b4b76932fad4855087978869,org/logicng/handlers/TimeoutSATHandlerTest.java,55,6,13,37,0.11,6,6,3,4,0,0,0,2,0,0,0,0,0,0,1,1,1,0,0,5,0,0,False
386,logic-ng/logicng,53c33f828125b861b4b76932fad4855087978869,org/logicng/io/parsers/PropositionalParserTest.java,142,29,38,55,0.45,64,29,9,0,0,0,0,9,0,0,0,0,1,0,0,0,0,0,0,29,0,0,False
387,logic-ng/logicng,53c33f828125b861b4b76932fad4855087978869,org/logicng/io/parsers/PseudoBooleanParserTest.java,164,30,42,77,0.51,84,30,12,0,0,0,0,12,0,0,0,0,1,0,0,1,0,0,0,30,0,0,False
388,logic-ng/logicng,53c33f828125b861b4b76932fad4855087978869,org/logicng/io/readers/DimacsReaderTest.java,9,1,1,0,0.0,0,1,0,0,0,0,0,0,0,1,0,0,0,0,0,0,0,0,1,1,0,0,False
389,logic-ng/logicng,53c33f828125b861b4b76932fad4855087978869,org/logicng/io/writers/FormulaDimacsFileWriterTest.java,67,7,17,21,0.09,6,7,0,0,0,0,0,4,0,0,0,0,0,0,0,0,4,1,0,5,0,0,False
390,logic-ng/logicng,53c33f828125b861b4b76932fad4855087978869,org/logicng/io/writers/FormulaDotFileWriterTest.java,46,5,11,14,0.04,2,5,0,0,0,0,0,4,0,0,0,0,0,0,0,0,4,1,0,4,0,0,False
391,logic-ng/logicng,53c33f828125b861b4b76932fad4855087978869,org/logicng/knowledgecompilation/bdds/datastructures/BDDNodeTest.java,66,4,4,35,0.47,31,4,4,0,0,0,0,0,0,0,0,0,0,0,0,1,0,0,0,4,0,0,False
392,logic-ng/logicng,53c33f828125b861b4b76932fad4855087978869,org/logicng/knowledgecompilation/bdds/io/BDDDotFileWriterTest.java,29,2,5,9,0.03,1,2,0,0,0,0,0,1,0,0,0,0,0,0,0,0,1,1,0,1,0,0,False
393,logic-ng/logicng,53c33f828125b861b4b76932fad4855087978869,org/logicng/knowledgecompilation/bdds/BDDOperationsTest.java,220,11,19,60,0.68,150,11,10,0,0,0,0,3,0,0,0,0,0,0,0,0,0,0,0,10,0,0,False
394,logic-ng/logicng,53c33f828125b861b4b76932fad4855087978869,org/logicng/knowledgecompilation/bdds/jbuddy/BDDPrimeTest.java,6,1,1,3,0.33,2,1,1,0,0,0,0,0,0,0,0,0,0,0,0,0,0,0,0,1,0,0,False
395,logic-ng/logicng,53c33f828125b861b4b76932fad4855087978869,org/logicng/knowledgecompilation/bdds/BDDReorderingTest.java,201,17,41,85,0.04,8,17,3,0,0,0,0,2,0,0,0,0,0,0,0,2,4,2,0,7,0,0,False
396,logic-ng/logicng,53c33f828125b861b4b76932fad4855087978869,org/logicng/knowledgecompilation/bdds/orderings/BFSOrderingTest.java,27,2,5,11,0.37,10,2,1,0,0,0,0,2,0,0,0,0,0,0,0,0,0,0,0,2,0,0,False
397,logic-ng/logicng,53c33f828125b861b4b76932fad4855087978869,org/logicng/knowledgecompilation/bdds/orderings/DFSOrderingTest.java,27,2,5,11,0.37,10,2,1,0,0,0,0,2,0,0,0,0,0,0,0,0,0,0,0,2,0,0,False
398,logic-ng/logicng,53c33f828125b861b4b76932fad4855087978869,org/logicng/knowledgecompilation/bdds/orderings/ForceOrderingTest.java,33,3,9,17,0.21,7,3,1,0,0,0,0,3,0,0,0,0,0,0,0,0,0,0,0,3,0,0,False
399,logic-ng/logicng,53c33f828125b861b4b76932fad4855087978869,org/logicng/knowledgecompilation/dnnf/datastructures/dtree/DTreeNodeTest.java,11,1,2,4,0.09,1,1,0,0,0,0,0,1,0,0,0,0,1,0,0,0,0,0,0,1,0,0,False
400,logic-ng/logicng,53c33f828125b861b4b76932fad4855087978869,org/logicng/knowledgecompilation/dnnf/DnnfCompilerTest.java,95,7,21,38,0.03,3,7,0,1,0,0,0,5,0,0,0,0,0,0,0,0,3,1,0,5,0,0,False
401,logic-ng/logicng,53c33f828125b861b4b76932fad4855087978869,org/logicng/LogicNGVersionTest.java,15,4,4,0,0.0,0,4,4,0,0,0,0,0,0,0,0,0,0,0,0,4,0,0,0,4,0,0,False
402,logic-ng/logicng,53c33f828125b861b4b76932fad4855087978869,org/logicng/modelcounting/ModelCounterTest.java,76,14,22,53,0.17,13,14,6,4,0,0,0,3,0,0,0,0,0,0,0,1,1,1,0,10,0,0,False
403,logic-ng/logicng,53c33f828125b861b4b76932fad4855087978869,org/logicng/np/SetCoverTest.java,31,2,2,16,0.19,6,2,1,0,0,0,0,0,0,0,0,0,0,0,0,1,0,0,0,2,0,0,False
404,logic-ng/logicng,53c33f828125b861b4b76932fad4855087978869,org/logicng/predicates/CNFPredicateTest.java,30,3,3,10,0.53,16,3,1,0,0,0,0,0,0,0,0,0,1,0,0,0,0,0,0,3,0,0,False
405,logic-ng/logicng,53c33f828125b861b4b76932fad4855087978869,org/logicng/predicates/ContainsPBCPredicateTest.java,44,6,9,30,0.43,19,6,4,1,0,0,0,2,0,0,0,0,1,0,0,0,0,0,0,6,0,0,False
406,logic-ng/logicng,53c33f828125b861b4b76932fad4855087978869,org/logicng/predicates/DNFPredicateTest.java,28,2,2,10,0.57,16,2,1,0,0,0,0,0,0,0,0,0,1,0,0,0,0,0,0,2,0,0,False
407,logic-ng/logicng,53c33f828125b861b4b76932fad4855087978869,org/logicng/predicates/EvaluatesToConstantPredicateTest.java,432,22,34,94,0.83,360,21,21,2,1,0,0,12,0,0,0,0,0,0,0,1,0,0,0,21,0,0,False
408,logic-ng/logicng,53c33f828125b861b4b76932fad4855087978869,org/logicng/predicates/NNFPredicateTest.java,32,2,2,11,0.63,20,2,1,0,0,0,0,0,0,0,0,0,1,0,0,0,0,0,0,2,0,0,False
409,logic-ng/logicng,53c33f828125b861b4b76932fad4855087978869,org/logicng/predicates/TermPredicateTest.java,47,3,3,17,0.68,32,3,3,0,0,0,0,0,0,0,0,0,1,0,0,0,0,0,0,3,0,0,False
410,logic-ng/logicng,53c33f828125b861b4b76932fad4855087978869,org/logicng/primecomputation/PrimeCompilerTest.java,118,12,33,65,0.09,11,12,0,4,0,0,0,4,0,0,0,0,1,0,0,0,6,1,0,7,0,0,False
411,logic-ng/logicng,53c33f828125b861b4b76932fad4855087978869,org/logicng/primecomputation/PrimeResultTest.java,75,5,5,28,0.36,27,4,3,0,1,0,0,0,0,0,0,0,1,0,0,0,0,0,0,4,0,0,False
412,logic-ng/logicng,53c33f828125b861b4b76932fad4855087978869,org/logicng/propositions/ExtendedPropositionTest.java,56,5,11,18,0.25,14,4,4,0,1,0,0,3,0,0,0,0,1,0,0,0,0,0,0,4,0,0,False
413,logic-ng/logicng,53c33f828125b861b4b76932fad4855087978869,org/logicng/propositions/StandardPropositionTest.java,43,5,11,18,0.35,15,4,4,0,1,0,0,3,0,0,0,0,1,0,0,0,0,0,0,4,0,0,False
414,logic-ng/logicng,53c33f828125b861b4b76932fad4855087978869,org/logicng/pseudobooleans/PBEncoderTest.java,66,9,13,30,0.11,7,8,1,4,1,0,0,1,0,0,0,0,1,0,0,0,1,1,0,7,0,0,False
415,logic-ng/logicng,53c33f828125b861b4b76932fad4855087978869,org/logicng/solvers/datastructures/LNGHeapTest.java,23,1,1,10,0.22,5,1,1,0,0,0,0,0,0,0,0,0,1,0,0,1,0,0,0,1,0,0,False
416,logic-ng/logicng,53c33f828125b861b4b76932fad4855087978869,org/logicng/solvers/functions/BackboneFunctionTest.java,276,12,41,159,0.25,68,12,8,6,0,0,0,8,0,0,0,0,0,0,0,8,0,0,0,9,0,0,False
417,logic-ng/logicng,53c33f828125b861b4b76932fad4855087978869,org/logicng/solvers/functions/ModelEnumerationFunctionTest.java,19,3,5,10,0.05,1,2,1,0,1,0,0,2,0,0,0,0,0,0,0,1,0,0,0,2,0,0,False
418,logic-ng/logicng,53c33f828125b861b4b76932fad4855087978869,org/logicng/solvers/functions/OptimizationFunctionTest.java,284,23,63,200,0.14,39,23,6,5,0,0,0,11,0,0,0,0,0,0,0,1,8,3,0,14,0,0,False
419,logic-ng/logicng,53c33f828125b861b4b76932fad4855087978869,org/logicng/solvers/functions/UnsatCoreFunctionTest.java,9,1,1,0,0.0,0,1,1,0,0,0,0,0,0,0,0,0,0,0,0,0,0,0,0,1,0,0,False
420,logic-ng/logicng,53c33f828125b861b4b76932fad4855087978869,org/logicng/solvers/sat/MiniSatTest.java,52,7,11,26,0.25,13,7,3,0,0,0,0,1,0,0,0,0,1,0,0,1,0,0,0,5,0,0,False
421,logic-ng/logicng,53c33f828125b861b4b76932fad4855087978869,org/logicng/solvers/sat/GlucoseSyrupTest.java,33,6,11,9,0.03,1,6,0,0,0,0,0,0,0,0,0,0,1,0,0,0,0,0,0,3,0,0,False
422,logic-ng/logicng,53c33f828125b861b4b76932fad4855087978869,org/logicng/solvers/sat/MiniCardTest.java,84,8,12,32,0.18,15,8,3,0,0,0,0,0,0,0,0,0,1,0,0,1,0,0,0,6,0,0,False
423,logic-ng/logicng,53c33f828125b861b4b76932fad4855087978869,org/logicng/transformations/AnonymizerTest.java,77,5,15,23,0.49,38,5,5,0,0,0,0,5,0,0,0,0,0,0,0,2,0,0,0,5,0,0,False
424,logic-ng/logicng,53c33f828125b861b4b76932fad4855087978869,org/logicng/transformations/FormulaFactoryImporterTest.java,187,12,17,114,0.67,126,12,10,0,0,0,0,1,0,0,0,0,0,0,0,0,0,0,0,10,0,0,False
425,logic-ng/logicng,53c33f828125b861b4b76932fad4855087978869,org/logicng/transformations/LiteralSubstitutionTest.java,42,5,14,19,0.4,17,5,3,0,0,0,0,4,0,0,0,0,0,0,0,0,0,0,0,4,0,0,False
426,logic-ng/logicng,53c33f828125b861b4b76932fad4855087978869,org/logicng/transformations/PureExpansionTransformationTest.java,107,13,37,44,0.35,37,13,6,2,0,0,0,4,0,0,0,0,1,0,0,1,2,0,0,10,0,0,False
427,logic-ng/logicng,53c33f828125b861b4b76932fad4855087978869,org/logicng/transformations/UnitPropagationTest.java,31,4,9,15,0.45,14,4,4,0,0,0,0,1,0,0,0,0,0,0,0,0,0,0,0,4,0,0,False
428,logic-ng/logicng,53c33f828125b861b4b76932fad4855087978869,org/logicng/transformations/cnf/CanonicalCNFEnumerationTest.java,54,6,13,30,0.31,17,6,1,2,0,0,0,1,0,0,0,0,1,0,0,0,2,1,0,4,0,0,False
429,logic-ng/logicng,53c33f828125b861b4b76932fad4855087978869,org/logicng/transformations/cnf/CNFEncoderTest.java,157,13,27,106,0.22,35,13,11,0,0,0,0,10,0,0,0,0,1,0,0,3,0,0,0,12,0,0,False
430,logic-ng/logicng,53c33f828125b861b4b76932fad4855087978869,org/logicng/transformations/cnf/CNFSubsumptionTest.java,41,4,8,16,0.46,19,4,3,0,0,0,0,3,0,0,0,0,0,0,0,1,0,0,0,4,0,0,False
431,logic-ng/logicng,53c33f828125b861b4b76932fad4855087978869,org/logicng/transformations/cnf/PlaistedGreenbaumTransformationSolverTest.java,41,5,10,11,0.02,1,5,1,2,0,0,0,1,0,0,0,0,0,0,0,1,1,0,0,3,0,0,False
432,logic-ng/logicng,53c33f828125b861b4b76932fad4855087978869,org/logicng/transformations/dnf/CanonicalDNFEnumerationTest.java,54,6,13,30,0.31,17,6,1,2,0,0,0,1,0,0,0,0,1,0,0,0,2,1,0,4,0,0,False
433,logic-ng/logicng,53c33f828125b861b4b76932fad4855087978869,org/logicng/transformations/dnf/DNFFactorizationTest.java,105,12,29,45,0.43,45,8,8,0,0,0,0,5,0,0,0,0,1,0,0,2,0,0,0,8,0,0,False
434,logic-ng/logicng,53c33f828125b861b4b76932fad4855087978869,org/logicng/transformations/dnf/DNFSubsumptionTest.java,48,4,10,16,0.4,19,4,3,1,0,0,0,3,0,0,0,0,0,0,0,1,0,0,0,4,0,0,False
435,logic-ng/logicng,53c33f828125b861b4b76932fad4855087978869,org/logicng/transformations/qmc/TermTest.java,80,3,7,21,0.21,17,3,3,0,0,0,0,1,0,0,0,0,1,0,0,0,0,0,0,3,0,0,False
436,logic-ng/logicng,53c33f828125b861b4b76932fad4855087978869,org/logicng/transformations/qmc/TermTableTest.java,47,4,8,19,0.26,12,4,2,0,0,0,0,0,0,0,0,0,1,0,0,1,0,0,0,3,0,0,False
437,logic-ng/logicng,53c33f828125b861b4b76932fad4855087978869,org/logicng/transformations/simplification/AdvancedSimplifierTest.java,84,11,31,56,0.12,10,11,2,5,0,0,0,5,0,0,0,0,1,0,0,0,7,1,0,9,0,0,False
438,logic-ng/logicng,53c33f828125b861b4b76932fad4855087978869,org/logicng/transformations/simplification/BackboneSimplifierTest.java,27,2,8,8,0.41,11,2,2,0,0,0,0,2,0,0,0,0,0,0,0,0,0,0,0,2,0,0,False
439,logic-ng/logicng,53c33f828125b861b4b76932fad4855087978869,org/logicng/transformations/simplification/DistributiveSimplifierTest.java,52,6,20,25,0.5,26,6,6,0,0,0,0,2,0,0,0,0,0,0,0,0,0,0,0,6,0,0,False
440,logic-ng/logicng,53c33f828125b861b4b76932fad4855087978869,org/logicng/util/CollectionHelperTest.java,60,6,7,16,0.6,36,6,6,0,0,0,0,0,0,0,0,0,0,0,0,1,0,0,0,6,0,0,False
441,logic-ng/logicng,53c33f828125b861b4b76932fad4855087978869,org/logicng/util/ComparablePairTest.java,42,5,5,18,0.52,22,5,5,0,0,0,0,0,0,0,0,0,1,0,0,0,0,0,0,5,0,0,False
442,logic-ng/logicng,53c33f828125b861b4b76932fad4855087978869,org/logicng/util/FormulaHelperTest.java,67,9,9,35,0.63,42,9,9,0,0,0,0,0,0,0,0,0,0,0,0,0,0,0,0,9,0,0,False
443,logic-ng/logicng,53c33f828125b861b4b76932fad4855087978869,org/logicng/util/FormulaRandomizerTest.java,414,22,60,281,0.21,86,22,19,20,0,0,0,0,0,0,0,0,0,0,0,1,0,0,0,20,0,0,False
444,logic-ng/logicng,53c33f828125b861b4b76932fad4855087978869,org/logicng/util/PairTest.java,36,4,4,14,0.5,18,4,4,0,0,0,0,0,0,0,0,0,1,0,0,0,0,0,0,4,0,0,False
445,logic-ng/logicng,e5e5b099bf3b8d6349d6daffce1d3d56f66e4e58,org/logicng/backbones/BackboneTest.java,78,6,8,39,0.35,27,6,4,0,0,0,0,1,0,0,0,0,1,0,0,2,0,0,0,5,0,0,False
446,logic-ng/logicng,e5e5b099bf3b8d6349d6daffce1d3d56f66e4e58,org/logicng/backbones/BackboneGenerationTest.java,224,9,27,100,0.22,49,9,4,2,0,0,0,4,0,0,0,0,0,0,0,2,0,0,0,8,0,0,False
447,logic-ng/logicng,e5e5b099bf3b8d6349d6daffce1d3d56f66e4e58,org/logicng/collections/LNGBooleanVectorTest.java,173,11,22,75,0.34,59,11,10,9,0,0,0,0,0,0,0,0,1,0,0,7,0,0,0,11,0,0,False
448,logic-ng/logicng,e5e5b099bf3b8d6349d6daffce1d3d56f66e4e58,org/logicng/collections/LNGByteVectorTest.java,198,12,25,84,0.29,57,12,11,11,0,0,0,0,0,0,0,0,1,0,0,6,0,0,0,12,0,0,False
449,logic-ng/logicng,e5e5b099bf3b8d6349d6daffce1d3d56f66e4e58,org/logicng/collections/LNGDoublePriorityQueueTest.java,107,6,6,35,0.4,43,6,5,0,0,0,0,0,0,0,0,0,1,0,0,3,0,0,0,6,0,0,False
450,logic-ng/logicng,e5e5b099bf3b8d6349d6daffce1d3d56f66e4e58,org/logicng/collections/LNGDoubleVectorTest.java,195,12,25,83,0.29,56,12,11,11,0,0,0,0,0,0,0,0,1,0,0,6,0,0,0,12,0,0,False
451,logic-ng/logicng,e5e5b099bf3b8d6349d6daffce1d3d56f66e4e58,org/logicng/collections/LNGIntVectorTest.java,195,12,25,83,0.29,56,12,11,11,0,0,0,0,0,0,0,0,1,0,0,6,0,0,0,12,0,0,False
452,logic-ng/logicng,e5e5b099bf3b8d6349d6daffce1d3d56f66e4e58,org/logicng/collections/LNGLongPriorityQueueTest.java,86,5,5,28,0.42,36,5,4,0,0,0,0,0,0,0,0,0,1,0,0,3,0,0,0,5,0,0,False
453,logic-ng/logicng,e5e5b099bf3b8d6349d6daffce1d3d56f66e4e58,org/logicng/collections/LNGLongVectorTest.java,198,12,25,84,0.29,57,12,11,11,0,0,0,0,0,0,0,0,1,0,0,6,0,0,0,12,0,0,False
454,logic-ng/logicng,e5e5b099bf3b8d6349d6daffce1d3d56f66e4e58,org/logicng/collections/LNGVectorTest.java,342,22,42,135,0.29,100,21,19,20,1,0,0,0,0,0,0,0,2,0,0,9,0,0,0,21,0,0,False
455,logic-ng/logicng,e5e5b099bf3b8d6349d6daffce1d3d56f66e4e58,org/logicng/datastructures/AssignmentTest.java,163,14,18,88,0.47,77,14,13,0,0,0,0,2,0,0,0,0,1,0,0,6,0,0,0,14,0,0,False
456,logic-ng/logicng,e5e5b099bf3b8d6349d6daffce1d3d56f66e4e58,org/logicng/formulas/SubstitutionTest.java,153,16,20,70,0.36,55,15,12,0,1,0,0,4,0,0,0,0,1,0,0,4,0,0,0,15,0,0,False
457,logic-ng/logicng,e5e5b099bf3b8d6349d6daffce1d3d56f66e4e58,org/logicng/datastructures/ubtrees/UBNodeTest.java,33,4,4,14,0.27,9,3,2,0,1,0,0,0,0,0,0,0,1,0,0,1,0,0,0,3,0,0,False
458,logic-ng/logicng,e5e5b099bf3b8d6349d6daffce1d3d56f66e4e58,org/logicng/datastructures/ubtrees/UBTreeTest.java,201,8,9,57,0.62,125,8,6,0,0,0,0,0,0,0,0,0,0,0,0,1,0,0,0,7,0,0,False
459,logic-ng/logicng,e5e5b099bf3b8d6349d6daffce1d3d56f66e4e58,org/logicng/explanations/mus/MUSConfigTest.java,12,1,2,11,0.17,2,1,1,0,0,0,0,0,0,0,0,0,1,0,0,0,0,0,0,1,0,0,False
460,logic-ng/logicng,e5e5b099bf3b8d6349d6daffce1d3d56f66e4e58,org/logicng/explanations/mus/MUSGenerationTest.java,114,12,24,32,0.05,6,11,2,2,1,0,0,2,0,0,0,0,1,0,0,0,2,1,0,8,0,0,False
461,logic-ng/logicng,e5e5b099bf3b8d6349d6daffce1d3d56f66e4e58,org/logicng/explanations/smus/SmusComputationTest.java,96,16,38,82,0.14,13,16,0,3,0,0,0,15,0,0,0,0,0,0,0,0,5,1,0,15,0,0,False
462,logic-ng/logicng,e5e5b099bf3b8d6349d6daffce1d3d56f66e4e58,org/logicng/explanations/UNSATCoreTest.java,54,5,7,19,0.3,16,4,4,0,1,0,0,0,0,0,0,0,1,0,0,1,0,0,0,4,0,0,False
463,logic-ng/logicng,e5e5b099bf3b8d6349d6daffce1d3d56f66e4e58,org/logicng/formulas/AndTest.java,144,20,25,93,0.56,81,20,17,0,0,0,0,2,0,0,0,0,1,0,0,4,0,0,0,20,0,0,False
464,logic-ng/logicng,e5e5b099bf3b8d6349d6daffce1d3d56f66e4e58,org/logicng/formulas/CFalseTest.java,63,18,19,62,0.32,20,18,2,0,0,0,0,0,0,0,0,0,1,0,0,0,0,0,0,18,0,0,False
465,logic-ng/logicng,e5e5b099bf3b8d6349d6daffce1d3d56f66e4e58,org/logicng/formulas/CTrueTest.java,64,18,19,62,0.33,21,18,3,0,0,0,0,0,0,0,0,0,1,0,0,1,0,0,0,18,0,0,False
466,logic-ng/logicng,e5e5b099bf3b8d6349d6daffce1d3d56f66e4e58,org/logicng/formulas/EquivalenceTest.java,136,20,23,81,0.57,77,20,19,0,0,0,0,1,0,0,0,0,1,0,0,4,0,0,0,20,0,0,False
467,logic-ng/logicng,e5e5b099bf3b8d6349d6daffce1d3d56f66e4e58,org/logicng/formulas/ExtendedFormulaFactoryTest.java,199,12,21,74,0.27,54,12,7,0,0,0,0,1,0,0,0,0,0,0,0,5,2,1,0,10,0,0,False
468,logic-ng/logicng,e5e5b099bf3b8d6349d6daffce1d3d56f66e4e58,org/logicng/formulas/FormulaTest.java,61,8,13,44,0.28,17,6,5,0,0,0,0,0,0,0,0,0,0,0,0,0,0,0,0,6,0,0,False
469,logic-ng/logicng,e5e5b099bf3b8d6349d6daffce1d3d56f66e4e58,org/logicng/formulas/FormulaFactoryTest.java,184,9,13,96,0.48,89,9,6,1,0,0,0,1,0,0,0,0,2,0,0,2,0,0,0,9,0,0,False
470,logic-ng/logicng,e5e5b099bf3b8d6349d6daffce1d3d56f66e4e58,org/logicng/formulas/ImplicationTest.java,131,21,24,80,0.54,71,21,19,0,0,0,0,1,0,0,0,0,1,0,0,5,0,0,0,21,0,0,False
471,logic-ng/logicng,e5e5b099bf3b8d6349d6daffce1d3d56f66e4e58,org/logicng/formulas/LiteralTest.java,119,23,24,85,0.52,62,23,22,0,0,0,0,0,0,0,0,0,1,0,0,2,1,0,0,23,0,0,False
472,logic-ng/logicng,e5e5b099bf3b8d6349d6daffce1d3d56f66e4e58,org/logicng/formulas/NotTest.java,107,19,22,76,0.5,54,19,18,0,0,0,0,1,0,0,0,0,1,0,0,4,0,0,0,19,0,0,False
473,logic-ng/logicng,e5e5b099bf3b8d6349d6daffce1d3d56f66e4e58,org/logicng/formulas/OrTest.java,139,19,24,88,0.58,80,19,17,0,0,0,0,2,0,0,0,0,1,0,0,4,0,0,0,19,0,0,False
474,logic-ng/logicng,e5e5b099bf3b8d6349d6daffce1d3d56f66e4e58,org/logicng/formulas/PBConstraintTest.java,619,36,39,207,0.61,376,35,33,0,1,0,0,0,0,0,0,0,5,0,0,6,0,0,0,35,0,0,False
475,logic-ng/logicng,e5e5b099bf3b8d6349d6daffce1d3d56f66e4e58,org/logicng/formulas/printer/DefaultStringRepresentationTest.java,48,3,3,18,0.71,34,3,1,0,0,0,0,0,0,0,0,0,2,0,0,0,0,0,0,3,0,0,False
476,logic-ng/logicng,e5e5b099bf3b8d6349d6daffce1d3d56f66e4e58,org/logicng/formulas/printer/LatexStringRepresentationTest.java,46,3,3,15,0.67,31,3,2,0,0,0,0,0,0,0,0,0,2,0,0,0,0,0,0,3,0,0,False
477,logic-ng/logicng,e5e5b099bf3b8d6349d6daffce1d3d56f66e4e58,org/logicng/formulas/printer/SortedStringRepresentationTest.java,61,4,4,22,0.69,42,4,2,0,0,0,0,0,0,0,0,0,2,0,0,2,0,0,0,4,0,0,False
478,logic-ng/logicng,e5e5b099bf3b8d6349d6daffce1d3d56f66e4e58,org/logicng/formulas/printer/UTF8StringRepresentationTest.java,46,3,3,15,0.67,31,3,2,0,0,0,0,0,0,0,0,0,2,0,0,0,0,0,0,3,0,0,False
479,logic-ng/logicng,e5e5b099bf3b8d6349d6daffce1d3d56f66e4e58,org/logicng/functions/FormulaDepthFunctionTest.java,54,4,7,24,0.57,31,4,3,1,0,0,0,1,0,0,0,0,0,0,0,1,0,0,0,4,0,0,False
480,logic-ng/logicng,e5e5b099bf3b8d6349d6daffce1d3d56f66e4e58,org/logicng/graphs/algorithms/BronKerboschTest.java,44,1,4,14,0.16,7,1,1,1,0,0,0,1,0,0,0,0,0,0,0,1,0,0,0,1,0,0,False
481,logic-ng/logicng,e5e5b099bf3b8d6349d6daffce1d3d56f66e4e58,org/logicng/graphs/datastructures/GraphTest.java,71,5,8,39,0.27,19,5,4,0,0,0,0,0,0,0,0,0,1,0,0,1,0,0,0,4,0,0,False
482,logic-ng/logicng,e5e5b099bf3b8d6349d6daffce1d3d56f66e4e58,org/logicng/graphs/datastructures/HypergraphTest.java,34,2,2,12,0.21,7,2,1,0,0,0,0,0,0,0,0,0,1,0,0,1,0,0,0,2,0,0,False
483,logic-ng/logicng,e5e5b099bf3b8d6349d6daffce1d3d56f66e4e58,org/logicng/graphs/datastructures/HypergraphEdgeTest.java,51,4,6,20,0.22,11,4,2,0,0,0,0,2,0,0,0,0,0,0,0,2,0,0,0,4,0,0,False
484,logic-ng/logicng,e5e5b099bf3b8d6349d6daffce1d3d56f66e4e58,org/logicng/graphs/datastructures/HypergraphNodeTest.java,30,2,2,12,0.37,11,2,2,0,0,0,0,0,0,0,0,0,0,0,0,1,0,0,0,2,0,0,False
485,logic-ng/logicng,e5e5b099bf3b8d6349d6daffce1d3d56f66e4e58,org/logicng/graphs/generators/ConstraintGraphGeneratorTest.java,75,5,13,45,0.11,8,5,1,1,0,0,0,5,0,0,0,0,3,0,0,1,0,0,0,5,0,0,False
486,logic-ng/logicng,e5e5b099bf3b8d6349d6daffce1d3d56f66e4e58,org/logicng/graphs/generators/HypergraphGeneratorTest.java,83,3,8,26,0.28,23,3,2,0,0,0,0,3,0,0,0,0,0,0,0,2,0,0,0,3,0,0,False
487,logic-ng/logicng,e5e5b099bf3b8d6349d6daffce1d3d56f66e4e58,org/logicng/graphs/io/GraphDimacsFileWriterTest.java,55,6,16,19,0.13,7,6,0,1,0,0,0,3,0,0,0,0,0,0,0,0,3,1,0,3,0,0,False
488,logic-ng/logicng,e5e5b099bf3b8d6349d6daffce1d3d56f66e4e58,org/logicng/graphs/io/GraphDotFileWriterTest.java,33,5,11,11,0.06,2,5,0,1,0,0,0,3,0,0,0,0,0,0,0,0,3,1,0,3,0,0,False
489,logic-ng/logicng,e5e5b099bf3b8d6349d6daffce1d3d56f66e4e58,org/logicng/handlers/NumberOfNodesBDDHandlerTest.java,9,1,1,0,0.0,0,1,0,0,0,0,0,0,0,0,0,0,0,0,0,0,0,0,0,1,0,0,False
490,logic-ng/logicng,e5e5b099bf3b8d6349d6daffce1d3d56f66e4e58,org/logicng/handlers/TimeoutBDDHandlerTest.java,44,6,14,31,0.14,6,6,3,0,0,0,0,3,0,0,0,0,0,0,1,1,1,0,0,5,0,0,False
491,logic-ng/logicng,e5e5b099bf3b8d6349d6daffce1d3d56f66e4e58,org/logicng/handlers/TimeoutMaxSATHandlerTest.java,41,7,15,31,0.1,4,7,4,4,0,0,0,5,0,0,0,0,0,0,2,2,1,0,0,6,0,0,False
492,logic-ng/logicng,e5e5b099bf3b8d6349d6daffce1d3d56f66e4e58,org/logicng/handlers/TimeoutModelEnumerationHandlerTest.java,60,6,13,49,0.1,6,6,3,4,0,0,0,2,0,0,0,0,0,0,1,1,2,0,0,5,0,0,False
493,logic-ng/logicng,e5e5b099bf3b8d6349d6daffce1d3d56f66e4e58,org/logicng/handlers/TimeoutOptimizationHandlerTest.java,46,5,14,45,0.04,2,5,1,3,0,0,0,4,0,0,0,0,0,0,1,1,1,0,0,4,0,0,False
494,logic-ng/logicng,e5e5b099bf3b8d6349d6daffce1d3d56f66e4e58,org/logicng/handlers/TimeoutSATHandlerTest.java,55,6,13,37,0.11,6,6,3,4,0,0,0,2,0,0,0,0,0,0,1,1,1,0,0,5,0,0,False
495,logic-ng/logicng,e5e5b099bf3b8d6349d6daffce1d3d56f66e4e58,org/logicng/io/parsers/PropositionalParserTest.java,142,29,38,55,0.45,64,29,9,0,0,0,0,9,0,0,0,0,1,0,0,0,0,0,0,29,0,0,False
496,logic-ng/logicng,e5e5b099bf3b8d6349d6daffce1d3d56f66e4e58,org/logicng/io/parsers/PseudoBooleanParserTest.java,164,30,42,77,0.51,84,30,12,0,0,0,0,12,0,0,0,0,1,0,0,1,0,0,0,30,0,0,False
497,logic-ng/logicng,e5e5b099bf3b8d6349d6daffce1d3d56f66e4e58,org/logicng/io/readers/DimacsReaderTest.java,9,1,1,0,0.0,0,1,0,0,0,0,0,0,0,1,0,0,0,0,0,0,0,0,1,1,0,0,False
498,logic-ng/logicng,e5e5b099bf3b8d6349d6daffce1d3d56f66e4e58,org/logicng/io/writers/FormulaDimacsFileWriterTest.java,67,7,17,21,0.09,6,7,0,0,0,0,0,4,0,0,0,0,0,0,0,0,4,1,0,5,0,0,False
499,logic-ng/logicng,e5e5b099bf3b8d6349d6daffce1d3d56f66e4e58,org/logicng/io/writers/FormulaDotFileWriterTest.java,46,5,11,14,0.04,2,5,0,0,0,0,0,4,0,0,0,0,0,0,0,0,4,1,0,4,0,0,False
500,logic-ng/logicng,e5e5b099bf3b8d6349d6daffce1d3d56f66e4e58,org/logicng/knowledgecompilation/bdds/datastructures/BDDNodeTest.java,66,4,4,35,0.47,31,4,4,0,0,0,0,0,0,0,0,0,0,0,0,1,0,0,0,4,0,0,False
501,logic-ng/logicng,e5e5b099bf3b8d6349d6daffce1d3d56f66e4e58,org/logicng/knowledgecompilation/bdds/io/BDDDotFileWriterTest.java,29,2,5,9,0.03,1,2,0,0,0,0,0,1,0,0,0,0,0,0,0,0,1,1,0,1,0,0,False
502,logic-ng/logicng,e5e5b099bf3b8d6349d6daffce1d3d56f66e4e58,org/logicng/knowledgecompilation/bdds/BDDOperationsTest.java,220,11,19,60,0.68,150,11,10,0,0,0,0,3,0,0,0,0,0,0,0,0,0,0,0,10,0,0,False
503,logic-ng/logicng,e5e5b099bf3b8d6349d6daffce1d3d56f66e4e58,org/logicng/knowledgecompilation/bdds/jbuddy/BDDPrimeTest.java,6,1,1,3,0.33,2,1,1,0,0,0,0,0,0,0,0,0,0,0,0,0,0,0,0,1,0,0,False
504,logic-ng/logicng,e5e5b099bf3b8d6349d6daffce1d3d56f66e4e58,org/logicng/knowledgecompilation/bdds/BDDReorderingTest.java,201,17,41,85,0.04,8,17,3,0,0,0,0,2,0,0,0,0,0,0,0,2,4,2,0,7,0,0,False
505,logic-ng/logicng,e5e5b099bf3b8d6349d6daffce1d3d56f66e4e58,org/logicng/knowledgecompilation/bdds/orderings/BFSOrderingTest.java,27,2,5,11,0.37,10,2,1,0,0,0,0,2,0,0,0,0,0,0,0,0,0,0,0,2,0,0,False
506,logic-ng/logicng,e5e5b099bf3b8d6349d6daffce1d3d56f66e4e58,org/logicng/knowledgecompilation/bdds/orderings/DFSOrderingTest.java,27,2,5,11,0.37,10,2,1,0,0,0,0,2,0,0,0,0,0,0,0,0,0,0,0,2,0,0,False
507,logic-ng/logicng,e5e5b099bf3b8d6349d6daffce1d3d56f66e4e58,org/logicng/knowledgecompilation/bdds/orderings/ForceOrderingTest.java,33,3,9,17,0.21,7,3,1,0,0,0,0,3,0,0,0,0,0,0,0,0,0,0,0,3,0,0,False
508,logic-ng/logicng,e5e5b099bf3b8d6349d6daffce1d3d56f66e4e58,org/logicng/knowledgecompilation/dnnf/datastructures/dtree/DTreeNodeTest.java,11,1,2,4,0.09,1,1,0,0,0,0,0,1,0,0,0,0,1,0,0,0,0,0,0,1,0,0,False
509,logic-ng/logicng,e5e5b099bf3b8d6349d6daffce1d3d56f66e4e58,org/logicng/knowledgecompilation/dnnf/DnnfCompilerTest.java,95,7,21,38,0.03,3,7,0,1,0,0,0,5,0,0,0,0,0,0,0,0,3,1,0,5,0,0,False
510,logic-ng/logicng,e5e5b099bf3b8d6349d6daffce1d3d56f66e4e58,org/logicng/LogicNGVersionTest.java,15,4,4,0,0.0,0,4,4,0,0,0,0,0,0,0,0,0,0,0,0,4,0,0,0,4,0,0,False
511,logic-ng/logicng,e5e5b099bf3b8d6349d6daffce1d3d56f66e4e58,org/logicng/modelcounting/ModelCounterTest.java,76,14,22,53,0.17,13,14,6,4,0,0,0,3,0,0,0,0,0,0,0,1,1,1,0,10,0,0,False
512,logic-ng/logicng,e5e5b099bf3b8d6349d6daffce1d3d56f66e4e58,org/logicng/np/SetCoverTest.java,31,2,2,16,0.19,6,2,1,0,0,0,0,0,0,0,0,0,0,0,0,1,0,0,0,2,0,0,False
513,logic-ng/logicng,e5e5b099bf3b8d6349d6daffce1d3d56f66e4e58,org/logicng/predicates/CNFPredicateTest.java,30,3,3,10,0.53,16,3,1,0,0,0,0,0,0,0,0,0,1,0,0,0,0,0,0,3,0,0,False
514,logic-ng/logicng,e5e5b099bf3b8d6349d6daffce1d3d56f66e4e58,org/logicng/predicates/ContainsPBCPredicateTest.java,44,6,9,30,0.43,19,6,4,1,0,0,0,2,0,0,0,0,1,0,0,0,0,0,0,6,0,0,False
515,logic-ng/logicng,e5e5b099bf3b8d6349d6daffce1d3d56f66e4e58,org/logicng/predicates/DNFPredicateTest.java,28,2,2,10,0.57,16,2,1,0,0,0,0,0,0,0,0,0,1,0,0,0,0,0,0,2,0,0,False
516,logic-ng/logicng,e5e5b099bf3b8d6349d6daffce1d3d56f66e4e58,org/logicng/predicates/EvaluatesToConstantPredicateTest.java,432,22,34,94,0.83,360,21,21,2,1,0,0,12,0,0,0,0,0,0,0,1,0,0,0,21,0,0,False
517,logic-ng/logicng,e5e5b099bf3b8d6349d6daffce1d3d56f66e4e58,org/logicng/predicates/NNFPredicateTest.java,32,2,2,11,0.63,20,2,1,0,0,0,0,0,0,0,0,0,1,0,0,0,0,0,0,2,0,0,False
518,logic-ng/logicng,e5e5b099bf3b8d6349d6daffce1d3d56f66e4e58,org/logicng/predicates/TermPredicateTest.java,47,3,3,17,0.68,32,3,3,0,0,0,0,0,0,0,0,0,1,0,0,0,0,0,0,3,0,0,False
519,logic-ng/logicng,e5e5b099bf3b8d6349d6daffce1d3d56f66e4e58,org/logicng/primecomputation/PrimeCompilerTest.java,118,12,33,65,0.09,11,12,0,4,0,0,0,4,0,0,0,0,1,0,0,0,6,1,0,7,0,0,False
520,logic-ng/logicng,e5e5b099bf3b8d6349d6daffce1d3d56f66e4e58,org/logicng/primecomputation/PrimeResultTest.java,75,5,5,28,0.36,27,4,3,0,1,0,0,0,0,0,0,0,1,0,0,0,0,0,0,4,0,0,False
521,logic-ng/logicng,e5e5b099bf3b8d6349d6daffce1d3d56f66e4e58,org/logicng/propositions/ExtendedPropositionTest.java,56,5,11,18,0.25,14,4,4,0,1,0,0,3,0,0,0,0,1,0,0,0,0,0,0,4,0,0,False
522,logic-ng/logicng,e5e5b099bf3b8d6349d6daffce1d3d56f66e4e58,org/logicng/propositions/StandardPropositionTest.java,43,5,11,18,0.35,15,4,4,0,1,0,0,3,0,0,0,0,1,0,0,0,0,0,0,4,0,0,False
523,logic-ng/logicng,e5e5b099bf3b8d6349d6daffce1d3d56f66e4e58,org/logicng/pseudobooleans/PBEncoderTest.java,66,9,13,30,0.11,7,8,1,4,1,0,0,1,0,0,0,0,1,0,0,0,1,1,0,7,0,0,False
524,logic-ng/logicng,e5e5b099bf3b8d6349d6daffce1d3d56f66e4e58,org/logicng/solvers/datastructures/LNGHeapTest.java,23,1,1,10,0.22,5,1,1,0,0,0,0,0,0,0,0,0,1,0,0,1,0,0,0,1,0,0,False
525,logic-ng/logicng,e5e5b099bf3b8d6349d6daffce1d3d56f66e4e58,org/logicng/solvers/functions/BackboneFunctionTest.java,276,12,41,159,0.25,68,12,8,6,0,0,0,8,0,0,0,0,0,0,0,8,0,0,0,9,0,0,False
526,logic-ng/logicng,e5e5b099bf3b8d6349d6daffce1d3d56f66e4e58,org/logicng/solvers/functions/ModelEnumerationFunctionTest.java,19,3,5,10,0.05,1,2,1,0,1,0,0,2,0,0,0,0,0,0,0,1,0,0,0,2,0,0,False
527,logic-ng/logicng,e5e5b099bf3b8d6349d6daffce1d3d56f66e4e58,org/logicng/solvers/functions/OptimizationFunctionTest.java,284,23,63,200,0.14,39,23,6,5,0,0,0,11,0,0,0,0,0,0,0,1,8,3,0,14,0,0,False
528,logic-ng/logicng,e5e5b099bf3b8d6349d6daffce1d3d56f66e4e58,org/logicng/solvers/functions/UnsatCoreFunctionTest.java,9,1,1,0,0.0,0,1,1,0,0,0,0,0,0,0,0,0,0,0,0,0,0,0,0,1,0,0,False
529,logic-ng/logicng,e5e5b099bf3b8d6349d6daffce1d3d56f66e4e58,org/logicng/solvers/sat/MiniSatTest.java,52,7,11,26,0.25,13,7,3,0,0,0,0,1,0,0,0,0,1,0,0,1,0,0,0,5,0,0,False
530,logic-ng/logicng,e5e5b099bf3b8d6349d6daffce1d3d56f66e4e58,org/logicng/solvers/sat/GlucoseSyrupTest.java,33,6,11,9,0.03,1,6,0,0,0,0,0,0,0,0,0,0,1,0,0,0,0,0,0,3,0,0,False
531,logic-ng/logicng,e5e5b099bf3b8d6349d6daffce1d3d56f66e4e58,org/logicng/solvers/sat/MiniCardTest.java,84,8,12,32,0.18,15,8,3,0,0,0,0,0,0,0,0,0,1,0,0,1,0,0,0,6,0,0,False
532,logic-ng/logicng,e5e5b099bf3b8d6349d6daffce1d3d56f66e4e58,org/logicng/transformations/AnonymizerTest.java,77,5,15,23,0.49,38,5,5,0,0,0,0,5,0,0,0,0,0,0,0,2,0,0,0,5,0,0,False
533,logic-ng/logicng,e5e5b099bf3b8d6349d6daffce1d3d56f66e4e58,org/logicng/transformations/FormulaFactoryImporterTest.java,187,12,17,114,0.67,126,12,10,0,0,0,0,1,0,0,0,0,0,0,0,0,0,0,0,10,0,0,False
534,logic-ng/logicng,e5e5b099bf3b8d6349d6daffce1d3d56f66e4e58,org/logicng/transformations/LiteralSubstitutionTest.java,42,5,14,19,0.4,17,5,3,0,0,0,0,4,0,0,0,0,0,0,0,0,0,0,0,4,0,0,False
535,logic-ng/logicng,e5e5b099bf3b8d6349d6daffce1d3d56f66e4e58,org/logicng/transformations/PureExpansionTransformationTest.java,107,13,37,44,0.35,37,13,6,2,0,0,0,4,0,0,0,0,1,0,0,1,2,0,0,10,0,0,False
536,logic-ng/logicng,e5e5b099bf3b8d6349d6daffce1d3d56f66e4e58,org/logicng/transformations/UnitPropagationTest.java,31,4,9,15,0.45,14,4,4,0,0,0,0,1,0,0,0,0,0,0,0,0,0,0,0,4,0,0,False
537,logic-ng/logicng,e5e5b099bf3b8d6349d6daffce1d3d56f66e4e58,org/logicng/transformations/cnf/CanonicalCNFEnumerationTest.java,54,6,13,30,0.31,17,6,1,2,0,0,0,1,0,0,0,0,1,0,0,0,2,1,0,4,0,0,False
538,logic-ng/logicng,e5e5b099bf3b8d6349d6daffce1d3d56f66e4e58,org/logicng/transformations/cnf/CNFEncoderTest.java,157,13,27,106,0.22,35,13,11,0,0,0,0,10,0,0,0,0,1,0,0,3,0,0,0,12,0,0,False
539,logic-ng/logicng,e5e5b099bf3b8d6349d6daffce1d3d56f66e4e58,org/logicng/transformations/cnf/CNFSubsumptionTest.java,41,4,8,16,0.46,19,4,3,0,0,0,0,3,0,0,0,0,0,0,0,1,0,0,0,4,0,0,False
540,logic-ng/logicng,e5e5b099bf3b8d6349d6daffce1d3d56f66e4e58,org/logicng/transformations/cnf/PlaistedGreenbaumTransformationSolverTest.java,41,5,10,11,0.02,1,5,1,2,0,0,0,1,0,0,0,0,0,0,0,1,1,0,0,3,0,0,False
541,logic-ng/logicng,e5e5b099bf3b8d6349d6daffce1d3d56f66e4e58,org/logicng/transformations/dnf/CanonicalDNFEnumerationTest.java,54,6,13,30,0.31,17,6,1,2,0,0,0,1,0,0,0,0,1,0,0,0,2,1,0,4,0,0,False
542,logic-ng/logicng,e5e5b099bf3b8d6349d6daffce1d3d56f66e4e58,org/logicng/transformations/dnf/DNFFactorizationTest.java,105,12,29,45,0.43,45,8,8,0,0,0,0,5,0,0,0,0,1,0,0,2,0,0,0,8,0,0,False
543,logic-ng/logicng,e5e5b099bf3b8d6349d6daffce1d3d56f66e4e58,org/logicng/transformations/dnf/DNFSubsumptionTest.java,48,4,10,16,0.4,19,4,3,1,0,0,0,3,0,0,0,0,0,0,0,1,0,0,0,4,0,0,False
544,logic-ng/logicng,e5e5b099bf3b8d6349d6daffce1d3d56f66e4e58,org/logicng/transformations/qmc/TermTest.java,80,3,7,21,0.21,17,3,3,0,0,0,0,1,0,0,0,0,1,0,0,0,0,0,0,3,0,0,False
545,logic-ng/logicng,e5e5b099bf3b8d6349d6daffce1d3d56f66e4e58,org/logicng/transformations/qmc/TermTableTest.java,47,4,8,19,0.26,12,4,2,0,0,0,0,0,0,0,0,0,1,0,0,1,0,0,0,3,0,0,False
546,logic-ng/logicng,e5e5b099bf3b8d6349d6daffce1d3d56f66e4e58,org/logicng/transformations/simplification/AdvancedSimplifierTest.java,84,11,31,56,0.12,10,11,2,5,0,0,0,5,0,0,0,0,1,0,0,0,7,1,0,9,0,0,False
547,logic-ng/logicng,e5e5b099bf3b8d6349d6daffce1d3d56f66e4e58,org/logicng/transformations/simplification/BackboneSimplifierTest.java,27,2,8,8,0.41,11,2,2,0,0,0,0,2,0,0,0,0,0,0,0,0,0,0,0,2,0,0,False
548,logic-ng/logicng,e5e5b099bf3b8d6349d6daffce1d3d56f66e4e58,org/logicng/transformations/simplification/DistributiveSimplifierTest.java,52,6,20,25,0.5,26,6,6,0,0,0,0,2,0,0,0,0,0,0,0,0,0,0,0,6,0,0,False
549,logic-ng/logicng,e5e5b099bf3b8d6349d6daffce1d3d56f66e4e58,org/logicng/util/CollectionHelperTest.java,60,6,7,16,0.6,36,6,6,0,0,0,0,0,0,0,0,0,0,0,0,1,0,0,0,6,0,0,False
550,logic-ng/logicng,e5e5b099bf3b8d6349d6daffce1d3d56f66e4e58,org/logicng/util/ComparablePairTest.java,42,5,5,18,0.52,22,5,5,0,0,0,0,0,0,0,0,0,1,0,0,0,0,0,0,5,0,0,False
551,logic-ng/logicng,e5e5b099bf3b8d6349d6daffce1d3d56f66e4e58,org/logicng/util/FormulaHelperTest.java,67,9,9,35,0.63,42,9,9,0,0,0,0,0,0,0,0,0,0,0,0,0,0,0,0,9,0,0,False
552,logic-ng/logicng,e5e5b099bf3b8d6349d6daffce1d3d56f66e4e58,org/logicng/util/FormulaRandomizerTest.java,414,22,60,281,0.21,86,22,19,20,0,0,0,0,0,0,0,0,0,0,0,1,0,0,0,20,0,0,False
553,logic-ng/logicng,e5e5b099bf3b8d6349d6daffce1d3d56f66e4e58,org/logicng/util/PairTest.java,36,4,4,14,0.5,18,4,4,0,0,0,0,0,0,0,0,0,1,0,0,0,0,0,0,4,0,0,False
554,logic-ng/logicng,3fec85f2abf5908942396c8e507949539ceefc7b,org/logicng/backbones/BackboneTest.java,75,6,8,37,0.35,26,6,4,0,0,0,0,1,0,0,0,0,1,0,0,2,0,0,0,5,0,0,False
555,logic-ng/logicng,3fec85f2abf5908942396c8e507949539ceefc7b,org/logicng/backbones/BackboneGenerationTest.java,224,9,27,100,0.22,49,9,4,2,0,0,0,4,0,0,0,0,0,0,0,2,0,0,0,8,0,0,False
556,logic-ng/logicng,3fec85f2abf5908942396c8e507949539ceefc7b,org/logicng/collections/LNGBooleanVectorTest.java,173,11,22,75,0.34,59,11,10,9,0,0,0,0,0,0,0,0,1,0,0,7,0,0,0,11,0,0,False
557,logic-ng/logicng,3fec85f2abf5908942396c8e507949539ceefc7b,org/logicng/collections/LNGByteVectorTest.java,198,12,25,84,0.29,57,12,11,11,0,0,0,0,0,0,0,0,1,0,0,6,0,0,0,12,0,0,False
558,logic-ng/logicng,3fec85f2abf5908942396c8e507949539ceefc7b,org/logicng/collections/LNGDoublePriorityQueueTest.java,107,6,6,35,0.4,43,6,5,0,0,0,0,0,0,0,0,0,1,0,0,3,0,0,0,6,0,0,False
559,logic-ng/logicng,3fec85f2abf5908942396c8e507949539ceefc7b,org/logicng/collections/LNGDoubleVectorTest.java,195,12,25,83,0.29,56,12,11,11,0,0,0,0,0,0,0,0,1,0,0,6,0,0,0,12,0,0,False
560,logic-ng/logicng,3fec85f2abf5908942396c8e507949539ceefc7b,org/logicng/collections/LNGIntVectorTest.java,195,12,25,83,0.29,56,12,11,11,0,0,0,0,0,0,0,0,1,0,0,6,0,0,0,12,0,0,False
561,logic-ng/logicng,3fec85f2abf5908942396c8e507949539ceefc7b,org/logicng/collections/LNGLongPriorityQueueTest.java,86,5,5,28,0.42,36,5,4,0,0,0,0,0,0,0,0,0,1,0,0,3,0,0,0,5,0,0,False
562,logic-ng/logicng,3fec85f2abf5908942396c8e507949539ceefc7b,org/logicng/collections/LNGLongVectorTest.java,198,12,25,84,0.29,57,12,11,11,0,0,0,0,0,0,0,0,1,0,0,6,0,0,0,12,0,0,False
563,logic-ng/logicng,3fec85f2abf5908942396c8e507949539ceefc7b,org/logicng/collections/LNGVectorTest.java,342,22,42,135,0.29,100,21,19,20,1,0,0,0,0,0,0,0,2,0,0,9,0,0,0,21,0,0,False
564,logic-ng/logicng,3fec85f2abf5908942396c8e507949539ceefc7b,org/logicng/datastructures/AssignmentTest.java,163,14,18,87,0.47,77,14,13,0,0,0,0,2,0,0,0,0,1,0,0,6,0,0,0,14,0,0,False
565,logic-ng/logicng,3fec85f2abf5908942396c8e507949539ceefc7b,org/logicng/formulas/SubstitutionTest.java,153,16,20,70,0.36,55,15,12,0,1,0,0,4,0,0,0,0,1,0,0,4,0,0,0,15,0,0,False
566,logic-ng/logicng,3fec85f2abf5908942396c8e507949539ceefc7b,org/logicng/datastructures/ubtrees/UBNodeTest.java,33,4,4,14,0.27,9,3,2,0,1,0,0,0,0,0,0,0,1,0,0,1,0,0,0,3,0,0,False
567,logic-ng/logicng,3fec85f2abf5908942396c8e507949539ceefc7b,org/logicng/datastructures/ubtrees/UBTreeTest.java,201,8,9,57,0.62,125,8,6,0,0,0,0,0,0,0,0,0,0,0,0,1,0,0,0,7,0,0,False
568,logic-ng/logicng,3fec85f2abf5908942396c8e507949539ceefc7b,org/logicng/explanations/mus/MUSConfigTest.java,12,1,2,11,0.17,2,1,1,0,0,0,0,0,0,0,0,0,1,0,0,0,0,0,0,1,0,0,False
569,logic-ng/logicng,3fec85f2abf5908942396c8e507949539ceefc7b,org/logicng/explanations/mus/MUSGenerationTest.java,114,12,24,32,0.05,6,11,2,2,1,0,0,2,0,0,0,0,1,0,0,0,2,1,0,8,0,0,False
570,logic-ng/logicng,3fec85f2abf5908942396c8e507949539ceefc7b,org/logicng/explanations/smus/SmusComputationTest.java,96,16,38,82,0.14,13,16,0,3,0,0,0,15,0,0,0,0,0,0,0,0,5,1,0,15,0,0,False
571,logic-ng/logicng,3fec85f2abf5908942396c8e507949539ceefc7b,org/logicng/explanations/UNSATCoreTest.java,54,5,7,19,0.3,16,4,4,0,1,0,0,0,0,0,0,0,1,0,0,1,0,0,0,4,0,0,False
572,logic-ng/logicng,3fec85f2abf5908942396c8e507949539ceefc7b,org/logicng/formulas/AndTest.java,144,20,25,93,0.56,81,20,17,0,0,0,0,2,0,0,0,0,1,0,0,4,0,0,0,20,0,0,False
573,logic-ng/logicng,3fec85f2abf5908942396c8e507949539ceefc7b,org/logicng/formulas/CFalseTest.java,63,18,19,62,0.32,20,18,2,0,0,0,0,0,0,0,0,0,1,0,0,0,0,0,0,18,0,0,False
574,logic-ng/logicng,3fec85f2abf5908942396c8e507949539ceefc7b,org/logicng/formulas/CTrueTest.java,64,18,19,62,0.33,21,18,3,0,0,0,0,0,0,0,0,0,1,0,0,1,0,0,0,18,0,0,False
575,logic-ng/logicng,3fec85f2abf5908942396c8e507949539ceefc7b,org/logicng/formulas/EquivalenceTest.java,136,20,23,81,0.57,77,20,19,0,0,0,0,1,0,0,0,0,1,0,0,4,0,0,0,20,0,0,False
576,logic-ng/logicng,3fec85f2abf5908942396c8e507949539ceefc7b,org/logicng/formulas/ExtendedFormulaFactoryTest.java,199,12,21,74,0.27,54,12,7,0,0,0,0,1,0,0,0,0,0,0,0,5,2,1,0,10,0,0,False
577,logic-ng/logicng,3fec85f2abf5908942396c8e507949539ceefc7b,org/logicng/formulas/FormulaTest.java,61,8,13,44,0.28,17,6,5,0,0,0,0,0,0,0,0,0,0,0,0,0,0,0,0,6,0,0,False
578,logic-ng/logicng,3fec85f2abf5908942396c8e507949539ceefc7b,org/logicng/formulas/FormulaFactoryTest.java,184,9,13,96,0.48,89,9,6,1,0,0,0,1,0,0,0,0,2,0,0,2,0,0,0,9,0,0,False
579,logic-ng/logicng,3fec85f2abf5908942396c8e507949539ceefc7b,org/logicng/formulas/ImplicationTest.java,131,21,24,80,0.54,71,21,19,0,0,0,0,1,0,0,0,0,1,0,0,5,0,0,0,21,0,0,False
580,logic-ng/logicng,3fec85f2abf5908942396c8e507949539ceefc7b,org/logicng/formulas/LiteralTest.java,119,23,24,85,0.52,62,23,22,0,0,0,0,0,0,0,0,0,1,0,0,2,1,0,0,23,0,0,False
581,logic-ng/logicng,3fec85f2abf5908942396c8e507949539ceefc7b,org/logicng/formulas/NotTest.java,107,19,22,76,0.5,54,19,18,0,0,0,0,1,0,0,0,0,1,0,0,4,0,0,0,19,0,0,False
582,logic-ng/logicng,3fec85f2abf5908942396c8e507949539ceefc7b,org/logicng/formulas/OrTest.java,139,19,24,88,0.58,80,19,17,0,0,0,0,2,0,0,0,0,1,0,0,4,0,0,0,19,0,0,False
583,logic-ng/logicng,3fec85f2abf5908942396c8e507949539ceefc7b,org/logicng/formulas/PBConstraintTest.java,619,36,39,207,0.61,376,35,33,0,1,0,0,0,0,0,0,0,5,0,0,6,0,0,0,35,0,0,False
584,logic-ng/logicng,3fec85f2abf5908942396c8e507949539ceefc7b,org/logicng/formulas/printer/DefaultStringRepresentationTest.java,48,3,3,18,0.71,34,3,1,0,0,0,0,0,0,0,0,0,2,0,0,0,0,0,0,3,0,0,False
585,logic-ng/logicng,3fec85f2abf5908942396c8e507949539ceefc7b,org/logicng/formulas/printer/LatexStringRepresentationTest.java,46,3,3,15,0.67,31,3,2,0,0,0,0,0,0,0,0,0,2,0,0,0,0,0,0,3,0,0,False
586,logic-ng/logicng,3fec85f2abf5908942396c8e507949539ceefc7b,org/logicng/formulas/printer/SortedStringRepresentationTest.java,61,4,4,22,0.69,42,4,2,0,0,0,0,0,0,0,0,0,2,0,0,2,0,0,0,4,0,0,False
587,logic-ng/logicng,3fec85f2abf5908942396c8e507949539ceefc7b,org/logicng/formulas/printer/UTF8StringRepresentationTest.java,46,3,3,15,0.67,31,3,2,0,0,0,0,0,0,0,0,0,2,0,0,0,0,0,0,3,0,0,False
588,logic-ng/logicng,3fec85f2abf5908942396c8e507949539ceefc7b,org/logicng/functions/FormulaDepthFunctionTest.java,54,4,7,24,0.57,31,4,3,1,0,0,0,1,0,0,0,0,0,0,0,1,0,0,0,4,0,0,False
589,logic-ng/logicng,3fec85f2abf5908942396c8e507949539ceefc7b,org/logicng/graphs/algorithms/BronKerboschTest.java,44,1,4,14,0.16,7,1,1,1,0,0,0,1,0,0,0,0,0,0,0,1,0,0,0,1,0,0,False
590,logic-ng/logicng,3fec85f2abf5908942396c8e507949539ceefc7b,org/logicng/graphs/datastructures/GraphTest.java,71,5,8,39,0.27,19,5,4,0,0,0,0,0,0,0,0,0,1,0,0,1,0,0,0,4,0,0,False
591,logic-ng/logicng,3fec85f2abf5908942396c8e507949539ceefc7b,org/logicng/graphs/datastructures/HypergraphTest.java,34,2,2,12,0.21,7,2,1,0,0,0,0,0,0,0,0,0,1,0,0,1,0,0,0,2,0,0,False
592,logic-ng/logicng,3fec85f2abf5908942396c8e507949539ceefc7b,org/logicng/graphs/datastructures/HypergraphEdgeTest.java,51,4,6,20,0.22,11,4,2,0,0,0,0,2,0,0,0,0,0,0,0,2,0,0,0,4,0,0,False
593,logic-ng/logicng,3fec85f2abf5908942396c8e507949539ceefc7b,org/logicng/graphs/datastructures/HypergraphNodeTest.java,30,2,2,12,0.37,11,2,2,0,0,0,0,0,0,0,0,0,0,0,0,1,0,0,0,2,0,0,False
594,logic-ng/logicng,3fec85f2abf5908942396c8e507949539ceefc7b,org/logicng/graphs/generators/ConstraintGraphGeneratorTest.java,75,5,13,45,0.11,8,5,1,1,0,0,0,5,0,0,0,0,3,0,0,1,0,0,0,5,0,0,False
595,logic-ng/logicng,3fec85f2abf5908942396c8e507949539ceefc7b,org/logicng/graphs/generators/HypergraphGeneratorTest.java,83,3,8,26,0.28,23,3,2,0,0,0,0,3,0,0,0,0,0,0,0,2,0,0,0,3,0,0,False
596,logic-ng/logicng,3fec85f2abf5908942396c8e507949539ceefc7b,org/logicng/graphs/io/GraphDimacsFileWriterTest.java,55,6,16,19,0.13,7,6,0,1,0,0,0,3,0,0,0,0,0,0,0,0,3,1,0,3,0,0,False
597,logic-ng/logicng,3fec85f2abf5908942396c8e507949539ceefc7b,org/logicng/graphs/io/GraphDotFileWriterTest.java,33,5,11,11,0.06,2,5,0,1,0,0,0,3,0,0,0,0,0,0,0,0,3,1,0,3,0,0,False
598,logic-ng/logicng,3fec85f2abf5908942396c8e507949539ceefc7b,org/logicng/handlers/NumberOfNodesBDDHandlerTest.java,9,1,1,0,0.0,0,1,0,0,0,0,0,0,0,0,0,0,0,0,0,0,0,0,0,1,0,0,False
599,logic-ng/logicng,3fec85f2abf5908942396c8e507949539ceefc7b,org/logicng/handlers/TimeoutBDDHandlerTest.java,44,6,14,31,0.14,6,6,3,0,0,0,0,3,0,0,0,0,0,0,1,1,1,0,0,5,0,0,False
600,logic-ng/logicng,3fec85f2abf5908942396c8e507949539ceefc7b,org/logicng/handlers/TimeoutMaxSATHandlerTest.java,41,7,15,31,0.1,4,7,4,4,0,0,0,5,0,0,0,0,0,0,2,2,1,0,0,6,0,0,False
601,logic-ng/logicng,3fec85f2abf5908942396c8e507949539ceefc7b,org/logicng/handlers/TimeoutModelEnumerationHandlerTest.java,60,6,13,49,0.1,6,6,3,4,0,0,0,2,0,0,0,0,0,0,1,1,2,0,0,5,0,0,False
602,logic-ng/logicng,3fec85f2abf5908942396c8e507949539ceefc7b,org/logicng/handlers/TimeoutOptimizationHandlerTest.java,46,5,14,45,0.04,2,5,1,3,0,0,0,4,0,0,0,0,0,0,1,1,1,0,0,4,0,0,False
603,logic-ng/logicng,3fec85f2abf5908942396c8e507949539ceefc7b,org/logicng/handlers/TimeoutSATHandlerTest.java,55,6,13,37,0.11,6,6,3,4,0,0,0,2,0,0,0,0,0,0,1,1,1,0,0,5,0,0,False
604,logic-ng/logicng,3fec85f2abf5908942396c8e507949539ceefc7b,org/logicng/io/parsers/PropositionalParserTest.java,142,29,38,55,0.45,64,29,9,0,0,0,0,9,0,0,0,0,1,0,0,0,0,0,0,29,0,0,False
605,logic-ng/logicng,3fec85f2abf5908942396c8e507949539ceefc7b,org/logicng/io/parsers/PseudoBooleanParserTest.java,164,30,42,77,0.51,84,30,12,0,0,0,0,12,0,0,0,0,1,0,0,1,0,0,0,30,0,0,False
606,logic-ng/logicng,3fec85f2abf5908942396c8e507949539ceefc7b,org/logicng/io/readers/DimacsReaderTest.java,9,1,1,0,0.0,0,1,0,0,0,0,0,0,0,1,0,0,0,0,0,0,0,0,1,1,0,0,False
607,logic-ng/logicng,3fec85f2abf5908942396c8e507949539ceefc7b,org/logicng/io/writers/FormulaDimacsFileWriterTest.java,67,7,17,21,0.09,6,7,0,0,0,0,0,4,0,0,0,0,0,0,0,0,4,1,0,5,0,0,False
608,logic-ng/logicng,3fec85f2abf5908942396c8e507949539ceefc7b,org/logicng/io/writers/FormulaDotFileWriterTest.java,46,5,11,14,0.04,2,5,0,0,0,0,0,4,0,0,0,0,0,0,0,0,4,1,0,4,0,0,False
609,logic-ng/logicng,3fec85f2abf5908942396c8e507949539ceefc7b,org/logicng/knowledgecompilation/bdds/datastructures/BDDNodeTest.java,66,4,4,35,0.47,31,4,4,0,0,0,0,0,0,0,0,0,0,0,0,1,0,0,0,4,0,0,False
610,logic-ng/logicng,3fec85f2abf5908942396c8e507949539ceefc7b,org/logicng/knowledgecompilation/bdds/io/BDDDotFileWriterTest.java,29,2,5,9,0.03,1,2,0,0,0,0,0,1,0,0,0,0,0,0,0,0,1,1,0,1,0,0,False
611,logic-ng/logicng,3fec85f2abf5908942396c8e507949539ceefc7b,org/logicng/knowledgecompilation/bdds/BDDOperationsTest.java,220,11,19,60,0.68,150,11,10,0,0,0,0,3,0,0,0,0,0,0,0,0,0,0,0,10,0,0,False
612,logic-ng/logicng,3fec85f2abf5908942396c8e507949539ceefc7b,org/logicng/knowledgecompilation/bdds/jbuddy/BDDPrimeTest.java,6,1,1,3,0.33,2,1,1,0,0,0,0,0,0,0,0,0,0,0,0,0,0,0,0,1,0,0,False
613,logic-ng/logicng,3fec85f2abf5908942396c8e507949539ceefc7b,org/logicng/knowledgecompilation/bdds/BDDReorderingTest.java,201,17,41,85,0.04,8,17,3,0,0,0,0,2,0,0,0,0,0,0,0,2,4,2,0,7,0,0,False
614,logic-ng/logicng,3fec85f2abf5908942396c8e507949539ceefc7b,org/logicng/knowledgecompilation/bdds/orderings/BFSOrderingTest.java,27,2,5,11,0.37,10,2,1,0,0,0,0,2,0,0,0,0,0,0,0,0,0,0,0,2,0,0,False
615,logic-ng/logicng,3fec85f2abf5908942396c8e507949539ceefc7b,org/logicng/knowledgecompilation/bdds/orderings/DFSOrderingTest.java,27,2,5,11,0.37,10,2,1,0,0,0,0,2,0,0,0,0,0,0,0,0,0,0,0,2,0,0,False
616,logic-ng/logicng,3fec85f2abf5908942396c8e507949539ceefc7b,org/logicng/knowledgecompilation/bdds/orderings/ForceOrderingTest.java,33,3,9,17,0.21,7,3,1,0,0,0,0,3,0,0,0,0,0,0,0,0,0,0,0,3,0,0,False
617,logic-ng/logicng,3fec85f2abf5908942396c8e507949539ceefc7b,org/logicng/knowledgecompilation/dnnf/datastructures/dtree/DTreeNodeTest.java,11,1,2,4,0.09,1,1,0,0,0,0,0,1,0,0,0,0,1,0,0,0,0,0,0,1,0,0,False
618,logic-ng/logicng,3fec85f2abf5908942396c8e507949539ceefc7b,org/logicng/knowledgecompilation/dnnf/DnnfCompilerTest.java,95,7,21,38,0.03,3,7,0,1,0,0,0,5,0,0,0,0,0,0,0,0,3,1,0,5,0,0,False
619,logic-ng/logicng,3fec85f2abf5908942396c8e507949539ceefc7b,org/logicng/LogicNGVersionTest.java,15,4,4,0,0.0,0,4,4,0,0,0,0,0,0,0,0,0,0,0,0,4,0,0,0,4,0,0,False
620,logic-ng/logicng,3fec85f2abf5908942396c8e507949539ceefc7b,org/logicng/modelcounting/ModelCounterTest.java,76,14,22,53,0.17,13,14,6,4,0,0,0,3,0,0,0,0,0,0,0,1,1,1,0,10,0,0,False
621,logic-ng/logicng,3fec85f2abf5908942396c8e507949539ceefc7b,org/logicng/np/SetCoverTest.java,31,2,2,16,0.19,6,2,1,0,0,0,0,0,0,0,0,0,0,0,0,1,0,0,0,2,0,0,False
622,logic-ng/logicng,3fec85f2abf5908942396c8e507949539ceefc7b,org/logicng/predicates/CNFPredicateTest.java,30,3,3,10,0.53,16,3,1,0,0,0,0,0,0,0,0,0,1,0,0,0,0,0,0,3,0,0,False
623,logic-ng/logicng,3fec85f2abf5908942396c8e507949539ceefc7b,org/logicng/predicates/ContainsPBCPredicateTest.java,44,6,9,30,0.43,19,6,4,1,0,0,0,2,0,0,0,0,1,0,0,0,0,0,0,6,0,0,False
624,logic-ng/logicng,3fec85f2abf5908942396c8e507949539ceefc7b,org/logicng/predicates/DNFPredicateTest.java,28,2,2,10,0.57,16,2,1,0,0,0,0,0,0,0,0,0,1,0,0,0,0,0,0,2,0,0,False
625,logic-ng/logicng,3fec85f2abf5908942396c8e507949539ceefc7b,org/logicng/predicates/EvaluatesToConstantPredicateTest.java,432,22,34,94,0.83,360,21,21,2,1,0,0,12,0,0,0,0,0,0,0,1,0,0,0,21,0,0,False
626,logic-ng/logicng,3fec85f2abf5908942396c8e507949539ceefc7b,org/logicng/predicates/NNFPredicateTest.java,32,2,2,11,0.63,20,2,1,0,0,0,0,0,0,0,0,0,1,0,0,0,0,0,0,2,0,0,False
627,logic-ng/logicng,3fec85f2abf5908942396c8e507949539ceefc7b,org/logicng/predicates/TermPredicateTest.java,47,3,3,17,0.68,32,3,3,0,0,0,0,0,0,0,0,0,1,0,0,0,0,0,0,3,0,0,False
628,logic-ng/logicng,3fec85f2abf5908942396c8e507949539ceefc7b,org/logicng/primecomputation/PrimeCompilerTest.java,118,12,33,65,0.09,11,12,0,4,0,0,0,4,0,0,0,0,1,0,0,0,6,1,0,7,0,0,False
629,logic-ng/logicng,3fec85f2abf5908942396c8e507949539ceefc7b,org/logicng/primecomputation/PrimeResultTest.java,75,5,5,28,0.36,27,4,3,0,1,0,0,0,0,0,0,0,1,0,0,0,0,0,0,4,0,0,False
630,logic-ng/logicng,3fec85f2abf5908942396c8e507949539ceefc7b,org/logicng/propositions/ExtendedPropositionTest.java,56,5,11,18,0.25,14,4,4,0,1,0,0,3,0,0,0,0,1,0,0,0,0,0,0,4,0,0,False
631,logic-ng/logicng,3fec85f2abf5908942396c8e507949539ceefc7b,org/logicng/propositions/StandardPropositionTest.java,43,5,11,18,0.35,15,4,4,0,1,0,0,3,0,0,0,0,1,0,0,0,0,0,0,4,0,0,False
632,logic-ng/logicng,3fec85f2abf5908942396c8e507949539ceefc7b,org/logicng/pseudobooleans/PBEncoderTest.java,66,9,13,30,0.11,7,8,1,4,1,0,0,1,0,0,0,0,1,0,0,0,1,1,0,7,0,0,False
633,logic-ng/logicng,3fec85f2abf5908942396c8e507949539ceefc7b,org/logicng/solvers/datastructures/LNGHeapTest.java,23,1,1,10,0.22,5,1,1,0,0,0,0,0,0,0,0,0,1,0,0,1,0,0,0,1,0,0,False
634,logic-ng/logicng,3fec85f2abf5908942396c8e507949539ceefc7b,org/logicng/solvers/functions/BackboneFunctionTest.java,276,12,41,159,0.25,68,12,8,6,0,0,0,8,0,0,0,0,0,0,0,8,0,0,0,9,0,0,False
635,logic-ng/logicng,3fec85f2abf5908942396c8e507949539ceefc7b,org/logicng/solvers/functions/ModelEnumerationFunctionTest.java,19,3,5,10,0.05,1,2,1,0,1,0,0,2,0,0,0,0,0,0,0,1,0,0,0,2,0,0,False
636,logic-ng/logicng,3fec85f2abf5908942396c8e507949539ceefc7b,org/logicng/solvers/functions/OptimizationFunctionTest.java,284,23,63,200,0.14,39,23,6,5,0,0,0,11,0,0,0,0,0,0,0,1,8,3,0,14,0,0,False
637,logic-ng/logicng,3fec85f2abf5908942396c8e507949539ceefc7b,org/logicng/solvers/functions/UnsatCoreFunctionTest.java,9,1,1,0,0.0,0,1,1,0,0,0,0,0,0,0,0,0,0,0,0,0,0,0,0,1,0,0,False
638,logic-ng/logicng,3fec85f2abf5908942396c8e507949539ceefc7b,org/logicng/solvers/sat/MiniSatTest.java,52,7,11,26,0.25,13,7,3,0,0,0,0,1,0,0,0,0,1,0,0,1,0,0,0,5,0,0,False
639,logic-ng/logicng,3fec85f2abf5908942396c8e507949539ceefc7b,org/logicng/solvers/sat/GlucoseSyrupTest.java,33,6,11,9,0.03,1,6,0,0,0,0,0,0,0,0,0,0,1,0,0,0,0,0,0,3,0,0,False
640,logic-ng/logicng,3fec85f2abf5908942396c8e507949539ceefc7b,org/logicng/solvers/sat/MiniCardTest.java,84,8,12,32,0.18,15,8,3,0,0,0,0,0,0,0,0,0,1,0,0,1,0,0,0,6,0,0,False
641,logic-ng/logicng,3fec85f2abf5908942396c8e507949539ceefc7b,org/logicng/transformations/AnonymizerTest.java,77,5,15,23,0.49,38,5,5,0,0,0,0,5,0,0,0,0,0,0,0,2,0,0,0,5,0,0,False
642,logic-ng/logicng,3fec85f2abf5908942396c8e507949539ceefc7b,org/logicng/transformations/FormulaFactoryImporterTest.java,187,12,17,114,0.67,126,12,10,0,0,0,0,1,0,0,0,0,0,0,0,0,0,0,0,10,0,0,False
643,logic-ng/logicng,3fec85f2abf5908942396c8e507949539ceefc7b,org/logicng/transformations/LiteralSubstitutionTest.java,42,5,14,19,0.4,17,5,3,0,0,0,0,4,0,0,0,0,0,0,0,0,0,0,0,4,0,0,False
644,logic-ng/logicng,3fec85f2abf5908942396c8e507949539ceefc7b,org/logicng/transformations/PureExpansionTransformationTest.java,107,13,37,44,0.35,37,13,6,2,0,0,0,4,0,0,0,0,1,0,0,1,2,0,0,10,0,0,False
645,logic-ng/logicng,3fec85f2abf5908942396c8e507949539ceefc7b,org/logicng/transformations/UnitPropagationTest.java,31,4,9,15,0.45,14,4,4,0,0,0,0,1,0,0,0,0,0,0,0,0,0,0,0,4,0,0,False
646,logic-ng/logicng,3fec85f2abf5908942396c8e507949539ceefc7b,org/logicng/transformations/cnf/CanonicalCNFEnumerationTest.java,54,6,13,30,0.31,17,6,1,2,0,0,0,1,0,0,0,0,1,0,0,0,2,1,0,4,0,0,False
647,logic-ng/logicng,3fec85f2abf5908942396c8e507949539ceefc7b,org/logicng/transformations/cnf/CNFEncoderTest.java,157,13,27,106,0.22,35,13,11,0,0,0,0,10,0,0,0,0,1,0,0,3,0,0,0,12,0,0,False
648,logic-ng/logicng,3fec85f2abf5908942396c8e507949539ceefc7b,org/logicng/transformations/cnf/CNFSubsumptionTest.java,41,4,8,16,0.46,19,4,3,0,0,0,0,3,0,0,0,0,0,0,0,1,0,0,0,4,0,0,False
649,logic-ng/logicng,3fec85f2abf5908942396c8e507949539ceefc7b,org/logicng/transformations/cnf/PlaistedGreenbaumTransformationSolverTest.java,41,5,10,11,0.02,1,5,1,2,0,0,0,1,0,0,0,0,0,0,0,1,1,0,0,3,0,0,False
650,logic-ng/logicng,3fec85f2abf5908942396c8e507949539ceefc7b,org/logicng/transformations/dnf/CanonicalDNFEnumerationTest.java,54,6,13,30,0.31,17,6,1,2,0,0,0,1,0,0,0,0,1,0,0,0,2,1,0,4,0,0,False
651,logic-ng/logicng,3fec85f2abf5908942396c8e507949539ceefc7b,org/logicng/transformations/dnf/DNFFactorizationTest.java,105,12,29,45,0.43,45,8,8,0,0,0,0,5,0,0,0,0,1,0,0,2,0,0,0,8,0,0,False
652,logic-ng/logicng,3fec85f2abf5908942396c8e507949539ceefc7b,org/logicng/transformations/dnf/DNFSubsumptionTest.java,48,4,10,16,0.4,19,4,3,1,0,0,0,3,0,0,0,0,0,0,0,1,0,0,0,4,0,0,False
653,logic-ng/logicng,3fec85f2abf5908942396c8e507949539ceefc7b,org/logicng/transformations/qmc/TermTest.java,80,3,7,21,0.21,17,3,3,0,0,0,0,1,0,0,0,0,1,0,0,0,0,0,0,3,0,0,False
654,logic-ng/logicng,3fec85f2abf5908942396c8e507949539ceefc7b,org/logicng/transformations/qmc/TermTableTest.java,47,4,8,19,0.26,12,4,2,0,0,0,0,0,0,0,0,0,1,0,0,1,0,0,0,3,0,0,False
655,logic-ng/logicng,3fec85f2abf5908942396c8e507949539ceefc7b,org/logicng/transformations/simplification/AdvancedSimplifierTest.java,84,11,31,56,0.12,10,11,2,5,0,0,0,5,0,0,0,0,1,0,0,0,7,1,0,9,0,0,False
656,logic-ng/logicng,3fec85f2abf5908942396c8e507949539ceefc7b,org/logicng/transformations/simplification/BackboneSimplifierTest.java,27,2,8,8,0.41,11,2,2,0,0,0,0,2,0,0,0,0,0,0,0,0,0,0,0,2,0,0,False
657,logic-ng/logicng,3fec85f2abf5908942396c8e507949539ceefc7b,org/logicng/transformations/simplification/DistributiveSimplifierTest.java,52,6,20,25,0.5,26,6,6,0,0,0,0,2,0,0,0,0,0,0,0,0,0,0,0,6,0,0,False
658,logic-ng/logicng,3fec85f2abf5908942396c8e507949539ceefc7b,org/logicng/util/CollectionHelperTest.java,60,6,7,16,0.6,36,6,6,0,0,0,0,0,0,0,0,0,0,0,0,1,0,0,0,6,0,0,False
659,logic-ng/logicng,3fec85f2abf5908942396c8e507949539ceefc7b,org/logicng/util/ComparablePairTest.java,42,5,5,18,0.52,22,5,5,0,0,0,0,0,0,0,0,0,1,0,0,0,0,0,0,5,0,0,False
660,logic-ng/logicng,3fec85f2abf5908942396c8e507949539ceefc7b,org/logicng/util/FormulaHelperTest.java,67,9,9,35,0.63,42,9,9,0,0,0,0,0,0,0,0,0,0,0,0,0,0,0,0,9,0,0,False
661,logic-ng/logicng,3fec85f2abf5908942396c8e507949539ceefc7b,org/logicng/util/FormulaRandomizerTest.java,414,22,60,281,0.21,86,22,19,20,0,0,0,0,0,0,0,0,0,0,0,1,0,0,0,20,0,0,False
662,logic-ng/logicng,3fec85f2abf5908942396c8e507949539ceefc7b,org/logicng/util/PairTest.java,36,4,4,14,0.5,18,4,4,0,0,0,0,0,0,0,0,0,1,0,0,0,0,0,0,4,0,0,False
663,logic-ng/logicng,aea0cc4515c5d35d771a4312d47557f381bf8730,org/logicng/backbones/BackboneTest.java,75,6,8,37,0.35,26,6,4,0,0,0,0,1,0,0,0,0,1,0,0,2,0,0,0,5,0,0,False
664,logic-ng/logicng,aea0cc4515c5d35d771a4312d47557f381bf8730,org/logicng/backbones/BackboneGenerationTest.java,224,9,27,100,0.22,49,9,4,2,0,0,0,4,0,0,0,0,0,0,0,2,0,0,0,8,0,0,False
665,logic-ng/logicng,aea0cc4515c5d35d771a4312d47557f381bf8730,org/logicng/collections/LNGBooleanVectorTest.java,173,11,22,75,0.34,59,11,10,9,0,0,0,0,0,0,0,0,1,0,0,7,0,0,0,11,0,0,False
666,logic-ng/logicng,aea0cc4515c5d35d771a4312d47557f381bf8730,org/logicng/collections/LNGByteVectorTest.java,198,12,25,84,0.29,57,12,11,11,0,0,0,0,0,0,0,0,1,0,0,6,0,0,0,12,0,0,False
667,logic-ng/logicng,aea0cc4515c5d35d771a4312d47557f381bf8730,org/logicng/collections/LNGDoublePriorityQueueTest.java,107,6,6,35,0.4,43,6,5,0,0,0,0,0,0,0,0,0,1,0,0,3,0,0,0,6,0,0,False
668,logic-ng/logicng,aea0cc4515c5d35d771a4312d47557f381bf8730,org/logicng/collections/LNGDoubleVectorTest.java,195,12,25,83,0.29,56,12,11,11,0,0,0,0,0,0,0,0,1,0,0,6,0,0,0,12,0,0,False
669,logic-ng/logicng,aea0cc4515c5d35d771a4312d47557f381bf8730,org/logicng/collections/LNGIntVectorTest.java,195,12,25,83,0.29,56,12,11,11,0,0,0,0,0,0,0,0,1,0,0,6,0,0,0,12,0,0,False
670,logic-ng/logicng,aea0cc4515c5d35d771a4312d47557f381bf8730,org/logicng/collections/LNGLongPriorityQueueTest.java,86,5,5,28,0.42,36,5,4,0,0,0,0,0,0,0,0,0,1,0,0,3,0,0,0,5,0,0,False
671,logic-ng/logicng,aea0cc4515c5d35d771a4312d47557f381bf8730,org/logicng/collections/LNGLongVectorTest.java,198,12,25,84,0.29,57,12,11,11,0,0,0,0,0,0,0,0,1,0,0,6,0,0,0,12,0,0,False
672,logic-ng/logicng,aea0cc4515c5d35d771a4312d47557f381bf8730,org/logicng/collections/LNGVectorTest.java,342,22,42,135,0.29,100,21,19,20,1,0,0,0,0,0,0,0,2,0,0,9,0,0,0,21,0,0,False
673,logic-ng/logicng,aea0cc4515c5d35d771a4312d47557f381bf8730,org/logicng/datastructures/AssignmentTest.java,154,14,18,87,0.47,73,14,13,0,0,0,0,2,0,0,0,0,1,0,0,6,0,0,0,14,0,0,False
674,logic-ng/logicng,aea0cc4515c5d35d771a4312d47557f381bf8730,org/logicng/formulas/SubstitutionTest.java,112,13,17,50,0.35,39,12,9,0,1,0,0,4,0,0,0,0,1,0,0,2,0,0,0,12,0,0,False
675,logic-ng/logicng,aea0cc4515c5d35d771a4312d47557f381bf8730,org/logicng/datastructures/ubtrees/UBNodeTest.java,33,4,4,14,0.27,9,3,2,0,1,0,0,0,0,0,0,0,1,0,0,1,0,0,0,3,0,0,False
676,logic-ng/logicng,aea0cc4515c5d35d771a4312d47557f381bf8730,org/logicng/datastructures/ubtrees/UBTreeTest.java,201,8,9,57,0.62,125,8,6,0,0,0,0,0,0,0,0,0,0,0,0,1,0,0,0,7,0,0,False
677,logic-ng/logicng,aea0cc4515c5d35d771a4312d47557f381bf8730,org/logicng/explanations/mus/MUSConfigTest.java,12,1,2,11,0.17,2,1,1,0,0,0,0,0,0,0,0,0,1,0,0,0,0,0,0,1,0,0,False
678,logic-ng/logicng,aea0cc4515c5d35d771a4312d47557f381bf8730,org/logicng/explanations/mus/MUSGenerationTest.java,114,12,24,32,0.05,6,11,2,2,1,0,0,2,0,0,0,0,1,0,0,0,2,1,0,8,0,0,False
679,logic-ng/logicng,aea0cc4515c5d35d771a4312d47557f381bf8730,org/logicng/explanations/smus/SmusComputationTest.java,96,16,38,82,0.14,13,16,0,3,0,0,0,15,0,0,0,0,0,0,0,0,5,1,0,15,0,0,False
680,logic-ng/logicng,aea0cc4515c5d35d771a4312d47557f381bf8730,org/logicng/explanations/UNSATCoreTest.java,54,5,7,19,0.3,16,4,4,0,1,0,0,0,0,0,0,0,1,0,0,1,0,0,0,4,0,0,False
681,logic-ng/logicng,aea0cc4515c5d35d771a4312d47557f381bf8730,org/logicng/formulas/AndTest.java,129,17,22,83,0.56,72,17,14,0,0,0,0,2,0,0,0,0,1,0,0,4,0,0,0,17,0,0,False
682,logic-ng/logicng,aea0cc4515c5d35d771a4312d47557f381bf8730,org/logicng/formulas/CFalseTest.java,54,15,16,53,0.31,17,15,2,0,0,0,0,0,0,0,0,0,1,0,0,0,0,0,0,15,0,0,False
683,logic-ng/logicng,aea0cc4515c5d35d771a4312d47557f381bf8730,org/logicng/formulas/CTrueTest.java,55,15,16,53,0.33,18,15,3,0,0,0,0,0,0,0,0,0,1,0,0,1,0,0,0,15,0,0,False
684,logic-ng/logicng,aea0cc4515c5d35d771a4312d47557f381bf8730,org/logicng/formulas/EquivalenceTest.java,118,17,20,72,0.55,65,17,16,0,0,0,0,1,0,0,0,0,1,0,0,4,0,0,0,17,0,0,False
685,logic-ng/logicng,aea0cc4515c5d35d771a4312d47557f381bf8730,org/logicng/formulas/ExtendedFormulaFactoryTest.java,199,12,21,74,0.27,54,12,7,0,0,0,0,1,0,0,0,0,0,0,0,5,2,1,0,10,0,0,False
686,logic-ng/logicng,aea0cc4515c5d35d771a4312d47557f381bf8730,org/logicng/formulas/FormulaTest.java,61,8,13,44,0.28,17,6,5,0,0,0,0,0,0,0,0,0,0,0,0,0,0,0,0,6,0,0,False
687,logic-ng/logicng,aea0cc4515c5d35d771a4312d47557f381bf8730,org/logicng/formulas/FormulaFactoryTest.java,184,9,13,96,0.48,89,9,6,1,0,0,0,1,0,0,0,0,2,0,0,2,0,0,0,9,0,0,False
688,logic-ng/logicng,aea0cc4515c5d35d771a4312d47557f381bf8730,org/logicng/formulas/ImplicationTest.java,113,18,21,71,0.52,59,18,16,0,0,0,0,1,0,0,0,0,1,0,0,5,0,0,0,18,0,0,False
689,logic-ng/logicng,aea0cc4515c5d35d771a4312d47557f381bf8730,org/logicng/formulas/LiteralTest.java,107,20,21,76,0.52,56,20,19,0,0,0,0,0,0,0,0,0,1,0,0,2,1,0,0,20,0,0,False
690,logic-ng/logicng,aea0cc4515c5d35d771a4312d47557f381bf8730,org/logicng/formulas/NotTest.java,95,16,19,67,0.51,48,16,15,0,0,0,0,1,0,0,0,0,1,0,0,4,0,0,0,16,0,0,False
691,logic-ng/logicng,aea0cc4515c5d35d771a4312d47557f381bf8730,org/logicng/formulas/OrTest.java,124,16,21,78,0.57,71,16,14,0,0,0,0,2,0,0,0,0,1,0,0,4,0,0,0,16,0,0,False
692,logic-ng/logicng,aea0cc4515c5d35d771a4312d47557f381bf8730,org/logicng/formulas/PBConstraintTest.java,604,33,36,198,0.61,367,32,30,0,1,0,0,0,0,0,0,0,5,0,0,6,0,0,0,32,0,0,False
693,logic-ng/logicng,aea0cc4515c5d35d771a4312d47557f381bf8730,org/logicng/formulas/printer/DefaultStringRepresentationTest.java,48,3,3,18,0.71,34,3,1,0,0,0,0,0,0,0,0,0,2,0,0,0,0,0,0,3,0,0,False
694,logic-ng/logicng,aea0cc4515c5d35d771a4312d47557f381bf8730,org/logicng/formulas/printer/LatexStringRepresentationTest.java,46,3,3,15,0.67,31,3,2,0,0,0,0,0,0,0,0,0,2,0,0,0,0,0,0,3,0,0,False
695,logic-ng/logicng,aea0cc4515c5d35d771a4312d47557f381bf8730,org/logicng/formulas/printer/SortedStringRepresentationTest.java,61,4,4,22,0.69,42,4,2,0,0,0,0,0,0,0,0,0,2,0,0,2,0,0,0,4,0,0,False
696,logic-ng/logicng,aea0cc4515c5d35d771a4312d47557f381bf8730,org/logicng/formulas/printer/UTF8StringRepresentationTest.java,46,3,3,15,0.67,31,3,2,0,0,0,0,0,0,0,0,0,2,0,0,0,0,0,0,3,0,0,False
697,logic-ng/logicng,aea0cc4515c5d35d771a4312d47557f381bf8730,org/logicng/functions/FormulaDepthFunctionTest.java,54,4,7,20,0.57,31,4,3,1,0,0,0,1,0,0,0,0,0,0,0,1,0,0,0,4,0,0,False
698,logic-ng/logicng,aea0cc4515c5d35d771a4312d47557f381bf8730,org/logicng/graphs/algorithms/BronKerboschTest.java,44,1,4,14,0.16,7,1,1,1,0,0,0,1,0,0,0,0,0,0,0,1,0,0,0,1,0,0,False
699,logic-ng/logicng,aea0cc4515c5d35d771a4312d47557f381bf8730,org/logicng/graphs/datastructures/GraphTest.java,71,5,8,39,0.27,19,5,4,0,0,0,0,0,0,0,0,0,1,0,0,1,0,0,0,4,0,0,False
700,logic-ng/logicng,aea0cc4515c5d35d771a4312d47557f381bf8730,org/logicng/graphs/datastructures/HypergraphTest.java,34,2,2,12,0.21,7,2,1,0,0,0,0,0,0,0,0,0,1,0,0,1,0,0,0,2,0,0,False
701,logic-ng/logicng,aea0cc4515c5d35d771a4312d47557f381bf8730,org/logicng/graphs/datastructures/HypergraphEdgeTest.java,51,4,6,20,0.22,11,4,2,0,0,0,0,2,0,0,0,0,0,0,0,2,0,0,0,4,0,0,False
702,logic-ng/logicng,aea0cc4515c5d35d771a4312d47557f381bf8730,org/logicng/graphs/datastructures/HypergraphNodeTest.java,30,2,2,12,0.37,11,2,2,0,0,0,0,0,0,0,0,0,0,0,0,1,0,0,0,2,0,0,False
703,logic-ng/logicng,aea0cc4515c5d35d771a4312d47557f381bf8730,org/logicng/graphs/generators/ConstraintGraphGeneratorTest.java,75,5,13,45,0.11,8,5,1,1,0,0,0,5,0,0,0,0,3,0,0,1,0,0,0,5,0,0,False
704,logic-ng/logicng,aea0cc4515c5d35d771a4312d47557f381bf8730,org/logicng/graphs/generators/HypergraphGeneratorTest.java,83,3,8,26,0.28,23,3,2,0,0,0,0,3,0,0,0,0,0,0,0,2,0,0,0,3,0,0,False
705,logic-ng/logicng,aea0cc4515c5d35d771a4312d47557f381bf8730,org/logicng/graphs/io/GraphDimacsFileWriterTest.java,55,6,16,19,0.13,7,6,0,1,0,0,0,3,0,0,0,0,0,0,0,0,3,1,0,3,0,0,False
706,logic-ng/logicng,aea0cc4515c5d35d771a4312d47557f381bf8730,org/logicng/graphs/io/GraphDotFileWriterTest.java,33,5,11,11,0.06,2,5,0,1,0,0,0,3,0,0,0,0,0,0,0,0,3,1,0,3,0,0,False
707,logic-ng/logicng,aea0cc4515c5d35d771a4312d47557f381bf8730,org/logicng/handlers/NumberOfNodesBDDHandlerTest.java,9,1,1,0,0.0,0,1,0,0,0,0,0,0,0,0,0,0,0,0,0,0,0,0,0,1,0,0,False
708,logic-ng/logicng,aea0cc4515c5d35d771a4312d47557f381bf8730,org/logicng/handlers/TimeoutBDDHandlerTest.java,44,6,14,31,0.14,6,6,3,0,0,0,0,3,0,0,0,0,0,0,1,1,1,0,0,5,0,0,False
709,logic-ng/logicng,aea0cc4515c5d35d771a4312d47557f381bf8730,org/logicng/handlers/TimeoutMaxSATHandlerTest.java,41,7,15,31,0.1,4,7,4,4,0,0,0,5,0,0,0,0,0,0,2,2,1,0,0,6,0,0,False
710,logic-ng/logicng,aea0cc4515c5d35d771a4312d47557f381bf8730,org/logicng/handlers/TimeoutModelEnumerationHandlerTest.java,60,6,13,49,0.1,6,6,3,4,0,0,0,2,0,0,0,0,0,0,1,1,2,0,0,5,0,0,False
711,logic-ng/logicng,aea0cc4515c5d35d771a4312d47557f381bf8730,org/logicng/handlers/TimeoutOptimizationHandlerTest.java,46,5,14,45,0.04,2,5,1,3,0,0,0,4,0,0,0,0,0,0,1,1,1,0,0,4,0,0,False
712,logic-ng/logicng,aea0cc4515c5d35d771a4312d47557f381bf8730,org/logicng/handlers/TimeoutSATHandlerTest.java,55,6,13,37,0.11,6,6,3,4,0,0,0,2,0,0,0,0,0,0,1,1,1,0,0,5,0,0,False
713,logic-ng/logicng,aea0cc4515c5d35d771a4312d47557f381bf8730,org/logicng/io/parsers/PropositionalParserTest.java,142,29,38,55,0.45,64,29,9,0,0,0,0,9,0,0,0,0,1,0,0,0,0,0,0,29,0,0,False
714,logic-ng/logicng,aea0cc4515c5d35d771a4312d47557f381bf8730,org/logicng/io/parsers/PseudoBooleanParserTest.java,164,30,42,77,0.51,84,30,12,0,0,0,0,12,0,0,0,0,1,0,0,1,0,0,0,30,0,0,False
715,logic-ng/logicng,aea0cc4515c5d35d771a4312d47557f381bf8730,org/logicng/io/readers/DimacsReaderTest.java,9,1,1,0,0.0,0,1,0,0,0,0,0,0,0,1,0,0,0,0,0,0,0,0,1,1,0,0,False
716,logic-ng/logicng,aea0cc4515c5d35d771a4312d47557f381bf8730,org/logicng/io/writers/FormulaDimacsFileWriterTest.java,67,7,17,21,0.09,6,7,0,0,0,0,0,4,0,0,0,0,0,0,0,0,4,1,0,5,0,0,False
717,logic-ng/logicng,aea0cc4515c5d35d771a4312d47557f381bf8730,org/logicng/io/writers/FormulaDotFileWriterTest.java,46,5,11,14,0.04,2,5,0,0,0,0,0,4,0,0,0,0,0,0,0,0,4,1,0,4,0,0,False
718,logic-ng/logicng,aea0cc4515c5d35d771a4312d47557f381bf8730,org/logicng/knowledgecompilation/bdds/datastructures/BDDNodeTest.java,66,4,4,35,0.47,31,4,4,0,0,0,0,0,0,0,0,0,0,0,0,1,0,0,0,4,0,0,False
719,logic-ng/logicng,aea0cc4515c5d35d771a4312d47557f381bf8730,org/logicng/knowledgecompilation/bdds/io/BDDDotFileWriterTest.java,29,2,5,9,0.03,1,2,0,0,0,0,0,1,0,0,0,0,0,0,0,0,1,1,0,1,0,0,False
720,logic-ng/logicng,aea0cc4515c5d35d771a4312d47557f381bf8730,org/logicng/knowledgecompilation/bdds/BDDOperationsTest.java,220,11,19,60,0.68,150,11,10,0,0,0,0,3,0,0,0,0,0,0,0,0,0,0,0,10,0,0,False
721,logic-ng/logicng,aea0cc4515c5d35d771a4312d47557f381bf8730,org/logicng/knowledgecompilation/bdds/jbuddy/BDDPrimeTest.java,6,1,1,3,0.33,2,1,1,0,0,0,0,0,0,0,0,0,0,0,0,0,0,0,0,1,0,0,False
722,logic-ng/logicng,aea0cc4515c5d35d771a4312d47557f381bf8730,org/logicng/knowledgecompilation/bdds/BDDReorderingTest.java,201,17,41,85,0.04,8,17,3,0,0,0,0,2,0,0,0,0,0,0,0,2,4,2,0,7,0,0,False
723,logic-ng/logicng,aea0cc4515c5d35d771a4312d47557f381bf8730,org/logicng/knowledgecompilation/bdds/orderings/BFSOrderingTest.java,27,2,5,11,0.37,10,2,1,0,0,0,0,2,0,0,0,0,0,0,0,0,0,0,0,2,0,0,False
724,logic-ng/logicng,aea0cc4515c5d35d771a4312d47557f381bf8730,org/logicng/knowledgecompilation/bdds/orderings/DFSOrderingTest.java,27,2,5,11,0.37,10,2,1,0,0,0,0,2,0,0,0,0,0,0,0,0,0,0,0,2,0,0,False
725,logic-ng/logicng,aea0cc4515c5d35d771a4312d47557f381bf8730,org/logicng/knowledgecompilation/bdds/orderings/ForceOrderingTest.java,33,3,9,17,0.21,7,3,1,0,0,0,0,3,0,0,0,0,0,0,0,0,0,0,0,3,0,0,False
726,logic-ng/logicng,aea0cc4515c5d35d771a4312d47557f381bf8730,org/logicng/knowledgecompilation/dnnf/datastructures/dtree/DTreeNodeTest.java,11,1,2,4,0.09,1,1,0,0,0,0,0,1,0,0,0,0,1,0,0,0,0,0,0,1,0,0,False
727,logic-ng/logicng,aea0cc4515c5d35d771a4312d47557f381bf8730,org/logicng/knowledgecompilation/dnnf/DnnfCompilerTest.java,95,7,21,38,0.03,3,7,0,1,0,0,0,5,0,0,0,0,0,0,0,0,3,1,0,5,0,0,False
728,logic-ng/logicng,aea0cc4515c5d35d771a4312d47557f381bf8730,org/logicng/LogicNGVersionTest.java,15,4,4,0,0.0,0,4,4,0,0,0,0,0,0,0,0,0,0,0,0,4,0,0,0,4,0,0,False
729,logic-ng/logicng,aea0cc4515c5d35d771a4312d47557f381bf8730,org/logicng/modelcounting/ModelCounterTest.java,76,14,22,53,0.17,13,14,6,4,0,0,0,3,0,0,0,0,0,0,0,1,1,1,0,10,0,0,False
730,logic-ng/logicng,aea0cc4515c5d35d771a4312d47557f381bf8730,org/logicng/np/SetCoverTest.java,31,2,2,16,0.19,6,2,1,0,0,0,0,0,0,0,0,0,0,0,0,1,0,0,0,2,0,0,False
731,logic-ng/logicng,aea0cc4515c5d35d771a4312d47557f381bf8730,org/logicng/predicates/CNFPredicateTest.java,30,3,3,10,0.53,16,3,1,0,0,0,0,0,0,0,0,0,1,0,0,0,0,0,0,3,0,0,False
732,logic-ng/logicng,aea0cc4515c5d35d771a4312d47557f381bf8730,org/logicng/predicates/ContainsPBCPredicateTest.java,44,6,9,30,0.43,19,6,4,1,0,0,0,2,0,0,0,0,1,0,0,0,0,0,0,6,0,0,False
733,logic-ng/logicng,aea0cc4515c5d35d771a4312d47557f381bf8730,org/logicng/predicates/DNFPredicateTest.java,28,2,2,10,0.57,16,2,1,0,0,0,0,0,0,0,0,0,1,0,0,0,0,0,0,2,0,0,False
734,logic-ng/logicng,aea0cc4515c5d35d771a4312d47557f381bf8730,org/logicng/predicates/EvaluatesToConstantPredicateTest.java,432,22,34,94,0.83,360,21,21,2,1,0,0,12,0,0,0,0,0,0,0,1,0,0,0,21,0,0,False
735,logic-ng/logicng,aea0cc4515c5d35d771a4312d47557f381bf8730,org/logicng/predicates/NNFPredicateTest.java,32,2,2,11,0.63,20,2,1,0,0,0,0,0,0,0,0,0,1,0,0,0,0,0,0,2,0,0,False
736,logic-ng/logicng,aea0cc4515c5d35d771a4312d47557f381bf8730,org/logicng/predicates/TermPredicateTest.java,47,3,3,17,0.68,32,3,3,0,0,0,0,0,0,0,0,0,1,0,0,0,0,0,0,3,0,0,False
737,logic-ng/logicng,aea0cc4515c5d35d771a4312d47557f381bf8730,org/logicng/primecomputation/PrimeCompilerTest.java,118,12,33,65,0.09,11,12,0,4,0,0,0,4,0,0,0,0,1,0,0,0,6,1,0,7,0,0,False
738,logic-ng/logicng,aea0cc4515c5d35d771a4312d47557f381bf8730,org/logicng/primecomputation/PrimeResultTest.java,75,5,5,28,0.36,27,4,3,0,1,0,0,0,0,0,0,0,1,0,0,0,0,0,0,4,0,0,False
739,logic-ng/logicng,aea0cc4515c5d35d771a4312d47557f381bf8730,org/logicng/propositions/ExtendedPropositionTest.java,56,5,11,18,0.25,14,4,4,0,1,0,0,3,0,0,0,0,1,0,0,0,0,0,0,4,0,0,False
740,logic-ng/logicng,aea0cc4515c5d35d771a4312d47557f381bf8730,org/logicng/propositions/StandardPropositionTest.java,43,5,11,18,0.35,15,4,4,0,1,0,0,3,0,0,0,0,1,0,0,0,0,0,0,4,0,0,False
741,logic-ng/logicng,aea0cc4515c5d35d771a4312d47557f381bf8730,org/logicng/pseudobooleans/PBEncoderTest.java,66,9,13,30,0.11,7,8,1,4,1,0,0,1,0,0,0,0,1,0,0,0,1,1,0,7,0,0,False
742,logic-ng/logicng,aea0cc4515c5d35d771a4312d47557f381bf8730,org/logicng/solvers/datastructures/LNGHeapTest.java,23,1,1,10,0.22,5,1,1,0,0,0,0,0,0,0,0,0,1,0,0,1,0,0,0,1,0,0,False
743,logic-ng/logicng,aea0cc4515c5d35d771a4312d47557f381bf8730,org/logicng/solvers/functions/BackboneFunctionTest.java,274,11,39,159,0.25,68,11,8,6,0,0,0,7,0,0,0,0,0,0,0,8,0,0,0,8,0,0,False
744,logic-ng/logicng,aea0cc4515c5d35d771a4312d47557f381bf8730,org/logicng/solvers/functions/OptimizationFunctionTest.java,284,23,63,200,0.14,39,23,6,5,0,0,0,11,0,0,0,0,0,0,0,1,8,3,0,14,0,0,False
745,logic-ng/logicng,aea0cc4515c5d35d771a4312d47557f381bf8730,org/logicng/solvers/functions/UnsatCoreFunctionTest.java,9,1,1,0,0.0,0,1,1,0,0,0,0,0,0,0,0,0,0,0,0,0,0,0,0,1,0,0,False
746,logic-ng/logicng,aea0cc4515c5d35d771a4312d47557f381bf8730,org/logicng/solvers/sat/MiniSatTest.java,52,7,11,26,0.25,13,7,3,0,0,0,0,1,0,0,0,0,1,0,0,1,0,0,0,5,0,0,False
747,logic-ng/logicng,aea0cc4515c5d35d771a4312d47557f381bf8730,org/logicng/solvers/sat/GlucoseSyrupTest.java,33,6,11,9,0.03,1,6,0,0,0,0,0,0,0,0,0,0,1,0,0,0,0,0,0,3,0,0,False
748,logic-ng/logicng,aea0cc4515c5d35d771a4312d47557f381bf8730,org/logicng/solvers/sat/MiniCardTest.java,84,8,12,32,0.18,15,8,3,0,0,0,0,0,0,0,0,0,1,0,0,1,0,0,0,6,0,0,False
749,logic-ng/logicng,aea0cc4515c5d35d771a4312d47557f381bf8730,org/logicng/transformations/AnonymizerTest.java,60,4,12,16,0.55,33,4,4,0,0,0,0,4,0,0,0,0,0,0,0,1,0,0,0,4,0,0,False
750,logic-ng/logicng,aea0cc4515c5d35d771a4312d47557f381bf8730,org/logicng/transformations/FormulaFactoryImporterTest.java,187,12,17,114,0.67,126,12,10,0,0,0,0,1,0,0,0,0,0,0,0,0,0,0,0,10,0,0,False
751,logic-ng/logicng,aea0cc4515c5d35d771a4312d47557f381bf8730,org/logicng/transformations/LiteralSubstitutionTest.java,42,5,14,19,0.4,17,5,3,0,0,0,0,4,0,0,0,0,0,0,0,0,0,0,0,4,0,0,False
752,logic-ng/logicng,aea0cc4515c5d35d771a4312d47557f381bf8730,org/logicng/transformations/PureExpansionTransformationTest.java,107,13,37,44,0.35,37,13,6,2,0,0,0,4,0,0,0,0,1,0,0,1,2,0,0,10,0,0,False
753,logic-ng/logicng,aea0cc4515c5d35d771a4312d47557f381bf8730,org/logicng/transformations/UnitPropagationTest.java,31,4,9,15,0.45,14,4,4,0,0,0,0,1,0,0,0,0,0,0,0,0,0,0,0,4,0,0,False
754,logic-ng/logicng,aea0cc4515c5d35d771a4312d47557f381bf8730,org/logicng/transformations/cnf/CNFEncoderTest.java,158,13,27,106,0.22,35,13,11,0,0,0,0,10,0,0,0,0,1,0,0,3,0,0,0,12,0,0,False
755,logic-ng/logicng,aea0cc4515c5d35d771a4312d47557f381bf8730,org/logicng/transformations/cnf/CNFSubsumptionTest.java,41,4,8,15,0.46,19,4,3,0,0,0,0,3,0,0,0,0,0,0,0,1,0,0,0,4,0,0,False
756,logic-ng/logicng,aea0cc4515c5d35d771a4312d47557f381bf8730,org/logicng/transformations/cnf/PlaistedGreenbaumTransformationSolverTest.java,41,5,10,11,0.02,1,5,1,2,0,0,0,1,0,0,0,0,0,0,0,1,1,0,0,3,0,0,False
757,logic-ng/logicng,aea0cc4515c5d35d771a4312d47557f381bf8730,org/logicng/transformations/dnf/DNFFactorizationTest.java,107,12,29,41,0.42,45,8,8,0,0,0,0,5,0,0,0,0,1,0,0,2,0,0,0,8,0,0,False
758,logic-ng/logicng,aea0cc4515c5d35d771a4312d47557f381bf8730,org/logicng/transformations/dnf/DNFSubsumptionTest.java,48,4,10,15,0.4,19,4,3,1,0,0,0,3,0,0,0,0,0,0,0,1,0,0,0,4,0,0,False
759,logic-ng/logicng,aea0cc4515c5d35d771a4312d47557f381bf8730,org/logicng/transformations/qmc/TermTest.java,80,3,7,21,0.21,17,3,3,0,0,0,0,1,0,0,0,0,1,0,0,0,0,0,0,3,0,0,False
760,logic-ng/logicng,aea0cc4515c5d35d771a4312d47557f381bf8730,org/logicng/transformations/qmc/TermTableTest.java,47,4,8,19,0.26,12,4,2,0,0,0,0,0,0,0,0,0,1,0,0,1,0,0,0,3,0,0,False
761,logic-ng/logicng,aea0cc4515c5d35d771a4312d47557f381bf8730,org/logicng/transformations/simplification/AdvancedSimplifierTest.java,68,10,28,37,0.12,8,10,1,4,0,0,0,5,0,0,0,0,0,0,0,0,7,1,0,8,0,0,False
762,logic-ng/logicng,aea0cc4515c5d35d771a4312d47557f381bf8730,org/logicng/transformations/simplification/BackboneSimplifierTest.java,27,2,8,8,0.41,11,2,2,0,0,0,0,2,0,0,0,0,0,0,0,0,0,0,0,2,0,0,False
763,logic-ng/logicng,aea0cc4515c5d35d771a4312d47557f381bf8730,org/logicng/transformations/simplification/DistributiveSimplifierTest.java,52,6,20,25,0.5,26,6,6,0,0,0,0,2,0,0,0,0,0,0,0,0,0,0,0,6,0,0,False
764,logic-ng/logicng,aea0cc4515c5d35d771a4312d47557f381bf8730,org/logicng/util/CollectionHelperTest.java,60,6,7,16,0.6,36,6,6,0,0,0,0,0,0,0,0,0,0,0,0,1,0,0,0,6,0,0,False
765,logic-ng/logicng,aea0cc4515c5d35d771a4312d47557f381bf8730,org/logicng/util/ComparablePairTest.java,42,5,5,18,0.52,22,5,5,0,0,0,0,0,0,0,0,0,1,0,0,0,0,0,0,5,0,0,False
766,logic-ng/logicng,aea0cc4515c5d35d771a4312d47557f381bf8730,org/logicng/util/FormulaHelperTest.java,67,9,9,35,0.63,42,9,9,0,0,0,0,0,0,0,0,0,0,0,0,0,0,0,0,9,0,0,False
767,logic-ng/logicng,aea0cc4515c5d35d771a4312d47557f381bf8730,org/logicng/util/FormulaRandomizerTest.java,414,22,60,276,0.21,86,22,19,20,0,0,0,0,0,0,0,0,0,0,0,1,0,0,0,20,0,0,False
768,logic-ng/logicng,aea0cc4515c5d35d771a4312d47557f381bf8730,org/logicng/util/PairTest.java,36,4,4,14,0.5,18,4,4,0,0,0,0,0,0,0,0,0,1,0,0,0,0,0,0,4,0,0,False
769,logic-ng/logicng,da7cf5b38709033d0f4cc1d467c13f01358cdfd0,org/logicng/backbones/BackboneTest.java,75,6,8,37,0.35,26,6,4,0,0,0,0,1,0,0,0,0,1,0,0,2,0,0,0,5,0,0,False
770,logic-ng/logicng,da7cf5b38709033d0f4cc1d467c13f01358cdfd0,org/logicng/backbones/BackboneGenerationTest.java,224,9,27,100,0.22,49,9,4,2,0,0,0,4,0,0,0,0,0,0,0,2,0,0,0,8,0,0,False
771,logic-ng/logicng,da7cf5b38709033d0f4cc1d467c13f01358cdfd0,org/logicng/collections/LNGBooleanVectorTest.java,173,11,22,75,0.34,59,11,10,9,0,0,0,0,0,0,0,0,1,0,0,7,0,0,0,11,0,0,False
772,logic-ng/logicng,da7cf5b38709033d0f4cc1d467c13f01358cdfd0,org/logicng/collections/LNGByteVectorTest.java,198,12,25,84,0.29,57,12,11,11,0,0,0,0,0,0,0,0,1,0,0,6,0,0,0,12,0,0,False
773,logic-ng/logicng,da7cf5b38709033d0f4cc1d467c13f01358cdfd0,org/logicng/collections/LNGDoublePriorityQueueTest.java,107,6,6,35,0.4,43,6,5,0,0,0,0,0,0,0,0,0,1,0,0,3,0,0,0,6,0,0,False
774,logic-ng/logicng,da7cf5b38709033d0f4cc1d467c13f01358cdfd0,org/logicng/collections/LNGDoubleVectorTest.java,195,12,25,83,0.29,56,12,11,11,0,0,0,0,0,0,0,0,1,0,0,6,0,0,0,12,0,0,False
775,logic-ng/logicng,da7cf5b38709033d0f4cc1d467c13f01358cdfd0,org/logicng/collections/LNGIntVectorTest.java,195,12,25,83,0.29,56,12,11,11,0,0,0,0,0,0,0,0,1,0,0,6,0,0,0,12,0,0,False
776,logic-ng/logicng,da7cf5b38709033d0f4cc1d467c13f01358cdfd0,org/logicng/collections/LNGLongPriorityQueueTest.java,86,5,5,28,0.42,36,5,4,0,0,0,0,0,0,0,0,0,1,0,0,3,0,0,0,5,0,0,False
777,logic-ng/logicng,da7cf5b38709033d0f4cc1d467c13f01358cdfd0,org/logicng/collections/LNGLongVectorTest.java,198,12,25,84,0.29,57,12,11,11,0,0,0,0,0,0,0,0,1,0,0,6,0,0,0,12,0,0,False
778,logic-ng/logicng,da7cf5b38709033d0f4cc1d467c13f01358cdfd0,org/logicng/collections/LNGVectorTest.java,342,22,42,135,0.29,100,21,19,20,1,0,0,0,0,0,0,0,2,0,0,9,0,0,0,21,0,0,False
779,logic-ng/logicng,da7cf5b38709033d0f4cc1d467c13f01358cdfd0,org/logicng/datastructures/AssignmentTest.java,154,14,18,87,0.47,73,14,13,0,0,0,0,2,0,0,0,0,1,0,0,6,0,0,0,14,0,0,False
780,logic-ng/logicng,da7cf5b38709033d0f4cc1d467c13f01358cdfd0,org/logicng/formulas/SubstitutionTest.java,112,13,17,50,0.35,39,12,9,0,1,0,0,4,0,0,0,0,1,0,0,2,0,0,0,12,0,0,False
781,logic-ng/logicng,da7cf5b38709033d0f4cc1d467c13f01358cdfd0,org/logicng/datastructures/ubtrees/UBNodeTest.java,33,4,4,14,0.27,9,3,2,0,1,0,0,0,0,0,0,0,1,0,0,1,0,0,0,3,0,0,False
782,logic-ng/logicng,da7cf5b38709033d0f4cc1d467c13f01358cdfd0,org/logicng/datastructures/ubtrees/UBTreeTest.java,201,8,9,57,0.62,125,8,6,0,0,0,0,0,0,0,0,0,0,0,0,1,0,0,0,7,0,0,False
783,logic-ng/logicng,da7cf5b38709033d0f4cc1d467c13f01358cdfd0,org/logicng/explanations/mus/MUSConfigTest.java,12,1,2,11,0.17,2,1,1,0,0,0,0,0,0,0,0,0,1,0,0,0,0,0,0,1,0,0,False
784,logic-ng/logicng,da7cf5b38709033d0f4cc1d467c13f01358cdfd0,org/logicng/explanations/mus/MUSGenerationTest.java,114,12,24,32,0.05,6,11,2,2,1,0,0,2,0,0,0,0,1,0,0,0,2,1,0,8,0,0,False
785,logic-ng/logicng,da7cf5b38709033d0f4cc1d467c13f01358cdfd0,org/logicng/explanations/smus/SmusComputationTest.java,96,16,38,82,0.14,13,16,0,3,0,0,0,15,0,0,0,0,0,0,0,0,5,1,0,15,0,0,False
786,logic-ng/logicng,da7cf5b38709033d0f4cc1d467c13f01358cdfd0,org/logicng/explanations/UNSATCoreTest.java,54,5,7,19,0.3,16,4,4,0,1,0,0,0,0,0,0,0,1,0,0,1,0,0,0,4,0,0,False
787,logic-ng/logicng,da7cf5b38709033d0f4cc1d467c13f01358cdfd0,org/logicng/formulas/AndTest.java,129,17,22,83,0.56,72,17,14,0,0,0,0,2,0,0,0,0,1,0,0,4,0,0,0,17,0,0,False
788,logic-ng/logicng,da7cf5b38709033d0f4cc1d467c13f01358cdfd0,org/logicng/formulas/CFalseTest.java,54,15,16,53,0.31,17,15,2,0,0,0,0,0,0,0,0,0,1,0,0,0,0,0,0,15,0,0,False
789,logic-ng/logicng,da7cf5b38709033d0f4cc1d467c13f01358cdfd0,org/logicng/formulas/CTrueTest.java,55,15,16,53,0.33,18,15,3,0,0,0,0,0,0,0,0,0,1,0,0,1,0,0,0,15,0,0,False
790,logic-ng/logicng,da7cf5b38709033d0f4cc1d467c13f01358cdfd0,org/logicng/formulas/EquivalenceTest.java,118,17,20,72,0.55,65,17,16,0,0,0,0,1,0,0,0,0,1,0,0,4,0,0,0,17,0,0,False
791,logic-ng/logicng,da7cf5b38709033d0f4cc1d467c13f01358cdfd0,org/logicng/formulas/ExtendedFormulaFactoryTest.java,199,12,21,74,0.27,54,12,7,0,0,0,0,1,0,0,0,0,0,0,0,5,2,1,0,10,0,0,False
792,logic-ng/logicng,da7cf5b38709033d0f4cc1d467c13f01358cdfd0,org/logicng/formulas/FormulaTest.java,61,8,13,44,0.28,17,6,5,0,0,0,0,0,0,0,0,0,0,0,0,0,0,0,0,6,0,0,False
793,logic-ng/logicng,da7cf5b38709033d0f4cc1d467c13f01358cdfd0,org/logicng/formulas/FormulaFactoryTest.java,184,9,13,96,0.48,89,9,6,1,0,0,0,1,0,0,0,0,2,0,0,2,0,0,0,9,0,0,False
794,logic-ng/logicng,da7cf5b38709033d0f4cc1d467c13f01358cdfd0,org/logicng/formulas/ImplicationTest.java,113,18,21,71,0.52,59,18,16,0,0,0,0,1,0,0,0,0,1,0,0,5,0,0,0,18,0,0,False
795,logic-ng/logicng,da7cf5b38709033d0f4cc1d467c13f01358cdfd0,org/logicng/formulas/LiteralTest.java,107,20,21,76,0.52,56,20,19,0,0,0,0,0,0,0,0,0,1,0,0,2,1,0,0,20,0,0,False
796,logic-ng/logicng,da7cf5b38709033d0f4cc1d467c13f01358cdfd0,org/logicng/formulas/NotTest.java,95,16,19,67,0.51,48,16,15,0,0,0,0,1,0,0,0,0,1,0,0,4,0,0,0,16,0,0,False
797,logic-ng/logicng,da7cf5b38709033d0f4cc1d467c13f01358cdfd0,org/logicng/formulas/OrTest.java,124,16,21,78,0.57,71,16,14,0,0,0,0,2,0,0,0,0,1,0,0,4,0,0,0,16,0,0,False
798,logic-ng/logicng,da7cf5b38709033d0f4cc1d467c13f01358cdfd0,org/logicng/formulas/PBConstraintTest.java,604,33,36,198,0.61,367,32,30,0,1,0,0,0,0,0,0,0,5,0,0,6,0,0,0,32,0,0,False
799,logic-ng/logicng,da7cf5b38709033d0f4cc1d467c13f01358cdfd0,org/logicng/formulas/printer/DefaultStringRepresentationTest.java,48,3,3,18,0.71,34,3,1,0,0,0,0,0,0,0,0,0,2,0,0,0,0,0,0,3,0,0,False
800,logic-ng/logicng,da7cf5b38709033d0f4cc1d467c13f01358cdfd0,org/logicng/formulas/printer/LatexStringRepresentationTest.java,46,3,3,15,0.67,31,3,2,0,0,0,0,0,0,0,0,0,2,0,0,0,0,0,0,3,0,0,False
801,logic-ng/logicng,da7cf5b38709033d0f4cc1d467c13f01358cdfd0,org/logicng/formulas/printer/SortedStringRepresentationTest.java,61,4,4,22,0.69,42,4,2,0,0,0,0,0,0,0,0,0,2,0,0,2,0,0,0,4,0,0,False
802,logic-ng/logicng,da7cf5b38709033d0f4cc1d467c13f01358cdfd0,org/logicng/formulas/printer/UTF8StringRepresentationTest.java,46,3,3,15,0.67,31,3,2,0,0,0,0,0,0,0,0,0,2,0,0,0,0,0,0,3,0,0,False
803,logic-ng/logicng,da7cf5b38709033d0f4cc1d467c13f01358cdfd0,org/logicng/functions/FormulaDepthFunctionTest.java,54,4,7,20,0.57,31,4,3,1,0,0,0,1,0,0,0,0,0,0,0,1,0,0,0,4,0,0,False
804,logic-ng/logicng,da7cf5b38709033d0f4cc1d467c13f01358cdfd0,org/logicng/graphs/algorithms/BronKerboschTest.java,44,1,4,14,0.16,7,1,1,1,0,0,0,1,0,0,0,0,0,0,0,1,0,0,0,1,0,0,False
805,logic-ng/logicng,da7cf5b38709033d0f4cc1d467c13f01358cdfd0,org/logicng/graphs/datastructures/GraphTest.java,71,5,8,39,0.27,19,5,4,0,0,0,0,0,0,0,0,0,1,0,0,1,0,0,0,4,0,0,False
806,logic-ng/logicng,da7cf5b38709033d0f4cc1d467c13f01358cdfd0,org/logicng/graphs/datastructures/HypergraphTest.java,34,2,2,12,0.21,7,2,1,0,0,0,0,0,0,0,0,0,1,0,0,1,0,0,0,2,0,0,False
807,logic-ng/logicng,da7cf5b38709033d0f4cc1d467c13f01358cdfd0,org/logicng/graphs/datastructures/HypergraphEdgeTest.java,51,4,6,20,0.22,11,4,2,0,0,0,0,2,0,0,0,0,0,0,0,2,0,0,0,4,0,0,False
808,logic-ng/logicng,da7cf5b38709033d0f4cc1d467c13f01358cdfd0,org/logicng/graphs/datastructures/HypergraphNodeTest.java,30,2,2,12,0.37,11,2,2,0,0,0,0,0,0,0,0,0,0,0,0,1,0,0,0,2,0,0,False
809,logic-ng/logicng,da7cf5b38709033d0f4cc1d467c13f01358cdfd0,org/logicng/graphs/generators/ConstraintGraphGeneratorTest.java,75,5,13,45,0.11,8,5,1,1,0,0,0,5,0,0,0,0,3,0,0,1,0,0,0,5,0,0,False
810,logic-ng/logicng,da7cf5b38709033d0f4cc1d467c13f01358cdfd0,org/logicng/graphs/generators/HypergraphGeneratorTest.java,83,3,8,26,0.28,23,3,2,0,0,0,0,3,0,0,0,0,0,0,0,2,0,0,0,3,0,0,False
811,logic-ng/logicng,da7cf5b38709033d0f4cc1d467c13f01358cdfd0,org/logicng/graphs/io/GraphDimacsFileWriterTest.java,55,6,16,19,0.13,7,6,0,1,0,0,0,3,0,0,0,0,0,0,0,0,3,1,0,3,0,0,False
812,logic-ng/logicng,da7cf5b38709033d0f4cc1d467c13f01358cdfd0,org/logicng/graphs/io/GraphDotFileWriterTest.java,33,5,11,11,0.06,2,5,0,1,0,0,0,3,0,0,0,0,0,0,0,0,3,1,0,3,0,0,False
813,logic-ng/logicng,da7cf5b38709033d0f4cc1d467c13f01358cdfd0,org/logicng/handlers/NumberOfNodesBDDHandlerTest.java,9,1,1,0,0.0,0,1,0,0,0,0,0,0,0,0,0,0,0,0,0,0,0,0,0,1,0,0,False
814,logic-ng/logicng,da7cf5b38709033d0f4cc1d467c13f01358cdfd0,org/logicng/handlers/TimeoutBDDHandlerTest.java,44,6,14,31,0.14,6,6,3,0,0,0,0,3,0,0,0,0,0,0,1,1,1,0,0,5,0,0,False
815,logic-ng/logicng,da7cf5b38709033d0f4cc1d467c13f01358cdfd0,org/logicng/handlers/TimeoutMaxSATHandlerTest.java,41,7,15,31,0.1,4,7,4,4,0,0,0,5,0,0,0,0,0,0,2,2,1,0,0,6,0,0,False
816,logic-ng/logicng,da7cf5b38709033d0f4cc1d467c13f01358cdfd0,org/logicng/handlers/TimeoutModelEnumerationHandlerTest.java,60,6,13,49,0.1,6,6,3,4,0,0,0,2,0,0,0,0,0,0,1,1,2,0,0,5,0,0,False
817,logic-ng/logicng,da7cf5b38709033d0f4cc1d467c13f01358cdfd0,org/logicng/handlers/TimeoutOptimizationHandlerTest.java,46,5,14,45,0.04,2,5,1,3,0,0,0,4,0,0,0,0,0,0,1,1,1,0,0,4,0,0,False
818,logic-ng/logicng,da7cf5b38709033d0f4cc1d467c13f01358cdfd0,org/logicng/handlers/TimeoutSATHandlerTest.java,55,6,13,37,0.11,6,6,3,4,0,0,0,2,0,0,0,0,0,0,1,1,1,0,0,5,0,0,False
819,logic-ng/logicng,da7cf5b38709033d0f4cc1d467c13f01358cdfd0,org/logicng/io/parsers/PropositionalParserTest.java,142,29,38,55,0.45,64,29,9,0,0,0,0,9,0,0,0,0,1,0,0,0,0,0,0,29,0,0,False
820,logic-ng/logicng,da7cf5b38709033d0f4cc1d467c13f01358cdfd0,org/logicng/io/parsers/PseudoBooleanParserTest.java,164,30,42,77,0.51,84,30,12,0,0,0,0,12,0,0,0,0,1,0,0,1,0,0,0,30,0,0,False
821,logic-ng/logicng,da7cf5b38709033d0f4cc1d467c13f01358cdfd0,org/logicng/io/readers/DimacsReaderTest.java,9,1,1,0,0.0,0,1,0,0,0,0,0,0,0,1,0,0,0,0,0,0,0,0,1,1,0,0,False
822,logic-ng/logicng,da7cf5b38709033d0f4cc1d467c13f01358cdfd0,org/logicng/io/writers/FormulaDimacsFileWriterTest.java,67,7,17,21,0.09,6,7,0,0,0,0,0,4,0,0,0,0,0,0,0,0,4,1,0,5,0,0,False
823,logic-ng/logicng,da7cf5b38709033d0f4cc1d467c13f01358cdfd0,org/logicng/io/writers/FormulaDotFileWriterTest.java,46,5,11,14,0.04,2,5,0,0,0,0,0,4,0,0,0,0,0,0,0,0,4,1,0,4,0,0,False
824,logic-ng/logicng,da7cf5b38709033d0f4cc1d467c13f01358cdfd0,org/logicng/knowledgecompilation/bdds/datastructures/BDDNodeTest.java,66,4,4,35,0.47,31,4,4,0,0,0,0,0,0,0,0,0,0,0,0,1,0,0,0,4,0,0,False
825,logic-ng/logicng,da7cf5b38709033d0f4cc1d467c13f01358cdfd0,org/logicng/knowledgecompilation/bdds/io/BDDDotFileWriterTest.java,29,2,5,9,0.03,1,2,0,0,0,0,0,1,0,0,0,0,0,0,0,0,1,1,0,1,0,0,False
826,logic-ng/logicng,da7cf5b38709033d0f4cc1d467c13f01358cdfd0,org/logicng/knowledgecompilation/bdds/BDDOperationsTest.java,220,11,19,60,0.68,150,11,10,0,0,0,0,3,0,0,0,0,0,0,0,0,0,0,0,10,0,0,False
827,logic-ng/logicng,da7cf5b38709033d0f4cc1d467c13f01358cdfd0,org/logicng/knowledgecompilation/bdds/jbuddy/BDDPrimeTest.java,6,1,1,3,0.33,2,1,1,0,0,0,0,0,0,0,0,0,0,0,0,0,0,0,0,1,0,0,False
828,logic-ng/logicng,da7cf5b38709033d0f4cc1d467c13f01358cdfd0,org/logicng/knowledgecompilation/bdds/BDDReorderingTest.java,201,17,41,85,0.04,8,17,3,0,0,0,0,2,0,0,0,0,0,0,0,2,4,2,0,7,0,0,False
829,logic-ng/logicng,da7cf5b38709033d0f4cc1d467c13f01358cdfd0,org/logicng/knowledgecompilation/bdds/orderings/BFSOrderingTest.java,27,2,5,11,0.37,10,2,1,0,0,0,0,2,0,0,0,0,0,0,0,0,0,0,0,2,0,0,False
830,logic-ng/logicng,da7cf5b38709033d0f4cc1d467c13f01358cdfd0,org/logicng/knowledgecompilation/bdds/orderings/DFSOrderingTest.java,27,2,5,11,0.37,10,2,1,0,0,0,0,2,0,0,0,0,0,0,0,0,0,0,0,2,0,0,False
831,logic-ng/logicng,da7cf5b38709033d0f4cc1d467c13f01358cdfd0,org/logicng/knowledgecompilation/bdds/orderings/ForceOrderingTest.java,33,3,9,17,0.21,7,3,1,0,0,0,0,3,0,0,0,0,0,0,0,0,0,0,0,3,0,0,False
832,logic-ng/logicng,da7cf5b38709033d0f4cc1d467c13f01358cdfd0,org/logicng/knowledgecompilation/dnnf/datastructures/dtree/DTreeNodeTest.java,11,1,2,4,0.09,1,1,0,0,0,0,0,1,0,0,0,0,1,0,0,0,0,0,0,1,0,0,False
833,logic-ng/logicng,da7cf5b38709033d0f4cc1d467c13f01358cdfd0,org/logicng/knowledgecompilation/dnnf/DnnfCompilerTest.java,95,7,21,38,0.03,3,7,0,1,0,0,0,5,0,0,0,0,0,0,0,0,3,1,0,5,0,0,False
834,logic-ng/logicng,da7cf5b38709033d0f4cc1d467c13f01358cdfd0,org/logicng/LogicNGVersionTest.java,15,4,4,0,0.0,0,4,4,0,0,0,0,0,0,0,0,0,0,0,0,4,0,0,0,4,0,0,False
835,logic-ng/logicng,da7cf5b38709033d0f4cc1d467c13f01358cdfd0,org/logicng/modelcounting/ModelCounterTest.java,76,14,22,53,0.17,13,14,6,4,0,0,0,3,0,0,0,0,0,0,0,1,1,1,0,10,0,0,False
836,logic-ng/logicng,da7cf5b38709033d0f4cc1d467c13f01358cdfd0,org/logicng/np/SetCoverTest.java,31,2,2,16,0.19,6,2,1,0,0,0,0,0,0,0,0,0,0,0,0,1,0,0,0,2,0,0,False
837,logic-ng/logicng,da7cf5b38709033d0f4cc1d467c13f01358cdfd0,org/logicng/predicates/CNFPredicateTest.java,30,3,3,10,0.53,16,3,1,0,0,0,0,0,0,0,0,0,1,0,0,0,0,0,0,3,0,0,False
838,logic-ng/logicng,da7cf5b38709033d0f4cc1d467c13f01358cdfd0,org/logicng/predicates/ContainsPBCPredicateTest.java,44,6,9,30,0.43,19,6,4,1,0,0,0,2,0,0,0,0,1,0,0,0,0,0,0,6,0,0,False
839,logic-ng/logicng,da7cf5b38709033d0f4cc1d467c13f01358cdfd0,org/logicng/predicates/DNFPredicateTest.java,28,2,2,10,0.57,16,2,1,0,0,0,0,0,0,0,0,0,1,0,0,0,0,0,0,2,0,0,False
840,logic-ng/logicng,da7cf5b38709033d0f4cc1d467c13f01358cdfd0,org/logicng/predicates/EvaluatesToConstantPredicateTest.java,432,22,34,94,0.83,360,21,21,2,1,0,0,12,0,0,0,0,0,0,0,1,0,0,0,21,0,0,False
841,logic-ng/logicng,da7cf5b38709033d0f4cc1d467c13f01358cdfd0,org/logicng/predicates/NNFPredicateTest.java,32,2,2,11,0.63,20,2,1,0,0,0,0,0,0,0,0,0,1,0,0,0,0,0,0,2,0,0,False
842,logic-ng/logicng,da7cf5b38709033d0f4cc1d467c13f01358cdfd0,org/logicng/predicates/TermPredicateTest.java,47,3,3,17,0.68,32,3,3,0,0,0,0,0,0,0,0,0,1,0,0,0,0,0,0,3,0,0,False
843,logic-ng/logicng,da7cf5b38709033d0f4cc1d467c13f01358cdfd0,org/logicng/primecomputation/PrimeCompilerTest.java,118,12,33,65,0.09,11,12,0,4,0,0,0,4,0,0,0,0,1,0,0,0,6,1,0,7,0,0,False
844,logic-ng/logicng,da7cf5b38709033d0f4cc1d467c13f01358cdfd0,org/logicng/primecomputation/PrimeResultTest.java,75,5,5,28,0.36,27,4,3,0,1,0,0,0,0,0,0,0,1,0,0,0,0,0,0,4,0,0,False
845,logic-ng/logicng,da7cf5b38709033d0f4cc1d467c13f01358cdfd0,org/logicng/propositions/ExtendedPropositionTest.java,56,5,11,18,0.25,14,4,4,0,1,0,0,3,0,0,0,0,1,0,0,0,0,0,0,4,0,0,False
846,logic-ng/logicng,da7cf5b38709033d0f4cc1d467c13f01358cdfd0,org/logicng/propositions/StandardPropositionTest.java,43,5,11,18,0.35,15,4,4,0,1,0,0,3,0,0,0,0,1,0,0,0,0,0,0,4,0,0,False
847,logic-ng/logicng,da7cf5b38709033d0f4cc1d467c13f01358cdfd0,org/logicng/pseudobooleans/PBEncoderTest.java,66,9,13,30,0.11,7,8,1,4,1,0,0,1,0,0,0,0,1,0,0,0,1,1,0,7,0,0,False
848,logic-ng/logicng,da7cf5b38709033d0f4cc1d467c13f01358cdfd0,org/logicng/solvers/datastructures/LNGHeapTest.java,23,1,1,10,0.22,5,1,1,0,0,0,0,0,0,0,0,0,1,0,0,1,0,0,0,1,0,0,False
849,logic-ng/logicng,da7cf5b38709033d0f4cc1d467c13f01358cdfd0,org/logicng/solvers/functions/BackboneFunctionTest.java,274,11,39,159,0.25,68,11,8,6,0,0,0,7,0,0,0,0,0,0,0,8,0,0,0,8,0,0,False
850,logic-ng/logicng,da7cf5b38709033d0f4cc1d467c13f01358cdfd0,org/logicng/solvers/functions/OptimizationFunctionTest.java,284,23,63,200,0.14,39,23,6,5,0,0,0,11,0,0,0,0,0,0,0,1,8,3,0,14,0,0,False
851,logic-ng/logicng,da7cf5b38709033d0f4cc1d467c13f01358cdfd0,org/logicng/solvers/functions/UnsatCoreFunctionTest.java,9,1,1,0,0.0,0,1,1,0,0,0,0,0,0,0,0,0,0,0,0,0,0,0,0,1,0,0,False
852,logic-ng/logicng,da7cf5b38709033d0f4cc1d467c13f01358cdfd0,org/logicng/solvers/sat/MiniSatTest.java,52,7,11,26,0.25,13,7,3,0,0,0,0,1,0,0,0,0,1,0,0,1,0,0,0,5,0,0,False
853,logic-ng/logicng,da7cf5b38709033d0f4cc1d467c13f01358cdfd0,org/logicng/solvers/sat/GlucoseSyrupTest.java,33,6,11,9,0.03,1,6,0,0,0,0,0,0,0,0,0,0,1,0,0,0,0,0,0,3,0,0,False
854,logic-ng/logicng,da7cf5b38709033d0f4cc1d467c13f01358cdfd0,org/logicng/solvers/sat/MiniCardTest.java,84,8,12,32,0.18,15,8,3,0,0,0,0,0,0,0,0,0,1,0,0,1,0,0,0,6,0,0,False
855,logic-ng/logicng,da7cf5b38709033d0f4cc1d467c13f01358cdfd0,org/logicng/transformations/AnonymizerTest.java,60,4,12,16,0.55,33,4,4,0,0,0,0,4,0,0,0,0,0,0,0,1,0,0,0,4,0,0,False
856,logic-ng/logicng,da7cf5b38709033d0f4cc1d467c13f01358cdfd0,org/logicng/transformations/FormulaFactoryImporterTest.java,187,12,17,114,0.67,126,12,10,0,0,0,0,1,0,0,0,0,0,0,0,0,0,0,0,10,0,0,False
857,logic-ng/logicng,da7cf5b38709033d0f4cc1d467c13f01358cdfd0,org/logicng/transformations/LiteralSubstitutionTest.java,42,5,14,19,0.4,17,5,3,0,0,0,0,4,0,0,0,0,0,0,0,0,0,0,0,4,0,0,False
858,logic-ng/logicng,da7cf5b38709033d0f4cc1d467c13f01358cdfd0,org/logicng/transformations/PureExpansionTransformationTest.java,107,13,37,44,0.35,37,13,6,2,0,0,0,4,0,0,0,0,1,0,0,1,2,0,0,10,0,0,False
859,logic-ng/logicng,da7cf5b38709033d0f4cc1d467c13f01358cdfd0,org/logicng/transformations/UnitPropagationTest.java,31,4,9,15,0.45,14,4,4,0,0,0,0,1,0,0,0,0,0,0,0,0,0,0,0,4,0,0,False
860,logic-ng/logicng,da7cf5b38709033d0f4cc1d467c13f01358cdfd0,org/logicng/transformations/cnf/CNFEncoderTest.java,158,13,27,106,0.22,35,13,11,0,0,0,0,10,0,0,0,0,1,0,0,3,0,0,0,12,0,0,False
861,logic-ng/logicng,da7cf5b38709033d0f4cc1d467c13f01358cdfd0,org/logicng/transformations/cnf/CNFSubsumptionTest.java,41,4,8,15,0.46,19,4,3,0,0,0,0,3,0,0,0,0,0,0,0,1,0,0,0,4,0,0,False
862,logic-ng/logicng,da7cf5b38709033d0f4cc1d467c13f01358cdfd0,org/logicng/transformations/cnf/PlaistedGreenbaumTransformationSolverTest.java,41,5,10,11,0.02,1,5,1,2,0,0,0,1,0,0,0,0,0,0,0,1,1,0,0,3,0,0,False
863,logic-ng/logicng,da7cf5b38709033d0f4cc1d467c13f01358cdfd0,org/logicng/transformations/dnf/DNFFactorizationTest.java,107,12,29,41,0.42,45,8,8,0,0,0,0,5,0,0,0,0,1,0,0,2,0,0,0,8,0,0,False
864,logic-ng/logicng,da7cf5b38709033d0f4cc1d467c13f01358cdfd0,org/logicng/transformations/dnf/DNFSubsumptionTest.java,48,4,10,15,0.4,19,4,3,1,0,0,0,3,0,0,0,0,0,0,0,1,0,0,0,4,0,0,False
865,logic-ng/logicng,da7cf5b38709033d0f4cc1d467c13f01358cdfd0,org/logicng/transformations/qmc/TermTest.java,80,3,7,21,0.21,17,3,3,0,0,0,0,1,0,0,0,0,1,0,0,0,0,0,0,3,0,0,False
866,logic-ng/logicng,da7cf5b38709033d0f4cc1d467c13f01358cdfd0,org/logicng/transformations/qmc/TermTableTest.java,47,4,8,19,0.26,12,4,2,0,0,0,0,0,0,0,0,0,1,0,0,1,0,0,0,3,0,0,False
867,logic-ng/logicng,da7cf5b38709033d0f4cc1d467c13f01358cdfd0,org/logicng/transformations/simplification/AdvancedSimplifierTest.java,68,10,28,37,0.12,8,10,1,4,0,0,0,5,0,0,0,0,0,0,0,0,7,1,0,8,0,0,False
868,logic-ng/logicng,da7cf5b38709033d0f4cc1d467c13f01358cdfd0,org/logicng/transformations/simplification/BackboneSimplifierTest.java,27,2,8,8,0.41,11,2,2,0,0,0,0,2,0,0,0,0,0,0,0,0,0,0,0,2,0,0,False
869,logic-ng/logicng,da7cf5b38709033d0f4cc1d467c13f01358cdfd0,org/logicng/transformations/simplification/DistributiveSimplifierTest.java,52,6,20,25,0.5,26,6,6,0,0,0,0,2,0,0,0,0,0,0,0,0,0,0,0,6,0,0,False
870,logic-ng/logicng,da7cf5b38709033d0f4cc1d467c13f01358cdfd0,org/logicng/util/CollectionHelperTest.java,60,6,7,16,0.6,36,6,6,0,0,0,0,0,0,0,0,0,0,0,0,1,0,0,0,6,0,0,False
871,logic-ng/logicng,da7cf5b38709033d0f4cc1d467c13f01358cdfd0,org/logicng/util/ComparablePairTest.java,42,5,5,18,0.52,22,5,5,0,0,0,0,0,0,0,0,0,1,0,0,0,0,0,0,5,0,0,False
872,logic-ng/logicng,da7cf5b38709033d0f4cc1d467c13f01358cdfd0,org/logicng/util/FormulaHelperTest.java,67,9,9,35,0.63,42,9,9,0,0,0,0,0,0,0,0,0,0,0,0,0,0,0,0,9,0,0,False
873,logic-ng/logicng,da7cf5b38709033d0f4cc1d467c13f01358cdfd0,org/logicng/util/FormulaRandomizerTest.java,414,22,60,276,0.21,86,22,19,20,0,0,0,0,0,0,0,0,0,0,0,1,0,0,0,20,0,0,False
874,logic-ng/logicng,da7cf5b38709033d0f4cc1d467c13f01358cdfd0,org/logicng/util/PairTest.java,36,4,4,14,0.5,18,4,4,0,0,0,0,0,0,0,0,0,1,0,0,0,0,0,0,4,0,0,False
875,logic-ng/logicng,7921ec0ffabfdd8cec93533bd02d09ee7fd6fdd9,org/logicng/backbones/BackboneTest.java,75,6,8,37,0.35,26,6,4,0,0,0,0,1,0,0,0,0,1,0,0,2,0,0,0,5,0,0,False
876,logic-ng/logicng,7921ec0ffabfdd8cec93533bd02d09ee7fd6fdd9,org/logicng/backbones/BackboneGenerationTest.java,224,9,27,100,0.22,49,9,4,2,0,0,0,4,0,0,0,0,0,0,0,2,0,0,0,8,0,0,False
877,logic-ng/logicng,7921ec0ffabfdd8cec93533bd02d09ee7fd6fdd9,org/logicng/collections/LNGBooleanVectorTest.java,173,11,22,75,0.34,59,11,10,9,0,0,0,0,0,0,0,0,1,0,0,7,0,0,0,11,0,0,False
878,logic-ng/logicng,7921ec0ffabfdd8cec93533bd02d09ee7fd6fdd9,org/logicng/collections/LNGByteVectorTest.java,198,12,25,84,0.29,57,12,11,11,0,0,0,0,0,0,0,0,1,0,0,6,0,0,0,12,0,0,False
879,logic-ng/logicng,7921ec0ffabfdd8cec93533bd02d09ee7fd6fdd9,org/logicng/collections/LNGDoublePriorityQueueTest.java,107,6,6,35,0.4,43,6,5,0,0,0,0,0,0,0,0,0,1,0,0,3,0,0,0,6,0,0,False
880,logic-ng/logicng,7921ec0ffabfdd8cec93533bd02d09ee7fd6fdd9,org/logicng/collections/LNGDoubleVectorTest.java,195,12,25,83,0.29,56,12,11,11,0,0,0,0,0,0,0,0,1,0,0,6,0,0,0,12,0,0,False
881,logic-ng/logicng,7921ec0ffabfdd8cec93533bd02d09ee7fd6fdd9,org/logicng/collections/LNGIntVectorTest.java,195,12,25,83,0.29,56,12,11,11,0,0,0,0,0,0,0,0,1,0,0,6,0,0,0,12,0,0,False
882,logic-ng/logicng,7921ec0ffabfdd8cec93533bd02d09ee7fd6fdd9,org/logicng/collections/LNGLongPriorityQueueTest.java,86,5,5,28,0.42,36,5,4,0,0,0,0,0,0,0,0,0,1,0,0,3,0,0,0,5,0,0,False
883,logic-ng/logicng,7921ec0ffabfdd8cec93533bd02d09ee7fd6fdd9,org/logicng/collections/LNGLongVectorTest.java,198,12,25,84,0.29,57,12,11,11,0,0,0,0,0,0,0,0,1,0,0,6,0,0,0,12,0,0,False
884,logic-ng/logicng,7921ec0ffabfdd8cec93533bd02d09ee7fd6fdd9,org/logicng/collections/LNGVectorTest.java,342,22,42,135,0.29,100,21,19,20,1,0,0,0,0,0,0,0,2,0,0,9,0,0,0,21,0,0,False
885,logic-ng/logicng,7921ec0ffabfdd8cec93533bd02d09ee7fd6fdd9,org/logicng/datastructures/AssignmentTest.java,154,14,18,87,0.47,73,14,13,0,0,0,0,2,0,0,0,0,1,0,0,6,0,0,0,14,0,0,False
886,logic-ng/logicng,7921ec0ffabfdd8cec93533bd02d09ee7fd6fdd9,org/logicng/formulas/SubstitutionTest.java,112,13,17,50,0.35,39,12,9,0,1,0,0,4,0,0,0,0,1,0,0,2,0,0,0,12,0,0,False
887,logic-ng/logicng,7921ec0ffabfdd8cec93533bd02d09ee7fd6fdd9,org/logicng/datastructures/ubtrees/UBNodeTest.java,33,4,4,14,0.27,9,3,2,0,1,0,0,0,0,0,0,0,1,0,0,1,0,0,0,3,0,0,False
888,logic-ng/logicng,7921ec0ffabfdd8cec93533bd02d09ee7fd6fdd9,org/logicng/datastructures/ubtrees/UBTreeTest.java,201,8,9,57,0.62,125,8,6,0,0,0,0,0,0,0,0,0,0,0,0,1,0,0,0,7,0,0,False
889,logic-ng/logicng,7921ec0ffabfdd8cec93533bd02d09ee7fd6fdd9,org/logicng/explanations/mus/MUSConfigTest.java,12,1,2,11,0.17,2,1,1,0,0,0,0,0,0,0,0,0,1,0,0,0,0,0,0,1,0,0,False
890,logic-ng/logicng,7921ec0ffabfdd8cec93533bd02d09ee7fd6fdd9,org/logicng/explanations/mus/MUSGenerationTest.java,114,12,24,32,0.05,6,11,2,2,1,0,0,2,0,0,0,0,1,0,0,0,2,1,0,8,0,0,False
891,logic-ng/logicng,7921ec0ffabfdd8cec93533bd02d09ee7fd6fdd9,org/logicng/explanations/smus/SmusComputationTest.java,95,16,38,79,0.14,13,16,0,3,0,0,0,15,0,0,0,0,0,0,0,0,5,1,0,15,0,0,False
892,logic-ng/logicng,7921ec0ffabfdd8cec93533bd02d09ee7fd6fdd9,org/logicng/explanations/UNSATCoreTest.java,54,5,7,19,0.3,16,4,4,0,1,0,0,0,0,0,0,0,1,0,0,1,0,0,0,4,0,0,False
893,logic-ng/logicng,7921ec0ffabfdd8cec93533bd02d09ee7fd6fdd9,org/logicng/formulas/AndTest.java,129,17,22,83,0.56,72,17,14,0,0,0,0,2,0,0,0,0,1,0,0,4,0,0,0,17,0,0,False
894,logic-ng/logicng,7921ec0ffabfdd8cec93533bd02d09ee7fd6fdd9,org/logicng/formulas/CFalseTest.java,54,15,16,53,0.31,17,15,2,0,0,0,0,0,0,0,0,0,1,0,0,0,0,0,0,15,0,0,False
895,logic-ng/logicng,7921ec0ffabfdd8cec93533bd02d09ee7fd6fdd9,org/logicng/formulas/CTrueTest.java,55,15,16,53,0.33,18,15,3,0,0,0,0,0,0,0,0,0,1,0,0,1,0,0,0,15,0,0,False
896,logic-ng/logicng,7921ec0ffabfdd8cec93533bd02d09ee7fd6fdd9,org/logicng/formulas/EquivalenceTest.java,118,17,20,72,0.55,65,17,16,0,0,0,0,1,0,0,0,0,1,0,0,4,0,0,0,17,0,0,False
897,logic-ng/logicng,7921ec0ffabfdd8cec93533bd02d09ee7fd6fdd9,org/logicng/formulas/ExtendedFormulaFactoryTest.java,199,12,21,73,0.27,54,12,7,0,0,0,0,1,0,0,0,0,0,0,0,5,2,1,0,10,0,0,False
898,logic-ng/logicng,7921ec0ffabfdd8cec93533bd02d09ee7fd6fdd9,org/logicng/formulas/FormulaTest.java,61,8,13,44,0.28,17,6,5,0,0,0,0,0,0,0,0,0,0,0,0,0,0,0,0,6,0,0,False
899,logic-ng/logicng,7921ec0ffabfdd8cec93533bd02d09ee7fd6fdd9,org/logicng/formulas/FormulaFactoryTest.java,184,9,14,96,0.48,89,9,6,1,0,0,0,2,0,0,0,0,2,0,0,2,0,0,0,9,0,0,False
900,logic-ng/logicng,7921ec0ffabfdd8cec93533bd02d09ee7fd6fdd9,org/logicng/formulas/ImplicationTest.java,113,18,21,71,0.52,59,18,16,0,0,0,0,1,0,0,0,0,1,0,0,5,0,0,0,18,0,0,False
901,logic-ng/logicng,7921ec0ffabfdd8cec93533bd02d09ee7fd6fdd9,org/logicng/formulas/LiteralTest.java,107,20,21,75,0.52,56,20,19,0,0,0,0,0,0,0,0,0,1,0,0,2,1,0,0,20,0,0,False
902,logic-ng/logicng,7921ec0ffabfdd8cec93533bd02d09ee7fd6fdd9,org/logicng/formulas/NotTest.java,95,16,19,67,0.51,48,16,15,0,0,0,0,1,0,0,0,0,1,0,0,4,0,0,0,16,0,0,False
903,logic-ng/logicng,7921ec0ffabfdd8cec93533bd02d09ee7fd6fdd9,org/logicng/formulas/OrTest.java,124,16,21,78,0.57,71,16,14,0,0,0,0,2,0,0,0,0,1,0,0,4,0,0,0,16,0,0,False
904,logic-ng/logicng,7921ec0ffabfdd8cec93533bd02d09ee7fd6fdd9,org/logicng/formulas/PBConstraintTest.java,604,33,36,198,0.61,367,32,30,0,1,0,0,0,0,0,0,0,5,0,0,6,0,0,0,32,0,0,False
905,logic-ng/logicng,7921ec0ffabfdd8cec93533bd02d09ee7fd6fdd9,org/logicng/formulas/printer/DefaultStringRepresentationTest.java,48,3,3,18,0.71,34,3,1,0,0,0,0,0,0,0,0,0,2,0,0,0,0,0,0,3,0,0,False
906,logic-ng/logicng,7921ec0ffabfdd8cec93533bd02d09ee7fd6fdd9,org/logicng/formulas/printer/LatexStringRepresentationTest.java,46,3,3,15,0.67,31,3,2,0,0,0,0,0,0,0,0,0,2,0,0,0,0,0,0,3,0,0,False
907,logic-ng/logicng,7921ec0ffabfdd8cec93533bd02d09ee7fd6fdd9,org/logicng/formulas/printer/SortedStringRepresentationTest.java,61,4,4,22,0.69,42,4,2,0,0,0,0,0,0,0,0,0,2,0,0,2,0,0,0,4,0,0,False
908,logic-ng/logicng,7921ec0ffabfdd8cec93533bd02d09ee7fd6fdd9,org/logicng/formulas/printer/UTF8StringRepresentationTest.java,46,3,3,15,0.67,31,3,2,0,0,0,0,0,0,0,0,0,2,0,0,0,0,0,0,3,0,0,False
909,logic-ng/logicng,7921ec0ffabfdd8cec93533bd02d09ee7fd6fdd9,org/logicng/functions/FormulaDepthFunctionTest.java,54,4,7,20,0.57,31,4,3,1,0,0,0,1,0,0,0,0,0,0,0,1,0,0,0,4,0,0,False
910,logic-ng/logicng,7921ec0ffabfdd8cec93533bd02d09ee7fd6fdd9,org/logicng/graphs/algorithms/BronKerboschTest.java,44,1,4,14,0.16,7,1,1,1,0,0,0,1,0,0,0,0,0,0,0,1,0,0,0,1,0,0,False
911,logic-ng/logicng,7921ec0ffabfdd8cec93533bd02d09ee7fd6fdd9,org/logicng/graphs/datastructures/GraphTest.java,71,5,8,39,0.27,19,5,4,0,0,0,0,0,0,0,0,0,1,0,0,1,0,0,0,4,0,0,False
912,logic-ng/logicng,7921ec0ffabfdd8cec93533bd02d09ee7fd6fdd9,org/logicng/graphs/datastructures/HypergraphTest.java,34,2,2,12,0.21,7,2,1,0,0,0,0,0,0,0,0,0,1,0,0,1,0,0,0,2,0,0,False
913,logic-ng/logicng,7921ec0ffabfdd8cec93533bd02d09ee7fd6fdd9,org/logicng/graphs/datastructures/HypergraphEdgeTest.java,51,4,6,20,0.22,11,4,2,0,0,0,0,2,0,0,0,0,0,0,0,2,0,0,0,4,0,0,False
914,logic-ng/logicng,7921ec0ffabfdd8cec93533bd02d09ee7fd6fdd9,org/logicng/graphs/datastructures/HypergraphNodeTest.java,30,2,2,12,0.37,11,2,2,0,0,0,0,0,0,0,0,0,0,0,0,1,0,0,0,2,0,0,False
915,logic-ng/logicng,7921ec0ffabfdd8cec93533bd02d09ee7fd6fdd9,org/logicng/graphs/generators/ConstraintGraphGeneratorTest.java,75,5,13,45,0.11,8,5,1,1,0,0,0,5,0,0,0,0,3,0,0,1,0,0,0,5,0,0,False
916,logic-ng/logicng,7921ec0ffabfdd8cec93533bd02d09ee7fd6fdd9,org/logicng/graphs/generators/HypergraphGeneratorTest.java,83,3,8,26,0.28,23,3,2,0,0,0,0,3,0,0,0,0,0,0,0,2,0,0,0,3,0,0,False
917,logic-ng/logicng,7921ec0ffabfdd8cec93533bd02d09ee7fd6fdd9,org/logicng/graphs/io/GraphDimacsFileWriterTest.java,55,6,16,19,0.13,7,6,0,1,0,0,0,3,0,0,0,0,0,0,0,0,3,1,0,3,0,0,False
918,logic-ng/logicng,7921ec0ffabfdd8cec93533bd02d09ee7fd6fdd9,org/logicng/graphs/io/GraphDotFileWriterTest.java,33,5,11,11,0.06,2,5,0,1,0,0,0,3,0,0,0,0,0,0,0,0,3,1,0,3,0,0,False
919,logic-ng/logicng,7921ec0ffabfdd8cec93533bd02d09ee7fd6fdd9,org/logicng/handlers/NumberOfNodesBDDHandlerTest.java,9,1,1,0,0.0,0,1,0,0,0,0,0,0,0,0,0,0,0,0,0,0,0,0,0,1,0,0,False
920,logic-ng/logicng,7921ec0ffabfdd8cec93533bd02d09ee7fd6fdd9,org/logicng/handlers/TimeoutBDDHandlerTest.java,44,6,14,31,0.14,6,6,3,0,0,0,0,3,0,0,0,0,0,0,1,1,1,0,0,5,0,0,False
921,logic-ng/logicng,7921ec0ffabfdd8cec93533bd02d09ee7fd6fdd9,org/logicng/handlers/TimeoutMaxSATHandlerTest.java,41,7,15,31,0.1,4,7,4,4,0,0,0,5,0,0,0,0,0,0,2,2,1,0,0,6,0,0,False
922,logic-ng/logicng,7921ec0ffabfdd8cec93533bd02d09ee7fd6fdd9,org/logicng/handlers/TimeoutModelEnumerationHandlerTest.java,60,6,13,49,0.1,6,6,3,4,0,0,0,2,0,0,0,0,0,0,1,1,2,0,0,5,0,0,False
923,logic-ng/logicng,7921ec0ffabfdd8cec93533bd02d09ee7fd6fdd9,org/logicng/handlers/TimeoutOptimizationHandlerTest.java,46,5,14,45,0.04,2,5,1,3,0,0,0,4,0,0,0,0,0,0,1,1,1,0,0,4,0,0,False
924,logic-ng/logicng,7921ec0ffabfdd8cec93533bd02d09ee7fd6fdd9,org/logicng/handlers/TimeoutSATHandlerTest.java,55,6,13,37,0.11,6,6,3,4,0,0,0,2,0,0,0,0,0,0,1,1,1,0,0,5,0,0,False
925,logic-ng/logicng,7921ec0ffabfdd8cec93533bd02d09ee7fd6fdd9,org/logicng/io/parsers/PropositionalParserTest.java,142,29,38,55,0.45,64,29,9,0,0,0,0,9,0,0,0,0,1,0,0,0,0,0,0,29,0,0,False
926,logic-ng/logicng,7921ec0ffabfdd8cec93533bd02d09ee7fd6fdd9,org/logicng/io/parsers/PseudoBooleanParserTest.java,164,30,42,77,0.51,84,30,12,0,0,0,0,12,0,0,0,0,1,0,0,1,0,0,0,30,0,0,False
927,logic-ng/logicng,7921ec0ffabfdd8cec93533bd02d09ee7fd6fdd9,org/logicng/io/readers/DimacsReaderTest.java,9,1,1,0,0.0,0,1,0,0,0,0,0,0,0,1,0,0,0,0,0,0,0,0,1,1,0,0,False
928,logic-ng/logicng,7921ec0ffabfdd8cec93533bd02d09ee7fd6fdd9,org/logicng/io/writers/FormulaDimacsFileWriterTest.java,67,7,17,21,0.09,6,7,0,0,0,0,0,4,0,0,0,0,0,0,0,0,4,1,0,5,0,0,False
929,logic-ng/logicng,7921ec0ffabfdd8cec93533bd02d09ee7fd6fdd9,org/logicng/io/writers/FormulaDotFileWriterTest.java,46,5,11,14,0.04,2,5,0,0,0,0,0,4,0,0,0,0,0,0,0,0,4,1,0,4,0,0,False
930,logic-ng/logicng,7921ec0ffabfdd8cec93533bd02d09ee7fd6fdd9,org/logicng/knowledgecompilation/bdds/datastructures/BDDNodeTest.java,66,4,4,35,0.47,31,4,4,0,0,0,0,0,0,0,0,0,0,0,0,1,0,0,0,4,0,0,False
931,logic-ng/logicng,7921ec0ffabfdd8cec93533bd02d09ee7fd6fdd9,org/logicng/knowledgecompilation/bdds/io/BDDDotFileWriterTest.java,29,2,5,9,0.03,1,2,0,0,0,0,0,1,0,0,0,0,0,0,0,0,1,1,0,1,0,0,False
932,logic-ng/logicng,7921ec0ffabfdd8cec93533bd02d09ee7fd6fdd9,org/logicng/knowledgecompilation/bdds/BDDOperationsTest.java,220,11,19,60,0.68,150,11,10,0,0,0,0,3,0,0,0,0,0,0,0,0,0,0,0,10,0,0,False
933,logic-ng/logicng,7921ec0ffabfdd8cec93533bd02d09ee7fd6fdd9,org/logicng/knowledgecompilation/bdds/jbuddy/BDDPrimeTest.java,6,1,1,3,0.33,2,1,1,0,0,0,0,0,0,0,0,0,0,0,0,0,0,0,0,1,0,0,False
934,logic-ng/logicng,7921ec0ffabfdd8cec93533bd02d09ee7fd6fdd9,org/logicng/knowledgecompilation/bdds/BDDReorderingTest.java,201,17,42,85,0.04,8,17,3,0,0,0,0,3,0,0,0,0,0,0,0,2,4,2,0,7,0,0,False
935,logic-ng/logicng,7921ec0ffabfdd8cec93533bd02d09ee7fd6fdd9,org/logicng/knowledgecompilation/bdds/orderings/BFSOrderingTest.java,27,2,5,11,0.37,10,2,1,0,0,0,0,2,0,0,0,0,0,0,0,0,0,0,0,2,0,0,False
936,logic-ng/logicng,7921ec0ffabfdd8cec93533bd02d09ee7fd6fdd9,org/logicng/knowledgecompilation/bdds/orderings/DFSOrderingTest.java,27,2,5,11,0.37,10,2,1,0,0,0,0,2,0,0,0,0,0,0,0,0,0,0,0,2,0,0,False
937,logic-ng/logicng,7921ec0ffabfdd8cec93533bd02d09ee7fd6fdd9,org/logicng/knowledgecompilation/bdds/orderings/ForceOrderingTest.java,33,3,9,17,0.21,7,3,1,0,0,0,0,3,0,0,0,0,0,0,0,0,0,0,0,3,0,0,False
938,logic-ng/logicng,7921ec0ffabfdd8cec93533bd02d09ee7fd6fdd9,org/logicng/knowledgecompilation/dnnf/datastructures/dtree/DTreeNodeTest.java,11,1,2,4,0.09,1,1,0,0,0,0,0,1,0,0,0,0,1,0,0,0,0,0,0,1,0,0,False
939,logic-ng/logicng,7921ec0ffabfdd8cec93533bd02d09ee7fd6fdd9,org/logicng/knowledgecompilation/dnnf/DnnfCompilerTest.java,95,7,21,38,0.03,3,7,0,1,0,0,0,5,0,0,0,0,0,0,0,0,3,1,0,5,0,0,False
940,logic-ng/logicng,7921ec0ffabfdd8cec93533bd02d09ee7fd6fdd9,org/logicng/LogicNGVersionTest.java,15,4,4,0,0.0,0,4,4,0,0,0,0,0,0,0,0,0,0,0,0,4,0,0,0,4,0,0,False
941,logic-ng/logicng,7921ec0ffabfdd8cec93533bd02d09ee7fd6fdd9,org/logicng/modelcounting/ModelCounterTest.java,76,14,22,53,0.17,13,14,6,4,0,0,0,3,0,0,0,0,0,0,0,1,1,1,0,10,0,0,False
942,logic-ng/logicng,7921ec0ffabfdd8cec93533bd02d09ee7fd6fdd9,org/logicng/np/SetCoverTest.java,31,2,2,16,0.19,6,2,1,0,0,0,0,0,0,0,0,0,0,0,0,1,0,0,0,2,0,0,False
943,logic-ng/logicng,7921ec0ffabfdd8cec93533bd02d09ee7fd6fdd9,org/logicng/predicates/CNFPredicateTest.java,30,3,3,10,0.53,16,3,1,0,0,0,0,0,0,0,0,0,1,0,0,0,0,0,0,3,0,0,False
944,logic-ng/logicng,7921ec0ffabfdd8cec93533bd02d09ee7fd6fdd9,org/logicng/predicates/ContainsPBCPredicateTest.java,44,6,9,30,0.43,19,6,4,1,0,0,0,2,0,0,0,0,1,0,0,0,0,0,0,6,0,0,False
945,logic-ng/logicng,7921ec0ffabfdd8cec93533bd02d09ee7fd6fdd9,org/logicng/predicates/DNFPredicateTest.java,28,2,2,10,0.57,16,2,1,0,0,0,0,0,0,0,0,0,1,0,0,0,0,0,0,2,0,0,False
946,logic-ng/logicng,7921ec0ffabfdd8cec93533bd02d09ee7fd6fdd9,org/logicng/predicates/EvaluatesToConstantPredicateTest.java,432,22,34,94,0.83,360,21,21,2,1,0,0,12,0,0,0,0,0,0,0,1,0,0,0,21,0,0,False
947,logic-ng/logicng,7921ec0ffabfdd8cec93533bd02d09ee7fd6fdd9,org/logicng/predicates/NNFPredicateTest.java,32,2,2,11,0.63,20,2,1,0,0,0,0,0,0,0,0,0,1,0,0,0,0,0,0,2,0,0,False
948,logic-ng/logicng,7921ec0ffabfdd8cec93533bd02d09ee7fd6fdd9,org/logicng/primecomputation/PrimeCompilerTest.java,119,12,32,69,0.09,11,12,0,4,0,0,0,3,0,0,0,0,1,0,0,0,6,1,0,7,0,0,False
949,logic-ng/logicng,7921ec0ffabfdd8cec93533bd02d09ee7fd6fdd9,org/logicng/primecomputation/PrimeResultTest.java,75,5,5,28,0.36,27,4,3,0,1,0,0,0,0,0,0,0,1,0,0,0,0,0,0,4,0,0,False
950,logic-ng/logicng,7921ec0ffabfdd8cec93533bd02d09ee7fd6fdd9,org/logicng/propositions/ExtendedPropositionTest.java,56,5,11,18,0.25,14,4,4,0,1,0,0,3,0,0,0,0,1,0,0,0,0,0,0,4,0,0,False
951,logic-ng/logicng,7921ec0ffabfdd8cec93533bd02d09ee7fd6fdd9,org/logicng/propositions/StandardPropositionTest.java,43,5,11,18,0.35,15,4,4,0,1,0,0,3,0,0,0,0,1,0,0,0,0,0,0,4,0,0,False
952,logic-ng/logicng,7921ec0ffabfdd8cec93533bd02d09ee7fd6fdd9,org/logicng/pseudobooleans/PBEncoderTest.java,66,9,13,30,0.11,7,8,1,4,1,0,0,1,0,0,0,0,1,0,0,0,1,1,0,7,0,0,False
953,logic-ng/logicng,7921ec0ffabfdd8cec93533bd02d09ee7fd6fdd9,org/logicng/solvers/datastructures/LNGHeapTest.java,23,1,1,10,0.22,5,1,1,0,0,0,0,0,0,0,0,0,1,0,0,1,0,0,0,1,0,0,False
954,logic-ng/logicng,7921ec0ffabfdd8cec93533bd02d09ee7fd6fdd9,org/logicng/solvers/functions/BackboneFunctionTest.java,274,11,39,159,0.25,68,11,8,6,0,0,0,7,0,0,0,0,0,0,0,8,0,0,0,8,0,0,False
955,logic-ng/logicng,7921ec0ffabfdd8cec93533bd02d09ee7fd6fdd9,org/logicng/solvers/functions/OptimizationFunctionTest.java,285,23,63,200,0.14,40,23,6,5,0,0,0,11,0,0,0,0,0,0,0,1,8,3,0,14,0,0,False
956,logic-ng/logicng,7921ec0ffabfdd8cec93533bd02d09ee7fd6fdd9,org/logicng/solvers/functions/UnsatCoreFunctionTest.java,9,1,1,0,0.0,0,1,1,0,0,0,0,0,0,0,0,0,0,0,0,0,0,0,0,1,0,0,False
957,logic-ng/logicng,7921ec0ffabfdd8cec93533bd02d09ee7fd6fdd9,org/logicng/solvers/sat/MiniSatTest.java,52,7,11,26,0.25,13,7,3,0,0,0,0,1,0,0,0,0,1,0,0,1,0,0,0,5,0,0,False
958,logic-ng/logicng,7921ec0ffabfdd8cec93533bd02d09ee7fd6fdd9,org/logicng/solvers/sat/GlucoseSyrupTest.java,33,6,11,9,0.03,1,6,0,0,0,0,0,0,0,0,0,0,1,0,0,0,0,0,0,3,0,0,False
959,logic-ng/logicng,7921ec0ffabfdd8cec93533bd02d09ee7fd6fdd9,org/logicng/solvers/sat/MiniCardTest.java,84,8,12,32,0.18,15,8,3,0,0,0,0,0,0,0,0,0,1,0,0,1,0,0,0,6,0,0,False
960,logic-ng/logicng,7921ec0ffabfdd8cec93533bd02d09ee7fd6fdd9,org/logicng/transformations/AnonymizerTest.java,60,4,12,16,0.55,33,4,4,0,0,0,0,4,0,0,0,0,0,0,0,1,0,0,0,4,0,0,False
961,logic-ng/logicng,7921ec0ffabfdd8cec93533bd02d09ee7fd6fdd9,org/logicng/transformations/FormulaFactoryImporterTest.java,187,12,17,114,0.67,126,12,10,0,0,0,0,1,0,0,0,0,0,0,0,0,0,0,0,10,0,0,False
962,logic-ng/logicng,7921ec0ffabfdd8cec93533bd02d09ee7fd6fdd9,org/logicng/transformations/LiteralSubstitutionTest.java,42,5,14,19,0.4,17,5,3,0,0,0,0,4,0,0,0,0,0,0,0,0,0,0,0,4,0,0,False
963,logic-ng/logicng,7921ec0ffabfdd8cec93533bd02d09ee7fd6fdd9,org/logicng/transformations/PureExpansionTransformationTest.java,107,13,37,44,0.35,37,13,6,2,0,0,0,4,0,0,0,0,1,0,0,1,2,0,0,10,0,0,False
964,logic-ng/logicng,7921ec0ffabfdd8cec93533bd02d09ee7fd6fdd9,org/logicng/transformations/UnitPropagationTest.java,31,4,9,15,0.45,14,4,4,0,0,0,0,1,0,0,0,0,0,0,0,0,0,0,0,4,0,0,False
965,logic-ng/logicng,7921ec0ffabfdd8cec93533bd02d09ee7fd6fdd9,org/logicng/transformations/cnf/CNFEncoderTest.java,158,13,27,106,0.22,35,13,11,0,0,0,0,10,0,0,0,0,1,0,0,3,0,0,0,12,0,0,False
966,logic-ng/logicng,7921ec0ffabfdd8cec93533bd02d09ee7fd6fdd9,org/logicng/transformations/cnf/CNFSubsumptionTest.java,41,4,8,15,0.46,19,4,3,0,0,0,0,3,0,0,0,0,0,0,0,1,0,0,0,4,0,0,False
967,logic-ng/logicng,7921ec0ffabfdd8cec93533bd02d09ee7fd6fdd9,org/logicng/transformations/cnf/PlaistedGreenbaumTransformationSolverTest.java,41,5,10,11,0.02,1,5,1,2,0,0,0,1,0,0,0,0,0,0,0,1,1,0,0,3,0,0,False
968,logic-ng/logicng,7921ec0ffabfdd8cec93533bd02d09ee7fd6fdd9,org/logicng/transformations/dnf/DNFFactorizationTest.java,107,12,29,41,0.42,45,8,8,0,0,0,0,5,0,0,0,0,1,0,0,2,0,0,0,8,0,0,False
969,logic-ng/logicng,7921ec0ffabfdd8cec93533bd02d09ee7fd6fdd9,org/logicng/transformations/dnf/DNFSubsumptionTest.java,48,4,10,15,0.4,19,4,3,1,0,0,0,3,0,0,0,0,0,0,0,1,0,0,0,4,0,0,False
970,logic-ng/logicng,7921ec0ffabfdd8cec93533bd02d09ee7fd6fdd9,org/logicng/transformations/qmc/TermTest.java,80,3,7,21,0.21,17,3,3,0,0,0,0,1,0,0,0,0,1,0,0,0,0,0,0,3,0,0,False
971,logic-ng/logicng,7921ec0ffabfdd8cec93533bd02d09ee7fd6fdd9,org/logicng/transformations/qmc/TermTableTest.java,47,4,8,19,0.26,12,4,2,0,0,0,0,0,0,0,0,0,1,0,0,1,0,0,0,3,0,0,False
972,logic-ng/logicng,7921ec0ffabfdd8cec93533bd02d09ee7fd6fdd9,org/logicng/transformations/simplification/AdvancedSimplifierTest.java,69,10,27,41,0.12,8,10,1,4,0,0,0,4,0,0,0,0,0,0,0,0,7,1,0,8,0,0,False
973,logic-ng/logicng,7921ec0ffabfdd8cec93533bd02d09ee7fd6fdd9,org/logicng/transformations/simplification/BackboneSimplifierTest.java,27,2,8,8,0.41,11,2,2,0,0,0,0,2,0,0,0,0,0,0,0,0,0,0,0,2,0,0,False
974,logic-ng/logicng,7921ec0ffabfdd8cec93533bd02d09ee7fd6fdd9,org/logicng/transformations/simplification/DistributiveSimplifierTest.java,52,6,20,25,0.5,26,6,6,0,0,0,0,2,0,0,0,0,0,0,0,0,0,0,0,6,0,0,False
975,logic-ng/logicng,7921ec0ffabfdd8cec93533bd02d09ee7fd6fdd9,org/logicng/util/CollectionHelperTest.java,61,5,5,21,0.62,38,5,5,0,0,0,0,0,0,0,0,0,0,0,0,1,0,0,0,5,0,0,False
976,logic-ng/logicng,7921ec0ffabfdd8cec93533bd02d09ee7fd6fdd9,org/logicng/util/ComparablePairTest.java,42,5,5,18,0.52,22,5,5,0,0,0,0,0,0,0,0,0,1,0,0,0,0,0,0,5,0,0,False
977,logic-ng/logicng,7921ec0ffabfdd8cec93533bd02d09ee7fd6fdd9,org/logicng/util/FormulaHelperTest.java,41,5,5,15,0.59,24,5,5,0,0,0,0,0,0,0,0,0,0,0,0,0,0,0,0,5,0,0,False
978,logic-ng/logicng,7921ec0ffabfdd8cec93533bd02d09ee7fd6fdd9,org/logicng/util/FormulaRandomizerTest.java,414,22,60,276,0.21,86,22,19,20,0,0,0,0,0,0,0,0,0,0,0,1,0,0,0,20,0,0,False
979,logic-ng/logicng,7921ec0ffabfdd8cec93533bd02d09ee7fd6fdd9,org/logicng/util/PairTest.java,36,4,4,14,0.5,18,4,4,0,0,0,0,0,0,0,0,0,1,0,0,0,0,0,0,4,0,0,False
980,logic-ng/logicng,994294fbb283b7b96230da3937369bf8fc062b5f,org/logicng/backbones/BackboneTest.java,75,6,8,37,0.35,26,6,4,0,0,0,0,1,0,0,0,0,1,0,0,2,0,0,0,5,0,0,False
981,logic-ng/logicng,994294fbb283b7b96230da3937369bf8fc062b5f,org/logicng/backbones/BackboneGenerationTest.java,214,8,24,93,0.22,47,8,3,1,0,0,0,3,0,0,0,0,0,0,0,2,0,0,0,7,0,0,False
982,logic-ng/logicng,994294fbb283b7b96230da3937369bf8fc062b5f,org/logicng/collections/LNGBooleanVectorTest.java,173,11,22,75,0.34,59,11,10,9,0,0,0,0,0,0,0,0,1,0,0,7,0,0,0,11,0,0,False
983,logic-ng/logicng,994294fbb283b7b96230da3937369bf8fc062b5f,org/logicng/collections/LNGByteVectorTest.java,198,12,25,84,0.29,57,12,11,11,0,0,0,0,0,0,0,0,1,0,0,6,0,0,0,12,0,0,False
984,logic-ng/logicng,994294fbb283b7b96230da3937369bf8fc062b5f,org/logicng/collections/LNGDoublePriorityQueueTest.java,107,6,6,35,0.4,43,6,5,0,0,0,0,0,0,0,0,0,1,0,0,3,0,0,0,6,0,0,False
985,logic-ng/logicng,994294fbb283b7b96230da3937369bf8fc062b5f,org/logicng/collections/LNGDoubleVectorTest.java,195,12,25,83,0.29,56,12,11,11,0,0,0,0,0,0,0,0,1,0,0,6,0,0,0,12,0,0,False
986,logic-ng/logicng,994294fbb283b7b96230da3937369bf8fc062b5f,org/logicng/collections/LNGIntVectorTest.java,195,12,25,83,0.29,56,12,11,11,0,0,0,0,0,0,0,0,1,0,0,6,0,0,0,12,0,0,False
987,logic-ng/logicng,994294fbb283b7b96230da3937369bf8fc062b5f,org/logicng/collections/LNGLongPriorityQueueTest.java,86,5,5,28,0.42,36,5,4,0,0,0,0,0,0,0,0,0,1,0,0,3,0,0,0,5,0,0,False
988,logic-ng/logicng,994294fbb283b7b96230da3937369bf8fc062b5f,org/logicng/collections/LNGLongVectorTest.java,198,12,25,84,0.29,57,12,11,11,0,0,0,0,0,0,0,0,1,0,0,6,0,0,0,12,0,0,False
989,logic-ng/logicng,994294fbb283b7b96230da3937369bf8fc062b5f,org/logicng/collections/LNGVectorTest.java,342,22,42,135,0.29,100,21,19,20,1,0,0,0,0,0,0,0,2,0,0,9,0,0,0,21,0,0,False
990,logic-ng/logicng,994294fbb283b7b96230da3937369bf8fc062b5f,org/logicng/datastructures/AssignmentTest.java,154,14,18,87,0.47,73,14,13,0,0,0,0,2,0,0,0,0,1,0,0,6,0,0,0,14,0,0,False
991,logic-ng/logicng,994294fbb283b7b96230da3937369bf8fc062b5f,org/logicng/formulas/SubstitutionTest.java,112,13,17,50,0.35,39,12,9,0,1,0,0,4,0,0,0,0,1,0,0,2,0,0,0,12,0,0,False
992,logic-ng/logicng,994294fbb283b7b96230da3937369bf8fc062b5f,org/logicng/datastructures/ubtrees/UBNodeTest.java,33,4,4,14,0.27,9,3,2,0,1,0,0,0,0,0,0,0,1,0,0,1,0,0,0,3,0,0,False
993,logic-ng/logicng,994294fbb283b7b96230da3937369bf8fc062b5f,org/logicng/datastructures/ubtrees/UBTreeTest.java,201,8,9,57,0.62,125,8,6,0,0,0,0,0,0,0,0,0,0,0,0,1,0,0,0,7,0,0,False
994,logic-ng/logicng,994294fbb283b7b96230da3937369bf8fc062b5f,org/logicng/explanations/mus/MUSConfigTest.java,12,1,2,11,0.17,2,1,1,0,0,0,0,0,0,0,0,0,1,0,0,0,0,0,0,1,0,0,False
995,logic-ng/logicng,994294fbb283b7b96230da3937369bf8fc062b5f,org/logicng/explanations/mus/MUSGenerationTest.java,110,10,20,32,0.05,6,9,0,0,1,0,0,0,0,0,0,0,1,0,0,0,2,1,0,6,0,0,False
996,logic-ng/logicng,994294fbb283b7b96230da3937369bf8fc062b5f,org/logicng/explanations/smus/SmusComputationTest.java,52,9,18,55,0.17,9,9,0,0,0,0,0,9,0,0,0,0,0,0,0,0,0,0,0,9,0,0,False
997,logic-ng/logicng,994294fbb283b7b96230da3937369bf8fc062b5f,org/logicng/explanations/UNSATCoreTest.java,54,5,7,19,0.3,16,4,4,0,1,0,0,0,0,0,0,0,1,0,0,1,0,0,0,4,0,0,False
998,logic-ng/logicng,994294fbb283b7b96230da3937369bf8fc062b5f,org/logicng/formulas/AndTest.java,129,17,22,83,0.56,72,17,14,0,0,0,0,2,0,0,0,0,1,0,0,4,0,0,0,17,0,0,False
999,logic-ng/logicng,994294fbb283b7b96230da3937369bf8fc062b5f,org/logicng/formulas/CFalseTest.java,54,15,16,53,0.31,17,15,2,0,0,0,0,0,0,0,0,0,1,0,0,0,0,0,0,15,0,0,False
1000,logic-ng/logicng,994294fbb283b7b96230da3937369bf8fc062b5f,org/logicng/formulas/CTrueTest.java,55,15,16,53,0.33,18,15,3,0,0,0,0,0,0,0,0,0,1,0,0,1,0,0,0,15,0,0,False
1001,logic-ng/logicng,994294fbb283b7b96230da3937369bf8fc062b5f,org/logicng/formulas/EquivalenceTest.java,118,17,20,72,0.55,65,17,16,0,0,0,0,1,0,0,0,0,1,0,0,4,0,0,0,17,0,0,False
1002,logic-ng/logicng,994294fbb283b7b96230da3937369bf8fc062b5f,org/logicng/formulas/ExtendedFormulaFactoryTest.java,199,12,21,73,0.27,54,12,7,0,0,0,0,1,0,0,0,0,0,0,0,5,2,1,0,10,0,0,False
1003,logic-ng/logicng,994294fbb283b7b96230da3937369bf8fc062b5f,org/logicng/formulas/FormulaTest.java,61,8,13,44,0.28,17,6,5,0,0,0,0,0,0,0,0,0,0,0,0,0,0,0,0,6,0,0,False
1004,logic-ng/logicng,994294fbb283b7b96230da3937369bf8fc062b5f,org/logicng/formulas/FormulaFactoryTest.java,184,9,14,96,0.48,89,9,6,1,0,0,0,2,0,0,0,0,2,0,0,2,0,0,0,9,0,0,False
1005,logic-ng/logicng,994294fbb283b7b96230da3937369bf8fc062b5f,org/logicng/formulas/ImplicationTest.java,113,18,21,71,0.52,59,18,16,0,0,0,0,1,0,0,0,0,1,0,0,5,0,0,0,18,0,0,False
1006,logic-ng/logicng,994294fbb283b7b96230da3937369bf8fc062b5f,org/logicng/formulas/LiteralTest.java,107,20,21,75,0.52,56,20,19,0,0,0,0,0,0,0,0,0,1,0,0,2,1,0,0,20,0,0,False
1007,logic-ng/logicng,994294fbb283b7b96230da3937369bf8fc062b5f,org/logicng/formulas/NotTest.java,95,16,19,67,0.51,48,16,15,0,0,0,0,1,0,0,0,0,1,0,0,4,0,0,0,16,0,0,False
1008,logic-ng/logicng,994294fbb283b7b96230da3937369bf8fc062b5f,org/logicng/formulas/OrTest.java,124,16,21,78,0.57,71,16,14,0,0,0,0,2,0,0,0,0,1,0,0,4,0,0,0,16,0,0,False
1009,logic-ng/logicng,994294fbb283b7b96230da3937369bf8fc062b5f,org/logicng/formulas/PBConstraintTest.java,604,33,36,198,0.61,367,32,30,0,1,0,0,0,0,0,0,0,5,0,0,6,0,0,0,32,0,0,False
1010,logic-ng/logicng,994294fbb283b7b96230da3937369bf8fc062b5f,org/logicng/formulas/printer/DefaultStringRepresentationTest.java,48,3,3,18,0.71,34,3,1,0,0,0,0,0,0,0,0,0,2,0,0,0,0,0,0,3,0,0,False
1011,logic-ng/logicng,994294fbb283b7b96230da3937369bf8fc062b5f,org/logicng/formulas/printer/LatexStringRepresentationTest.java,46,3,3,15,0.67,31,3,2,0,0,0,0,0,0,0,0,0,2,0,0,0,0,0,0,3,0,0,False
1012,logic-ng/logicng,994294fbb283b7b96230da3937369bf8fc062b5f,org/logicng/formulas/printer/SortedStringRepresentationTest.java,61,4,4,22,0.69,42,4,2,0,0,0,0,0,0,0,0,0,2,0,0,2,0,0,0,4,0,0,False
1013,logic-ng/logicng,994294fbb283b7b96230da3937369bf8fc062b5f,org/logicng/formulas/printer/UTF8StringRepresentationTest.java,46,3,3,15,0.67,31,3,2,0,0,0,0,0,0,0,0,0,2,0,0,0,0,0,0,3,0,0,False
1014,logic-ng/logicng,994294fbb283b7b96230da3937369bf8fc062b5f,org/logicng/functions/FormulaDepthFunctionTest.java,54,4,7,20,0.57,31,4,3,1,0,0,0,1,0,0,0,0,0,0,0,1,0,0,0,4,0,0,False
1015,logic-ng/logicng,994294fbb283b7b96230da3937369bf8fc062b5f,org/logicng/graphs/algorithms/BronKerboschTest.java,44,1,4,14,0.16,7,1,1,1,0,0,0,1,0,0,0,0,0,0,0,1,0,0,0,1,0,0,False
1016,logic-ng/logicng,994294fbb283b7b96230da3937369bf8fc062b5f,org/logicng/graphs/datastructures/GraphTest.java,71,5,8,39,0.27,19,5,4,0,0,0,0,0,0,0,0,0,1,0,0,1,0,0,0,4,0,0,False
1017,logic-ng/logicng,994294fbb283b7b96230da3937369bf8fc062b5f,org/logicng/graphs/datastructures/HypergraphTest.java,34,2,2,12,0.21,7,2,1,0,0,0,0,0,0,0,0,0,1,0,0,1,0,0,0,2,0,0,False
1018,logic-ng/logicng,994294fbb283b7b96230da3937369bf8fc062b5f,org/logicng/graphs/datastructures/HypergraphEdgeTest.java,51,4,6,20,0.22,11,4,2,0,0,0,0,2,0,0,0,0,0,0,0,2,0,0,0,4,0,0,False
1019,logic-ng/logicng,994294fbb283b7b96230da3937369bf8fc062b5f,org/logicng/graphs/datastructures/HypergraphNodeTest.java,30,2,2,12,0.37,11,2,2,0,0,0,0,0,0,0,0,0,0,0,0,1,0,0,0,2,0,0,False
1020,logic-ng/logicng,994294fbb283b7b96230da3937369bf8fc062b5f,org/logicng/graphs/generators/ConstraintGraphGeneratorTest.java,75,5,13,45,0.11,8,5,1,1,0,0,0,5,0,0,0,0,3,0,0,1,0,0,0,5,0,0,False
1021,logic-ng/logicng,994294fbb283b7b96230da3937369bf8fc062b5f,org/logicng/graphs/generators/HypergraphGeneratorTest.java,83,3,8,26,0.28,23,3,2,0,0,0,0,3,0,0,0,0,0,0,0,2,0,0,0,3,0,0,False
1022,logic-ng/logicng,994294fbb283b7b96230da3937369bf8fc062b5f,org/logicng/graphs/io/GraphDimacsFileWriterTest.java,55,6,16,19,0.13,7,6,0,1,0,0,0,3,0,0,0,0,0,0,0,0,3,1,0,3,0,0,False
1023,logic-ng/logicng,994294fbb283b7b96230da3937369bf8fc062b5f,org/logicng/graphs/io/GraphDotFileWriterTest.java,33,5,11,11,0.06,2,5,0,1,0,0,0,3,0,0,0,0,0,0,0,0,3,1,0,3,0,0,False
1024,logic-ng/logicng,994294fbb283b7b96230da3937369bf8fc062b5f,org/logicng/handlers/NumberOfNodesBDDHandlerTest.java,9,1,1,0,0.0,0,1,0,0,0,0,0,0,0,0,0,0,0,0,0,0,0,0,0,1,0,0,False
1025,logic-ng/logicng,994294fbb283b7b96230da3937369bf8fc062b5f,org/logicng/io/parsers/PropositionalParserTest.java,142,29,38,55,0.45,64,29,9,0,0,0,0,9,0,0,0,0,1,0,0,0,0,0,0,29,0,0,False
1026,logic-ng/logicng,994294fbb283b7b96230da3937369bf8fc062b5f,org/logicng/io/parsers/PseudoBooleanParserTest.java,164,30,42,77,0.51,84,30,12,0,0,0,0,12,0,0,0,0,1,0,0,1,0,0,0,30,0,0,False
1027,logic-ng/logicng,994294fbb283b7b96230da3937369bf8fc062b5f,org/logicng/io/readers/DimacsReaderTest.java,9,1,1,0,0.0,0,1,0,0,0,0,0,0,0,1,0,0,0,0,0,0,0,0,1,1,0,0,False
1028,logic-ng/logicng,994294fbb283b7b96230da3937369bf8fc062b5f,org/logicng/io/writers/FormulaDimacsFileWriterTest.java,67,7,17,21,0.09,6,7,0,0,0,0,0,4,0,0,0,0,0,0,0,0,4,1,0,5,0,0,False
1029,logic-ng/logicng,994294fbb283b7b96230da3937369bf8fc062b5f,org/logicng/io/writers/FormulaDotFileWriterTest.java,46,5,11,14,0.04,2,5,0,0,0,0,0,4,0,0,0,0,0,0,0,0,4,1,0,4,0,0,False
1030,logic-ng/logicng,994294fbb283b7b96230da3937369bf8fc062b5f,org/logicng/knowledgecompilation/bdds/datastructures/BDDNodeTest.java,66,4,4,35,0.47,31,4,4,0,0,0,0,0,0,0,0,0,0,0,0,1,0,0,0,4,0,0,False
1031,logic-ng/logicng,994294fbb283b7b96230da3937369bf8fc062b5f,org/logicng/knowledgecompilation/bdds/io/BDDDotFileWriterTest.java,29,2,5,9,0.03,1,2,0,0,0,0,0,1,0,0,0,0,0,0,0,0,1,1,0,1,0,0,False
1032,logic-ng/logicng,994294fbb283b7b96230da3937369bf8fc062b5f,org/logicng/knowledgecompilation/bdds/BDDOperationsTest.java,220,11,19,60,0.68,150,11,10,0,0,0,0,3,0,0,0,0,0,0,0,0,0,0,0,10,0,0,False
1033,logic-ng/logicng,994294fbb283b7b96230da3937369bf8fc062b5f,org/logicng/knowledgecompilation/bdds/jbuddy/BDDPrimeTest.java,6,1,1,3,0.33,2,1,1,0,0,0,0,0,0,0,0,0,0,0,0,0,0,0,0,1,0,0,False
1034,logic-ng/logicng,994294fbb283b7b96230da3937369bf8fc062b5f,org/logicng/knowledgecompilation/bdds/BDDReorderingTest.java,201,17,42,85,0.04,8,17,3,0,0,0,0,3,0,0,0,0,0,0,0,2,4,2,0,7,0,0,False
1035,logic-ng/logicng,994294fbb283b7b96230da3937369bf8fc062b5f,org/logicng/knowledgecompilation/bdds/orderings/BFSOrderingTest.java,27,2,5,11,0.37,10,2,1,0,0,0,0,2,0,0,0,0,0,0,0,0,0,0,0,2,0,0,False
1036,logic-ng/logicng,994294fbb283b7b96230da3937369bf8fc062b5f,org/logicng/knowledgecompilation/bdds/orderings/DFSOrderingTest.java,27,2,5,11,0.37,10,2,1,0,0,0,0,2,0,0,0,0,0,0,0,0,0,0,0,2,0,0,False
1037,logic-ng/logicng,994294fbb283b7b96230da3937369bf8fc062b5f,org/logicng/knowledgecompilation/bdds/orderings/ForceOrderingTest.java,33,3,9,17,0.21,7,3,1,0,0,0,0,3,0,0,0,0,0,0,0,0,0,0,0,3,0,0,False
1038,logic-ng/logicng,994294fbb283b7b96230da3937369bf8fc062b5f,org/logicng/knowledgecompilation/dnnf/datastructures/dtree/DTreeNodeTest.java,11,1,2,4,0.09,1,1,0,0,0,0,0,1,0,0,0,0,1,0,0,0,0,0,0,1,0,0,False
1039,logic-ng/logicng,994294fbb283b7b96230da3937369bf8fc062b5f,org/logicng/knowledgecompilation/dnnf/DnnfCompilerTest.java,95,7,21,38,0.03,3,7,0,1,0,0,0,5,0,0,0,0,0,0,0,0,3,1,0,5,0,0,False
1040,logic-ng/logicng,994294fbb283b7b96230da3937369bf8fc062b5f,org/logicng/LogicNGVersionTest.java,67,5,6,22,0.31,21,5,4,0,0,0,0,0,0,0,0,0,0,0,0,4,0,0,0,4,0,0,False
1041,logic-ng/logicng,994294fbb283b7b96230da3937369bf8fc062b5f,org/logicng/modelcounting/ModelCounterTest.java,74,13,21,53,0.18,13,13,6,3,0,0,0,3,0,0,0,0,0,0,0,1,1,1,0,9,0,0,False
1042,logic-ng/logicng,994294fbb283b7b96230da3937369bf8fc062b5f,org/logicng/np/SetCoverTest.java,31,2,2,16,0.19,6,2,1,0,0,0,0,0,0,0,0,0,0,0,0,1,0,0,0,2,0,0,False
1043,logic-ng/logicng,994294fbb283b7b96230da3937369bf8fc062b5f,org/logicng/predicates/CNFPredicateTest.java,30,3,3,10,0.53,16,3,1,0,0,0,0,0,0,0,0,0,1,0,0,0,0,0,0,3,0,0,False
1044,logic-ng/logicng,994294fbb283b7b96230da3937369bf8fc062b5f,org/logicng/predicates/ContainsPBCPredicateTest.java,44,6,9,30,0.43,19,6,4,1,0,0,0,2,0,0,0,0,1,0,0,0,0,0,0,6,0,0,False
1045,logic-ng/logicng,994294fbb283b7b96230da3937369bf8fc062b5f,org/logicng/predicates/DNFPredicateTest.java,28,2,2,10,0.57,16,2,1,0,0,0,0,0,0,0,0,0,1,0,0,0,0,0,0,2,0,0,False
1046,logic-ng/logicng,994294fbb283b7b96230da3937369bf8fc062b5f,org/logicng/predicates/EvaluatesToConstantPredicateTest.java,432,22,34,94,0.83,360,21,21,2,1,0,0,12,0,0,0,0,0,0,0,1,0,0,0,21,0,0,False
1047,logic-ng/logicng,994294fbb283b7b96230da3937369bf8fc062b5f,org/logicng/predicates/NNFPredicateTest.java,32,2,2,11,0.63,20,2,1,0,0,0,0,0,0,0,0,0,1,0,0,0,0,0,0,2,0,0,False
1048,logic-ng/logicng,994294fbb283b7b96230da3937369bf8fc062b5f,org/logicng/primecomputation/PrimeCompilerTest.java,84,8,20,42,0.1,8,8,0,1,0,0,0,1,0,0,0,0,1,0,0,0,3,0,0,4,0,0,False
1049,logic-ng/logicng,994294fbb283b7b96230da3937369bf8fc062b5f,org/logicng/primecomputation/PrimeResultTest.java,75,5,5,28,0.36,27,4,3,0,1,0,0,0,0,0,0,0,1,0,0,0,0,0,0,4,0,0,False
1050,logic-ng/logicng,994294fbb283b7b96230da3937369bf8fc062b5f,org/logicng/propositions/ExtendedPropositionTest.java,56,5,11,18,0.25,14,4,4,0,1,0,0,3,0,0,0,0,1,0,0,0,0,0,0,4,0,0,False
1051,logic-ng/logicng,994294fbb283b7b96230da3937369bf8fc062b5f,org/logicng/propositions/StandardPropositionTest.java,43,5,11,18,0.35,15,4,4,0,1,0,0,3,0,0,0,0,1,0,0,0,0,0,0,4,0,0,False
1052,logic-ng/logicng,994294fbb283b7b96230da3937369bf8fc062b5f,org/logicng/pseudobooleans/PBEncoderTest.java,66,9,13,30,0.11,7,8,1,4,1,0,0,1,0,0,0,0,1,0,0,0,1,1,0,7,0,0,False
1053,logic-ng/logicng,994294fbb283b7b96230da3937369bf8fc062b5f,org/logicng/solvers/datastructures/LNGHeapTest.java,23,1,1,10,0.22,5,1,1,0,0,0,0,0,0,0,0,0,1,0,0,1,0,0,0,1,0,0,False
1054,logic-ng/logicng,994294fbb283b7b96230da3937369bf8fc062b5f,org/logicng/solvers/functions/BackboneFunctionTest.java,274,11,39,159,0.25,68,11,8,6,0,0,0,7,0,0,0,0,0,0,0,8,0,0,0,8,0,0,False
1055,logic-ng/logicng,994294fbb283b7b96230da3937369bf8fc062b5f,org/logicng/solvers/functions/OptimizationFunctionTest.java,231,21,57,170,0.13,29,21,4,4,0,0,0,9,0,0,0,0,0,0,0,1,8,3,0,12,0,0,False
1056,logic-ng/logicng,994294fbb283b7b96230da3937369bf8fc062b5f,org/logicng/solvers/functions/UnsatCoreFunctionTest.java,9,1,1,0,0.0,0,1,1,0,0,0,0,0,0,0,0,0,0,0,0,0,0,0,0,1,0,0,False
1057,logic-ng/logicng,994294fbb283b7b96230da3937369bf8fc062b5f,org/logicng/solvers/sat/MiniSatTest.java,52,7,11,26,0.25,13,7,3,0,0,0,0,1,0,0,0,0,1,0,0,1,0,0,0,5,0,0,False
1058,logic-ng/logicng,994294fbb283b7b96230da3937369bf8fc062b5f,org/logicng/solvers/sat/GlucoseSyrupTest.java,33,6,11,9,0.03,1,6,0,0,0,0,0,0,0,0,0,0,1,0,0,0,0,0,0,3,0,0,False
1059,logic-ng/logicng,994294fbb283b7b96230da3937369bf8fc062b5f,org/logicng/solvers/sat/MiniCardTest.java,84,8,12,32,0.18,15,8,3,0,0,0,0,0,0,0,0,0,1,0,0,1,0,0,0,6,0,0,False
1060,logic-ng/logicng,994294fbb283b7b96230da3937369bf8fc062b5f,org/logicng/transformations/AnonymizerTest.java,60,4,12,16,0.55,33,4,4,0,0,0,0,4,0,0,0,0,0,0,0,1,0,0,0,4,0,0,False
1061,logic-ng/logicng,994294fbb283b7b96230da3937369bf8fc062b5f,org/logicng/transformations/FormulaFactoryImporterTest.java,187,12,17,114,0.67,126,12,10,0,0,0,0,1,0,0,0,0,0,0,0,0,0,0,0,10,0,0,False
1062,logic-ng/logicng,994294fbb283b7b96230da3937369bf8fc062b5f,org/logicng/transformations/LiteralSubstitutionTest.java,42,5,14,19,0.4,17,5,3,0,0,0,0,4,0,0,0,0,0,0,0,0,0,0,0,4,0,0,False
1063,logic-ng/logicng,994294fbb283b7b96230da3937369bf8fc062b5f,org/logicng/transformations/PureExpansionTransformationTest.java,107,13,37,44,0.35,37,13,6,2,0,0,0,4,0,0,0,0,1,0,0,1,2,0,0,10,0,0,False
1064,logic-ng/logicng,994294fbb283b7b96230da3937369bf8fc062b5f,org/logicng/transformations/UnitPropagationTest.java,31,4,9,15,0.45,14,4,4,0,0,0,0,1,0,0,0,0,0,0,0,0,0,0,0,4,0,0,False
1065,logic-ng/logicng,994294fbb283b7b96230da3937369bf8fc062b5f,org/logicng/transformations/cnf/CNFEncoderTest.java,158,13,27,106,0.22,35,13,11,0,0,0,0,10,0,0,0,0,1,0,0,3,0,0,0,12,0,0,False
1066,logic-ng/logicng,994294fbb283b7b96230da3937369bf8fc062b5f,org/logicng/transformations/cnf/CNFSubsumptionTest.java,41,4,8,15,0.46,19,4,3,0,0,0,0,3,0,0,0,0,0,0,0,1,0,0,0,4,0,0,False
1067,logic-ng/logicng,994294fbb283b7b96230da3937369bf8fc062b5f,org/logicng/transformations/cnf/PlaistedGreenbaumTransformationSolverTest.java,41,5,10,11,0.02,1,5,1,2,0,0,0,1,0,0,0,0,0,0,0,1,1,0,0,3,0,0,False
1068,logic-ng/logicng,994294fbb283b7b96230da3937369bf8fc062b5f,org/logicng/transformations/dnf/DNFFactorizationTest.java,107,12,29,41,0.42,45,8,8,0,0,0,0,5,0,0,0,0,1,0,0,2,0,0,0,8,0,0,False
1069,logic-ng/logicng,994294fbb283b7b96230da3937369bf8fc062b5f,org/logicng/transformations/dnf/DNFSubsumptionTest.java,48,4,10,15,0.4,19,4,3,1,0,0,0,3,0,0,0,0,0,0,0,1,0,0,0,4,0,0,False
1070,logic-ng/logicng,994294fbb283b7b96230da3937369bf8fc062b5f,org/logicng/transformations/qmc/TermTest.java,80,3,7,21,0.21,17,3,3,0,0,0,0,1,0,0,0,0,1,0,0,0,0,0,0,3,0,0,False
1071,logic-ng/logicng,994294fbb283b7b96230da3937369bf8fc062b5f,org/logicng/transformations/qmc/TermTableTest.java,47,4,8,19,0.26,12,4,2,0,0,0,0,0,0,0,0,0,1,0,0,1,0,0,0,3,0,0,False
1072,logic-ng/logicng,994294fbb283b7b96230da3937369bf8fc062b5f,org/logicng/transformations/simplification/BackboneSimplifierTest.java,27,2,8,8,0.41,11,2,2,0,0,0,0,2,0,0,0,0,0,0,0,0,0,0,0,2,0,0,False
1073,logic-ng/logicng,994294fbb283b7b96230da3937369bf8fc062b5f,org/logicng/transformations/simplification/DistributiveSimplifierTest.java,52,6,20,25,0.5,26,6,6,0,0,0,0,2,0,0,0,0,0,0,0,0,0,0,0,6,0,0,False
1074,logic-ng/logicng,994294fbb283b7b96230da3937369bf8fc062b5f,org/logicng/util/CollectionHelperTest.java,61,5,5,21,0.62,38,5,5,0,0,0,0,0,0,0,0,0,0,0,0,1,0,0,0,5,0,0,False
1075,logic-ng/logicng,994294fbb283b7b96230da3937369bf8fc062b5f,org/logicng/util/ComparablePairTest.java,42,5,5,18,0.52,22,5,5,0,0,0,0,0,0,0,0,0,1,0,0,0,0,0,0,5,0,0,False
1076,logic-ng/logicng,994294fbb283b7b96230da3937369bf8fc062b5f,org/logicng/util/FormulaHelperTest.java,41,5,5,15,0.59,24,5,5,0,0,0,0,0,0,0,0,0,0,0,0,0,0,0,0,5,0,0,False
1077,logic-ng/logicng,994294fbb283b7b96230da3937369bf8fc062b5f,org/logicng/util/FormulaRandomizerTest.java,414,22,60,276,0.21,86,22,19,20,0,0,0,0,0,0,0,0,0,0,0,1,0,0,0,20,0,0,False
1078,logic-ng/logicng,994294fbb283b7b96230da3937369bf8fc062b5f,org/logicng/util/PairTest.java,36,4,4,14,0.5,18,4,4,0,0,0,0,0,0,0,0,0,1,0,0,0,0,0,0,4,0,0,False
1079,logic-ng/logicng,708e7a966ed79d8ab57359d4640c3641c5372105,org/logicng/backbones/BackboneTest.java,75,6,8,37,0.35,26,6,4,0,0,0,0,1,0,0,0,0,1,0,0,2,0,0,0,5,0,0,False
1080,logic-ng/logicng,708e7a966ed79d8ab57359d4640c3641c5372105,org/logicng/backbones/BackboneGenerationTest.java,214,8,24,93,0.22,47,8,3,1,0,0,0,3,0,0,0,0,0,0,0,2,0,0,0,7,0,0,False
1081,logic-ng/logicng,708e7a966ed79d8ab57359d4640c3641c5372105,org/logicng/collections/LNGBooleanVectorTest.java,173,11,22,75,0.34,59,11,10,9,0,0,0,0,0,0,0,0,1,0,0,7,0,0,0,11,0,0,False
1082,logic-ng/logicng,708e7a966ed79d8ab57359d4640c3641c5372105,org/logicng/collections/LNGByteVectorTest.java,198,12,25,84,0.29,57,12,11,11,0,0,0,0,0,0,0,0,1,0,0,6,0,0,0,12,0,0,False
1083,logic-ng/logicng,708e7a966ed79d8ab57359d4640c3641c5372105,org/logicng/collections/LNGDoublePriorityQueueTest.java,107,6,6,35,0.4,43,6,5,0,0,0,0,0,0,0,0,0,1,0,0,3,0,0,0,6,0,0,False
1084,logic-ng/logicng,708e7a966ed79d8ab57359d4640c3641c5372105,org/logicng/collections/LNGDoubleVectorTest.java,195,12,25,83,0.29,56,12,11,11,0,0,0,0,0,0,0,0,1,0,0,6,0,0,0,12,0,0,False
1085,logic-ng/logicng,708e7a966ed79d8ab57359d4640c3641c5372105,org/logicng/collections/LNGIntVectorTest.java,195,12,25,83,0.29,56,12,11,11,0,0,0,0,0,0,0,0,1,0,0,6,0,0,0,12,0,0,False
1086,logic-ng/logicng,708e7a966ed79d8ab57359d4640c3641c5372105,org/logicng/collections/LNGLongPriorityQueueTest.java,86,5,5,28,0.42,36,5,4,0,0,0,0,0,0,0,0,0,1,0,0,3,0,0,0,5,0,0,False
1087,logic-ng/logicng,708e7a966ed79d8ab57359d4640c3641c5372105,org/logicng/collections/LNGLongVectorTest.java,198,12,25,84,0.29,57,12,11,11,0,0,0,0,0,0,0,0,1,0,0,6,0,0,0,12,0,0,False
1088,logic-ng/logicng,708e7a966ed79d8ab57359d4640c3641c5372105,org/logicng/collections/LNGVectorTest.java,342,22,42,135,0.29,100,21,19,20,1,0,0,0,0,0,0,0,2,0,0,9,0,0,0,21,0,0,False
1089,logic-ng/logicng,708e7a966ed79d8ab57359d4640c3641c5372105,org/logicng/datastructures/AssignmentTest.java,154,14,18,87,0.47,73,14,13,0,0,0,0,2,0,0,0,0,1,0,0,6,0,0,0,14,0,0,False
1090,logic-ng/logicng,708e7a966ed79d8ab57359d4640c3641c5372105,org/logicng/formulas/SubstitutionTest.java,112,13,17,50,0.35,39,12,9,0,1,0,0,4,0,0,0,0,1,0,0,2,0,0,0,12,0,0,False
1091,logic-ng/logicng,708e7a966ed79d8ab57359d4640c3641c5372105,org/logicng/datastructures/ubtrees/UBNodeTest.java,33,4,4,14,0.27,9,3,2,0,1,0,0,0,0,0,0,0,1,0,0,1,0,0,0,3,0,0,False
1092,logic-ng/logicng,708e7a966ed79d8ab57359d4640c3641c5372105,org/logicng/datastructures/ubtrees/UBTreeTest.java,201,8,9,57,0.62,125,8,6,0,0,0,0,0,0,0,0,0,0,0,0,1,0,0,0,7,0,0,False
1093,logic-ng/logicng,708e7a966ed79d8ab57359d4640c3641c5372105,org/logicng/explanations/mus/MUSConfigTest.java,12,1,2,11,0.17,2,1,1,0,0,0,0,0,0,0,0,0,1,0,0,0,0,0,0,1,0,0,False
1094,logic-ng/logicng,708e7a966ed79d8ab57359d4640c3641c5372105,org/logicng/explanations/mus/MUSGenerationTest.java,110,10,20,32,0.05,6,9,0,0,1,0,0,0,0,0,0,0,1,0,0,0,2,1,0,6,0,0,False
1095,logic-ng/logicng,708e7a966ed79d8ab57359d4640c3641c5372105,org/logicng/explanations/smus/SmusComputationTest.java,52,9,18,55,0.17,9,9,0,0,0,0,0,9,0,0,0,0,0,0,0,0,0,0,0,9,0,0,False
1096,logic-ng/logicng,708e7a966ed79d8ab57359d4640c3641c5372105,org/logicng/explanations/UNSATCoreTest.java,54,5,7,19,0.3,16,4,4,0,1,0,0,0,0,0,0,0,1,0,0,1,0,0,0,4,0,0,False
1097,logic-ng/logicng,708e7a966ed79d8ab57359d4640c3641c5372105,org/logicng/formulas/AndTest.java,129,17,22,83,0.56,72,17,14,0,0,0,0,2,0,0,0,0,1,0,0,4,0,0,0,17,0,0,False
1098,logic-ng/logicng,708e7a966ed79d8ab57359d4640c3641c5372105,org/logicng/formulas/CFalseTest.java,54,15,16,53,0.31,17,15,2,0,0,0,0,0,0,0,0,0,1,0,0,0,0,0,0,15,0,0,False
1099,logic-ng/logicng,708e7a966ed79d8ab57359d4640c3641c5372105,org/logicng/formulas/CTrueTest.java,55,15,16,53,0.33,18,15,3,0,0,0,0,0,0,0,0,0,1,0,0,1,0,0,0,15,0,0,False
1100,logic-ng/logicng,708e7a966ed79d8ab57359d4640c3641c5372105,org/logicng/formulas/EquivalenceTest.java,118,17,20,72,0.55,65,17,16,0,0,0,0,1,0,0,0,0,1,0,0,4,0,0,0,17,0,0,False
1101,logic-ng/logicng,708e7a966ed79d8ab57359d4640c3641c5372105,org/logicng/formulas/ExtendedFormulaFactoryTest.java,199,12,21,73,0.27,54,12,7,0,0,0,0,1,0,0,0,0,0,0,0,5,2,1,0,10,0,0,False
1102,logic-ng/logicng,708e7a966ed79d8ab57359d4640c3641c5372105,org/logicng/formulas/FormulaTest.java,61,8,13,44,0.28,17,6,5,0,0,0,0,0,0,0,0,0,0,0,0,0,0,0,0,6,0,0,False
1103,logic-ng/logicng,708e7a966ed79d8ab57359d4640c3641c5372105,org/logicng/formulas/FormulaFactoryTest.java,184,9,14,96,0.48,89,9,6,1,0,0,0,2,0,0,0,0,2,0,0,2,0,0,0,9,0,0,False
1104,logic-ng/logicng,708e7a966ed79d8ab57359d4640c3641c5372105,org/logicng/formulas/ImplicationTest.java,113,18,21,71,0.52,59,18,16,0,0,0,0,1,0,0,0,0,1,0,0,5,0,0,0,18,0,0,False
1105,logic-ng/logicng,708e7a966ed79d8ab57359d4640c3641c5372105,org/logicng/formulas/LiteralTest.java,107,20,21,75,0.52,56,20,19,0,0,0,0,0,0,0,0,0,1,0,0,2,1,0,0,20,0,0,False
1106,logic-ng/logicng,708e7a966ed79d8ab57359d4640c3641c5372105,org/logicng/formulas/NotTest.java,95,16,19,67,0.51,48,16,15,0,0,0,0,1,0,0,0,0,1,0,0,4,0,0,0,16,0,0,False
1107,logic-ng/logicng,708e7a966ed79d8ab57359d4640c3641c5372105,org/logicng/formulas/OrTest.java,124,16,21,78,0.57,71,16,14,0,0,0,0,2,0,0,0,0,1,0,0,4,0,0,0,16,0,0,False
1108,logic-ng/logicng,708e7a966ed79d8ab57359d4640c3641c5372105,org/logicng/formulas/PBConstraintTest.java,604,33,36,198,0.61,367,32,30,0,1,0,0,0,0,0,0,0,5,0,0,6,0,0,0,32,0,0,False
1109,logic-ng/logicng,708e7a966ed79d8ab57359d4640c3641c5372105,org/logicng/formulas/printer/DefaultStringRepresentationTest.java,48,3,3,18,0.71,34,3,1,0,0,0,0,0,0,0,0,0,2,0,0,0,0,0,0,3,0,0,False
1110,logic-ng/logicng,708e7a966ed79d8ab57359d4640c3641c5372105,org/logicng/formulas/printer/LatexStringRepresentationTest.java,46,3,3,15,0.67,31,3,2,0,0,0,0,0,0,0,0,0,2,0,0,0,0,0,0,3,0,0,False
1111,logic-ng/logicng,708e7a966ed79d8ab57359d4640c3641c5372105,org/logicng/formulas/printer/SortedStringRepresentationTest.java,61,4,4,22,0.69,42,4,2,0,0,0,0,0,0,0,0,0,2,0,0,2,0,0,0,4,0,0,False
1112,logic-ng/logicng,708e7a966ed79d8ab57359d4640c3641c5372105,org/logicng/formulas/printer/UTF8StringRepresentationTest.java,46,3,3,15,0.67,31,3,2,0,0,0,0,0,0,0,0,0,2,0,0,0,0,0,0,3,0,0,False
1113,logic-ng/logicng,708e7a966ed79d8ab57359d4640c3641c5372105,org/logicng/functions/FormulaDepthFunctionTest.java,54,4,7,20,0.57,31,4,3,1,0,0,0,1,0,0,0,0,0,0,0,1,0,0,0,4,0,0,False
1114,logic-ng/logicng,708e7a966ed79d8ab57359d4640c3641c5372105,org/logicng/graphs/algorithms/BronKerboschTest.java,44,1,4,14,0.16,7,1,1,1,0,0,0,1,0,0,0,0,0,0,0,1,0,0,0,1,0,0,False
1115,logic-ng/logicng,708e7a966ed79d8ab57359d4640c3641c5372105,org/logicng/graphs/datastructures/GraphTest.java,71,5,8,39,0.27,19,5,4,0,0,0,0,0,0,0,0,0,1,0,0,1,0,0,0,4,0,0,False
1116,logic-ng/logicng,708e7a966ed79d8ab57359d4640c3641c5372105,org/logicng/graphs/datastructures/HypergraphTest.java,34,2,2,12,0.21,7,2,1,0,0,0,0,0,0,0,0,0,1,0,0,1,0,0,0,2,0,0,False
1117,logic-ng/logicng,708e7a966ed79d8ab57359d4640c3641c5372105,org/logicng/graphs/datastructures/HypergraphEdgeTest.java,51,4,6,20,0.22,11,4,2,0,0,0,0,2,0,0,0,0,0,0,0,2,0,0,0,4,0,0,False
1118,logic-ng/logicng,708e7a966ed79d8ab57359d4640c3641c5372105,org/logicng/graphs/datastructures/HypergraphNodeTest.java,30,2,2,12,0.37,11,2,2,0,0,0,0,0,0,0,0,0,0,0,0,1,0,0,0,2,0,0,False
1119,logic-ng/logicng,708e7a966ed79d8ab57359d4640c3641c5372105,org/logicng/graphs/generators/ConstraintGraphGeneratorTest.java,75,5,13,45,0.11,8,5,1,1,0,0,0,5,0,0,0,0,3,0,0,1,0,0,0,5,0,0,False
1120,logic-ng/logicng,708e7a966ed79d8ab57359d4640c3641c5372105,org/logicng/graphs/generators/HypergraphGeneratorTest.java,83,3,8,26,0.28,23,3,2,0,0,0,0,3,0,0,0,0,0,0,0,2,0,0,0,3,0,0,False
1121,logic-ng/logicng,708e7a966ed79d8ab57359d4640c3641c5372105,org/logicng/graphs/io/GraphDimacsFileWriterTest.java,55,6,16,19,0.13,7,6,0,1,0,0,0,3,0,0,0,0,0,0,0,0,3,1,0,3,0,0,False
1122,logic-ng/logicng,708e7a966ed79d8ab57359d4640c3641c5372105,org/logicng/graphs/io/GraphDotFileWriterTest.java,33,5,11,11,0.06,2,5,0,1,0,0,0,3,0,0,0,0,0,0,0,0,3,1,0,3,0,0,False
1123,logic-ng/logicng,708e7a966ed79d8ab57359d4640c3641c5372105,org/logicng/handlers/NumberOfNodesBDDHandlerTest.java,9,1,1,0,0.0,0,1,0,0,0,0,0,0,0,0,0,0,0,0,0,0,0,0,0,1,0,0,False
1124,logic-ng/logicng,708e7a966ed79d8ab57359d4640c3641c5372105,org/logicng/io/parsers/PropositionalParserTest.java,142,29,38,55,0.45,64,29,9,0,0,0,0,9,0,0,0,0,1,0,0,0,0,0,0,29,0,0,False
1125,logic-ng/logicng,708e7a966ed79d8ab57359d4640c3641c5372105,org/logicng/io/parsers/PseudoBooleanParserTest.java,164,30,42,77,0.51,84,30,12,0,0,0,0,12,0,0,0,0,1,0,0,1,0,0,0,30,0,0,False
1126,logic-ng/logicng,708e7a966ed79d8ab57359d4640c3641c5372105,org/logicng/io/readers/DimacsReaderTest.java,9,1,1,0,0.0,0,1,0,0,0,0,0,0,0,1,0,0,0,0,0,0,0,0,1,1,0,0,False
1127,logic-ng/logicng,708e7a966ed79d8ab57359d4640c3641c5372105,org/logicng/io/writers/FormulaDimacsFileWriterTest.java,67,7,17,21,0.09,6,7,0,0,0,0,0,4,0,0,0,0,0,0,0,0,4,1,0,5,0,0,False
1128,logic-ng/logicng,708e7a966ed79d8ab57359d4640c3641c5372105,org/logicng/io/writers/FormulaDotFileWriterTest.java,46,5,11,14,0.04,2,5,0,0,0,0,0,4,0,0,0,0,0,0,0,0,4,1,0,4,0,0,False
1129,logic-ng/logicng,708e7a966ed79d8ab57359d4640c3641c5372105,org/logicng/knowledgecompilation/bdds/datastructures/BDDNodeTest.java,66,4,4,35,0.47,31,4,4,0,0,0,0,0,0,0,0,0,0,0,0,1,0,0,0,4,0,0,False
1130,logic-ng/logicng,708e7a966ed79d8ab57359d4640c3641c5372105,org/logicng/knowledgecompilation/bdds/io/BDDDotFileWriterTest.java,29,2,5,9,0.03,1,2,0,0,0,0,0,1,0,0,0,0,0,0,0,0,1,1,0,1,0,0,False
1131,logic-ng/logicng,708e7a966ed79d8ab57359d4640c3641c5372105,org/logicng/knowledgecompilation/bdds/BDDOperationsTest.java,220,11,19,60,0.68,150,11,10,0,0,0,0,3,0,0,0,0,0,0,0,0,0,0,0,10,0,0,False
1132,logic-ng/logicng,708e7a966ed79d8ab57359d4640c3641c5372105,org/logicng/knowledgecompilation/bdds/jbuddy/BDDPrimeTest.java,6,1,1,3,0.33,2,1,1,0,0,0,0,0,0,0,0,0,0,0,0,0,0,0,0,1,0,0,False
1133,logic-ng/logicng,708e7a966ed79d8ab57359d4640c3641c5372105,org/logicng/knowledgecompilation/bdds/BDDReorderingTest.java,201,17,42,85,0.04,8,17,3,0,0,0,0,3,0,0,0,0,0,0,0,2,4,2,0,7,0,0,False
1134,logic-ng/logicng,708e7a966ed79d8ab57359d4640c3641c5372105,org/logicng/knowledgecompilation/bdds/orderings/BFSOrderingTest.java,27,2,5,11,0.37,10,2,1,0,0,0,0,2,0,0,0,0,0,0,0,0,0,0,0,2,0,0,False
1135,logic-ng/logicng,708e7a966ed79d8ab57359d4640c3641c5372105,org/logicng/knowledgecompilation/bdds/orderings/DFSOrderingTest.java,27,2,5,11,0.37,10,2,1,0,0,0,0,2,0,0,0,0,0,0,0,0,0,0,0,2,0,0,False
1136,logic-ng/logicng,708e7a966ed79d8ab57359d4640c3641c5372105,org/logicng/knowledgecompilation/bdds/orderings/ForceOrderingTest.java,33,3,9,17,0.21,7,3,1,0,0,0,0,3,0,0,0,0,0,0,0,0,0,0,0,3,0,0,False
1137,logic-ng/logicng,708e7a966ed79d8ab57359d4640c3641c5372105,org/logicng/knowledgecompilation/dnnf/datastructures/dtree/DTreeNodeTest.java,11,1,2,4,0.09,1,1,0,0,0,0,0,1,0,0,0,0,1,0,0,0,0,0,0,1,0,0,False
1138,logic-ng/logicng,708e7a966ed79d8ab57359d4640c3641c5372105,org/logicng/knowledgecompilation/dnnf/DnnfCompilerTest.java,95,7,21,38,0.03,3,7,0,1,0,0,0,5,0,0,0,0,0,0,0,0,3,1,0,5,0,0,False
1139,logic-ng/logicng,708e7a966ed79d8ab57359d4640c3641c5372105,org/logicng/LogicNGVersionTest.java,67,5,6,22,0.31,21,5,4,0,0,0,0,0,0,0,0,0,0,0,0,4,0,0,0,4,0,0,False
1140,logic-ng/logicng,708e7a966ed79d8ab57359d4640c3641c5372105,org/logicng/modelcounting/ModelCounterTest.java,74,13,21,53,0.18,13,13,6,3,0,0,0,3,0,0,0,0,0,0,0,1,1,1,0,9,0,0,False
1141,logic-ng/logicng,708e7a966ed79d8ab57359d4640c3641c5372105,org/logicng/np/SetCoverTest.java,31,2,2,16,0.19,6,2,1,0,0,0,0,0,0,0,0,0,0,0,0,1,0,0,0,2,0,0,False
1142,logic-ng/logicng,708e7a966ed79d8ab57359d4640c3641c5372105,org/logicng/predicates/CNFPredicateTest.java,30,3,3,10,0.53,16,3,1,0,0,0,0,0,0,0,0,0,1,0,0,0,0,0,0,3,0,0,False
1143,logic-ng/logicng,708e7a966ed79d8ab57359d4640c3641c5372105,org/logicng/predicates/ContainsPBCPredicateTest.java,44,6,9,30,0.43,19,6,4,1,0,0,0,2,0,0,0,0,1,0,0,0,0,0,0,6,0,0,False
1144,logic-ng/logicng,708e7a966ed79d8ab57359d4640c3641c5372105,org/logicng/predicates/DNFPredicateTest.java,28,2,2,10,0.57,16,2,1,0,0,0,0,0,0,0,0,0,1,0,0,0,0,0,0,2,0,0,False
1145,logic-ng/logicng,708e7a966ed79d8ab57359d4640c3641c5372105,org/logicng/predicates/EvaluatesToConstantPredicateTest.java,432,22,34,94,0.83,360,21,21,2,1,0,0,12,0,0,0,0,0,0,0,1,0,0,0,21,0,0,False
1146,logic-ng/logicng,708e7a966ed79d8ab57359d4640c3641c5372105,org/logicng/predicates/NNFPredicateTest.java,32,2,2,11,0.63,20,2,1,0,0,0,0,0,0,0,0,0,1,0,0,0,0,0,0,2,0,0,False
1147,logic-ng/logicng,708e7a966ed79d8ab57359d4640c3641c5372105,org/logicng/primecomputation/PrimeCompilerTest.java,84,8,20,42,0.1,8,8,0,1,0,0,0,1,0,0,0,0,1,0,0,0,3,0,0,4,0,0,False
1148,logic-ng/logicng,708e7a966ed79d8ab57359d4640c3641c5372105,org/logicng/primecomputation/PrimeResultTest.java,75,5,5,28,0.36,27,4,3,0,1,0,0,0,0,0,0,0,1,0,0,0,0,0,0,4,0,0,False
1149,logic-ng/logicng,708e7a966ed79d8ab57359d4640c3641c5372105,org/logicng/propositions/ExtendedPropositionTest.java,56,5,11,18,0.25,14,4,4,0,1,0,0,3,0,0,0,0,1,0,0,0,0,0,0,4,0,0,False
1150,logic-ng/logicng,708e7a966ed79d8ab57359d4640c3641c5372105,org/logicng/propositions/StandardPropositionTest.java,43,5,11,18,0.35,15,4,4,0,1,0,0,3,0,0,0,0,1,0,0,0,0,0,0,4,0,0,False
1151,logic-ng/logicng,708e7a966ed79d8ab57359d4640c3641c5372105,org/logicng/pseudobooleans/PBEncoderTest.java,66,9,13,30,0.11,7,8,1,4,1,0,0,1,0,0,0,0,1,0,0,0,1,1,0,7,0,0,False
1152,logic-ng/logicng,708e7a966ed79d8ab57359d4640c3641c5372105,org/logicng/solvers/datastructures/LNGHeapTest.java,23,1,1,10,0.22,5,1,1,0,0,0,0,0,0,0,0,0,1,0,0,1,0,0,0,1,0,0,False
1153,logic-ng/logicng,708e7a966ed79d8ab57359d4640c3641c5372105,org/logicng/solvers/functions/BackboneFunctionTest.java,274,11,39,159,0.25,68,11,8,6,0,0,0,7,0,0,0,0,0,0,0,8,0,0,0,8,0,0,False
1154,logic-ng/logicng,708e7a966ed79d8ab57359d4640c3641c5372105,org/logicng/solvers/functions/OptimizationFunctionTest.java,231,21,57,170,0.13,29,21,4,4,0,0,0,9,0,0,0,0,0,0,0,1,8,3,0,12,0,0,False
1155,logic-ng/logicng,708e7a966ed79d8ab57359d4640c3641c5372105,org/logicng/solvers/functions/UnsatCoreFunctionTest.java,9,1,1,0,0.0,0,1,1,0,0,0,0,0,0,0,0,0,0,0,0,0,0,0,0,1,0,0,False
1156,logic-ng/logicng,708e7a966ed79d8ab57359d4640c3641c5372105,org/logicng/solvers/sat/MiniSatTest.java,52,7,11,26,0.25,13,7,3,0,0,0,0,1,0,0,0,0,1,0,0,1,0,0,0,5,0,0,False
1157,logic-ng/logicng,708e7a966ed79d8ab57359d4640c3641c5372105,org/logicng/solvers/sat/GlucoseSyrupTest.java,33,6,11,9,0.03,1,6,0,0,0,0,0,0,0,0,0,0,1,0,0,0,0,0,0,3,0,0,False
1158,logic-ng/logicng,708e7a966ed79d8ab57359d4640c3641c5372105,org/logicng/solvers/sat/MiniCardTest.java,84,8,12,32,0.18,15,8,3,0,0,0,0,0,0,0,0,0,1,0,0,1,0,0,0,6,0,0,False
1159,logic-ng/logicng,708e7a966ed79d8ab57359d4640c3641c5372105,org/logicng/transformations/AnonymizerTest.java,60,4,12,16,0.55,33,4,4,0,0,0,0,4,0,0,0,0,0,0,0,1,0,0,0,4,0,0,False
1160,logic-ng/logicng,708e7a966ed79d8ab57359d4640c3641c5372105,org/logicng/transformations/FormulaFactoryImporterTest.java,187,12,17,114,0.67,126,12,10,0,0,0,0,1,0,0,0,0,0,0,0,0,0,0,0,10,0,0,False
1161,logic-ng/logicng,708e7a966ed79d8ab57359d4640c3641c5372105,org/logicng/transformations/LiteralSubstitutionTest.java,42,5,14,19,0.4,17,5,3,0,0,0,0,4,0,0,0,0,0,0,0,0,0,0,0,4,0,0,False
1162,logic-ng/logicng,708e7a966ed79d8ab57359d4640c3641c5372105,org/logicng/transformations/PureExpansionTransformationTest.java,107,13,37,44,0.35,37,13,6,2,0,0,0,4,0,0,0,0,1,0,0,1,2,0,0,10,0,0,False
1163,logic-ng/logicng,708e7a966ed79d8ab57359d4640c3641c5372105,org/logicng/transformations/UnitPropagationTest.java,31,4,9,15,0.45,14,4,4,0,0,0,0,1,0,0,0,0,0,0,0,0,0,0,0,4,0,0,False
1164,logic-ng/logicng,708e7a966ed79d8ab57359d4640c3641c5372105,org/logicng/transformations/cnf/CNFEncoderTest.java,158,13,27,106,0.22,35,13,11,0,0,0,0,10,0,0,0,0,1,0,0,3,0,0,0,12,0,0,False
1165,logic-ng/logicng,708e7a966ed79d8ab57359d4640c3641c5372105,org/logicng/transformations/cnf/CNFSubsumptionTest.java,41,4,8,15,0.46,19,4,3,0,0,0,0,3,0,0,0,0,0,0,0,1,0,0,0,4,0,0,False
1166,logic-ng/logicng,708e7a966ed79d8ab57359d4640c3641c5372105,org/logicng/transformations/cnf/PlaistedGreenbaumTransformationSolverTest.java,41,5,10,11,0.02,1,5,1,2,0,0,0,1,0,0,0,0,0,0,0,1,1,0,0,3,0,0,False
1167,logic-ng/logicng,708e7a966ed79d8ab57359d4640c3641c5372105,org/logicng/transformations/dnf/DNFFactorizationTest.java,107,12,29,41,0.42,45,8,8,0,0,0,0,5,0,0,0,0,1,0,0,2,0,0,0,8,0,0,False
1168,logic-ng/logicng,708e7a966ed79d8ab57359d4640c3641c5372105,org/logicng/transformations/dnf/DNFSubsumptionTest.java,48,4,10,15,0.4,19,4,3,1,0,0,0,3,0,0,0,0,0,0,0,1,0,0,0,4,0,0,False
1169,logic-ng/logicng,708e7a966ed79d8ab57359d4640c3641c5372105,org/logicng/transformations/qmc/TermTest.java,80,3,7,21,0.21,17,3,3,0,0,0,0,1,0,0,0,0,1,0,0,0,0,0,0,3,0,0,False
1170,logic-ng/logicng,708e7a966ed79d8ab57359d4640c3641c5372105,org/logicng/transformations/qmc/TermTableTest.java,47,4,8,19,0.26,12,4,2,0,0,0,0,0,0,0,0,0,1,0,0,1,0,0,0,3,0,0,False
1171,logic-ng/logicng,708e7a966ed79d8ab57359d4640c3641c5372105,org/logicng/transformations/simplification/BackboneSimplifierTest.java,27,2,8,8,0.41,11,2,2,0,0,0,0,2,0,0,0,0,0,0,0,0,0,0,0,2,0,0,False
1172,logic-ng/logicng,708e7a966ed79d8ab57359d4640c3641c5372105,org/logicng/transformations/simplification/DistributiveSimplifierTest.java,52,6,20,25,0.5,26,6,6,0,0,0,0,2,0,0,0,0,0,0,0,0,0,0,0,6,0,0,False
1173,logic-ng/logicng,708e7a966ed79d8ab57359d4640c3641c5372105,org/logicng/util/CollectionHelperTest.java,61,5,5,21,0.62,38,5,5,0,0,0,0,0,0,0,0,0,0,0,0,1,0,0,0,5,0,0,False
1174,logic-ng/logicng,708e7a966ed79d8ab57359d4640c3641c5372105,org/logicng/util/ComparablePairTest.java,42,5,5,18,0.52,22,5,5,0,0,0,0,0,0,0,0,0,1,0,0,0,0,0,0,5,0,0,False
1175,logic-ng/logicng,708e7a966ed79d8ab57359d4640c3641c5372105,org/logicng/util/FormulaHelperTest.java,41,5,5,15,0.59,24,5,5,0,0,0,0,0,0,0,0,0,0,0,0,0,0,0,0,5,0,0,False
1176,logic-ng/logicng,708e7a966ed79d8ab57359d4640c3641c5372105,org/logicng/util/FormulaRandomizerTest.java,414,22,60,276,0.21,86,22,19,20,0,0,0,0,0,0,0,0,0,0,0,1,0,0,0,20,0,0,False
1177,logic-ng/logicng,708e7a966ed79d8ab57359d4640c3641c5372105,org/logicng/util/PairTest.java,36,4,4,14,0.5,18,4,4,0,0,0,0,0,0,0,0,0,1,0,0,0,0,0,0,4,0,0,False
1178,logic-ng/logicng,bb2bbe87396a51706a642897070b35d992663924,org/logicng/backbones/BackboneTest.java,75,6,8,37,0.35,26,6,4,0,0,0,0,1,0,0,0,0,1,0,0,2,0,0,0,5,0,0,False
1179,logic-ng/logicng,bb2bbe87396a51706a642897070b35d992663924,org/logicng/backbones/BackboneGenerationTest.java,214,8,24,93,0.22,47,8,3,1,0,0,0,3,0,0,0,0,0,0,0,2,0,0,0,7,0,0,False
1180,logic-ng/logicng,bb2bbe87396a51706a642897070b35d992663924,org/logicng/collections/LNGBooleanVectorTest.java,173,11,22,75,0.34,59,11,10,9,0,0,0,0,0,0,0,0,1,0,0,7,0,0,0,11,0,0,False
1181,logic-ng/logicng,bb2bbe87396a51706a642897070b35d992663924,org/logicng/collections/LNGByteVectorTest.java,198,12,25,84,0.29,57,12,11,11,0,0,0,0,0,0,0,0,1,0,0,6,0,0,0,12,0,0,False
1182,logic-ng/logicng,bb2bbe87396a51706a642897070b35d992663924,org/logicng/collections/LNGDoublePriorityQueueTest.java,107,6,6,35,0.4,43,6,5,0,0,0,0,0,0,0,0,0,1,0,0,3,0,0,0,6,0,0,False
1183,logic-ng/logicng,bb2bbe87396a51706a642897070b35d992663924,org/logicng/collections/LNGDoubleVectorTest.java,195,12,25,83,0.29,56,12,11,11,0,0,0,0,0,0,0,0,1,0,0,6,0,0,0,12,0,0,False
1184,logic-ng/logicng,bb2bbe87396a51706a642897070b35d992663924,org/logicng/collections/LNGIntVectorTest.java,195,12,25,83,0.29,56,12,11,11,0,0,0,0,0,0,0,0,1,0,0,6,0,0,0,12,0,0,False
1185,logic-ng/logicng,bb2bbe87396a51706a642897070b35d992663924,org/logicng/collections/LNGLongPriorityQueueTest.java,86,5,5,28,0.42,36,5,4,0,0,0,0,0,0,0,0,0,1,0,0,3,0,0,0,5,0,0,False
1186,logic-ng/logicng,bb2bbe87396a51706a642897070b35d992663924,org/logicng/collections/LNGLongVectorTest.java,198,12,25,84,0.29,57,12,11,11,0,0,0,0,0,0,0,0,1,0,0,6,0,0,0,12,0,0,False
1187,logic-ng/logicng,bb2bbe87396a51706a642897070b35d992663924,org/logicng/collections/LNGVectorTest.java,342,22,42,135,0.29,100,21,19,20,1,0,0,0,0,0,0,0,2,0,0,9,0,0,0,21,0,0,False
1188,logic-ng/logicng,bb2bbe87396a51706a642897070b35d992663924,org/logicng/datastructures/AssignmentTest.java,154,14,18,87,0.47,73,14,13,0,0,0,0,2,0,0,0,0,1,0,0,6,0,0,0,14,0,0,False
1189,logic-ng/logicng,bb2bbe87396a51706a642897070b35d992663924,org/logicng/formulas/SubstitutionTest.java,112,13,17,50,0.35,39,12,9,0,1,0,0,4,0,0,0,0,1,0,0,2,0,0,0,12,0,0,False
1190,logic-ng/logicng,bb2bbe87396a51706a642897070b35d992663924,org/logicng/datastructures/ubtrees/UBNodeTest.java,33,4,4,14,0.27,9,3,2,0,1,0,0,0,0,0,0,0,1,0,0,1,0,0,0,3,0,0,False
1191,logic-ng/logicng,bb2bbe87396a51706a642897070b35d992663924,org/logicng/datastructures/ubtrees/UBTreeTest.java,201,8,9,57,0.62,125,8,6,0,0,0,0,0,0,0,0,0,0,0,0,1,0,0,0,7,0,0,False
1192,logic-ng/logicng,bb2bbe87396a51706a642897070b35d992663924,org/logicng/explanations/mus/MUSConfigTest.java,12,1,2,11,0.17,2,1,1,0,0,0,0,0,0,0,0,0,1,0,0,0,0,0,0,1,0,0,False
1193,logic-ng/logicng,bb2bbe87396a51706a642897070b35d992663924,org/logicng/explanations/mus/MUSGenerationTest.java,110,10,20,32,0.05,6,9,0,0,1,0,0,0,0,0,0,0,1,0,0,0,2,1,0,6,0,0,False
1194,logic-ng/logicng,bb2bbe87396a51706a642897070b35d992663924,org/logicng/explanations/smus/SmusComputationTest.java,52,9,18,55,0.17,9,9,0,0,0,0,0,9,0,0,0,0,0,0,0,0,0,0,0,9,0,0,False
1195,logic-ng/logicng,bb2bbe87396a51706a642897070b35d992663924,org/logicng/explanations/UNSATCoreTest.java,54,5,7,19,0.3,16,4,4,0,1,0,0,0,0,0,0,0,1,0,0,1,0,0,0,4,0,0,False
1196,logic-ng/logicng,bb2bbe87396a51706a642897070b35d992663924,org/logicng/formulas/AndTest.java,129,17,22,83,0.56,72,17,14,0,0,0,0,2,0,0,0,0,1,0,0,4,0,0,0,17,0,0,False
1197,logic-ng/logicng,bb2bbe87396a51706a642897070b35d992663924,org/logicng/formulas/CFalseTest.java,54,15,16,53,0.31,17,15,2,0,0,0,0,0,0,0,0,0,1,0,0,0,0,0,0,15,0,0,False
1198,logic-ng/logicng,bb2bbe87396a51706a642897070b35d992663924,org/logicng/formulas/CTrueTest.java,55,15,16,53,0.33,18,15,3,0,0,0,0,0,0,0,0,0,1,0,0,1,0,0,0,15,0,0,False
1199,logic-ng/logicng,bb2bbe87396a51706a642897070b35d992663924,org/logicng/formulas/EquivalenceTest.java,118,17,20,72,0.55,65,17,16,0,0,0,0,1,0,0,0,0,1,0,0,4,0,0,0,17,0,0,False
1200,logic-ng/logicng,bb2bbe87396a51706a642897070b35d992663924,org/logicng/formulas/ExtendedFormulaFactoryTest.java,199,12,21,73,0.27,54,12,7,0,0,0,0,1,0,0,0,0,0,0,0,5,2,1,0,10,0,0,False
1201,logic-ng/logicng,bb2bbe87396a51706a642897070b35d992663924,org/logicng/formulas/FormulaTest.java,61,8,13,44,0.28,17,6,5,0,0,0,0,0,0,0,0,0,0,0,0,0,0,0,0,6,0,0,False
1202,logic-ng/logicng,bb2bbe87396a51706a642897070b35d992663924,org/logicng/formulas/FormulaFactoryTest.java,184,9,14,96,0.48,89,9,6,1,0,0,0,2,0,0,0,0,2,0,0,2,0,0,0,9,0,0,False
1203,logic-ng/logicng,bb2bbe87396a51706a642897070b35d992663924,org/logicng/formulas/ImplicationTest.java,113,18,21,71,0.52,59,18,16,0,0,0,0,1,0,0,0,0,1,0,0,5,0,0,0,18,0,0,False
1204,logic-ng/logicng,bb2bbe87396a51706a642897070b35d992663924,org/logicng/formulas/LiteralTest.java,107,20,21,75,0.52,56,20,19,0,0,0,0,0,0,0,0,0,1,0,0,2,1,0,0,20,0,0,False
1205,logic-ng/logicng,bb2bbe87396a51706a642897070b35d992663924,org/logicng/formulas/NotTest.java,95,16,19,67,0.51,48,16,15,0,0,0,0,1,0,0,0,0,1,0,0,4,0,0,0,16,0,0,False
1206,logic-ng/logicng,bb2bbe87396a51706a642897070b35d992663924,org/logicng/formulas/OrTest.java,124,16,21,78,0.57,71,16,14,0,0,0,0,2,0,0,0,0,1,0,0,4,0,0,0,16,0,0,False
1207,logic-ng/logicng,bb2bbe87396a51706a642897070b35d992663924,org/logicng/formulas/PBConstraintTest.java,604,33,36,198,0.61,367,32,30,0,1,0,0,0,0,0,0,0,5,0,0,6,0,0,0,32,0,0,False
1208,logic-ng/logicng,bb2bbe87396a51706a642897070b35d992663924,org/logicng/formulas/printer/DefaultStringRepresentationTest.java,48,3,3,18,0.71,34,3,1,0,0,0,0,0,0,0,0,0,2,0,0,0,0,0,0,3,0,0,False
1209,logic-ng/logicng,bb2bbe87396a51706a642897070b35d992663924,org/logicng/formulas/printer/LatexStringRepresentationTest.java,46,3,3,15,0.67,31,3,2,0,0,0,0,0,0,0,0,0,2,0,0,0,0,0,0,3,0,0,False
1210,logic-ng/logicng,bb2bbe87396a51706a642897070b35d992663924,org/logicng/formulas/printer/SortedStringRepresentationTest.java,61,4,4,22,0.69,42,4,2,0,0,0,0,0,0,0,0,0,2,0,0,2,0,0,0,4,0,0,False
1211,logic-ng/logicng,bb2bbe87396a51706a642897070b35d992663924,org/logicng/formulas/printer/UTF8StringRepresentationTest.java,46,3,3,15,0.67,31,3,2,0,0,0,0,0,0,0,0,0,2,0,0,0,0,0,0,3,0,0,False
1212,logic-ng/logicng,bb2bbe87396a51706a642897070b35d992663924,org/logicng/functions/FormulaDepthFunctionTest.java,54,4,7,20,0.57,31,4,3,1,0,0,0,1,0,0,0,0,0,0,0,1,0,0,0,4,0,0,False
1213,logic-ng/logicng,bb2bbe87396a51706a642897070b35d992663924,org/logicng/graphs/algorithms/BronKerboschTest.java,44,1,4,14,0.16,7,1,1,1,0,0,0,1,0,0,0,0,0,0,0,1,0,0,0,1,0,0,False
1214,logic-ng/logicng,bb2bbe87396a51706a642897070b35d992663924,org/logicng/graphs/datastructures/GraphTest.java,71,5,8,39,0.27,19,5,4,0,0,0,0,0,0,0,0,0,1,0,0,1,0,0,0,4,0,0,False
1215,logic-ng/logicng,bb2bbe87396a51706a642897070b35d992663924,org/logicng/graphs/datastructures/HypergraphTest.java,34,2,2,12,0.21,7,2,1,0,0,0,0,0,0,0,0,0,1,0,0,1,0,0,0,2,0,0,False
1216,logic-ng/logicng,bb2bbe87396a51706a642897070b35d992663924,org/logicng/graphs/datastructures/HypergraphEdgeTest.java,51,4,6,20,0.22,11,4,2,0,0,0,0,2,0,0,0,0,0,0,0,2,0,0,0,4,0,0,False
1217,logic-ng/logicng,bb2bbe87396a51706a642897070b35d992663924,org/logicng/graphs/datastructures/HypergraphNodeTest.java,30,2,2,12,0.37,11,2,2,0,0,0,0,0,0,0,0,0,0,0,0,1,0,0,0,2,0,0,False
1218,logic-ng/logicng,bb2bbe87396a51706a642897070b35d992663924,org/logicng/graphs/generators/ConstraintGraphGeneratorTest.java,75,5,13,45,0.11,8,5,1,1,0,0,0,5,0,0,0,0,3,0,0,1,0,0,0,5,0,0,False
1219,logic-ng/logicng,bb2bbe87396a51706a642897070b35d992663924,org/logicng/graphs/generators/HypergraphGeneratorTest.java,83,3,8,26,0.28,23,3,2,0,0,0,0,3,0,0,0,0,0,0,0,2,0,0,0,3,0,0,False
1220,logic-ng/logicng,bb2bbe87396a51706a642897070b35d992663924,org/logicng/graphs/io/GraphDimacsFileWriterTest.java,55,6,16,19,0.13,7,6,0,1,0,0,0,3,0,0,0,0,0,0,0,0,3,1,0,3,0,0,False
1221,logic-ng/logicng,bb2bbe87396a51706a642897070b35d992663924,org/logicng/graphs/io/GraphDotFileWriterTest.java,33,5,11,11,0.06,2,5,0,1,0,0,0,3,0,0,0,0,0,0,0,0,3,1,0,3,0,0,False
1222,logic-ng/logicng,bb2bbe87396a51706a642897070b35d992663924,org/logicng/handlers/NumberOfNodesBDDHandlerTest.java,9,1,1,0,0.0,0,1,0,0,0,0,0,0,0,0,0,0,0,0,0,0,0,0,0,1,0,0,False
1223,logic-ng/logicng,bb2bbe87396a51706a642897070b35d992663924,org/logicng/io/parsers/PropositionalParserTest.java,142,29,38,55,0.45,64,29,9,0,0,0,0,9,0,0,0,0,1,0,0,0,0,0,0,29,0,0,False
1224,logic-ng/logicng,bb2bbe87396a51706a642897070b35d992663924,org/logicng/io/parsers/PseudoBooleanParserTest.java,164,30,42,77,0.51,84,30,12,0,0,0,0,12,0,0,0,0,1,0,0,1,0,0,0,30,0,0,False
1225,logic-ng/logicng,bb2bbe87396a51706a642897070b35d992663924,org/logicng/io/readers/DimacsReaderTest.java,9,1,1,0,0.0,0,1,0,0,0,0,0,0,0,1,0,0,0,0,0,0,0,0,1,1,0,0,False
1226,logic-ng/logicng,bb2bbe87396a51706a642897070b35d992663924,org/logicng/io/writers/FormulaDimacsFileWriterTest.java,67,7,17,21,0.09,6,7,0,0,0,0,0,4,0,0,0,0,0,0,0,0,4,1,0,5,0,0,False
1227,logic-ng/logicng,bb2bbe87396a51706a642897070b35d992663924,org/logicng/io/writers/FormulaDotFileWriterTest.java,46,5,11,14,0.04,2,5,0,0,0,0,0,4,0,0,0,0,0,0,0,0,4,1,0,4,0,0,False
1228,logic-ng/logicng,bb2bbe87396a51706a642897070b35d992663924,org/logicng/knowledgecompilation/bdds/datastructures/BDDNodeTest.java,66,4,4,35,0.47,31,4,4,0,0,0,0,0,0,0,0,0,0,0,0,1,0,0,0,4,0,0,False
1229,logic-ng/logicng,bb2bbe87396a51706a642897070b35d992663924,org/logicng/knowledgecompilation/bdds/io/BDDDotFileWriterTest.java,29,2,5,9,0.03,1,2,0,0,0,0,0,1,0,0,0,0,0,0,0,0,1,1,0,1,0,0,False
1230,logic-ng/logicng,bb2bbe87396a51706a642897070b35d992663924,org/logicng/knowledgecompilation/bdds/BDDOperationsTest.java,220,11,19,60,0.68,150,11,10,0,0,0,0,3,0,0,0,0,0,0,0,0,0,0,0,10,0,0,False
1231,logic-ng/logicng,bb2bbe87396a51706a642897070b35d992663924,org/logicng/knowledgecompilation/bdds/jbuddy/BDDPrimeTest.java,6,1,1,3,0.33,2,1,1,0,0,0,0,0,0,0,0,0,0,0,0,0,0,0,0,1,0,0,False
1232,logic-ng/logicng,bb2bbe87396a51706a642897070b35d992663924,org/logicng/knowledgecompilation/bdds/BDDReorderingTest.java,201,17,42,85,0.04,8,17,3,0,0,0,0,3,0,0,0,0,0,0,0,2,4,2,0,7,0,0,False
1233,logic-ng/logicng,bb2bbe87396a51706a642897070b35d992663924,org/logicng/knowledgecompilation/bdds/orderings/BFSOrderingTest.java,27,2,5,11,0.37,10,2,1,0,0,0,0,2,0,0,0,0,0,0,0,0,0,0,0,2,0,0,False
1234,logic-ng/logicng,bb2bbe87396a51706a642897070b35d992663924,org/logicng/knowledgecompilation/bdds/orderings/DFSOrderingTest.java,27,2,5,11,0.37,10,2,1,0,0,0,0,2,0,0,0,0,0,0,0,0,0,0,0,2,0,0,False
1235,logic-ng/logicng,bb2bbe87396a51706a642897070b35d992663924,org/logicng/knowledgecompilation/bdds/orderings/ForceOrderingTest.java,33,3,9,17,0.21,7,3,1,0,0,0,0,3,0,0,0,0,0,0,0,0,0,0,0,3,0,0,False
1236,logic-ng/logicng,bb2bbe87396a51706a642897070b35d992663924,org/logicng/knowledgecompilation/dnnf/datastructures/dtree/DTreeNodeTest.java,11,1,2,4,0.09,1,1,0,0,0,0,0,1,0,0,0,0,1,0,0,0,0,0,0,1,0,0,False
1237,logic-ng/logicng,bb2bbe87396a51706a642897070b35d992663924,org/logicng/knowledgecompilation/dnnf/DnnfCompilerTest.java,95,7,21,38,0.03,3,7,0,1,0,0,0,5,0,0,0,0,0,0,0,0,3,1,0,5,0,0,False
1238,logic-ng/logicng,bb2bbe87396a51706a642897070b35d992663924,org/logicng/LogicNGVersionTest.java,67,5,6,22,0.31,21,5,4,0,0,0,0,0,0,0,0,0,0,0,0,4,0,0,0,4,0,0,False
1239,logic-ng/logicng,bb2bbe87396a51706a642897070b35d992663924,org/logicng/modelcounting/ModelCounterTest.java,74,13,21,53,0.18,13,13,6,3,0,0,0,3,0,0,0,0,0,0,0,1,1,1,0,9,0,0,False
1240,logic-ng/logicng,bb2bbe87396a51706a642897070b35d992663924,org/logicng/np/SetCoverTest.java,31,2,2,16,0.19,6,2,1,0,0,0,0,0,0,0,0,0,0,0,0,1,0,0,0,2,0,0,False
1241,logic-ng/logicng,bb2bbe87396a51706a642897070b35d992663924,org/logicng/predicates/CNFPredicateTest.java,30,3,3,10,0.53,16,3,1,0,0,0,0,0,0,0,0,0,1,0,0,0,0,0,0,3,0,0,False
1242,logic-ng/logicng,bb2bbe87396a51706a642897070b35d992663924,org/logicng/predicates/ContainsPBCPredicateTest.java,44,6,9,30,0.43,19,6,4,1,0,0,0,2,0,0,0,0,1,0,0,0,0,0,0,6,0,0,False
1243,logic-ng/logicng,bb2bbe87396a51706a642897070b35d992663924,org/logicng/predicates/DNFPredicateTest.java,28,2,2,10,0.57,16,2,1,0,0,0,0,0,0,0,0,0,1,0,0,0,0,0,0,2,0,0,False
1244,logic-ng/logicng,bb2bbe87396a51706a642897070b35d992663924,org/logicng/predicates/EvaluatesToConstantPredicateTest.java,432,22,34,94,0.83,360,21,21,2,1,0,0,12,0,0,0,0,0,0,0,1,0,0,0,21,0,0,False
1245,logic-ng/logicng,bb2bbe87396a51706a642897070b35d992663924,org/logicng/predicates/NNFPredicateTest.java,32,2,2,11,0.63,20,2,1,0,0,0,0,0,0,0,0,0,1,0,0,0,0,0,0,2,0,0,False
1246,logic-ng/logicng,bb2bbe87396a51706a642897070b35d992663924,org/logicng/primecomputation/PrimeCompilerTest.java,84,8,20,42,0.1,8,8,0,1,0,0,0,1,0,0,0,0,1,0,0,0,3,0,0,4,0,0,False
1247,logic-ng/logicng,bb2bbe87396a51706a642897070b35d992663924,org/logicng/primecomputation/PrimeResultTest.java,75,5,5,28,0.36,27,4,3,0,1,0,0,0,0,0,0,0,1,0,0,0,0,0,0,4,0,0,False
1248,logic-ng/logicng,bb2bbe87396a51706a642897070b35d992663924,org/logicng/propositions/ExtendedPropositionTest.java,56,5,11,18,0.25,14,4,4,0,1,0,0,3,0,0,0,0,1,0,0,0,0,0,0,4,0,0,False
1249,logic-ng/logicng,bb2bbe87396a51706a642897070b35d992663924,org/logicng/propositions/StandardPropositionTest.java,43,5,11,18,0.35,15,4,4,0,1,0,0,3,0,0,0,0,1,0,0,0,0,0,0,4,0,0,False
1250,logic-ng/logicng,bb2bbe87396a51706a642897070b35d992663924,org/logicng/pseudobooleans/PBEncoderTest.java,66,9,13,30,0.11,7,8,1,4,1,0,0,1,0,0,0,0,1,0,0,0,1,1,0,7,0,0,False
1251,logic-ng/logicng,bb2bbe87396a51706a642897070b35d992663924,org/logicng/solvers/datastructures/LNGHeapTest.java,23,1,1,10,0.22,5,1,1,0,0,0,0,0,0,0,0,0,1,0,0,1,0,0,0,1,0,0,False
1252,logic-ng/logicng,bb2bbe87396a51706a642897070b35d992663924,org/logicng/solvers/functions/BackboneFunctionTest.java,274,11,39,159,0.25,68,11,8,6,0,0,0,7,0,0,0,0,0,0,0,8,0,0,0,8,0,0,False
1253,logic-ng/logicng,bb2bbe87396a51706a642897070b35d992663924,org/logicng/solvers/functions/OptimizationFunctionTest.java,231,21,57,170,0.13,29,21,4,4,0,0,0,9,0,0,0,0,0,0,0,1,8,3,0,12,0,0,False
1254,logic-ng/logicng,bb2bbe87396a51706a642897070b35d992663924,org/logicng/solvers/functions/UnsatCoreFunctionTest.java,9,1,1,0,0.0,0,1,1,0,0,0,0,0,0,0,0,0,0,0,0,0,0,0,0,1,0,0,False
1255,logic-ng/logicng,bb2bbe87396a51706a642897070b35d992663924,org/logicng/solvers/sat/MiniSatTest.java,52,7,11,26,0.25,13,7,3,0,0,0,0,1,0,0,0,0,1,0,0,1,0,0,0,5,0,0,False
1256,logic-ng/logicng,bb2bbe87396a51706a642897070b35d992663924,org/logicng/solvers/sat/GlucoseSyrupTest.java,33,6,11,9,0.03,1,6,0,0,0,0,0,0,0,0,0,0,1,0,0,0,0,0,0,3,0,0,False
1257,logic-ng/logicng,bb2bbe87396a51706a642897070b35d992663924,org/logicng/solvers/sat/MiniCardTest.java,84,8,12,32,0.18,15,8,3,0,0,0,0,0,0,0,0,0,1,0,0,1,0,0,0,6,0,0,False
1258,logic-ng/logicng,bb2bbe87396a51706a642897070b35d992663924,org/logicng/transformations/AnonymizerTest.java,60,4,12,16,0.55,33,4,4,0,0,0,0,4,0,0,0,0,0,0,0,1,0,0,0,4,0,0,False
1259,logic-ng/logicng,bb2bbe87396a51706a642897070b35d992663924,org/logicng/transformations/FormulaFactoryImporterTest.java,187,12,17,114,0.67,126,12,10,0,0,0,0,1,0,0,0,0,0,0,0,0,0,0,0,10,0,0,False
1260,logic-ng/logicng,bb2bbe87396a51706a642897070b35d992663924,org/logicng/transformations/LiteralSubstitutionTest.java,42,5,14,19,0.4,17,5,3,0,0,0,0,4,0,0,0,0,0,0,0,0,0,0,0,4,0,0,False
1261,logic-ng/logicng,bb2bbe87396a51706a642897070b35d992663924,org/logicng/transformations/PureExpansionTransformationTest.java,107,13,37,44,0.35,37,13,6,2,0,0,0,4,0,0,0,0,1,0,0,1,2,0,0,10,0,0,False
1262,logic-ng/logicng,bb2bbe87396a51706a642897070b35d992663924,org/logicng/transformations/UnitPropagationTest.java,31,4,9,15,0.45,14,4,4,0,0,0,0,1,0,0,0,0,0,0,0,0,0,0,0,4,0,0,False
1263,logic-ng/logicng,bb2bbe87396a51706a642897070b35d992663924,org/logicng/transformations/cnf/CNFEncoderTest.java,158,13,27,106,0.22,35,13,11,0,0,0,0,10,0,0,0,0,1,0,0,3,0,0,0,12,0,0,False
1264,logic-ng/logicng,bb2bbe87396a51706a642897070b35d992663924,org/logicng/transformations/cnf/CNFSubsumptionTest.java,41,4,8,15,0.46,19,4,3,0,0,0,0,3,0,0,0,0,0,0,0,1,0,0,0,4,0,0,False
1265,logic-ng/logicng,bb2bbe87396a51706a642897070b35d992663924,org/logicng/transformations/cnf/PlaistedGreenbaumTransformationSolverTest.java,41,5,10,11,0.02,1,5,1,2,0,0,0,1,0,0,0,0,0,0,0,1,1,0,0,3,0,0,False
1266,logic-ng/logicng,bb2bbe87396a51706a642897070b35d992663924,org/logicng/transformations/dnf/DNFFactorizationTest.java,107,12,29,41,0.42,45,8,8,0,0,0,0,5,0,0,0,0,1,0,0,2,0,0,0,8,0,0,False
1267,logic-ng/logicng,bb2bbe87396a51706a642897070b35d992663924,org/logicng/transformations/dnf/DNFSubsumptionTest.java,48,4,10,15,0.4,19,4,3,1,0,0,0,3,0,0,0,0,0,0,0,1,0,0,0,4,0,0,False
1268,logic-ng/logicng,bb2bbe87396a51706a642897070b35d992663924,org/logicng/transformations/qmc/TermTest.java,80,3,7,21,0.21,17,3,3,0,0,0,0,1,0,0,0,0,1,0,0,0,0,0,0,3,0,0,False
1269,logic-ng/logicng,bb2bbe87396a51706a642897070b35d992663924,org/logicng/transformations/qmc/TermTableTest.java,47,4,8,19,0.26,12,4,2,0,0,0,0,0,0,0,0,0,1,0,0,1,0,0,0,3,0,0,False
1270,logic-ng/logicng,bb2bbe87396a51706a642897070b35d992663924,org/logicng/transformations/simplification/BackboneSimplifierTest.java,27,2,8,8,0.41,11,2,2,0,0,0,0,2,0,0,0,0,0,0,0,0,0,0,0,2,0,0,False
1271,logic-ng/logicng,bb2bbe87396a51706a642897070b35d992663924,org/logicng/transformations/simplification/DistributiveSimplifierTest.java,52,6,20,25,0.5,26,6,6,0,0,0,0,2,0,0,0,0,0,0,0,0,0,0,0,6,0,0,False
1272,logic-ng/logicng,bb2bbe87396a51706a642897070b35d992663924,org/logicng/util/CollectionHelperTest.java,61,5,5,21,0.62,38,5,5,0,0,0,0,0,0,0,0,0,0,0,0,1,0,0,0,5,0,0,False
1273,logic-ng/logicng,bb2bbe87396a51706a642897070b35d992663924,org/logicng/util/ComparablePairTest.java,42,5,5,18,0.52,22,5,5,0,0,0,0,0,0,0,0,0,1,0,0,0,0,0,0,5,0,0,False
1274,logic-ng/logicng,bb2bbe87396a51706a642897070b35d992663924,org/logicng/util/FormulaHelperTest.java,41,5,5,15,0.59,24,5,5,0,0,0,0,0,0,0,0,0,0,0,0,0,0,0,0,5,0,0,False
1275,logic-ng/logicng,bb2bbe87396a51706a642897070b35d992663924,org/logicng/util/FormulaRandomizerTest.java,414,22,60,276,0.21,86,22,19,20,0,0,0,0,0,0,0,0,0,0,0,1,0,0,0,20,0,0,False
1276,logic-ng/logicng,bb2bbe87396a51706a642897070b35d992663924,org/logicng/util/PairTest.java,36,4,4,14,0.5,18,4,4,0,0,0,0,0,0,0,0,0,1,0,0,0,0,0,0,4,0,0,False
1277,logic-ng/logicng,dfa28508241d17478b59a388618a5988a86f77e3,org/logicng/backbones/BackboneTest.java,75,6,8,37,0.35,26,6,4,0,0,0,0,1,0,0,0,0,1,0,0,2,0,0,0,5,0,0,False
1278,logic-ng/logicng,dfa28508241d17478b59a388618a5988a86f77e3,org/logicng/backbones/BackboneGenerationTest.java,215,8,24,85,0.22,47,8,3,1,0,0,0,3,0,0,0,0,0,0,0,2,0,0,0,7,0,0,False
1279,logic-ng/logicng,dfa28508241d17478b59a388618a5988a86f77e3,org/logicng/bdds/datastructures/BDDNodeTest.java,65,4,4,33,0.46,30,4,4,0,0,0,0,0,0,0,0,0,0,0,0,1,0,0,0,4,0,0,False
1280,logic-ng/logicng,dfa28508241d17478b59a388618a5988a86f77e3,org/logicng/bdds/io/BDDDotFileWriterTest.java,36,3,10,11,0.08,3,3,0,0,0,0,0,1,0,0,0,0,0,0,0,0,1,1,0,1,0,0,False
1281,logic-ng/logicng,dfa28508241d17478b59a388618a5988a86f77e3,org/logicng/bdds/orderings/BFSOrderingTest.java,27,2,5,11,0.37,10,2,1,0,0,0,0,2,0,0,0,0,0,0,0,0,0,0,0,2,0,0,False
1282,logic-ng/logicng,dfa28508241d17478b59a388618a5988a86f77e3,org/logicng/bdds/orderings/DFSOrderingTest.java,27,2,5,11,0.37,10,2,1,0,0,0,0,2,0,0,0,0,0,0,0,0,0,0,0,2,0,0,False
1283,logic-ng/logicng,dfa28508241d17478b59a388618a5988a86f77e3,org/logicng/bdds/orderings/ForceOrderingTest.java,33,3,9,17,0.21,7,3,1,0,0,0,0,3,0,0,0,0,0,0,0,0,0,0,0,3,0,0,False
1284,logic-ng/logicng,dfa28508241d17478b59a388618a5988a86f77e3,org/logicng/collections/ImmutableFormulaListTest.java,15,1,3,3,0.13,2,1,1,0,0,0,0,0,0,0,0,1,0,0,0,0,0,0,0,1,0,0,False
1285,logic-ng/logicng,dfa28508241d17478b59a388618a5988a86f77e3,org/logicng/collections/LNGBooleanVectorTest.java,148,11,23,68,0.41,60,11,9,9,0,0,0,0,0,0,0,0,1,0,0,4,0,0,0,11,0,0,False
1286,logic-ng/logicng,dfa28508241d17478b59a388618a5988a86f77e3,org/logicng/collections/LNGByteVectorTest.java,165,12,26,76,0.35,58,12,10,11,0,0,0,0,0,0,0,0,1,0,0,4,0,0,0,12,0,0,False
1287,logic-ng/logicng,dfa28508241d17478b59a388618a5988a86f77e3,org/logicng/collections/LNGDoublePriorityQueueTest.java,109,6,6,31,0.39,43,6,5,0,0,0,0,0,0,0,0,0,1,0,0,3,0,0,0,6,0,0,False
1288,logic-ng/logicng,dfa28508241d17478b59a388618a5988a86f77e3,org/logicng/collections/LNGDoubleVectorTest.java,162,12,26,75,0.35,57,12,10,11,0,0,0,0,0,0,0,0,1,0,0,5,0,0,0,12,0,0,False
1289,logic-ng/logicng,dfa28508241d17478b59a388618a5988a86f77e3,org/logicng/collections/LNGIntVectorTest.java,162,12,26,75,0.35,57,12,10,11,0,0,0,0,0,0,0,0,1,0,0,4,0,0,0,12,0,0,False
1290,logic-ng/logicng,dfa28508241d17478b59a388618a5988a86f77e3,org/logicng/collections/LNGLongPriorityQueueTest.java,88,5,5,25,0.41,36,5,4,0,0,0,0,0,0,0,0,0,1,0,0,2,0,0,0,5,0,0,False
1291,logic-ng/logicng,dfa28508241d17478b59a388618a5988a86f77e3,org/logicng/collections/LNGLongVectorTest.java,165,12,26,76,0.35,58,12,10,11,0,0,0,0,0,0,0,0,1,0,0,4,0,0,0,12,0,0,False
1292,logic-ng/logicng,dfa28508241d17478b59a388618a5988a86f77e3,org/logicng/collections/LNGVectorTest.java,295,23,49,138,0.36,105,21,18,20,1,0,0,0,0,0,0,0,2,0,0,7,0,0,0,21,0,0,False
1293,logic-ng/logicng,dfa28508241d17478b59a388618a5988a86f77e3,org/logicng/datastructures/AssignmentTest.java,155,14,17,68,0.46,71,14,13,0,0,0,0,1,0,0,0,2,2,0,0,3,0,0,0,14,0,0,False
1294,logic-ng/logicng,dfa28508241d17478b59a388618a5988a86f77e3,org/logicng/formulas/SubstitutionTest.java,113,13,17,38,0.35,40,12,9,0,1,0,0,4,0,0,0,1,1,0,0,0,0,0,0,12,0,0,False
1295,logic-ng/logicng,dfa28508241d17478b59a388618a5988a86f77e3,org/logicng/datastructures/ubtrees/UBTreeTest.java,201,8,9,57,0.62,125,8,6,0,0,0,0,0,0,0,0,0,0,0,0,1,0,0,0,7,0,0,False
1296,logic-ng/logicng,dfa28508241d17478b59a388618a5988a86f77e3,org/logicng/explanations/unsatcores/MUSConfigTest.java,12,1,2,10,0.17,2,1,1,0,0,0,0,0,0,0,0,0,1,0,0,0,0,0,0,1,0,0,False
1297,logic-ng/logicng,dfa28508241d17478b59a388618a5988a86f77e3,org/logicng/explanations/unsatcores/MUSGenerationTest.java,116,10,20,42,0.05,6,9,0,0,1,0,0,0,0,0,0,0,1,0,0,0,0,1,0,6,0,0,False
1298,logic-ng/logicng,dfa28508241d17478b59a388618a5988a86f77e3,org/logicng/explanations/unsatcores/UNSATCoreTest.java,53,5,7,13,0.28,15,4,4,0,1,0,0,0,0,0,0,2,1,0,0,0,0,0,0,4,0,0,False
1299,logic-ng/logicng,dfa28508241d17478b59a388618a5988a86f77e3,org/logicng/formulas/AndTest.java,131,17,20,62,0.57,75,17,14,0,0,0,0,2,0,0,0,1,1,0,0,3,0,0,0,17,0,0,False
1300,logic-ng/logicng,dfa28508241d17478b59a388618a5988a86f77e3,org/logicng/formulas/CFalseTest.java,55,15,16,38,0.33,18,15,0,0,0,0,0,0,0,0,0,0,1,0,0,0,0,0,0,15,0,0,False
1301,logic-ng/logicng,dfa28508241d17478b59a388618a5988a86f77e3,org/logicng/formulas/CTrueTest.java,56,15,16,38,0.34,19,15,1,0,0,0,0,0,0,0,0,0,1,0,0,1,0,0,0,15,0,0,False
1302,logic-ng/logicng,dfa28508241d17478b59a388618a5988a86f77e3,org/logicng/formulas/EquivalenceTest.java,119,17,19,52,0.57,68,17,16,0,0,0,0,1,0,0,0,1,1,0,0,4,0,0,0,17,0,0,False
1303,logic-ng/logicng,dfa28508241d17478b59a388618a5988a86f77e3,org/logicng/formulas/ExtendedFormulaFactoryTest.java,113,7,14,46,0.12,14,7,2,0,0,0,0,0,0,0,0,0,0,0,0,2,0,1,0,5,0,0,False
1304,logic-ng/logicng,dfa28508241d17478b59a388618a5988a86f77e3,org/logicng/formulas/FormulaTest.java,62,8,13,38,0.29,18,6,5,0,0,0,0,0,0,0,0,0,0,0,0,0,0,0,0,6,0,0,False
1305,logic-ng/logicng,dfa28508241d17478b59a388618a5988a86f77e3,org/logicng/formulas/FormulaFactoryTest.java,103,7,10,45,0.29,30,7,4,1,0,0,0,1,0,0,0,0,1,0,0,1,0,0,0,7,0,0,False
1306,logic-ng/logicng,dfa28508241d17478b59a388618a5988a86f77e3,org/logicng/formulas/ImplicationTest.java,115,18,20,52,0.53,61,18,16,0,0,0,0,1,0,0,0,1,1,0,0,4,0,0,0,18,0,0,False
1307,logic-ng/logicng,dfa28508241d17478b59a388618a5988a86f77e3,org/logicng/formulas/LiteralTest.java,114,20,21,56,0.55,63,20,19,0,0,0,0,0,0,0,0,1,1,0,0,2,1,0,0,20,0,0,False
1308,logic-ng/logicng,dfa28508241d17478b59a388618a5988a86f77e3,org/logicng/formulas/NotTest.java,95,16,18,48,0.52,49,16,15,0,0,0,0,1,0,0,0,1,1,0,0,3,0,0,0,16,0,0,False
1309,logic-ng/logicng,dfa28508241d17478b59a388618a5988a86f77e3,org/logicng/formulas/OrTest.java,127,16,19,57,0.58,74,16,14,0,0,0,0,2,0,0,0,1,1,0,0,3,0,0,0,16,0,0,False
1310,logic-ng/logicng,dfa28508241d17478b59a388618a5988a86f77e3,org/logicng/formulas/PBConstraintTest.java,475,30,33,151,0.53,254,29,26,0,1,0,0,0,0,0,0,2,5,0,0,3,0,0,0,29,0,0,False
1311,logic-ng/logicng,dfa28508241d17478b59a388618a5988a86f77e3,org/logicng/formulas/printer/DefaultStringRepresentationTest.java,45,2,2,13,0.73,33,2,1,0,0,0,0,0,0,0,0,0,1,0,0,0,0,0,0,2,0,0,False
1312,logic-ng/logicng,dfa28508241d17478b59a388618a5988a86f77e3,org/logicng/formulas/printer/LatexStringRepresentationTest.java,44,2,2,13,0.7,31,2,2,0,0,0,0,0,0,0,0,0,1,0,0,0,0,0,0,2,0,0,False
1313,logic-ng/logicng,dfa28508241d17478b59a388618a5988a86f77e3,org/logicng/formulas/printer/SortedStringRepresentationTest.java,59,3,4,22,0.71,42,3,2,0,0,0,0,1,0,0,0,0,1,0,0,2,0,0,0,3,0,0,False
1314,logic-ng/logicng,dfa28508241d17478b59a388618a5988a86f77e3,org/logicng/formulas/printer/UTF8StringRepresentationTest.java,44,2,2,13,0.7,31,2,2,0,0,0,0,0,0,0,0,0,1,0,0,0,0,0,0,2,0,0,False
1315,logic-ng/logicng,dfa28508241d17478b59a388618a5988a86f77e3,org/logicng/graphs/algorithms/BronKerboschTest.java,44,1,4,13,0.16,7,1,1,1,0,0,0,1,0,0,0,0,0,0,0,0,0,0,0,1,0,0,False
1316,logic-ng/logicng,dfa28508241d17478b59a388618a5988a86f77e3,org/logicng/graphs/datastructures/GraphTest.java,65,4,7,37,0.2,13,4,2,0,0,0,0,0,0,0,0,0,1,0,0,0,0,0,0,3,0,0,False
1317,logic-ng/logicng,dfa28508241d17478b59a388618a5988a86f77e3,org/logicng/graphs/datastructures/HypergraphTest.java,34,2,2,12,0.21,7,2,1,0,0,0,0,0,0,0,0,0,1,0,0,1,0,0,0,2,0,0,False
1318,logic-ng/logicng,dfa28508241d17478b59a388618a5988a86f77e3,org/logicng/graphs/datastructures/HypergraphEdgeTest.java,39,3,5,21,0.08,3,3,1,0,0,0,0,2,0,0,0,0,0,0,0,1,0,0,0,3,0,0,False
1319,logic-ng/logicng,dfa28508241d17478b59a388618a5988a86f77e3,org/logicng/graphs/datastructures/HypergraphNodeTest.java,16,1,1,6,0.19,3,1,1,0,0,0,0,0,0,0,0,0,0,0,0,0,0,0,0,1,0,0,False
1320,logic-ng/logicng,dfa28508241d17478b59a388618a5988a86f77e3,org/logicng/graphs/generators/HypergraphGeneratorTest.java,83,3,8,26,0.28,23,3,2,0,0,0,0,3,0,0,0,0,0,0,0,2,0,0,0,3,0,0,False
1321,logic-ng/logicng,dfa28508241d17478b59a388618a5988a86f77e3,org/logicng/graphs/io/GraphDimacsFileWriterTest.java,86,6,20,31,0.1,9,6,0,1,0,0,0,3,0,0,0,0,0,0,0,0,3,1,0,3,0,0,False
1322,logic-ng/logicng,dfa28508241d17478b59a388618a5988a86f77e3,org/logicng/graphs/io/GraphDotFileWriterTest.java,72,5,15,24,0.07,5,5,0,1,0,0,0,3,0,0,0,0,0,0,0,0,3,1,0,3,0,0,False
1323,logic-ng/logicng,dfa28508241d17478b59a388618a5988a86f77e3,org/logicng/io/parsers/PropositionalParserTest.java,164,29,56,67,0.39,64,29,9,0,0,0,0,27,0,0,0,0,1,0,0,0,0,0,0,29,0,0,False
1324,logic-ng/logicng,dfa28508241d17478b59a388618a5988a86f77e3,org/logicng/io/parsers/PseudoBooleanParserTest.java,178,29,57,81,0.47,84,29,12,0,0,0,0,28,0,0,0,0,1,0,0,1,0,0,0,29,0,0,False
1325,logic-ng/logicng,dfa28508241d17478b59a388618a5988a86f77e3,org/logicng/io/writers/FormulaDimacsFileWriterTest.java,61,7,18,21,0.08,5,7,0,0,0,0,0,5,0,0,0,0,0,0,0,0,0,1,0,5,0,0,False
1326,logic-ng/logicng,dfa28508241d17478b59a388618a5988a86f77e3,org/logicng/io/writers/FormulaDotFileWriterTest.java,53,6,16,16,0.08,4,6,0,0,0,0,0,4,0,0,0,0,0,0,0,0,4,1,0,4,0,0,False
1327,logic-ng/logicng,dfa28508241d17478b59a388618a5988a86f77e3,org/logicng/predicates/CNFPredicateTest.java,28,2,2,8,0.57,16,2,1,0,0,0,0,0,0,0,0,0,1,0,0,0,0,0,0,2,0,0,False
1328,logic-ng/logicng,dfa28508241d17478b59a388618a5988a86f77e3,org/logicng/predicates/DNFPredicateTest.java,28,2,2,8,0.57,16,2,1,0,0,0,0,0,0,0,0,0,1,0,0,0,0,0,0,2,0,0,False
1329,logic-ng/logicng,dfa28508241d17478b59a388618a5988a86f77e3,org/logicng/predicates/NNFPredicateTest.java,32,2,2,9,0.63,20,2,1,0,0,0,0,0,0,0,0,0,1,0,0,0,0,0,0,2,0,0,False
1330,logic-ng/logicng,dfa28508241d17478b59a388618a5988a86f77e3,org/logicng/propositions/ExtendedPropositionTest.java,78,6,14,21,0.32,25,5,5,0,1,0,0,4,0,0,0,1,1,0,0,0,0,0,0,5,0,0,False
1331,logic-ng/logicng,dfa28508241d17478b59a388618a5988a86f77e3,org/logicng/propositions/StandardPropositionTest.java,68,6,14,18,0.4,27,5,5,0,1,0,0,4,0,0,0,1,1,0,0,0,0,0,0,5,0,0,False
1332,logic-ng/logicng,dfa28508241d17478b59a388618a5988a86f77e3,org/logicng/pseudobooleans/PBEncoderTest.java,121,9,16,61,0.14,17,8,3,5,1,0,0,0,0,0,0,0,2,0,0,0,1,1,0,7,0,0,False
1333,logic-ng/logicng,dfa28508241d17478b59a388618a5988a86f77e3,org/logicng/solvers/sat/MiniSatTest.java,56,7,11,29,0.23,13,7,3,0,0,0,0,1,0,0,0,0,1,0,0,1,0,0,0,5,0,0,False
1334,logic-ng/logicng,dfa28508241d17478b59a388618a5988a86f77e3,org/logicng/solvers/datastructures/LNGHeapTest.java,23,1,1,9,0.22,5,1,1,0,0,0,0,0,0,0,0,0,1,0,0,1,0,0,0,1,0,0,False
1335,logic-ng/logicng,dfa28508241d17478b59a388618a5988a86f77e3,org/logicng/solvers/sat/GlucoseSyrupTest.java,33,6,11,10,0.03,1,6,0,0,0,0,0,0,0,0,0,0,1,0,0,0,0,0,0,3,0,0,False
1336,logic-ng/logicng,dfa28508241d17478b59a388618a5988a86f77e3,org/logicng/solvers/sat/MiniCardTest.java,86,8,12,34,0.17,15,8,3,0,0,0,0,0,0,0,0,0,1,0,0,1,0,0,0,6,0,0,False
1337,logic-ng/logicng,dfa28508241d17478b59a388618a5988a86f77e3,org/logicng/transformations/AnonymizerTest.java,60,4,12,16,0.55,33,4,4,0,0,0,0,4,0,0,0,0,0,0,0,1,0,0,0,4,0,0,False
1338,logic-ng/logicng,dfa28508241d17478b59a388618a5988a86f77e3,org/logicng/transformations/BackboneSimplifierTest.java,27,2,8,8,0.41,11,2,2,0,0,0,0,2,0,0,0,0,0,0,0,0,0,0,0,2,0,0,False
1339,logic-ng/logicng,dfa28508241d17478b59a388618a5988a86f77e3,org/logicng/transformations/DistributiveSimplifierTest.java,52,6,20,19,0.5,26,6,6,0,0,0,0,2,0,0,0,0,0,0,0,0,0,0,0,6,0,0,False
1340,logic-ng/logicng,dfa28508241d17478b59a388618a5988a86f77e3,org/logicng/transformations/FormulaFactoryImporterTest.java,187,12,17,108,0.67,126,12,10,0,0,0,0,1,0,0,0,0,0,0,0,0,0,0,0,10,0,0,False
1341,logic-ng/logicng,dfa28508241d17478b59a388618a5988a86f77e3,org/logicng/transformations/UnitPropagationTest.java,33,4,9,11,0.48,16,4,4,0,0,0,0,1,0,0,0,0,0,0,0,0,0,0,0,4,0,0,False
1342,logic-ng/logicng,dfa28508241d17478b59a388618a5988a86f77e3,org/logicng/transformations/cnf/CNFEncoderTest.java,153,13,27,88,0.23,35,13,10,0,0,0,0,10,0,0,0,0,1,0,0,1,0,0,0,12,0,0,False
1343,logic-ng/logicng,dfa28508241d17478b59a388618a5988a86f77e3,org/logicng/transformations/cnf/CNFSubsumptionTest.java,42,4,9,17,0.45,19,4,3,0,0,0,0,4,0,0,0,0,0,0,0,1,0,0,0,4,0,0,False
1344,logic-ng/logicng,dfa28508241d17478b59a388618a5988a86f77e3,org/logicng/transformations/dnf/DNFFactorizationTest.java,107,12,29,34,0.42,45,8,8,0,0,0,0,5,0,0,0,0,1,0,0,2,0,0,0,8,0,0,False
1345,logic-ng/logicng,dfa28508241d17478b59a388618a5988a86f77e3,org/logicng/transformations/dnf/DNFSubsumptionTest.java,49,4,11,17,0.39,19,4,3,1,0,0,0,4,0,0,0,0,0,0,0,1,0,0,0,4,0,0,False
1346,logic-ng/logicng,dfa28508241d17478b59a388618a5988a86f77e3,org/logicng/transformations/qmc/TermTest.java,80,3,7,21,0.21,17,3,3,0,0,0,0,1,0,0,0,0,1,0,0,0,0,0,0,3,0,0,False
1347,logic-ng/logicng,dfa28508241d17478b59a388618a5988a86f77e3,org/logicng/transformations/qmc/TermTableTest.java,47,4,8,19,0.26,12,4,2,0,0,0,0,0,0,0,0,0,1,0,0,1,0,0,0,3,0,0,False
1348,logic-ng/logicng,dfa28508241d17478b59a388618a5988a86f77e3,org/logicng/util/ComparablePairTest.java,42,5,5,13,0.52,22,5,5,0,0,0,0,0,0,0,0,1,1,0,0,0,0,0,0,5,0,0,False
1349,logic-ng/logicng,dfa28508241d17478b59a388618a5988a86f77e3,org/logicng/util/FormulaHelperTest.java,29,2,2,10,0.62,18,2,2,0,0,0,0,0,0,0,0,0,0,0,0,0,0,0,0,2,0,0,False
1350,logic-ng/logicng,dfa28508241d17478b59a388618a5988a86f77e3,org/logicng/util/PairTest.java,36,4,4,10,0.5,18,4,4,0,0,0,0,0,0,0,0,1,1,0,0,0,0,0,0,4,0,0,False
1351,logic-ng/logicng,7d852d05b0d4412a4d060c38f7388f9db1d3b171,org/logicng/backbones/BackboneTest.java,75,6,8,37,0.35,26,6,4,0,0,0,0,1,0,0,0,0,1,0,0,2,0,0,0,5,0,0,False
1352,logic-ng/logicng,7d852d05b0d4412a4d060c38f7388f9db1d3b171,org/logicng/backbones/BackboneGenerationTest.java,215,8,24,85,0.22,47,8,3,1,0,0,0,3,0,0,0,0,0,0,0,2,0,0,0,7,0,0,False
1353,logic-ng/logicng,7d852d05b0d4412a4d060c38f7388f9db1d3b171,org/logicng/bdds/datastructures/BDDNodeTest.java,65,4,4,33,0.46,30,4,4,0,0,0,0,0,0,0,0,0,0,0,0,1,0,0,0,4,0,0,False
1354,logic-ng/logicng,7d852d05b0d4412a4d060c38f7388f9db1d3b171,org/logicng/bdds/io/BDDDotFileWriterTest.java,36,3,10,11,0.08,3,3,0,0,0,0,0,1,0,0,0,0,0,0,0,0,1,1,0,1,0,0,False
1355,logic-ng/logicng,7d852d05b0d4412a4d060c38f7388f9db1d3b171,org/logicng/bdds/orderings/BFSOrderingTest.java,27,2,5,11,0.37,10,2,1,0,0,0,0,2,0,0,0,0,0,0,0,0,0,0,0,2,0,0,False
1356,logic-ng/logicng,7d852d05b0d4412a4d060c38f7388f9db1d3b171,org/logicng/bdds/orderings/DFSOrderingTest.java,27,2,5,11,0.37,10,2,1,0,0,0,0,2,0,0,0,0,0,0,0,0,0,0,0,2,0,0,False
1357,logic-ng/logicng,7d852d05b0d4412a4d060c38f7388f9db1d3b171,org/logicng/bdds/orderings/ForceOrderingTest.java,33,3,9,17,0.21,7,3,1,0,0,0,0,3,0,0,0,0,0,0,0,0,0,0,0,3,0,0,False
1358,logic-ng/logicng,7d852d05b0d4412a4d060c38f7388f9db1d3b171,org/logicng/collections/ImmutableFormulaListTest.java,15,1,3,3,0.13,2,1,1,0,0,0,0,0,0,0,0,1,0,0,0,0,0,0,0,1,0,0,False
1359,logic-ng/logicng,7d852d05b0d4412a4d060c38f7388f9db1d3b171,org/logicng/collections/LNGBooleanVectorTest.java,148,11,23,68,0.41,60,11,9,9,0,0,0,0,0,0,0,0,1,0,0,4,0,0,0,11,0,0,False
1360,logic-ng/logicng,7d852d05b0d4412a4d060c38f7388f9db1d3b171,org/logicng/collections/LNGByteVectorTest.java,165,12,26,76,0.35,58,12,10,11,0,0,0,0,0,0,0,0,1,0,0,4,0,0,0,12,0,0,False
1361,logic-ng/logicng,7d852d05b0d4412a4d060c38f7388f9db1d3b171,org/logicng/collections/LNGDoublePriorityQueueTest.java,109,6,6,31,0.39,43,6,5,0,0,0,0,0,0,0,0,0,1,0,0,3,0,0,0,6,0,0,False
1362,logic-ng/logicng,7d852d05b0d4412a4d060c38f7388f9db1d3b171,org/logicng/collections/LNGDoubleVectorTest.java,162,12,26,75,0.35,57,12,10,11,0,0,0,0,0,0,0,0,1,0,0,5,0,0,0,12,0,0,False
1363,logic-ng/logicng,7d852d05b0d4412a4d060c38f7388f9db1d3b171,org/logicng/collections/LNGIntVectorTest.java,162,12,26,75,0.35,57,12,10,11,0,0,0,0,0,0,0,0,1,0,0,4,0,0,0,12,0,0,False
1364,logic-ng/logicng,7d852d05b0d4412a4d060c38f7388f9db1d3b171,org/logicng/collections/LNGLongPriorityQueueTest.java,88,5,5,25,0.41,36,5,4,0,0,0,0,0,0,0,0,0,1,0,0,2,0,0,0,5,0,0,False
1365,logic-ng/logicng,7d852d05b0d4412a4d060c38f7388f9db1d3b171,org/logicng/collections/LNGLongVectorTest.java,165,12,26,76,0.35,58,12,10,11,0,0,0,0,0,0,0,0,1,0,0,4,0,0,0,12,0,0,False
1366,logic-ng/logicng,7d852d05b0d4412a4d060c38f7388f9db1d3b171,org/logicng/collections/LNGVectorTest.java,295,23,49,138,0.36,105,21,18,20,1,0,0,0,0,0,0,0,2,0,0,7,0,0,0,21,0,0,False
1367,logic-ng/logicng,7d852d05b0d4412a4d060c38f7388f9db1d3b171,org/logicng/datastructures/AssignmentTest.java,155,14,17,68,0.46,71,14,13,0,0,0,0,1,0,0,0,2,2,0,0,3,0,0,0,14,0,0,False
1368,logic-ng/logicng,7d852d05b0d4412a4d060c38f7388f9db1d3b171,org/logicng/formulas/SubstitutionTest.java,113,13,17,38,0.35,40,12,9,0,1,0,0,4,0,0,0,1,1,0,0,0,0,0,0,12,0,0,False
1369,logic-ng/logicng,7d852d05b0d4412a4d060c38f7388f9db1d3b171,org/logicng/datastructures/ubtrees/UBTreeTest.java,201,8,9,57,0.62,125,8,6,0,0,0,0,0,0,0,0,0,0,0,0,1,0,0,0,7,0,0,False
1370,logic-ng/logicng,7d852d05b0d4412a4d060c38f7388f9db1d3b171,org/logicng/explanations/unsatcores/MUSConfigTest.java,12,1,2,10,0.17,2,1,1,0,0,0,0,0,0,0,0,0,1,0,0,0,0,0,0,1,0,0,False
1371,logic-ng/logicng,7d852d05b0d4412a4d060c38f7388f9db1d3b171,org/logicng/explanations/unsatcores/MUSGenerationTest.java,116,10,20,42,0.05,6,9,0,0,1,0,0,0,0,0,0,0,1,0,0,0,0,1,0,6,0,0,False
1372,logic-ng/logicng,7d852d05b0d4412a4d060c38f7388f9db1d3b171,org/logicng/explanations/unsatcores/UNSATCoreTest.java,53,5,7,13,0.28,15,4,4,0,1,0,0,0,0,0,0,2,1,0,0,0,0,0,0,4,0,0,False
1373,logic-ng/logicng,7d852d05b0d4412a4d060c38f7388f9db1d3b171,org/logicng/formulas/AndTest.java,131,17,20,62,0.57,75,17,14,0,0,0,0,2,0,0,0,1,1,0,0,3,0,0,0,17,0,0,False
1374,logic-ng/logicng,7d852d05b0d4412a4d060c38f7388f9db1d3b171,org/logicng/formulas/CFalseTest.java,55,15,16,38,0.33,18,15,0,0,0,0,0,0,0,0,0,0,1,0,0,0,0,0,0,15,0,0,False
1375,logic-ng/logicng,7d852d05b0d4412a4d060c38f7388f9db1d3b171,org/logicng/formulas/CTrueTest.java,56,15,16,38,0.34,19,15,1,0,0,0,0,0,0,0,0,0,1,0,0,1,0,0,0,15,0,0,False
1376,logic-ng/logicng,7d852d05b0d4412a4d060c38f7388f9db1d3b171,org/logicng/formulas/EquivalenceTest.java,119,17,19,52,0.57,68,17,16,0,0,0,0,1,0,0,0,1,1,0,0,4,0,0,0,17,0,0,False
1377,logic-ng/logicng,7d852d05b0d4412a4d060c38f7388f9db1d3b171,org/logicng/formulas/ExtendedFormulaFactoryTest.java,113,7,14,46,0.12,14,7,2,0,0,0,0,0,0,0,0,0,0,0,0,2,0,1,0,5,0,0,False
1378,logic-ng/logicng,7d852d05b0d4412a4d060c38f7388f9db1d3b171,org/logicng/formulas/FormulaTest.java,62,8,13,38,0.29,18,6,5,0,0,0,0,0,0,0,0,0,0,0,0,0,0,0,0,6,0,0,False
1379,logic-ng/logicng,7d852d05b0d4412a4d060c38f7388f9db1d3b171,org/logicng/formulas/FormulaFactoryTest.java,103,7,10,45,0.29,30,7,4,1,0,0,0,1,0,0,0,0,1,0,0,1,0,0,0,7,0,0,False
1380,logic-ng/logicng,7d852d05b0d4412a4d060c38f7388f9db1d3b171,org/logicng/formulas/ImplicationTest.java,115,18,20,52,0.53,61,18,16,0,0,0,0,1,0,0,0,1,1,0,0,4,0,0,0,18,0,0,False
1381,logic-ng/logicng,7d852d05b0d4412a4d060c38f7388f9db1d3b171,org/logicng/formulas/LiteralTest.java,114,20,21,56,0.55,63,20,19,0,0,0,0,0,0,0,0,1,1,0,0,2,1,0,0,20,0,0,False
1382,logic-ng/logicng,7d852d05b0d4412a4d060c38f7388f9db1d3b171,org/logicng/formulas/NotTest.java,95,16,18,48,0.52,49,16,15,0,0,0,0,1,0,0,0,1,1,0,0,3,0,0,0,16,0,0,False
1383,logic-ng/logicng,7d852d05b0d4412a4d060c38f7388f9db1d3b171,org/logicng/formulas/OrTest.java,127,16,19,57,0.58,74,16,14,0,0,0,0,2,0,0,0,1,1,0,0,3,0,0,0,16,0,0,False
1384,logic-ng/logicng,7d852d05b0d4412a4d060c38f7388f9db1d3b171,org/logicng/formulas/PBConstraintTest.java,475,30,33,151,0.53,254,29,26,0,1,0,0,0,0,0,0,2,5,0,0,3,0,0,0,29,0,0,False
1385,logic-ng/logicng,7d852d05b0d4412a4d060c38f7388f9db1d3b171,org/logicng/formulas/printer/DefaultStringRepresentationTest.java,36,2,2,9,0.67,24,2,1,0,0,0,0,0,0,0,0,0,1,0,0,0,0,0,0,2,0,0,False
1386,logic-ng/logicng,7d852d05b0d4412a4d060c38f7388f9db1d3b171,org/logicng/formulas/printer/LatexStringRepresentationTest.java,35,2,2,9,0.63,22,2,2,0,0,0,0,0,0,0,0,0,1,0,0,0,0,0,0,2,0,0,False
1387,logic-ng/logicng,7d852d05b0d4412a4d060c38f7388f9db1d3b171,org/logicng/formulas/printer/SortedStringRepresentationTest.java,50,3,3,19,0.66,33,3,2,0,0,0,0,0,0,0,0,0,1,0,0,2,0,0,0,3,0,0,False
1388,logic-ng/logicng,7d852d05b0d4412a4d060c38f7388f9db1d3b171,org/logicng/formulas/printer/UTF8StringRepresentationTest.java,35,2,2,9,0.63,22,2,2,0,0,0,0,0,0,0,0,0,1,0,0,0,0,0,0,2,0,0,False
1389,logic-ng/logicng,7d852d05b0d4412a4d060c38f7388f9db1d3b171,org/logicng/graphs/algorithms/BronKerboschTest.java,44,1,4,13,0.16,7,1,1,1,0,0,0,1,0,0,0,0,0,0,0,0,0,0,0,1,0,0,False
1390,logic-ng/logicng,7d852d05b0d4412a4d060c38f7388f9db1d3b171,org/logicng/graphs/datastructures/GraphTest.java,65,4,7,37,0.2,13,4,2,0,0,0,0,0,0,0,0,0,1,0,0,0,0,0,0,3,0,0,False
1391,logic-ng/logicng,7d852d05b0d4412a4d060c38f7388f9db1d3b171,org/logicng/graphs/datastructures/HypergraphTest.java,34,2,2,12,0.21,7,2,1,0,0,0,0,0,0,0,0,0,1,0,0,1,0,0,0,2,0,0,False
1392,logic-ng/logicng,7d852d05b0d4412a4d060c38f7388f9db1d3b171,org/logicng/graphs/datastructures/HypergraphEdgeTest.java,39,3,5,21,0.08,3,3,1,0,0,0,0,2,0,0,0,0,0,0,0,1,0,0,0,3,0,0,False
1393,logic-ng/logicng,7d852d05b0d4412a4d060c38f7388f9db1d3b171,org/logicng/graphs/datastructures/HypergraphNodeTest.java,16,1,1,6,0.19,3,1,1,0,0,0,0,0,0,0,0,0,0,0,0,0,0,0,0,1,0,0,False
1394,logic-ng/logicng,7d852d05b0d4412a4d060c38f7388f9db1d3b171,org/logicng/graphs/generators/HypergraphGeneratorTest.java,83,3,8,26,0.28,23,3,2,0,0,0,0,3,0,0,0,0,0,0,0,2,0,0,0,3,0,0,False
1395,logic-ng/logicng,7d852d05b0d4412a4d060c38f7388f9db1d3b171,org/logicng/graphs/io/GraphDimacsFileWriterTest.java,86,6,20,31,0.1,9,6,0,1,0,0,0,3,0,0,0,0,0,0,0,0,3,1,0,3,0,0,False
1396,logic-ng/logicng,7d852d05b0d4412a4d060c38f7388f9db1d3b171,org/logicng/graphs/io/GraphDotFileWriterTest.java,72,5,15,24,0.07,5,5,0,1,0,0,0,3,0,0,0,0,0,0,0,0,3,1,0,3,0,0,False
1397,logic-ng/logicng,7d852d05b0d4412a4d060c38f7388f9db1d3b171,org/logicng/io/parsers/PropositionalParserTest.java,164,29,56,67,0.39,64,29,9,0,0,0,0,27,0,0,0,0,1,0,0,0,0,0,0,29,0,0,False
1398,logic-ng/logicng,7d852d05b0d4412a4d060c38f7388f9db1d3b171,org/logicng/io/parsers/PseudoBooleanParserTest.java,178,29,57,81,0.47,84,29,12,0,0,0,0,28,0,0,0,0,1,0,0,1,0,0,0,29,0,0,False
1399,logic-ng/logicng,7d852d05b0d4412a4d060c38f7388f9db1d3b171,org/logicng/io/writers/FormulaDimacsFileWriterTest.java,61,7,18,21,0.08,5,7,0,0,0,0,0,5,0,0,0,0,0,0,0,0,0,1,0,5,0,0,False
1400,logic-ng/logicng,7d852d05b0d4412a4d060c38f7388f9db1d3b171,org/logicng/io/writers/FormulaDotFileWriterTest.java,53,6,16,16,0.08,4,6,0,0,0,0,0,4,0,0,0,0,0,0,0,0,4,1,0,4,0,0,False
1401,logic-ng/logicng,7d852d05b0d4412a4d060c38f7388f9db1d3b171,org/logicng/predicates/CNFPredicateTest.java,28,2,2,8,0.57,16,2,1,0,0,0,0,0,0,0,0,0,1,0,0,0,0,0,0,2,0,0,False
1402,logic-ng/logicng,7d852d05b0d4412a4d060c38f7388f9db1d3b171,org/logicng/predicates/DNFPredicateTest.java,28,2,2,8,0.57,16,2,1,0,0,0,0,0,0,0,0,0,1,0,0,0,0,0,0,2,0,0,False
1403,logic-ng/logicng,7d852d05b0d4412a4d060c38f7388f9db1d3b171,org/logicng/predicates/NNFPredicateTest.java,32,2,2,9,0.63,20,2,1,0,0,0,0,0,0,0,0,0,1,0,0,0,0,0,0,2,0,0,False
1404,logic-ng/logicng,7d852d05b0d4412a4d060c38f7388f9db1d3b171,org/logicng/propositions/ExtendedPropositionTest.java,78,6,14,21,0.32,25,5,5,0,1,0,0,4,0,0,0,1,1,0,0,0,0,0,0,5,0,0,False
1405,logic-ng/logicng,7d852d05b0d4412a4d060c38f7388f9db1d3b171,org/logicng/propositions/StandardPropositionTest.java,68,6,14,18,0.4,27,5,5,0,1,0,0,4,0,0,0,1,1,0,0,0,0,0,0,5,0,0,False
1406,logic-ng/logicng,7d852d05b0d4412a4d060c38f7388f9db1d3b171,org/logicng/pseudobooleans/PBEncoderTest.java,121,9,16,61,0.14,17,8,3,5,1,0,0,0,0,0,0,0,2,0,0,0,1,1,0,7,0,0,False
1407,logic-ng/logicng,7d852d05b0d4412a4d060c38f7388f9db1d3b171,org/logicng/solvers/sat/MiniSatTest.java,56,7,11,29,0.23,13,7,3,0,0,0,0,1,0,0,0,0,1,0,0,1,0,0,0,5,0,0,False
1408,logic-ng/logicng,7d852d05b0d4412a4d060c38f7388f9db1d3b171,org/logicng/solvers/datastructures/LNGHeapTest.java,23,1,1,9,0.22,5,1,1,0,0,0,0,0,0,0,0,0,1,0,0,1,0,0,0,1,0,0,False
1409,logic-ng/logicng,7d852d05b0d4412a4d060c38f7388f9db1d3b171,org/logicng/solvers/sat/GlucoseSyrupTest.java,33,6,11,10,0.03,1,6,0,0,0,0,0,0,0,0,0,0,1,0,0,0,0,0,0,3,0,0,False
1410,logic-ng/logicng,7d852d05b0d4412a4d060c38f7388f9db1d3b171,org/logicng/solvers/sat/MiniCardTest.java,86,8,12,34,0.17,15,8,3,0,0,0,0,0,0,0,0,0,1,0,0,1,0,0,0,6,0,0,False
1411,logic-ng/logicng,7d852d05b0d4412a4d060c38f7388f9db1d3b171,org/logicng/transformations/AnonymizerTest.java,60,4,12,16,0.55,33,4,4,0,0,0,0,4,0,0,0,0,0,0,0,1,0,0,0,4,0,0,False
1412,logic-ng/logicng,7d852d05b0d4412a4d060c38f7388f9db1d3b171,org/logicng/transformations/BackboneSimplifierTest.java,27,2,8,8,0.41,11,2,2,0,0,0,0,2,0,0,0,0,0,0,0,0,0,0,0,2,0,0,False
1413,logic-ng/logicng,7d852d05b0d4412a4d060c38f7388f9db1d3b171,org/logicng/transformations/DistributiveSimplifierTest.java,52,6,20,19,0.5,26,6,6,0,0,0,0,2,0,0,0,0,0,0,0,0,0,0,0,6,0,0,False
1414,logic-ng/logicng,7d852d05b0d4412a4d060c38f7388f9db1d3b171,org/logicng/transformations/FormulaFactoryImporterTest.java,187,12,17,108,0.67,126,12,10,0,0,0,0,1,0,0,0,0,0,0,0,0,0,0,0,10,0,0,False
1415,logic-ng/logicng,7d852d05b0d4412a4d060c38f7388f9db1d3b171,org/logicng/transformations/UnitPropagationTest.java,33,4,9,11,0.48,16,4,4,0,0,0,0,1,0,0,0,0,0,0,0,0,0,0,0,4,0,0,False
1416,logic-ng/logicng,7d852d05b0d4412a4d060c38f7388f9db1d3b171,org/logicng/transformations/cnf/CNFEncoderTest.java,153,13,27,88,0.23,35,13,10,0,0,0,0,10,0,0,0,0,1,0,0,1,0,0,0,12,0,0,False
1417,logic-ng/logicng,7d852d05b0d4412a4d060c38f7388f9db1d3b171,org/logicng/transformations/cnf/CNFSubsumptionTest.java,42,4,9,17,0.45,19,4,3,0,0,0,0,4,0,0,0,0,0,0,0,1,0,0,0,4,0,0,False
1418,logic-ng/logicng,7d852d05b0d4412a4d060c38f7388f9db1d3b171,org/logicng/transformations/dnf/DNFFactorizationTest.java,89,10,26,29,0.47,42,8,7,0,0,0,0,5,0,0,0,0,1,0,0,1,0,0,0,8,0,0,False
1419,logic-ng/logicng,7d852d05b0d4412a4d060c38f7388f9db1d3b171,org/logicng/transformations/dnf/DNFSubsumptionTest.java,49,4,11,17,0.39,19,4,3,1,0,0,0,4,0,0,0,0,0,0,0,1,0,0,0,4,0,0,False
1420,logic-ng/logicng,7d852d05b0d4412a4d060c38f7388f9db1d3b171,org/logicng/transformations/qmc/TermTest.java,80,3,7,21,0.21,17,3,3,0,0,0,0,1,0,0,0,0,1,0,0,0,0,0,0,3,0,0,False
1421,logic-ng/logicng,7d852d05b0d4412a4d060c38f7388f9db1d3b171,org/logicng/transformations/qmc/TermTableTest.java,47,4,8,19,0.26,12,4,2,0,0,0,0,0,0,0,0,0,1,0,0,1,0,0,0,3,0,0,False
1422,logic-ng/logicng,7d852d05b0d4412a4d060c38f7388f9db1d3b171,org/logicng/util/ComparablePairTest.java,42,5,5,13,0.52,22,5,5,0,0,0,0,0,0,0,0,1,1,0,0,0,0,0,0,5,0,0,False
1423,logic-ng/logicng,7d852d05b0d4412a4d060c38f7388f9db1d3b171,org/logicng/util/FormulaHelperTest.java,29,2,2,10,0.62,18,2,2,0,0,0,0,0,0,0,0,0,0,0,0,0,0,0,0,2,0,0,False
1424,logic-ng/logicng,7d852d05b0d4412a4d060c38f7388f9db1d3b171,org/logicng/util/PairTest.java,36,4,4,10,0.5,18,4,4,0,0,0,0,0,0,0,0,1,1,0,0,0,0,0,0,4,0,0,False
1425,logic-ng/logicng,73359fd2892f53242c775d2403d329c13daf0918,org/logicng/backbones/BackboneTest.java,75,6,8,37,0.35,26,6,4,0,0,0,0,1,0,0,0,0,1,0,0,2,0,0,0,5,0,0,False
1426,logic-ng/logicng,73359fd2892f53242c775d2403d329c13daf0918,org/logicng/backbones/BackboneGenerationTest.java,212,7,23,83,0.22,47,7,3,1,0,0,0,3,0,0,0,0,0,0,0,2,0,0,0,6,0,0,False
1427,logic-ng/logicng,73359fd2892f53242c775d2403d329c13daf0918,org/logicng/bdds/datastructures/BDDNodeTest.java,65,4,4,33,0.46,30,4,4,0,0,0,0,0,0,0,0,0,0,0,0,1,0,0,0,4,0,0,False
1428,logic-ng/logicng,73359fd2892f53242c775d2403d329c13daf0918,org/logicng/bdds/io/BDDDotFileWriterTest.java,36,3,10,11,0.08,3,3,0,0,0,0,0,1,0,0,0,0,0,0,0,0,1,1,0,1,0,0,False
1429,logic-ng/logicng,73359fd2892f53242c775d2403d329c13daf0918,org/logicng/bdds/orderings/BFSOrderingTest.java,27,2,5,11,0.37,10,2,1,0,0,0,0,2,0,0,0,0,0,0,0,0,0,0,0,2,0,0,False
1430,logic-ng/logicng,73359fd2892f53242c775d2403d329c13daf0918,org/logicng/bdds/orderings/DFSOrderingTest.java,27,2,5,11,0.37,10,2,1,0,0,0,0,2,0,0,0,0,0,0,0,0,0,0,0,2,0,0,False
1431,logic-ng/logicng,73359fd2892f53242c775d2403d329c13daf0918,org/logicng/bdds/orderings/ForceOrderingTest.java,33,3,9,17,0.21,7,3,1,0,0,0,0,3,0,0,0,0,0,0,0,0,0,0,0,3,0,0,False
1432,logic-ng/logicng,73359fd2892f53242c775d2403d329c13daf0918,org/logicng/collections/ImmutableFormulaListTest.java,15,1,3,3,0.13,2,1,1,0,0,0,0,0,0,0,0,1,0,0,0,0,0,0,0,1,0,0,False
1433,logic-ng/logicng,73359fd2892f53242c775d2403d329c13daf0918,org/logicng/collections/LNGBooleanVectorTest.java,148,11,23,68,0.41,60,11,9,9,0,0,0,0,0,0,0,0,1,0,0,4,0,0,0,11,0,0,False
1434,logic-ng/logicng,73359fd2892f53242c775d2403d329c13daf0918,org/logicng/collections/LNGByteVectorTest.java,165,12,26,76,0.35,58,12,10,11,0,0,0,0,0,0,0,0,1,0,0,4,0,0,0,12,0,0,False
1435,logic-ng/logicng,73359fd2892f53242c775d2403d329c13daf0918,org/logicng/collections/LNGDoublePriorityQueueTest.java,109,6,6,31,0.39,43,6,5,0,0,0,0,0,0,0,0,0,1,0,0,3,0,0,0,6,0,0,False
1436,logic-ng/logicng,73359fd2892f53242c775d2403d329c13daf0918,org/logicng/collections/LNGDoubleVectorTest.java,162,12,26,75,0.35,57,12,10,11,0,0,0,0,0,0,0,0,1,0,0,5,0,0,0,12,0,0,False
1437,logic-ng/logicng,73359fd2892f53242c775d2403d329c13daf0918,org/logicng/collections/LNGIntVectorTest.java,162,12,26,75,0.35,57,12,10,11,0,0,0,0,0,0,0,0,1,0,0,4,0,0,0,12,0,0,False
1438,logic-ng/logicng,73359fd2892f53242c775d2403d329c13daf0918,org/logicng/collections/LNGLongPriorityQueueTest.java,88,5,5,25,0.41,36,5,4,0,0,0,0,0,0,0,0,0,1,0,0,2,0,0,0,5,0,0,False
1439,logic-ng/logicng,73359fd2892f53242c775d2403d329c13daf0918,org/logicng/collections/LNGLongVectorTest.java,165,12,26,76,0.35,58,12,10,11,0,0,0,0,0,0,0,0,1,0,0,4,0,0,0,12,0,0,False
1440,logic-ng/logicng,73359fd2892f53242c775d2403d329c13daf0918,org/logicng/collections/LNGVectorTest.java,295,23,49,138,0.36,105,21,18,20,1,0,0,0,0,0,0,0,2,0,0,7,0,0,0,21,0,0,False
1441,logic-ng/logicng,73359fd2892f53242c775d2403d329c13daf0918,org/logicng/datastructures/AssignmentTest.java,155,14,17,68,0.46,71,14,13,0,0,0,0,1,0,0,0,2,2,0,0,3,0,0,0,14,0,0,False
1442,logic-ng/logicng,73359fd2892f53242c775d2403d329c13daf0918,org/logicng/formulas/SubstitutionTest.java,113,13,17,38,0.35,40,12,9,0,1,0,0,4,0,0,0,1,1,0,0,0,0,0,0,12,0,0,False
1443,logic-ng/logicng,73359fd2892f53242c775d2403d329c13daf0918,org/logicng/datastructures/ubtrees/UBTreeTest.java,201,8,9,57,0.62,125,8,6,0,0,0,0,0,0,0,0,0,0,0,0,1,0,0,0,7,0,0,False
1444,logic-ng/logicng,73359fd2892f53242c775d2403d329c13daf0918,org/logicng/explanations/unsatcores/MUSConfigTest.java,12,1,2,10,0.17,2,1,1,0,0,0,0,0,0,0,0,0,1,0,0,0,0,0,0,1,0,0,False
1445,logic-ng/logicng,73359fd2892f53242c775d2403d329c13daf0918,org/logicng/explanations/unsatcores/MUSGenerationTest.java,102,7,17,29,0.06,6,6,0,0,1,0,0,0,0,0,0,0,1,0,0,0,2,1,0,3,0,0,False
1446,logic-ng/logicng,73359fd2892f53242c775d2403d329c13daf0918,org/logicng/explanations/unsatcores/UNSATCoreTest.java,53,5,7,13,0.28,15,4,4,0,1,0,0,0,0,0,0,2,1,0,0,0,0,0,0,4,0,0,False
1447,logic-ng/logicng,73359fd2892f53242c775d2403d329c13daf0918,org/logicng/formulas/AndTest.java,131,17,20,62,0.57,75,17,14,0,0,0,0,2,0,0,0,1,1,0,0,3,0,0,0,17,0,0,False
1448,logic-ng/logicng,73359fd2892f53242c775d2403d329c13daf0918,org/logicng/formulas/CFalseTest.java,55,15,16,38,0.33,18,15,0,0,0,0,0,0,0,0,0,0,1,0,0,0,0,0,0,15,0,0,False
1449,logic-ng/logicng,73359fd2892f53242c775d2403d329c13daf0918,org/logicng/formulas/CTrueTest.java,56,15,16,38,0.34,19,15,1,0,0,0,0,0,0,0,0,0,1,0,0,1,0,0,0,15,0,0,False
1450,logic-ng/logicng,73359fd2892f53242c775d2403d329c13daf0918,org/logicng/formulas/EquivalenceTest.java,119,17,19,52,0.57,68,17,16,0,0,0,0,1,0,0,0,1,1,0,0,4,0,0,0,17,0,0,False
1451,logic-ng/logicng,73359fd2892f53242c775d2403d329c13daf0918,org/logicng/formulas/ExtendedFormulaFactoryTest.java,113,7,14,46,0.12,14,7,2,0,0,0,0,0,0,0,0,0,0,0,0,2,0,1,0,5,0,0,False
1452,logic-ng/logicng,73359fd2892f53242c775d2403d329c13daf0918,org/logicng/formulas/FormulaTest.java,62,8,13,38,0.29,18,6,5,0,0,0,0,0,0,0,0,0,0,0,0,0,0,0,0,6,0,0,False
1453,logic-ng/logicng,73359fd2892f53242c775d2403d329c13daf0918,org/logicng/formulas/FormulaFactoryTest.java,103,7,10,45,0.29,30,7,4,1,0,0,0,1,0,0,0,0,1,0,0,1,0,0,0,7,0,0,False
1454,logic-ng/logicng,73359fd2892f53242c775d2403d329c13daf0918,org/logicng/formulas/ImplicationTest.java,115,18,20,52,0.53,61,18,16,0,0,0,0,1,0,0,0,1,1,0,0,4,0,0,0,18,0,0,False
1455,logic-ng/logicng,73359fd2892f53242c775d2403d329c13daf0918,org/logicng/formulas/LiteralTest.java,114,20,21,56,0.55,63,20,19,0,0,0,0,0,0,0,0,1,1,0,0,2,1,0,0,20,0,0,False
1456,logic-ng/logicng,73359fd2892f53242c775d2403d329c13daf0918,org/logicng/formulas/NotTest.java,95,16,18,48,0.52,49,16,15,0,0,0,0,1,0,0,0,1,1,0,0,3,0,0,0,16,0,0,False
1457,logic-ng/logicng,73359fd2892f53242c775d2403d329c13daf0918,org/logicng/formulas/OrTest.java,127,16,19,57,0.58,74,16,14,0,0,0,0,2,0,0,0,1,1,0,0,3,0,0,0,16,0,0,False
1458,logic-ng/logicng,73359fd2892f53242c775d2403d329c13daf0918,org/logicng/formulas/PBConstraintTest.java,475,30,33,151,0.53,254,29,26,0,1,0,0,0,0,0,0,2,5,0,0,3,0,0,0,29,0,0,False
1459,logic-ng/logicng,73359fd2892f53242c775d2403d329c13daf0918,org/logicng/formulas/printer/DefaultStringRepresentationTest.java,36,2,2,9,0.67,24,2,1,0,0,0,0,0,0,0,0,0,1,0,0,0,0,0,0,2,0,0,False
1460,logic-ng/logicng,73359fd2892f53242c775d2403d329c13daf0918,org/logicng/formulas/printer/LatexStringRepresentationTest.java,35,2,2,9,0.63,22,2,2,0,0,0,0,0,0,0,0,0,1,0,0,0,0,0,0,2,0,0,False
1461,logic-ng/logicng,73359fd2892f53242c775d2403d329c13daf0918,org/logicng/formulas/printer/SortedStringRepresentationTest.java,50,3,3,19,0.66,33,3,2,0,0,0,0,0,0,0,0,0,1,0,0,2,0,0,0,3,0,0,False
1462,logic-ng/logicng,73359fd2892f53242c775d2403d329c13daf0918,org/logicng/formulas/printer/UTF8StringRepresentationTest.java,35,2,2,9,0.63,22,2,2,0,0,0,0,0,0,0,0,0,1,0,0,0,0,0,0,2,0,0,False
1463,logic-ng/logicng,73359fd2892f53242c775d2403d329c13daf0918,org/logicng/graphs/algorithms/BronKerboschTest.java,44,1,4,13,0.16,7,1,1,1,0,0,0,1,0,0,0,0,0,0,0,0,0,0,0,1,0,0,False
1464,logic-ng/logicng,73359fd2892f53242c775d2403d329c13daf0918,org/logicng/graphs/datastructures/GraphTest.java,65,4,7,37,0.2,13,4,2,0,0,0,0,0,0,0,0,0,1,0,0,0,0,0,0,3,0,0,False
1465,logic-ng/logicng,73359fd2892f53242c775d2403d329c13daf0918,org/logicng/graphs/datastructures/HypergraphTest.java,34,2,2,12,0.21,7,2,1,0,0,0,0,0,0,0,0,0,1,0,0,1,0,0,0,2,0,0,False
1466,logic-ng/logicng,73359fd2892f53242c775d2403d329c13daf0918,org/logicng/graphs/datastructures/HypergraphEdgeTest.java,39,3,5,21,0.08,3,3,1,0,0,0,0,2,0,0,0,0,0,0,0,1,0,0,0,3,0,0,False
1467,logic-ng/logicng,73359fd2892f53242c775d2403d329c13daf0918,org/logicng/graphs/datastructures/HypergraphNodeTest.java,16,1,1,6,0.19,3,1,1,0,0,0,0,0,0,0,0,0,0,0,0,0,0,0,0,1,0,0,False
1468,logic-ng/logicng,73359fd2892f53242c775d2403d329c13daf0918,org/logicng/graphs/generators/HypergraphGeneratorTest.java,83,3,8,26,0.28,23,3,2,0,0,0,0,3,0,0,0,0,0,0,0,2,0,0,0,3,0,0,False
1469,logic-ng/logicng,73359fd2892f53242c775d2403d329c13daf0918,org/logicng/graphs/io/GraphDimacsFileWriterTest.java,86,6,20,31,0.1,9,6,0,1,0,0,0,3,0,0,0,0,0,0,0,0,3,1,0,3,0,0,False
1470,logic-ng/logicng,73359fd2892f53242c775d2403d329c13daf0918,org/logicng/graphs/io/GraphDotFileWriterTest.java,72,5,15,24,0.07,5,5,0,1,0,0,0,3,0,0,0,0,0,0,0,0,3,1,0,3,0,0,False
1471,logic-ng/logicng,73359fd2892f53242c775d2403d329c13daf0918,org/logicng/io/parsers/PropositionalParserTest.java,164,29,56,67,0.39,64,29,9,0,0,0,0,27,0,0,0,0,1,0,0,0,0,0,0,29,0,0,False
1472,logic-ng/logicng,73359fd2892f53242c775d2403d329c13daf0918,org/logicng/io/parsers/PseudoBooleanParserTest.java,178,29,57,81,0.47,84,29,12,0,0,0,0,28,0,0,0,0,1,0,0,1,0,0,0,29,0,0,False
1473,logic-ng/logicng,73359fd2892f53242c775d2403d329c13daf0918,org/logicng/io/writers/FormulaDimacsFileWriterTest.java,58,6,16,20,0.09,5,6,0,0,0,0,0,4,0,0,0,0,0,0,0,0,4,1,0,4,0,0,False
1474,logic-ng/logicng,73359fd2892f53242c775d2403d329c13daf0918,org/logicng/io/writers/FormulaDotFileWriterTest.java,53,6,16,16,0.08,4,6,0,0,0,0,0,4,0,0,0,0,0,0,0,0,4,1,0,4,0,0,False
1475,logic-ng/logicng,73359fd2892f53242c775d2403d329c13daf0918,org/logicng/predicates/CNFPredicateTest.java,28,2,2,8,0.57,16,2,1,0,0,0,0,0,0,0,0,0,1,0,0,0,0,0,0,2,0,0,False
1476,logic-ng/logicng,73359fd2892f53242c775d2403d329c13daf0918,org/logicng/predicates/DNFPredicateTest.java,28,2,2,8,0.57,16,2,1,0,0,0,0,0,0,0,0,0,1,0,0,0,0,0,0,2,0,0,False
1477,logic-ng/logicng,73359fd2892f53242c775d2403d329c13daf0918,org/logicng/predicates/NNFPredicateTest.java,32,2,2,9,0.63,20,2,1,0,0,0,0,0,0,0,0,0,1,0,0,0,0,0,0,2,0,0,False
1478,logic-ng/logicng,73359fd2892f53242c775d2403d329c13daf0918,org/logicng/propositions/ExtendedPropositionTest.java,78,6,14,21,0.32,25,5,5,0,1,0,0,4,0,0,0,1,1,0,0,0,0,0,0,5,0,0,False
1479,logic-ng/logicng,73359fd2892f53242c775d2403d329c13daf0918,org/logicng/propositions/StandardPropositionTest.java,68,6,14,18,0.4,27,5,5,0,1,0,0,4,0,0,0,1,1,0,0,0,0,0,0,5,0,0,False
1480,logic-ng/logicng,73359fd2892f53242c775d2403d329c13daf0918,org/logicng/pseudobooleans/PBEncoderTest.java,121,9,16,61,0.14,17,8,3,5,1,0,0,0,0,0,0,0,2,0,0,0,1,1,0,7,0,0,False
1481,logic-ng/logicng,73359fd2892f53242c775d2403d329c13daf0918,org/logicng/solvers/sat/MiniSatTest.java,56,7,11,29,0.23,13,7,3,0,0,0,0,1,0,0,0,0,1,0,0,1,0,0,0,5,0,0,False
1482,logic-ng/logicng,73359fd2892f53242c775d2403d329c13daf0918,org/logicng/solvers/datastructures/LNGHeapTest.java,23,1,1,9,0.22,5,1,1,0,0,0,0,0,0,0,0,0,1,0,0,1,0,0,0,1,0,0,False
1483,logic-ng/logicng,73359fd2892f53242c775d2403d329c13daf0918,org/logicng/solvers/sat/GlucoseSyrupTest.java,33,6,11,10,0.03,1,6,0,0,0,0,0,0,0,0,0,0,1,0,0,0,0,0,0,3,0,0,False
1484,logic-ng/logicng,73359fd2892f53242c775d2403d329c13daf0918,org/logicng/solvers/sat/MiniCardTest.java,86,8,12,34,0.17,15,8,3,0,0,0,0,0,0,0,0,0,1,0,0,1,0,0,0,6,0,0,False
1485,logic-ng/logicng,73359fd2892f53242c775d2403d329c13daf0918,org/logicng/transformations/AnonymizerTest.java,60,4,12,16,0.55,33,4,4,0,0,0,0,4,0,0,0,0,0,0,0,1,0,0,0,4,0,0,False
1486,logic-ng/logicng,73359fd2892f53242c775d2403d329c13daf0918,org/logicng/transformations/BackboneSimplifierTest.java,27,2,8,8,0.41,11,2,2,0,0,0,0,2,0,0,0,0,0,0,0,0,0,0,0,2,0,0,False
1487,logic-ng/logicng,73359fd2892f53242c775d2403d329c13daf0918,org/logicng/transformations/DistributiveSimplifierTest.java,52,6,20,19,0.5,26,6,6,0,0,0,0,2,0,0,0,0,0,0,0,0,0,0,0,6,0,0,False
1488,logic-ng/logicng,73359fd2892f53242c775d2403d329c13daf0918,org/logicng/transformations/FormulaFactoryImporterTest.java,187,12,17,108,0.67,126,12,10,0,0,0,0,1,0,0,0,0,0,0,0,0,0,0,0,10,0,0,False
1489,logic-ng/logicng,73359fd2892f53242c775d2403d329c13daf0918,org/logicng/transformations/UnitPropagationTest.java,33,4,9,11,0.48,16,4,4,0,0,0,0,1,0,0,0,0,0,0,0,0,0,0,0,4,0,0,False
1490,logic-ng/logicng,73359fd2892f53242c775d2403d329c13daf0918,org/logicng/transformations/cnf/CNFEncoderTest.java,124,11,21,72,0.23,29,11,9,0,0,0,0,9,0,0,0,0,1,0,0,1,0,0,0,11,0,0,False
1491,logic-ng/logicng,73359fd2892f53242c775d2403d329c13daf0918,org/logicng/transformations/cnf/CNFSubsumptionTest.java,42,4,9,17,0.45,19,4,3,0,0,0,0,4,0,0,0,0,0,0,0,1,0,0,0,4,0,0,False
1492,logic-ng/logicng,73359fd2892f53242c775d2403d329c13daf0918,org/logicng/transformations/dnf/DNFFactorizationTest.java,89,10,26,29,0.47,42,8,7,0,0,0,0,5,0,0,0,0,1,0,0,1,0,0,0,8,0,0,False
1493,logic-ng/logicng,73359fd2892f53242c775d2403d329c13daf0918,org/logicng/transformations/dnf/DNFSubsumptionTest.java,49,4,11,17,0.39,19,4,3,1,0,0,0,4,0,0,0,0,0,0,0,1,0,0,0,4,0,0,False
1494,logic-ng/logicng,73359fd2892f53242c775d2403d329c13daf0918,org/logicng/transformations/qmc/TermTest.java,80,3,7,21,0.21,17,3,3,0,0,0,0,1,0,0,0,0,1,0,0,0,0,0,0,3,0,0,False
1495,logic-ng/logicng,73359fd2892f53242c775d2403d329c13daf0918,org/logicng/transformations/qmc/TermTableTest.java,47,4,8,19,0.26,12,4,2,0,0,0,0,0,0,0,0,0,1,0,0,1,0,0,0,3,0,0,False
1496,logic-ng/logicng,73359fd2892f53242c775d2403d329c13daf0918,org/logicng/util/ComparablePairTest.java,42,5,5,13,0.52,22,5,5,0,0,0,0,0,0,0,0,1,1,0,0,0,0,0,0,5,0,0,False
1497,logic-ng/logicng,73359fd2892f53242c775d2403d329c13daf0918,org/logicng/util/FormulaHelperTest.java,29,2,2,10,0.62,18,2,2,0,0,0,0,0,0,0,0,0,0,0,0,0,0,0,0,2,0,0,False
1498,logic-ng/logicng,73359fd2892f53242c775d2403d329c13daf0918,org/logicng/util/PairTest.java,36,4,4,10,0.5,18,4,4,0,0,0,0,0,0,0,0,1,1,0,0,0,0,0,0,4,0,0,False
1499,logic-ng/logicng,7bd498c3fa7de922629802f907f92d1f9ff251b2,org/logicng/backbones/BackboneTest.java,75,6,8,37,0.35,26,6,4,0,0,0,0,1,0,0,0,0,1,0,0,2,0,0,0,5,0,0,False
1500,logic-ng/logicng,7bd498c3fa7de922629802f907f92d1f9ff251b2,org/logicng/backbones/BackboneGenerationTest.java,223,8,25,89,0.23,51,8,4,1,0,0,0,3,0,0,0,0,1,0,0,4,0,0,0,7,0,0,False
1501,logic-ng/logicng,7bd498c3fa7de922629802f907f92d1f9ff251b2,org/logicng/bdds/datastructures/BDDNodeTest.java,65,4,4,33,0.46,30,4,4,0,0,0,0,0,0,0,0,0,0,0,0,1,0,0,0,4,0,0,False
1502,logic-ng/logicng,7bd498c3fa7de922629802f907f92d1f9ff251b2,org/logicng/bdds/io/BDDDotFileWriterTest.java,36,3,10,11,0.08,3,3,0,0,0,0,0,1,0,0,0,0,0,0,0,0,1,1,0,1,0,0,False
1503,logic-ng/logicng,7bd498c3fa7de922629802f907f92d1f9ff251b2,org/logicng/bdds/orderings/BFSOrderingTest.java,27,2,5,11,0.37,10,2,1,0,0,0,0,2,0,0,0,0,0,0,0,0,0,0,0,2,0,0,False
1504,logic-ng/logicng,7bd498c3fa7de922629802f907f92d1f9ff251b2,org/logicng/bdds/orderings/DFSOrderingTest.java,27,2,5,11,0.37,10,2,1,0,0,0,0,2,0,0,0,0,0,0,0,0,0,0,0,2,0,0,False
1505,logic-ng/logicng,7bd498c3fa7de922629802f907f92d1f9ff251b2,org/logicng/bdds/orderings/ForceOrderingTest.java,33,3,9,17,0.21,7,3,1,0,0,0,0,3,0,0,0,0,0,0,0,0,0,0,0,3,0,0,False
1506,logic-ng/logicng,7bd498c3fa7de922629802f907f92d1f9ff251b2,org/logicng/collections/ImmutableFormulaListTest.java,15,1,3,3,0.13,2,1,1,0,0,0,0,0,0,0,0,1,0,0,0,0,0,0,0,1,0,0,False
1507,logic-ng/logicng,7bd498c3fa7de922629802f907f92d1f9ff251b2,org/logicng/collections/LNGBooleanVectorTest.java,148,11,23,68,0.41,60,11,9,9,0,0,0,0,0,0,0,0,1,0,0,4,0,0,0,11,0,0,False
1508,logic-ng/logicng,7bd498c3fa7de922629802f907f92d1f9ff251b2,org/logicng/collections/LNGByteVectorTest.java,165,12,26,76,0.35,58,12,10,11,0,0,0,0,0,0,0,0,1,0,0,4,0,0,0,12,0,0,False
1509,logic-ng/logicng,7bd498c3fa7de922629802f907f92d1f9ff251b2,org/logicng/collections/LNGDoublePriorityQueueTest.java,109,6,6,31,0.39,43,6,5,0,0,0,0,0,0,0,0,0,1,0,0,3,0,0,0,6,0,0,False
1510,logic-ng/logicng,7bd498c3fa7de922629802f907f92d1f9ff251b2,org/logicng/collections/LNGDoubleVectorTest.java,162,12,26,75,0.35,57,12,10,11,0,0,0,0,0,0,0,0,1,0,0,5,0,0,0,12,0,0,False
1511,logic-ng/logicng,7bd498c3fa7de922629802f907f92d1f9ff251b2,org/logicng/collections/LNGIntVectorTest.java,162,12,26,75,0.35,57,12,10,11,0,0,0,0,0,0,0,0,1,0,0,4,0,0,0,12,0,0,False
1512,logic-ng/logicng,7bd498c3fa7de922629802f907f92d1f9ff251b2,org/logicng/collections/LNGLongPriorityQueueTest.java,88,5,5,25,0.41,36,5,4,0,0,0,0,0,0,0,0,0,1,0,0,2,0,0,0,5,0,0,False
1513,logic-ng/logicng,7bd498c3fa7de922629802f907f92d1f9ff251b2,org/logicng/collections/LNGLongVectorTest.java,165,12,26,76,0.35,58,12,10,11,0,0,0,0,0,0,0,0,1,0,0,4,0,0,0,12,0,0,False
1514,logic-ng/logicng,7bd498c3fa7de922629802f907f92d1f9ff251b2,org/logicng/collections/LNGVectorTest.java,295,23,49,138,0.36,105,21,18,20,1,0,0,0,0,0,0,0,2,0,0,7,0,0,0,21,0,0,False
1515,logic-ng/logicng,7bd498c3fa7de922629802f907f92d1f9ff251b2,org/logicng/datastructures/AssignmentTest.java,155,14,17,68,0.46,71,14,13,0,0,0,0,1,0,0,0,2,2,0,0,3,0,0,0,14,0,0,False
1516,logic-ng/logicng,7bd498c3fa7de922629802f907f92d1f9ff251b2,org/logicng/formulas/SubstitutionTest.java,113,13,17,38,0.35,40,12,9,0,1,0,0,4,0,0,0,1,1,0,0,0,0,0,0,12,0,0,False
1517,logic-ng/logicng,7bd498c3fa7de922629802f907f92d1f9ff251b2,org/logicng/datastructures/ubtrees/UBTreeTest.java,201,8,9,57,0.62,125,8,6,0,0,0,0,0,0,0,0,0,0,0,0,1,0,0,0,7,0,0,False
1518,logic-ng/logicng,7bd498c3fa7de922629802f907f92d1f9ff251b2,org/logicng/explanations/unsatcores/MUSConfigTest.java,12,1,2,10,0.17,2,1,1,0,0,0,0,0,0,0,0,0,1,0,0,0,0,0,0,1,0,0,False
1519,logic-ng/logicng,7bd498c3fa7de922629802f907f92d1f9ff251b2,org/logicng/explanations/unsatcores/MUSGenerationTest.java,102,7,17,29,0.06,6,6,0,0,1,0,0,0,0,0,0,0,1,0,0,0,2,1,0,3,0,0,False
1520,logic-ng/logicng,7bd498c3fa7de922629802f907f92d1f9ff251b2,org/logicng/explanations/unsatcores/UNSATCoreTest.java,53,5,7,13,0.28,15,4,4,0,1,0,0,0,0,0,0,2,1,0,0,0,0,0,0,4,0,0,False
1521,logic-ng/logicng,7bd498c3fa7de922629802f907f92d1f9ff251b2,org/logicng/formulas/AndTest.java,131,17,20,62,0.57,75,17,14,0,0,0,0,2,0,0,0,1,1,0,0,3,0,0,0,17,0,0,False
1522,logic-ng/logicng,7bd498c3fa7de922629802f907f92d1f9ff251b2,org/logicng/formulas/CFalseTest.java,55,15,16,38,0.33,18,15,0,0,0,0,0,0,0,0,0,0,1,0,0,0,0,0,0,15,0,0,False
1523,logic-ng/logicng,7bd498c3fa7de922629802f907f92d1f9ff251b2,org/logicng/formulas/CTrueTest.java,56,15,16,38,0.34,19,15,1,0,0,0,0,0,0,0,0,0,1,0,0,1,0,0,0,15,0,0,False
1524,logic-ng/logicng,7bd498c3fa7de922629802f907f92d1f9ff251b2,org/logicng/formulas/EquivalenceTest.java,119,17,19,52,0.57,68,17,16,0,0,0,0,1,0,0,0,1,1,0,0,4,0,0,0,17,0,0,False
1525,logic-ng/logicng,7bd498c3fa7de922629802f907f92d1f9ff251b2,org/logicng/formulas/ExtendedFormulaFactoryTest.java,113,7,14,46,0.12,14,7,2,0,0,0,0,0,0,0,0,0,0,0,0,2,0,1,0,5,0,0,False
1526,logic-ng/logicng,7bd498c3fa7de922629802f907f92d1f9ff251b2,org/logicng/formulas/FormulaTest.java,62,8,13,38,0.29,18,6,5,0,0,0,0,0,0,0,0,0,0,0,0,0,0,0,0,6,0,0,False
1527,logic-ng/logicng,7bd498c3fa7de922629802f907f92d1f9ff251b2,org/logicng/formulas/FormulaFactoryTest.java,103,7,10,45,0.29,30,7,4,1,0,0,0,1,0,0,0,0,1,0,0,1,0,0,0,7,0,0,False
1528,logic-ng/logicng,7bd498c3fa7de922629802f907f92d1f9ff251b2,org/logicng/formulas/ImplicationTest.java,115,18,20,52,0.53,61,18,16,0,0,0,0,1,0,0,0,1,1,0,0,4,0,0,0,18,0,0,False
1529,logic-ng/logicng,7bd498c3fa7de922629802f907f92d1f9ff251b2,org/logicng/formulas/LiteralTest.java,114,20,21,56,0.55,63,20,19,0,0,0,0,0,0,0,0,1,1,0,0,2,1,0,0,20,0,0,False
1530,logic-ng/logicng,7bd498c3fa7de922629802f907f92d1f9ff251b2,org/logicng/formulas/NotTest.java,95,16,18,48,0.52,49,16,15,0,0,0,0,1,0,0,0,1,1,0,0,3,0,0,0,16,0,0,False
1531,logic-ng/logicng,7bd498c3fa7de922629802f907f92d1f9ff251b2,org/logicng/formulas/OrTest.java,127,16,19,57,0.58,74,16,14,0,0,0,0,2,0,0,0,1,1,0,0,3,0,0,0,16,0,0,False
1532,logic-ng/logicng,7bd498c3fa7de922629802f907f92d1f9ff251b2,org/logicng/formulas/PBConstraintTest.java,475,30,33,151,0.53,254,29,26,0,1,0,0,0,0,0,0,2,5,0,0,3,0,0,0,29,0,0,False
1533,logic-ng/logicng,7bd498c3fa7de922629802f907f92d1f9ff251b2,org/logicng/formulas/printer/DefaultStringRepresentationTest.java,36,2,2,9,0.67,24,2,1,0,0,0,0,0,0,0,0,0,1,0,0,0,0,0,0,2,0,0,False
1534,logic-ng/logicng,7bd498c3fa7de922629802f907f92d1f9ff251b2,org/logicng/formulas/printer/LatexStringRepresentationTest.java,35,2,2,9,0.63,22,2,2,0,0,0,0,0,0,0,0,0,1,0,0,0,0,0,0,2,0,0,False
1535,logic-ng/logicng,7bd498c3fa7de922629802f907f92d1f9ff251b2,org/logicng/formulas/printer/SortedStringRepresentationTest.java,50,3,3,19,0.66,33,3,2,0,0,0,0,0,0,0,0,0,1,0,0,2,0,0,0,3,0,0,False
1536,logic-ng/logicng,7bd498c3fa7de922629802f907f92d1f9ff251b2,org/logicng/formulas/printer/UTF8StringRepresentationTest.java,35,2,2,9,0.63,22,2,2,0,0,0,0,0,0,0,0,0,1,0,0,0,0,0,0,2,0,0,False
1537,logic-ng/logicng,7bd498c3fa7de922629802f907f92d1f9ff251b2,org/logicng/graphs/algorithms/BronKerboschTest.java,44,1,4,13,0.16,7,1,1,1,0,0,0,1,0,0,0,0,0,0,0,0,0,0,0,1,0,0,False
1538,logic-ng/logicng,7bd498c3fa7de922629802f907f92d1f9ff251b2,org/logicng/graphs/datastructures/GraphTest.java,65,4,7,37,0.2,13,4,2,0,0,0,0,0,0,0,0,0,1,0,0,0,0,0,0,3,0,0,False
1539,logic-ng/logicng,7bd498c3fa7de922629802f907f92d1f9ff251b2,org/logicng/graphs/datastructures/HypergraphTest.java,34,2,2,12,0.21,7,2,1,0,0,0,0,0,0,0,0,0,1,0,0,1,0,0,0,2,0,0,False
1540,logic-ng/logicng,7bd498c3fa7de922629802f907f92d1f9ff251b2,org/logicng/graphs/datastructures/HypergraphEdgeTest.java,39,3,5,21,0.08,3,3,1,0,0,0,0,2,0,0,0,0,0,0,0,1,0,0,0,3,0,0,False
1541,logic-ng/logicng,7bd498c3fa7de922629802f907f92d1f9ff251b2,org/logicng/graphs/datastructures/HypergraphNodeTest.java,16,1,1,6,0.19,3,1,1,0,0,0,0,0,0,0,0,0,0,0,0,0,0,0,0,1,0,0,False
1542,logic-ng/logicng,7bd498c3fa7de922629802f907f92d1f9ff251b2,org/logicng/graphs/generators/HypergraphGeneratorTest.java,83,3,8,26,0.28,23,3,2,0,0,0,0,3,0,0,0,0,0,0,0,2,0,0,0,3,0,0,False
1543,logic-ng/logicng,7bd498c3fa7de922629802f907f92d1f9ff251b2,org/logicng/graphs/io/GraphDimacsFileWriterTest.java,86,6,20,31,0.1,9,6,0,1,0,0,0,3,0,0,0,0,0,0,0,0,3,1,0,3,0,0,False
1544,logic-ng/logicng,7bd498c3fa7de922629802f907f92d1f9ff251b2,org/logicng/graphs/io/GraphDotFileWriterTest.java,72,5,15,24,0.07,5,5,0,1,0,0,0,3,0,0,0,0,0,0,0,0,3,1,0,3,0,0,False
1545,logic-ng/logicng,7bd498c3fa7de922629802f907f92d1f9ff251b2,org/logicng/io/parsers/PropositionalParserTest.java,164,29,56,67,0.39,64,29,9,0,0,0,0,27,0,0,0,0,1,0,0,0,0,0,0,29,0,0,False
1546,logic-ng/logicng,7bd498c3fa7de922629802f907f92d1f9ff251b2,org/logicng/io/parsers/PseudoBooleanParserTest.java,178,29,57,81,0.47,84,29,12,0,0,0,0,28,0,0,0,0,1,0,0,1,0,0,0,29,0,0,False
1547,logic-ng/logicng,7bd498c3fa7de922629802f907f92d1f9ff251b2,org/logicng/io/writers/FormulaDimacsFileWriterTest.java,58,6,16,20,0.09,5,6,0,0,0,0,0,4,0,0,0,0,0,0,0,0,4,1,0,4,0,0,False
1548,logic-ng/logicng,7bd498c3fa7de922629802f907f92d1f9ff251b2,org/logicng/io/writers/FormulaDotFileWriterTest.java,53,6,16,16,0.08,4,6,0,0,0,0,0,4,0,0,0,0,0,0,0,0,4,1,0,4,0,0,False
1549,logic-ng/logicng,7bd498c3fa7de922629802f907f92d1f9ff251b2,org/logicng/predicates/CNFPredicateTest.java,28,2,2,8,0.57,16,2,1,0,0,0,0,0,0,0,0,0,1,0,0,0,0,0,0,2,0,0,False
1550,logic-ng/logicng,7bd498c3fa7de922629802f907f92d1f9ff251b2,org/logicng/predicates/DNFPredicateTest.java,28,2,2,8,0.57,16,2,1,0,0,0,0,0,0,0,0,0,1,0,0,0,0,0,0,2,0,0,False
1551,logic-ng/logicng,7bd498c3fa7de922629802f907f92d1f9ff251b2,org/logicng/predicates/NNFPredicateTest.java,32,2,2,9,0.63,20,2,1,0,0,0,0,0,0,0,0,0,1,0,0,0,0,0,0,2,0,0,False
1552,logic-ng/logicng,7bd498c3fa7de922629802f907f92d1f9ff251b2,org/logicng/propositions/ExtendedPropositionTest.java,78,6,14,21,0.32,25,5,5,0,1,0,0,4,0,0,0,1,1,0,0,0,0,0,0,5,0,0,False
1553,logic-ng/logicng,7bd498c3fa7de922629802f907f92d1f9ff251b2,org/logicng/propositions/StandardPropositionTest.java,68,6,14,18,0.4,27,5,5,0,1,0,0,4,0,0,0,1,1,0,0,0,0,0,0,5,0,0,False
1554,logic-ng/logicng,7bd498c3fa7de922629802f907f92d1f9ff251b2,org/logicng/pseudobooleans/PBEncoderTest.java,121,9,16,61,0.14,17,8,3,5,1,0,0,0,0,0,0,0,2,0,0,0,1,1,0,7,0,0,False
1555,logic-ng/logicng,7bd498c3fa7de922629802f907f92d1f9ff251b2,org/logicng/solvers/sat/MiniSatTest.java,56,7,11,29,0.23,13,7,3,0,0,0,0,1,0,0,0,0,1,0,0,1,0,0,0,5,0,0,False
1556,logic-ng/logicng,7bd498c3fa7de922629802f907f92d1f9ff251b2,org/logicng/solvers/datastructures/LNGHeapTest.java,23,1,1,9,0.22,5,1,1,0,0,0,0,0,0,0,0,0,1,0,0,1,0,0,0,1,0,0,False
1557,logic-ng/logicng,7bd498c3fa7de922629802f907f92d1f9ff251b2,org/logicng/solvers/sat/GlucoseSyrupTest.java,33,6,11,10,0.03,1,6,0,0,0,0,0,0,0,0,0,0,1,0,0,0,0,0,0,3,0,0,False
1558,logic-ng/logicng,7bd498c3fa7de922629802f907f92d1f9ff251b2,org/logicng/solvers/sat/MiniCardTest.java,86,8,12,34,0.17,15,8,3,0,0,0,0,0,0,0,0,0,1,0,0,1,0,0,0,6,0,0,False
1559,logic-ng/logicng,7bd498c3fa7de922629802f907f92d1f9ff251b2,org/logicng/transformations/AnonymizerTest.java,60,4,12,16,0.55,33,4,4,0,0,0,0,4,0,0,0,0,0,0,0,1,0,0,0,4,0,0,False
1560,logic-ng/logicng,7bd498c3fa7de922629802f907f92d1f9ff251b2,org/logicng/transformations/BackboneSimplifierTest.java,27,2,8,8,0.41,11,2,2,0,0,0,0,2,0,0,0,0,0,0,0,0,0,0,0,2,0,0,False
1561,logic-ng/logicng,7bd498c3fa7de922629802f907f92d1f9ff251b2,org/logicng/transformations/DistributiveSimplifierTest.java,52,6,20,19,0.5,26,6,6,0,0,0,0,2,0,0,0,0,0,0,0,0,0,0,0,6,0,0,False
1562,logic-ng/logicng,7bd498c3fa7de922629802f907f92d1f9ff251b2,org/logicng/transformations/FormulaFactoryImporterTest.java,187,12,17,108,0.67,126,12,10,0,0,0,0,1,0,0,0,0,0,0,0,0,0,0,0,10,0,0,False
1563,logic-ng/logicng,7bd498c3fa7de922629802f907f92d1f9ff251b2,org/logicng/transformations/UnitPropagationTest.java,33,4,9,11,0.48,16,4,4,0,0,0,0,1,0,0,0,0,0,0,0,0,0,0,0,4,0,0,False
1564,logic-ng/logicng,7bd498c3fa7de922629802f907f92d1f9ff251b2,org/logicng/transformations/cnf/CNFEncoderTest.java,124,11,21,72,0.23,29,11,9,0,0,0,0,9,0,0,0,0,1,0,0,1,0,0,0,11,0,0,False
1565,logic-ng/logicng,7bd498c3fa7de922629802f907f92d1f9ff251b2,org/logicng/transformations/cnf/CNFSubsumptionTest.java,42,4,9,17,0.45,19,4,3,0,0,0,0,4,0,0,0,0,0,0,0,1,0,0,0,4,0,0,False
1566,logic-ng/logicng,7bd498c3fa7de922629802f907f92d1f9ff251b2,org/logicng/transformations/dnf/DNFFactorizationTest.java,89,10,26,29,0.47,42,8,7,0,0,0,0,5,0,0,0,0,1,0,0,1,0,0,0,8,0,0,False
1567,logic-ng/logicng,7bd498c3fa7de922629802f907f92d1f9ff251b2,org/logicng/transformations/dnf/DNFSubsumptionTest.java,49,4,11,17,0.39,19,4,3,1,0,0,0,4,0,0,0,0,0,0,0,1,0,0,0,4,0,0,False
1568,logic-ng/logicng,7bd498c3fa7de922629802f907f92d1f9ff251b2,org/logicng/transformations/qmc/TermTest.java,80,3,7,21,0.21,17,3,3,0,0,0,0,1,0,0,0,0,1,0,0,0,0,0,0,3,0,0,False
1569,logic-ng/logicng,7bd498c3fa7de922629802f907f92d1f9ff251b2,org/logicng/transformations/qmc/TermTableTest.java,47,4,8,19,0.26,12,4,2,0,0,0,0,0,0,0,0,0,1,0,0,1,0,0,0,3,0,0,False
1570,logic-ng/logicng,7bd498c3fa7de922629802f907f92d1f9ff251b2,org/logicng/util/ComparablePairTest.java,42,5,5,13,0.52,22,5,5,0,0,0,0,0,0,0,0,1,1,0,0,0,0,0,0,5,0,0,False
1571,logic-ng/logicng,7bd498c3fa7de922629802f907f92d1f9ff251b2,org/logicng/util/FormulaHelperTest.java,29,2,2,10,0.62,18,2,2,0,0,0,0,0,0,0,0,0,0,0,0,0,0,0,0,2,0,0,False
1572,logic-ng/logicng,7bd498c3fa7de922629802f907f92d1f9ff251b2,org/logicng/util/PairTest.java,36,4,4,10,0.5,18,4,4,0,0,0,0,0,0,0,0,1,1,0,0,0,0,0,0,4,0,0,False
1573,logic-ng/logicng,ae79302c73515202df5a2565b7493783a5f96593,org/logicng/backbones/BackboneTest.java,66,5,7,22,0.3,20,5,3,0,0,0,0,1,0,0,0,0,1,0,0,2,0,0,0,4,0,0,False
1574,logic-ng/logicng,ae79302c73515202df5a2565b7493783a5f96593,org/logicng/backbones/BackboneGenerationTest.java,223,8,25,89,0.23,51,8,4,1,0,0,0,3,0,0,0,0,1,0,0,4,0,0,0,7,0,0,False
1575,logic-ng/logicng,ae79302c73515202df5a2565b7493783a5f96593,org/logicng/bdds/datastructures/BDDNodeTest.java,65,4,4,33,0.46,30,4,4,0,0,0,0,0,0,0,0,0,0,0,0,1,0,0,0,4,0,0,False
1576,logic-ng/logicng,ae79302c73515202df5a2565b7493783a5f96593,org/logicng/bdds/io/BDDDotFileWriterTest.java,36,3,10,11,0.08,3,3,0,0,0,0,0,1,0,0,0,0,0,0,0,0,1,1,0,1,0,0,False
1577,logic-ng/logicng,ae79302c73515202df5a2565b7493783a5f96593,org/logicng/bdds/orderings/BFSOrderingTest.java,27,2,5,11,0.37,10,2,1,0,0,0,0,2,0,0,0,0,0,0,0,0,0,0,0,2,0,0,False
1578,logic-ng/logicng,ae79302c73515202df5a2565b7493783a5f96593,org/logicng/bdds/orderings/DFSOrderingTest.java,27,2,5,11,0.37,10,2,1,0,0,0,0,2,0,0,0,0,0,0,0,0,0,0,0,2,0,0,False
1579,logic-ng/logicng,ae79302c73515202df5a2565b7493783a5f96593,org/logicng/bdds/orderings/ForceOrderingTest.java,33,3,9,17,0.21,7,3,1,0,0,0,0,3,0,0,0,0,0,0,0,0,0,0,0,3,0,0,False
1580,logic-ng/logicng,ae79302c73515202df5a2565b7493783a5f96593,org/logicng/collections/ImmutableFormulaListTest.java,15,1,3,3,0.13,2,1,1,0,0,0,0,0,0,0,0,1,0,0,0,0,0,0,0,1,0,0,False
1581,logic-ng/logicng,ae79302c73515202df5a2565b7493783a5f96593,org/logicng/collections/LNGBooleanVectorTest.java,148,11,23,68,0.41,60,11,9,9,0,0,0,0,0,0,0,0,1,0,0,4,0,0,0,11,0,0,False
1582,logic-ng/logicng,ae79302c73515202df5a2565b7493783a5f96593,org/logicng/collections/LNGByteVectorTest.java,165,12,26,76,0.35,58,12,10,11,0,0,0,0,0,0,0,0,1,0,0,4,0,0,0,12,0,0,False
1583,logic-ng/logicng,ae79302c73515202df5a2565b7493783a5f96593,org/logicng/collections/LNGDoublePriorityQueueTest.java,109,6,6,31,0.39,43,6,5,0,0,0,0,0,0,0,0,0,1,0,0,3,0,0,0,6,0,0,False
1584,logic-ng/logicng,ae79302c73515202df5a2565b7493783a5f96593,org/logicng/collections/LNGDoubleVectorTest.java,162,12,26,75,0.35,57,12,10,11,0,0,0,0,0,0,0,0,1,0,0,5,0,0,0,12,0,0,False
1585,logic-ng/logicng,ae79302c73515202df5a2565b7493783a5f96593,org/logicng/collections/LNGIntVectorTest.java,162,12,26,75,0.35,57,12,10,11,0,0,0,0,0,0,0,0,1,0,0,4,0,0,0,12,0,0,False
1586,logic-ng/logicng,ae79302c73515202df5a2565b7493783a5f96593,org/logicng/collections/LNGLongPriorityQueueTest.java,88,5,5,25,0.41,36,5,4,0,0,0,0,0,0,0,0,0,1,0,0,2,0,0,0,5,0,0,False
1587,logic-ng/logicng,ae79302c73515202df5a2565b7493783a5f96593,org/logicng/collections/LNGLongVectorTest.java,165,12,26,76,0.35,58,12,10,11,0,0,0,0,0,0,0,0,1,0,0,4,0,0,0,12,0,0,False
1588,logic-ng/logicng,ae79302c73515202df5a2565b7493783a5f96593,org/logicng/collections/LNGVectorTest.java,295,23,49,138,0.36,105,21,18,20,1,0,0,0,0,0,0,0,2,0,0,7,0,0,0,21,0,0,False
1589,logic-ng/logicng,ae79302c73515202df5a2565b7493783a5f96593,org/logicng/datastructures/AssignmentTest.java,155,14,17,68,0.46,71,14,13,0,0,0,0,1,0,0,0,2,2,0,0,3,0,0,0,14,0,0,False
1590,logic-ng/logicng,ae79302c73515202df5a2565b7493783a5f96593,org/logicng/formulas/SubstitutionTest.java,113,13,17,38,0.35,40,12,9,0,1,0,0,4,0,0,0,1,1,0,0,0,0,0,0,12,0,0,False
1591,logic-ng/logicng,ae79302c73515202df5a2565b7493783a5f96593,org/logicng/datastructures/ubtrees/UBTreeTest.java,201,8,9,57,0.62,125,8,6,0,0,0,0,0,0,0,0,0,0,0,0,1,0,0,0,7,0,0,False
1592,logic-ng/logicng,ae79302c73515202df5a2565b7493783a5f96593,org/logicng/explanations/unsatcores/MUSConfigTest.java,12,1,2,10,0.17,2,1,1,0,0,0,0,0,0,0,0,0,1,0,0,0,0,0,0,1,0,0,False
1593,logic-ng/logicng,ae79302c73515202df5a2565b7493783a5f96593,org/logicng/explanations/unsatcores/MUSGenerationTest.java,102,7,17,29,0.06,6,6,0,0,1,0,0,0,0,0,0,0,1,0,0,0,2,1,0,3,0,0,False
1594,logic-ng/logicng,ae79302c73515202df5a2565b7493783a5f96593,org/logicng/explanations/unsatcores/UNSATCoreTest.java,53,5,7,13,0.28,15,4,4,0,1,0,0,0,0,0,0,2,1,0,0,0,0,0,0,4,0,0,False
1595,logic-ng/logicng,ae79302c73515202df5a2565b7493783a5f96593,org/logicng/formulas/AndTest.java,131,17,20,62,0.57,75,17,14,0,0,0,0,2,0,0,0,1,1,0,0,3,0,0,0,17,0,0,False
1596,logic-ng/logicng,ae79302c73515202df5a2565b7493783a5f96593,org/logicng/formulas/CFalseTest.java,55,15,16,38,0.33,18,15,0,0,0,0,0,0,0,0,0,0,1,0,0,0,0,0,0,15,0,0,False
1597,logic-ng/logicng,ae79302c73515202df5a2565b7493783a5f96593,org/logicng/formulas/CTrueTest.java,56,15,16,38,0.34,19,15,1,0,0,0,0,0,0,0,0,0,1,0,0,1,0,0,0,15,0,0,False
1598,logic-ng/logicng,ae79302c73515202df5a2565b7493783a5f96593,org/logicng/formulas/EquivalenceTest.java,119,17,19,52,0.57,68,17,16,0,0,0,0,1,0,0,0,1,1,0,0,4,0,0,0,17,0,0,False
1599,logic-ng/logicng,ae79302c73515202df5a2565b7493783a5f96593,org/logicng/formulas/ExtendedFormulaFactoryTest.java,113,7,14,46,0.12,14,7,2,0,0,0,0,0,0,0,0,0,0,0,0,2,0,1,0,5,0,0,False
1600,logic-ng/logicng,ae79302c73515202df5a2565b7493783a5f96593,org/logicng/formulas/FormulaTest.java,62,8,13,38,0.29,18,6,5,0,0,0,0,0,0,0,0,0,0,0,0,0,0,0,0,6,0,0,False
1601,logic-ng/logicng,ae79302c73515202df5a2565b7493783a5f96593,org/logicng/formulas/FormulaFactoryTest.java,103,7,10,45,0.29,30,7,4,1,0,0,0,1,0,0,0,0,1,0,0,1,0,0,0,7,0,0,False
1602,logic-ng/logicng,ae79302c73515202df5a2565b7493783a5f96593,org/logicng/formulas/ImplicationTest.java,115,18,20,52,0.53,61,18,16,0,0,0,0,1,0,0,0,1,1,0,0,4,0,0,0,18,0,0,False
1603,logic-ng/logicng,ae79302c73515202df5a2565b7493783a5f96593,org/logicng/formulas/LiteralTest.java,114,20,21,56,0.55,63,20,19,0,0,0,0,0,0,0,0,1,1,0,0,2,1,0,0,20,0,0,False
1604,logic-ng/logicng,ae79302c73515202df5a2565b7493783a5f96593,org/logicng/formulas/NotTest.java,95,16,18,48,0.52,49,16,15,0,0,0,0,1,0,0,0,1,1,0,0,3,0,0,0,16,0,0,False
1605,logic-ng/logicng,ae79302c73515202df5a2565b7493783a5f96593,org/logicng/formulas/OrTest.java,127,16,19,57,0.58,74,16,14,0,0,0,0,2,0,0,0,1,1,0,0,3,0,0,0,16,0,0,False
1606,logic-ng/logicng,ae79302c73515202df5a2565b7493783a5f96593,org/logicng/formulas/PBConstraintTest.java,475,30,33,151,0.53,254,29,26,0,1,0,0,0,0,0,0,2,5,0,0,3,0,0,0,29,0,0,False
1607,logic-ng/logicng,ae79302c73515202df5a2565b7493783a5f96593,org/logicng/formulas/printer/DefaultStringRepresentationTest.java,36,2,2,9,0.67,24,2,1,0,0,0,0,0,0,0,0,0,1,0,0,0,0,0,0,2,0,0,False
1608,logic-ng/logicng,ae79302c73515202df5a2565b7493783a5f96593,org/logicng/formulas/printer/LatexStringRepresentationTest.java,35,2,2,9,0.63,22,2,2,0,0,0,0,0,0,0,0,0,1,0,0,0,0,0,0,2,0,0,False
1609,logic-ng/logicng,ae79302c73515202df5a2565b7493783a5f96593,org/logicng/formulas/printer/SortedStringRepresentationTest.java,50,3,3,19,0.66,33,3,2,0,0,0,0,0,0,0,0,0,1,0,0,2,0,0,0,3,0,0,False
1610,logic-ng/logicng,ae79302c73515202df5a2565b7493783a5f96593,org/logicng/formulas/printer/UTF8StringRepresentationTest.java,35,2,2,9,0.63,22,2,2,0,0,0,0,0,0,0,0,0,1,0,0,0,0,0,0,2,0,0,False
1611,logic-ng/logicng,ae79302c73515202df5a2565b7493783a5f96593,org/logicng/graphs/algorithms/BronKerboschTest.java,44,1,4,13,0.16,7,1,1,1,0,0,0,1,0,0,0,0,0,0,0,0,0,0,0,1,0,0,False
1612,logic-ng/logicng,ae79302c73515202df5a2565b7493783a5f96593,org/logicng/graphs/datastructures/GraphTest.java,65,4,7,37,0.2,13,4,2,0,0,0,0,0,0,0,0,0,1,0,0,0,0,0,0,3,0,0,False
1613,logic-ng/logicng,ae79302c73515202df5a2565b7493783a5f96593,org/logicng/graphs/datastructures/HypergraphTest.java,34,2,2,12,0.21,7,2,1,0,0,0,0,0,0,0,0,0,1,0,0,1,0,0,0,2,0,0,False
1614,logic-ng/logicng,ae79302c73515202df5a2565b7493783a5f96593,org/logicng/graphs/datastructures/HypergraphEdgeTest.java,39,3,5,21,0.08,3,3,1,0,0,0,0,2,0,0,0,0,0,0,0,1,0,0,0,3,0,0,False
1615,logic-ng/logicng,ae79302c73515202df5a2565b7493783a5f96593,org/logicng/graphs/datastructures/HypergraphNodeTest.java,16,1,1,6,0.19,3,1,1,0,0,0,0,0,0,0,0,0,0,0,0,0,0,0,0,1,0,0,False
1616,logic-ng/logicng,ae79302c73515202df5a2565b7493783a5f96593,org/logicng/graphs/generators/HypergraphGeneratorTest.java,83,3,8,26,0.28,23,3,2,0,0,0,0,3,0,0,0,0,0,0,0,2,0,0,0,3,0,0,False
1617,logic-ng/logicng,ae79302c73515202df5a2565b7493783a5f96593,org/logicng/graphs/io/GraphDimacsFileWriterTest.java,86,6,20,31,0.1,9,6,0,1,0,0,0,3,0,0,0,0,0,0,0,0,3,1,0,3,0,0,False
1618,logic-ng/logicng,ae79302c73515202df5a2565b7493783a5f96593,org/logicng/graphs/io/GraphDotFileWriterTest.java,72,5,15,24,0.07,5,5,0,1,0,0,0,3,0,0,0,0,0,0,0,0,3,1,0,3,0,0,False
1619,logic-ng/logicng,ae79302c73515202df5a2565b7493783a5f96593,org/logicng/io/parsers/PropositionalParserTest.java,164,29,56,67,0.39,64,29,9,0,0,0,0,27,0,0,0,0,1,0,0,0,0,0,0,29,0,0,False
1620,logic-ng/logicng,ae79302c73515202df5a2565b7493783a5f96593,org/logicng/io/parsers/PseudoBooleanParserTest.java,178,29,57,81,0.47,84,29,12,0,0,0,0,28,0,0,0,0,1,0,0,1,0,0,0,29,0,0,False
1621,logic-ng/logicng,ae79302c73515202df5a2565b7493783a5f96593,org/logicng/io/writers/FormulaDimacsFileWriterTest.java,58,6,16,20,0.09,5,6,0,0,0,0,0,4,0,0,0,0,0,0,0,0,4,1,0,4,0,0,False
1622,logic-ng/logicng,ae79302c73515202df5a2565b7493783a5f96593,org/logicng/io/writers/FormulaDotFileWriterTest.java,53,6,16,16,0.08,4,6,0,0,0,0,0,4,0,0,0,0,0,0,0,0,4,1,0,4,0,0,False
1623,logic-ng/logicng,ae79302c73515202df5a2565b7493783a5f96593,org/logicng/predicates/CNFPredicateTest.java,28,2,2,8,0.57,16,2,1,0,0,0,0,0,0,0,0,0,1,0,0,0,0,0,0,2,0,0,False
1624,logic-ng/logicng,ae79302c73515202df5a2565b7493783a5f96593,org/logicng/predicates/DNFPredicateTest.java,28,2,2,8,0.57,16,2,1,0,0,0,0,0,0,0,0,0,1,0,0,0,0,0,0,2,0,0,False
1625,logic-ng/logicng,ae79302c73515202df5a2565b7493783a5f96593,org/logicng/predicates/NNFPredicateTest.java,32,2,2,9,0.63,20,2,1,0,0,0,0,0,0,0,0,0,1,0,0,0,0,0,0,2,0,0,False
1626,logic-ng/logicng,ae79302c73515202df5a2565b7493783a5f96593,org/logicng/propositions/ExtendedPropositionTest.java,78,6,14,21,0.32,25,5,5,0,1,0,0,4,0,0,0,1,1,0,0,0,0,0,0,5,0,0,False
1627,logic-ng/logicng,ae79302c73515202df5a2565b7493783a5f96593,org/logicng/propositions/StandardPropositionTest.java,68,6,14,18,0.4,27,5,5,0,1,0,0,4,0,0,0,1,1,0,0,0,0,0,0,5,0,0,False
1628,logic-ng/logicng,ae79302c73515202df5a2565b7493783a5f96593,org/logicng/pseudobooleans/PBEncoderTest.java,121,9,16,61,0.14,17,8,3,5,1,0,0,0,0,0,0,0,2,0,0,0,1,1,0,7,0,0,False
1629,logic-ng/logicng,ae79302c73515202df5a2565b7493783a5f96593,org/logicng/solvers/sat/MiniSatTest.java,40,6,9,22,0.1,4,6,2,0,0,0,0,0,0,0,0,0,1,0,0,0,0,0,0,4,0,0,False
1630,logic-ng/logicng,ae79302c73515202df5a2565b7493783a5f96593,org/logicng/solvers/datastructures/LNGHeapTest.java,23,1,1,9,0.22,5,1,1,0,0,0,0,0,0,0,0,0,1,0,0,1,0,0,0,1,0,0,False
1631,logic-ng/logicng,ae79302c73515202df5a2565b7493783a5f96593,org/logicng/solvers/sat/GlucoseSyrupTest.java,33,6,11,10,0.03,1,6,0,0,0,0,0,0,0,0,0,0,1,0,0,0,0,0,0,3,0,0,False
1632,logic-ng/logicng,ae79302c73515202df5a2565b7493783a5f96593,org/logicng/solvers/sat/MiniCardTest.java,86,8,12,34,0.17,15,8,3,0,0,0,0,0,0,0,0,0,1,0,0,1,0,0,0,6,0,0,False
1633,logic-ng/logicng,ae79302c73515202df5a2565b7493783a5f96593,org/logicng/transformations/AnonymizerTest.java,60,4,12,16,0.55,33,4,4,0,0,0,0,4,0,0,0,0,0,0,0,1,0,0,0,4,0,0,False
1634,logic-ng/logicng,ae79302c73515202df5a2565b7493783a5f96593,org/logicng/transformations/BackboneSimplifierTest.java,27,2,8,8,0.41,11,2,2,0,0,0,0,2,0,0,0,0,0,0,0,0,0,0,0,2,0,0,False
1635,logic-ng/logicng,ae79302c73515202df5a2565b7493783a5f96593,org/logicng/transformations/DistributiveSimplifierTest.java,52,6,20,19,0.5,26,6,6,0,0,0,0,2,0,0,0,0,0,0,0,0,0,0,0,6,0,0,False
1636,logic-ng/logicng,ae79302c73515202df5a2565b7493783a5f96593,org/logicng/transformations/FormulaFactoryImporterTest.java,187,12,17,108,0.67,126,12,10,0,0,0,0,1,0,0,0,0,0,0,0,0,0,0,0,10,0,0,False
1637,logic-ng/logicng,ae79302c73515202df5a2565b7493783a5f96593,org/logicng/transformations/UnitPropagationTest.java,33,4,9,11,0.48,16,4,4,0,0,0,0,1,0,0,0,0,0,0,0,0,0,0,0,4,0,0,False
1638,logic-ng/logicng,ae79302c73515202df5a2565b7493783a5f96593,org/logicng/transformations/cnf/CNFEncoderTest.java,124,11,21,72,0.23,29,11,9,0,0,0,0,9,0,0,0,0,1,0,0,1,0,0,0,11,0,0,False
1639,logic-ng/logicng,ae79302c73515202df5a2565b7493783a5f96593,org/logicng/transformations/cnf/CNFSubsumptionTest.java,42,4,9,17,0.45,19,4,3,0,0,0,0,4,0,0,0,0,0,0,0,1,0,0,0,4,0,0,False
1640,logic-ng/logicng,ae79302c73515202df5a2565b7493783a5f96593,org/logicng/transformations/dnf/DNFFactorizationTest.java,89,10,26,29,0.47,42,8,7,0,0,0,0,5,0,0,0,0,1,0,0,1,0,0,0,8,0,0,False
1641,logic-ng/logicng,ae79302c73515202df5a2565b7493783a5f96593,org/logicng/transformations/dnf/DNFSubsumptionTest.java,49,4,11,17,0.39,19,4,3,1,0,0,0,4,0,0,0,0,0,0,0,1,0,0,0,4,0,0,False
1642,logic-ng/logicng,ae79302c73515202df5a2565b7493783a5f96593,org/logicng/transformations/qmc/TermTest.java,80,3,7,21,0.21,17,3,3,0,0,0,0,1,0,0,0,0,1,0,0,0,0,0,0,3,0,0,False
1643,logic-ng/logicng,ae79302c73515202df5a2565b7493783a5f96593,org/logicng/transformations/qmc/TermTableTest.java,47,4,8,19,0.26,12,4,2,0,0,0,0,0,0,0,0,0,1,0,0,1,0,0,0,3,0,0,False
1644,logic-ng/logicng,ae79302c73515202df5a2565b7493783a5f96593,org/logicng/util/ComparablePairTest.java,42,5,5,13,0.52,22,5,5,0,0,0,0,0,0,0,0,1,1,0,0,0,0,0,0,5,0,0,False
1645,logic-ng/logicng,ae79302c73515202df5a2565b7493783a5f96593,org/logicng/util/FormulaHelperTest.java,29,2,2,10,0.62,18,2,2,0,0,0,0,0,0,0,0,0,0,0,0,0,0,0,0,2,0,0,False
1646,logic-ng/logicng,ae79302c73515202df5a2565b7493783a5f96593,org/logicng/util/PairTest.java,36,4,4,10,0.5,18,4,4,0,0,0,0,0,0,0,0,1,1,0,0,0,0,0,0,4,0,0,False
1647,logic-ng/logicng,bb9eb88a768be4be8e02a76cfc4a59e6c3fb7f2e,org/logicng/backbones/BackboneTest.java,66,5,7,22,0.3,20,5,3,0,0,0,0,1,0,0,0,0,1,0,0,2,0,0,0,4,0,0,False
1648,logic-ng/logicng,bb9eb88a768be4be8e02a76cfc4a59e6c3fb7f2e,org/logicng/backbones/BackboneGenerationTest.java,223,8,25,89,0.23,51,8,4,1,0,0,0,3,0,0,0,0,1,0,0,4,0,0,0,7,0,0,False
1649,logic-ng/logicng,bb9eb88a768be4be8e02a76cfc4a59e6c3fb7f2e,org/logicng/bdds/datastructures/BDDNodeTest.java,65,4,4,33,0.46,30,4,4,0,0,0,0,0,0,0,0,0,0,0,0,1,0,0,0,4,0,0,False
1650,logic-ng/logicng,bb9eb88a768be4be8e02a76cfc4a59e6c3fb7f2e,org/logicng/bdds/io/BDDDotFileWriterTest.java,36,3,10,11,0.08,3,3,0,0,0,0,0,1,0,0,0,0,0,0,0,0,1,1,0,1,0,0,False
1651,logic-ng/logicng,bb9eb88a768be4be8e02a76cfc4a59e6c3fb7f2e,org/logicng/bdds/orderings/BFSOrderingTest.java,27,2,5,11,0.37,10,2,1,0,0,0,0,2,0,0,0,0,0,0,0,0,0,0,0,2,0,0,False
1652,logic-ng/logicng,bb9eb88a768be4be8e02a76cfc4a59e6c3fb7f2e,org/logicng/bdds/orderings/DFSOrderingTest.java,27,2,5,11,0.37,10,2,1,0,0,0,0,2,0,0,0,0,0,0,0,0,0,0,0,2,0,0,False
1653,logic-ng/logicng,bb9eb88a768be4be8e02a76cfc4a59e6c3fb7f2e,org/logicng/bdds/orderings/ForceOrderingTest.java,33,3,9,17,0.21,7,3,1,0,0,0,0,3,0,0,0,0,0,0,0,0,0,0,0,3,0,0,False
1654,logic-ng/logicng,bb9eb88a768be4be8e02a76cfc4a59e6c3fb7f2e,org/logicng/collections/ImmutableFormulaListTest.java,15,1,3,3,0.13,2,1,1,0,0,0,0,0,0,0,0,1,0,0,0,0,0,0,0,1,0,0,False
1655,logic-ng/logicng,bb9eb88a768be4be8e02a76cfc4a59e6c3fb7f2e,org/logicng/collections/LNGBooleanVectorTest.java,148,11,23,68,0.41,60,11,9,9,0,0,0,0,0,0,0,0,1,0,0,4,0,0,0,11,0,0,False
1656,logic-ng/logicng,bb9eb88a768be4be8e02a76cfc4a59e6c3fb7f2e,org/logicng/collections/LNGByteVectorTest.java,165,12,26,76,0.35,58,12,10,11,0,0,0,0,0,0,0,0,1,0,0,4,0,0,0,12,0,0,False
1657,logic-ng/logicng,bb9eb88a768be4be8e02a76cfc4a59e6c3fb7f2e,org/logicng/collections/LNGDoublePriorityQueueTest.java,109,6,6,31,0.39,43,6,5,0,0,0,0,0,0,0,0,0,1,0,0,3,0,0,0,6,0,0,False
1658,logic-ng/logicng,bb9eb88a768be4be8e02a76cfc4a59e6c3fb7f2e,org/logicng/collections/LNGDoubleVectorTest.java,162,12,26,75,0.35,57,12,10,11,0,0,0,0,0,0,0,0,1,0,0,5,0,0,0,12,0,0,False
1659,logic-ng/logicng,bb9eb88a768be4be8e02a76cfc4a59e6c3fb7f2e,org/logicng/collections/LNGIntVectorTest.java,162,12,26,75,0.35,57,12,10,11,0,0,0,0,0,0,0,0,1,0,0,4,0,0,0,12,0,0,False
1660,logic-ng/logicng,bb9eb88a768be4be8e02a76cfc4a59e6c3fb7f2e,org/logicng/collections/LNGLongPriorityQueueTest.java,88,5,5,25,0.41,36,5,4,0,0,0,0,0,0,0,0,0,1,0,0,2,0,0,0,5,0,0,False
1661,logic-ng/logicng,bb9eb88a768be4be8e02a76cfc4a59e6c3fb7f2e,org/logicng/collections/LNGLongVectorTest.java,165,12,26,76,0.35,58,12,10,11,0,0,0,0,0,0,0,0,1,0,0,4,0,0,0,12,0,0,False
1662,logic-ng/logicng,bb9eb88a768be4be8e02a76cfc4a59e6c3fb7f2e,org/logicng/collections/LNGVectorTest.java,295,23,49,138,0.36,105,21,18,20,1,0,0,0,0,0,0,0,2,0,0,7,0,0,0,21,0,0,False
1663,logic-ng/logicng,bb9eb88a768be4be8e02a76cfc4a59e6c3fb7f2e,org/logicng/datastructures/AssignmentTest.java,155,14,17,68,0.46,71,14,13,0,0,0,0,1,0,0,0,2,2,0,0,3,0,0,0,14,0,0,False
1664,logic-ng/logicng,bb9eb88a768be4be8e02a76cfc4a59e6c3fb7f2e,org/logicng/formulas/SubstitutionTest.java,113,13,17,38,0.35,40,12,9,0,1,0,0,4,0,0,0,1,1,0,0,0,0,0,0,12,0,0,False
1665,logic-ng/logicng,bb9eb88a768be4be8e02a76cfc4a59e6c3fb7f2e,org/logicng/datastructures/ubtrees/UBTreeTest.java,201,8,9,57,0.62,125,8,6,0,0,0,0,0,0,0,0,0,0,0,0,1,0,0,0,7,0,0,False
1666,logic-ng/logicng,bb9eb88a768be4be8e02a76cfc4a59e6c3fb7f2e,org/logicng/explanations/unsatcores/MUSConfigTest.java,12,1,2,10,0.17,2,1,1,0,0,0,0,0,0,0,0,0,1,0,0,0,0,0,0,1,0,0,False
1667,logic-ng/logicng,bb9eb88a768be4be8e02a76cfc4a59e6c3fb7f2e,org/logicng/explanations/unsatcores/MUSGenerationTest.java,102,7,17,29,0.06,6,6,0,0,1,0,0,0,0,0,0,0,1,0,0,0,2,1,0,3,0,0,False
1668,logic-ng/logicng,bb9eb88a768be4be8e02a76cfc4a59e6c3fb7f2e,org/logicng/explanations/unsatcores/UNSATCoreTest.java,53,5,7,13,0.28,15,4,4,0,1,0,0,0,0,0,0,2,1,0,0,0,0,0,0,4,0,0,False
1669,logic-ng/logicng,bb9eb88a768be4be8e02a76cfc4a59e6c3fb7f2e,org/logicng/formulas/AndTest.java,131,17,20,62,0.57,75,17,14,0,0,0,0,2,0,0,0,1,1,0,0,3,0,0,0,17,0,0,False
1670,logic-ng/logicng,bb9eb88a768be4be8e02a76cfc4a59e6c3fb7f2e,org/logicng/formulas/CFalseTest.java,55,15,16,38,0.33,18,15,0,0,0,0,0,0,0,0,0,0,1,0,0,0,0,0,0,15,0,0,False
1671,logic-ng/logicng,bb9eb88a768be4be8e02a76cfc4a59e6c3fb7f2e,org/logicng/formulas/CTrueTest.java,56,15,16,38,0.34,19,15,1,0,0,0,0,0,0,0,0,0,1,0,0,1,0,0,0,15,0,0,False
1672,logic-ng/logicng,bb9eb88a768be4be8e02a76cfc4a59e6c3fb7f2e,org/logicng/formulas/EquivalenceTest.java,119,17,19,52,0.57,68,17,16,0,0,0,0,1,0,0,0,1,1,0,0,4,0,0,0,17,0,0,False
1673,logic-ng/logicng,bb9eb88a768be4be8e02a76cfc4a59e6c3fb7f2e,org/logicng/formulas/ExtendedFormulaFactoryTest.java,113,7,14,46,0.12,14,7,2,0,0,0,0,0,0,0,0,0,0,0,0,2,0,1,0,5,0,0,False
1674,logic-ng/logicng,bb9eb88a768be4be8e02a76cfc4a59e6c3fb7f2e,org/logicng/formulas/FormulaTest.java,62,8,13,38,0.29,18,6,5,0,0,0,0,0,0,0,0,0,0,0,0,0,0,0,0,6,0,0,False
1675,logic-ng/logicng,bb9eb88a768be4be8e02a76cfc4a59e6c3fb7f2e,org/logicng/formulas/FormulaFactoryTest.java,103,7,10,45,0.29,30,7,4,1,0,0,0,1,0,0,0,0,1,0,0,1,0,0,0,7,0,0,False
1676,logic-ng/logicng,bb9eb88a768be4be8e02a76cfc4a59e6c3fb7f2e,org/logicng/formulas/ImplicationTest.java,115,18,20,52,0.53,61,18,16,0,0,0,0,1,0,0,0,1,1,0,0,4,0,0,0,18,0,0,False
1677,logic-ng/logicng,bb9eb88a768be4be8e02a76cfc4a59e6c3fb7f2e,org/logicng/formulas/LiteralTest.java,114,20,21,56,0.55,63,20,19,0,0,0,0,0,0,0,0,1,1,0,0,2,1,0,0,20,0,0,False
1678,logic-ng/logicng,bb9eb88a768be4be8e02a76cfc4a59e6c3fb7f2e,org/logicng/formulas/NotTest.java,95,16,18,48,0.52,49,16,15,0,0,0,0,1,0,0,0,1,1,0,0,3,0,0,0,16,0,0,False
1679,logic-ng/logicng,bb9eb88a768be4be8e02a76cfc4a59e6c3fb7f2e,org/logicng/formulas/OrTest.java,127,16,19,57,0.58,74,16,14,0,0,0,0,2,0,0,0,1,1,0,0,3,0,0,0,16,0,0,False
1680,logic-ng/logicng,bb9eb88a768be4be8e02a76cfc4a59e6c3fb7f2e,org/logicng/formulas/PBConstraintTest.java,475,30,33,151,0.53,254,29,26,0,1,0,0,0,0,0,0,2,5,0,0,3,0,0,0,29,0,0,False
1681,logic-ng/logicng,bb9eb88a768be4be8e02a76cfc4a59e6c3fb7f2e,org/logicng/formulas/printer/DefaultStringRepresentationTest.java,36,2,2,9,0.67,24,2,1,0,0,0,0,0,0,0,0,0,1,0,0,0,0,0,0,2,0,0,False
1682,logic-ng/logicng,bb9eb88a768be4be8e02a76cfc4a59e6c3fb7f2e,org/logicng/formulas/printer/LatexStringRepresentationTest.java,35,2,2,9,0.63,22,2,2,0,0,0,0,0,0,0,0,0,1,0,0,0,0,0,0,2,0,0,False
1683,logic-ng/logicng,bb9eb88a768be4be8e02a76cfc4a59e6c3fb7f2e,org/logicng/formulas/printer/SortedStringRepresentationTest.java,50,3,3,19,0.66,33,3,2,0,0,0,0,0,0,0,0,0,1,0,0,2,0,0,0,3,0,0,False
1684,logic-ng/logicng,bb9eb88a768be4be8e02a76cfc4a59e6c3fb7f2e,org/logicng/formulas/printer/UTF8StringRepresentationTest.java,35,2,2,9,0.63,22,2,2,0,0,0,0,0,0,0,0,0,1,0,0,0,0,0,0,2,0,0,False
1685,logic-ng/logicng,bb9eb88a768be4be8e02a76cfc4a59e6c3fb7f2e,org/logicng/graphs/algorithms/BronKerboschTest.java,44,1,4,13,0.16,7,1,1,1,0,0,0,1,0,0,0,0,0,0,0,0,0,0,0,1,0,0,False
1686,logic-ng/logicng,bb9eb88a768be4be8e02a76cfc4a59e6c3fb7f2e,org/logicng/graphs/datastructures/GraphTest.java,65,4,7,37,0.2,13,4,2,0,0,0,0,0,0,0,0,0,1,0,0,0,0,0,0,3,0,0,False
1687,logic-ng/logicng,bb9eb88a768be4be8e02a76cfc4a59e6c3fb7f2e,org/logicng/graphs/datastructures/HypergraphTest.java,34,2,2,12,0.21,7,2,1,0,0,0,0,0,0,0,0,0,1,0,0,1,0,0,0,2,0,0,False
1688,logic-ng/logicng,bb9eb88a768be4be8e02a76cfc4a59e6c3fb7f2e,org/logicng/graphs/datastructures/HypergraphEdgeTest.java,39,3,5,21,0.08,3,3,1,0,0,0,0,2,0,0,0,0,0,0,0,1,0,0,0,3,0,0,False
1689,logic-ng/logicng,bb9eb88a768be4be8e02a76cfc4a59e6c3fb7f2e,org/logicng/graphs/datastructures/HypergraphNodeTest.java,16,1,1,6,0.19,3,1,1,0,0,0,0,0,0,0,0,0,0,0,0,0,0,0,0,1,0,0,False
1690,logic-ng/logicng,bb9eb88a768be4be8e02a76cfc4a59e6c3fb7f2e,org/logicng/graphs/generators/HypergraphGeneratorTest.java,83,3,8,26,0.28,23,3,2,0,0,0,0,3,0,0,0,0,0,0,0,2,0,0,0,3,0,0,False
1691,logic-ng/logicng,bb9eb88a768be4be8e02a76cfc4a59e6c3fb7f2e,org/logicng/graphs/io/GraphDimacsFileWriterTest.java,86,6,20,31,0.1,9,6,0,1,0,0,0,3,0,0,0,0,0,0,0,0,3,1,0,3,0,0,False
1692,logic-ng/logicng,bb9eb88a768be4be8e02a76cfc4a59e6c3fb7f2e,org/logicng/graphs/io/GraphDotFileWriterTest.java,72,5,15,24,0.07,5,5,0,1,0,0,0,3,0,0,0,0,0,0,0,0,3,1,0,3,0,0,False
1693,logic-ng/logicng,bb9eb88a768be4be8e02a76cfc4a59e6c3fb7f2e,org/logicng/io/parsers/PropositionalParserTest.java,164,29,56,67,0.39,64,29,9,0,0,0,0,27,0,0,0,0,1,0,0,0,0,0,0,29,0,0,False
1694,logic-ng/logicng,bb9eb88a768be4be8e02a76cfc4a59e6c3fb7f2e,org/logicng/io/parsers/PseudoBooleanParserTest.java,178,29,57,81,0.47,84,29,12,0,0,0,0,28,0,0,0,0,1,0,0,1,0,0,0,29,0,0,False
1695,logic-ng/logicng,bb9eb88a768be4be8e02a76cfc4a59e6c3fb7f2e,org/logicng/io/writers/FormulaDimacsFileWriterTest.java,58,6,16,20,0.09,5,6,0,0,0,0,0,4,0,0,0,0,0,0,0,0,4,1,0,4,0,0,False
1696,logic-ng/logicng,bb9eb88a768be4be8e02a76cfc4a59e6c3fb7f2e,org/logicng/io/writers/FormulaDotFileWriterTest.java,53,6,16,16,0.08,4,6,0,0,0,0,0,4,0,0,0,0,0,0,0,0,4,1,0,4,0,0,False
1697,logic-ng/logicng,bb9eb88a768be4be8e02a76cfc4a59e6c3fb7f2e,org/logicng/predicates/CNFPredicateTest.java,28,2,2,8,0.57,16,2,1,0,0,0,0,0,0,0,0,0,1,0,0,0,0,0,0,2,0,0,False
1698,logic-ng/logicng,bb9eb88a768be4be8e02a76cfc4a59e6c3fb7f2e,org/logicng/predicates/DNFPredicateTest.java,28,2,2,8,0.57,16,2,1,0,0,0,0,0,0,0,0,0,1,0,0,0,0,0,0,2,0,0,False
1699,logic-ng/logicng,bb9eb88a768be4be8e02a76cfc4a59e6c3fb7f2e,org/logicng/propositions/ExtendedPropositionTest.java,78,6,14,21,0.32,25,5,5,0,1,0,0,4,0,0,0,1,1,0,0,0,0,0,0,5,0,0,False
1700,logic-ng/logicng,bb9eb88a768be4be8e02a76cfc4a59e6c3fb7f2e,org/logicng/propositions/StandardPropositionTest.java,68,6,14,18,0.4,27,5,5,0,1,0,0,4,0,0,0,1,1,0,0,0,0,0,0,5,0,0,False
1701,logic-ng/logicng,bb9eb88a768be4be8e02a76cfc4a59e6c3fb7f2e,org/logicng/pseudobooleans/PBEncoderTest.java,121,9,16,61,0.14,17,8,3,5,1,0,0,0,0,0,0,0,2,0,0,0,1,1,0,7,0,0,False
1702,logic-ng/logicng,bb9eb88a768be4be8e02a76cfc4a59e6c3fb7f2e,org/logicng/solvers/sat/MiniSatTest.java,40,6,9,22,0.1,4,6,2,0,0,0,0,0,0,0,0,0,1,0,0,0,0,0,0,4,0,0,False
1703,logic-ng/logicng,bb9eb88a768be4be8e02a76cfc4a59e6c3fb7f2e,org/logicng/solvers/datastructures/LNGHeapTest.java,23,1,1,9,0.22,5,1,1,0,0,0,0,0,0,0,0,0,1,0,0,1,0,0,0,1,0,0,False
1704,logic-ng/logicng,bb9eb88a768be4be8e02a76cfc4a59e6c3fb7f2e,org/logicng/solvers/sat/GlucoseSyrupTest.java,33,6,11,10,0.03,1,6,0,0,0,0,0,0,0,0,0,0,1,0,0,0,0,0,0,3,0,0,False
1705,logic-ng/logicng,bb9eb88a768be4be8e02a76cfc4a59e6c3fb7f2e,org/logicng/solvers/sat/MiniCardTest.java,86,8,12,34,0.17,15,8,3,0,0,0,0,0,0,0,0,0,1,0,0,1,0,0,0,6,0,0,False
1706,logic-ng/logicng,bb9eb88a768be4be8e02a76cfc4a59e6c3fb7f2e,org/logicng/transformations/AnonymizerTest.java,60,4,12,16,0.55,33,4,4,0,0,0,0,4,0,0,0,0,0,0,0,1,0,0,0,4,0,0,False
1707,logic-ng/logicng,bb9eb88a768be4be8e02a76cfc4a59e6c3fb7f2e,org/logicng/transformations/BackboneSimplifierTest.java,27,2,8,8,0.41,11,2,2,0,0,0,0,2,0,0,0,0,0,0,0,0,0,0,0,2,0,0,False
1708,logic-ng/logicng,bb9eb88a768be4be8e02a76cfc4a59e6c3fb7f2e,org/logicng/transformations/DistributiveSimplifierTest.java,52,6,20,19,0.5,26,6,6,0,0,0,0,2,0,0,0,0,0,0,0,0,0,0,0,6,0,0,False
1709,logic-ng/logicng,bb9eb88a768be4be8e02a76cfc4a59e6c3fb7f2e,org/logicng/transformations/FormulaFactoryImporterTest.java,187,12,17,108,0.67,126,12,10,0,0,0,0,1,0,0,0,0,0,0,0,0,0,0,0,10,0,0,False
1710,logic-ng/logicng,bb9eb88a768be4be8e02a76cfc4a59e6c3fb7f2e,org/logicng/transformations/UnitPropagationTest.java,33,4,9,11,0.48,16,4,4,0,0,0,0,1,0,0,0,0,0,0,0,0,0,0,0,4,0,0,False
1711,logic-ng/logicng,bb9eb88a768be4be8e02a76cfc4a59e6c3fb7f2e,org/logicng/transformations/cnf/CNFEncoderTest.java,124,11,21,72,0.23,29,11,9,0,0,0,0,9,0,0,0,0,1,0,0,1,0,0,0,11,0,0,False
1712,logic-ng/logicng,bb9eb88a768be4be8e02a76cfc4a59e6c3fb7f2e,org/logicng/transformations/cnf/CNFSubsumptionTest.java,42,4,9,17,0.45,19,4,3,0,0,0,0,4,0,0,0,0,0,0,0,1,0,0,0,4,0,0,False
1713,logic-ng/logicng,bb9eb88a768be4be8e02a76cfc4a59e6c3fb7f2e,org/logicng/transformations/dnf/DNFFactorizationTest.java,89,10,26,29,0.47,42,8,7,0,0,0,0,5,0,0,0,0,1,0,0,1,0,0,0,8,0,0,False
1714,logic-ng/logicng,bb9eb88a768be4be8e02a76cfc4a59e6c3fb7f2e,org/logicng/transformations/dnf/DNFSubsumptionTest.java,49,4,11,17,0.39,19,4,3,1,0,0,0,4,0,0,0,0,0,0,0,1,0,0,0,4,0,0,False
1715,logic-ng/logicng,bb9eb88a768be4be8e02a76cfc4a59e6c3fb7f2e,org/logicng/transformations/qmc/TermTest.java,80,3,7,21,0.21,17,3,3,0,0,0,0,1,0,0,0,0,1,0,0,0,0,0,0,3,0,0,False
1716,logic-ng/logicng,bb9eb88a768be4be8e02a76cfc4a59e6c3fb7f2e,org/logicng/transformations/qmc/TermTableTest.java,47,4,8,19,0.26,12,4,2,0,0,0,0,0,0,0,0,0,1,0,0,1,0,0,0,3,0,0,False
1717,logic-ng/logicng,bb9eb88a768be4be8e02a76cfc4a59e6c3fb7f2e,org/logicng/util/ComparablePairTest.java,42,5,5,13,0.52,22,5,5,0,0,0,0,0,0,0,0,1,1,0,0,0,0,0,0,5,0,0,False
1718,logic-ng/logicng,bb9eb88a768be4be8e02a76cfc4a59e6c3fb7f2e,org/logicng/util/PairTest.java,36,4,4,10,0.5,18,4,4,0,0,0,0,0,0,0,0,1,1,0,0,0,0,0,0,4,0,0,False
1719,logic-ng/logicng,5017ba1eb0240d81a645872e3a36d13f4bdba43b,org/logicng/bdds/datastructures/BDDNodeTest.java,65,4,4,33,0.46,30,4,4,0,0,0,0,0,0,0,0,0,0,0,0,1,0,0,0,4,0,0,False
1720,logic-ng/logicng,5017ba1eb0240d81a645872e3a36d13f4bdba43b,org/logicng/bdds/io/BDDDotFileWriterTest.java,36,3,10,11,0.08,3,3,0,0,0,0,0,1,0,0,0,0,0,0,0,0,1,1,0,1,0,0,False
1721,logic-ng/logicng,5017ba1eb0240d81a645872e3a36d13f4bdba43b,org/logicng/bdds/orderings/BFSOrderingTest.java,27,2,5,11,0.37,10,2,1,0,0,0,0,2,0,0,0,0,0,0,0,0,0,0,0,2,0,0,False
1722,logic-ng/logicng,5017ba1eb0240d81a645872e3a36d13f4bdba43b,org/logicng/bdds/orderings/DFSOrderingTest.java,27,2,5,11,0.37,10,2,1,0,0,0,0,2,0,0,0,0,0,0,0,0,0,0,0,2,0,0,False
1723,logic-ng/logicng,5017ba1eb0240d81a645872e3a36d13f4bdba43b,org/logicng/bdds/orderings/ForceOrderingTest.java,33,3,9,17,0.21,7,3,1,0,0,0,0,3,0,0,0,0,0,0,0,0,0,0,0,3,0,0,False
1724,logic-ng/logicng,5017ba1eb0240d81a645872e3a36d13f4bdba43b,org/logicng/collections/ImmutableFormulaListTest.java,15,1,3,3,0.13,2,1,1,0,0,0,0,0,0,0,0,1,0,0,0,0,0,0,0,1,0,0,False
1725,logic-ng/logicng,5017ba1eb0240d81a645872e3a36d13f4bdba43b,org/logicng/collections/LNGBooleanVectorTest.java,148,11,23,68,0.41,60,11,9,9,0,0,0,0,0,0,0,0,1,0,0,4,0,0,0,11,0,0,False
1726,logic-ng/logicng,5017ba1eb0240d81a645872e3a36d13f4bdba43b,org/logicng/collections/LNGByteVectorTest.java,165,12,26,76,0.35,58,12,10,11,0,0,0,0,0,0,0,0,1,0,0,4,0,0,0,12,0,0,False
1727,logic-ng/logicng,5017ba1eb0240d81a645872e3a36d13f4bdba43b,org/logicng/collections/LNGDoublePriorityQueueTest.java,109,6,6,31,0.39,43,6,5,0,0,0,0,0,0,0,0,0,1,0,0,3,0,0,0,6,0,0,False
1728,logic-ng/logicng,5017ba1eb0240d81a645872e3a36d13f4bdba43b,org/logicng/collections/LNGDoubleVectorTest.java,162,12,26,75,0.35,57,12,10,11,0,0,0,0,0,0,0,0,1,0,0,5,0,0,0,12,0,0,False
1729,logic-ng/logicng,5017ba1eb0240d81a645872e3a36d13f4bdba43b,org/logicng/collections/LNGIntVectorTest.java,162,12,26,75,0.35,57,12,10,11,0,0,0,0,0,0,0,0,1,0,0,4,0,0,0,12,0,0,False
1730,logic-ng/logicng,5017ba1eb0240d81a645872e3a36d13f4bdba43b,org/logicng/collections/LNGLongPriorityQueueTest.java,88,5,5,25,0.41,36,5,4,0,0,0,0,0,0,0,0,0,1,0,0,2,0,0,0,5,0,0,False
1731,logic-ng/logicng,5017ba1eb0240d81a645872e3a36d13f4bdba43b,org/logicng/collections/LNGLongVectorTest.java,165,12,26,76,0.35,58,12,10,11,0,0,0,0,0,0,0,0,1,0,0,4,0,0,0,12,0,0,False
1732,logic-ng/logicng,5017ba1eb0240d81a645872e3a36d13f4bdba43b,org/logicng/collections/LNGVectorTest.java,295,23,49,138,0.36,105,21,18,20,1,0,0,0,0,0,0,0,2,0,0,7,0,0,0,21,0,0,False
1733,logic-ng/logicng,5017ba1eb0240d81a645872e3a36d13f4bdba43b,org/logicng/datastructures/AssignmentTest.java,149,14,17,68,0.45,67,14,13,0,0,0,0,1,0,0,0,2,2,0,0,3,0,0,0,14,0,0,False
1734,logic-ng/logicng,5017ba1eb0240d81a645872e3a36d13f4bdba43b,org/logicng/formulas/SubstitutionTest.java,113,13,17,38,0.35,40,12,9,0,1,0,0,4,0,0,0,1,1,0,0,0,0,0,0,12,0,0,False
1735,logic-ng/logicng,5017ba1eb0240d81a645872e3a36d13f4bdba43b,org/logicng/explanations/unsatcores/MUSConfigTest.java,12,1,2,10,0.17,2,1,1,0,0,0,0,0,0,0,0,0,1,0,0,0,0,0,0,1,0,0,False
1736,logic-ng/logicng,5017ba1eb0240d81a645872e3a36d13f4bdba43b,org/logicng/explanations/unsatcores/MUSGenerationTest.java,102,7,17,29,0.06,6,6,0,0,1,0,0,0,0,0,0,0,1,0,0,0,2,1,0,3,0,0,False
1737,logic-ng/logicng,5017ba1eb0240d81a645872e3a36d13f4bdba43b,org/logicng/explanations/unsatcores/UNSATCoreTest.java,53,5,7,13,0.28,15,4,4,0,1,0,0,0,0,0,0,2,1,0,0,0,0,0,0,4,0,0,False
1738,logic-ng/logicng,5017ba1eb0240d81a645872e3a36d13f4bdba43b,org/logicng/formulas/AndTest.java,127,16,19,60,0.57,73,16,13,0,0,0,0,2,0,0,0,1,1,0,0,3,0,0,0,16,0,0,False
1739,logic-ng/logicng,5017ba1eb0240d81a645872e3a36d13f4bdba43b,org/logicng/formulas/CFalseTest.java,52,14,15,36,0.33,17,14,0,0,0,0,0,0,0,0,0,0,1,0,0,0,0,0,0,14,0,0,False
1740,logic-ng/logicng,5017ba1eb0240d81a645872e3a36d13f4bdba43b,org/logicng/formulas/CTrueTest.java,53,14,15,36,0.34,18,14,1,0,0,0,0,0,0,0,0,0,1,0,0,1,0,0,0,14,0,0,False
1741,logic-ng/logicng,5017ba1eb0240d81a645872e3a36d13f4bdba43b,org/logicng/formulas/EquivalenceTest.java,113,16,18,50,0.57,64,16,15,0,0,0,0,1,0,0,0,1,1,0,0,4,0,0,0,16,0,0,False
1742,logic-ng/logicng,5017ba1eb0240d81a645872e3a36d13f4bdba43b,org/logicng/formulas/ExtendedFormulaFactoryTest.java,113,7,14,46,0.12,14,7,2,0,0,0,0,0,0,0,0,0,0,0,0,2,0,1,0,5,0,0,False
1743,logic-ng/logicng,5017ba1eb0240d81a645872e3a36d13f4bdba43b,org/logicng/formulas/FormulaTest.java,62,8,13,38,0.29,18,6,5,0,0,0,0,0,0,0,0,0,0,0,0,0,0,0,0,6,0,0,False
1744,logic-ng/logicng,5017ba1eb0240d81a645872e3a36d13f4bdba43b,org/logicng/formulas/FormulaFactoryTest.java,103,7,10,45,0.29,30,7,4,1,0,0,0,1,0,0,0,0,1,0,0,1,0,0,0,7,0,0,False
1745,logic-ng/logicng,5017ba1eb0240d81a645872e3a36d13f4bdba43b,org/logicng/formulas/ImplicationTest.java,109,17,19,50,0.52,57,17,15,0,0,0,0,1,0,0,0,1,1,0,0,4,0,0,0,17,0,0,False
1746,logic-ng/logicng,5017ba1eb0240d81a645872e3a36d13f4bdba43b,org/logicng/formulas/LiteralTest.java,110,19,20,54,0.55,61,19,18,0,0,0,0,0,0,0,0,1,1,0,0,2,1,0,0,19,0,0,False
1747,logic-ng/logicng,5017ba1eb0240d81a645872e3a36d13f4bdba43b,org/logicng/formulas/NotTest.java,91,15,17,46,0.52,47,15,14,0,0,0,0,1,0,0,0,1,1,0,0,3,0,0,0,15,0,0,False
1748,logic-ng/logicng,5017ba1eb0240d81a645872e3a36d13f4bdba43b,org/logicng/formulas/OrTest.java,123,15,18,55,0.59,72,15,13,0,0,0,0,2,0,0,0,1,1,0,0,3,0,0,0,15,0,0,False
1749,logic-ng/logicng,5017ba1eb0240d81a645872e3a36d13f4bdba43b,org/logicng/formulas/PBConstraintTest.java,468,30,34,153,0.53,247,29,26,0,1,0,0,1,0,0,0,2,5,0,0,3,0,0,0,29,0,0,False
1750,logic-ng/logicng,5017ba1eb0240d81a645872e3a36d13f4bdba43b,org/logicng/formulas/printer/DefaultStringRepresentationTest.java,33,2,2,7,0.64,21,2,1,0,0,0,0,0,0,0,0,0,1,0,0,0,0,0,0,2,0,0,False
1751,logic-ng/logicng,5017ba1eb0240d81a645872e3a36d13f4bdba43b,org/logicng/formulas/printer/LatexStringRepresentationTest.java,35,2,2,9,0.63,22,2,2,0,0,0,0,0,0,0,0,0,1,0,0,0,0,0,0,2,0,0,False
1752,logic-ng/logicng,5017ba1eb0240d81a645872e3a36d13f4bdba43b,org/logicng/formulas/printer/UTF8StringRepresentationTest.java,35,2,2,9,0.63,22,2,2,0,0,0,0,0,0,0,0,0,1,0,0,0,0,0,0,2,0,0,False
1753,logic-ng/logicng,5017ba1eb0240d81a645872e3a36d13f4bdba43b,org/logicng/graphs/algorithms/BronKerboschTest.java,44,1,4,13,0.16,7,1,1,1,0,0,0,1,0,0,0,0,0,0,0,0,0,0,0,1,0,0,False
1754,logic-ng/logicng,5017ba1eb0240d81a645872e3a36d13f4bdba43b,org/logicng/graphs/datastructures/GraphTest.java,65,4,7,37,0.2,13,4,2,0,0,0,0,0,0,0,0,0,1,0,0,0,0,0,0,3,0,0,False
1755,logic-ng/logicng,5017ba1eb0240d81a645872e3a36d13f4bdba43b,org/logicng/graphs/datastructures/HypergraphTest.java,34,2,2,12,0.21,7,2,1,0,0,0,0,0,0,0,0,0,1,0,0,1,0,0,0,2,0,0,False
1756,logic-ng/logicng,5017ba1eb0240d81a645872e3a36d13f4bdba43b,org/logicng/graphs/datastructures/HypergraphEdgeTest.java,39,3,5,21,0.08,3,3,1,0,0,0,0,2,0,0,0,0,0,0,0,1,0,0,0,3,0,0,False
1757,logic-ng/logicng,5017ba1eb0240d81a645872e3a36d13f4bdba43b,org/logicng/graphs/datastructures/HypergraphNodeTest.java,16,1,1,6,0.19,3,1,1,0,0,0,0,0,0,0,0,0,0,0,0,0,0,0,0,1,0,0,False
1758,logic-ng/logicng,5017ba1eb0240d81a645872e3a36d13f4bdba43b,org/logicng/graphs/generators/HypergraphGeneratorTest.java,83,3,8,26,0.28,23,3,2,0,0,0,0,3,0,0,0,0,0,0,0,2,0,0,0,3,0,0,False
1759,logic-ng/logicng,5017ba1eb0240d81a645872e3a36d13f4bdba43b,org/logicng/graphs/io/GraphDimacsFileWriterTest.java,86,6,20,31,0.1,9,6,0,1,0,0,0,3,0,0,0,0,0,0,0,0,3,1,0,3,0,0,False
1760,logic-ng/logicng,5017ba1eb0240d81a645872e3a36d13f4bdba43b,org/logicng/graphs/io/GraphDotFileWriterTest.java,72,5,15,24,0.07,5,5,0,1,0,0,0,3,0,0,0,0,0,0,0,0,3,1,0,3,0,0,False
1761,logic-ng/logicng,5017ba1eb0240d81a645872e3a36d13f4bdba43b,org/logicng/io/parsers/PropositionalParserTest.java,164,29,56,67,0.39,64,29,9,0,0,0,0,27,0,0,0,0,1,0,0,0,0,0,0,29,0,0,False
1762,logic-ng/logicng,5017ba1eb0240d81a645872e3a36d13f4bdba43b,org/logicng/io/parsers/PseudoBooleanParserTest.java,178,29,57,81,0.47,84,29,12,0,0,0,0,28,0,0,0,0,1,0,0,1,0,0,0,29,0,0,False
1763,logic-ng/logicng,5017ba1eb0240d81a645872e3a36d13f4bdba43b,org/logicng/io/writers/FormulaDimacsFileWriterTest.java,58,6,16,20,0.09,5,6,0,0,0,0,0,4,0,0,0,0,0,0,0,0,4,1,0,4,0,0,False
1764,logic-ng/logicng,5017ba1eb0240d81a645872e3a36d13f4bdba43b,org/logicng/io/writers/FormulaDotFileWriterTest.java,53,6,16,16,0.08,4,6,0,0,0,0,0,4,0,0,0,0,0,0,0,0,4,1,0,4,0,0,False
1765,logic-ng/logicng,5017ba1eb0240d81a645872e3a36d13f4bdba43b,org/logicng/predicates/CNFPredicateTest.java,28,2,2,8,0.57,16,2,1,0,0,0,0,0,0,0,0,0,1,0,0,0,0,0,0,2,0,0,False
1766,logic-ng/logicng,5017ba1eb0240d81a645872e3a36d13f4bdba43b,org/logicng/predicates/DNFPredicateTest.java,28,2,2,8,0.57,16,2,1,0,0,0,0,0,0,0,0,0,1,0,0,0,0,0,0,2,0,0,False
1767,logic-ng/logicng,5017ba1eb0240d81a645872e3a36d13f4bdba43b,org/logicng/propositions/ExtendedPropositionTest.java,78,6,14,21,0.32,25,5,5,0,1,0,0,4,0,0,0,1,1,0,0,0,0,0,0,5,0,0,False
1768,logic-ng/logicng,5017ba1eb0240d81a645872e3a36d13f4bdba43b,org/logicng/propositions/StandardPropositionTest.java,68,6,14,18,0.4,27,5,5,0,1,0,0,4,0,0,0,1,1,0,0,0,0,0,0,5,0,0,False
1769,logic-ng/logicng,5017ba1eb0240d81a645872e3a36d13f4bdba43b,org/logicng/pseudobooleans/PBEncoderTest.java,121,9,16,61,0.14,17,8,3,5,1,0,0,0,0,0,0,0,2,0,0,0,1,1,0,7,0,0,False
1770,logic-ng/logicng,5017ba1eb0240d81a645872e3a36d13f4bdba43b,org/logicng/solvers/sat/MiniSatTest.java,40,6,9,22,0.1,4,6,2,0,0,0,0,0,0,0,0,0,1,0,0,0,0,0,0,4,0,0,False
1771,logic-ng/logicng,5017ba1eb0240d81a645872e3a36d13f4bdba43b,org/logicng/solvers/datastructures/LNGHeapTest.java,23,1,1,9,0.22,5,1,1,0,0,0,0,0,0,0,0,0,1,0,0,1,0,0,0,1,0,0,False
1772,logic-ng/logicng,5017ba1eb0240d81a645872e3a36d13f4bdba43b,org/logicng/solvers/sat/GlucoseSyrupTest.java,33,6,11,10,0.03,1,6,0,0,0,0,0,0,0,0,0,0,1,0,0,0,0,0,0,3,0,0,False
1773,logic-ng/logicng,5017ba1eb0240d81a645872e3a36d13f4bdba43b,org/logicng/solvers/sat/MiniCardTest.java,86,8,12,34,0.17,15,8,3,0,0,0,0,0,0,0,0,0,1,0,0,1,0,0,0,6,0,0,False
1774,logic-ng/logicng,5017ba1eb0240d81a645872e3a36d13f4bdba43b,org/logicng/transformations/AnonymizerTest.java,60,4,12,16,0.55,33,4,4,0,0,0,0,4,0,0,0,0,0,0,0,1,0,0,0,4,0,0,False
1775,logic-ng/logicng,5017ba1eb0240d81a645872e3a36d13f4bdba43b,org/logicng/transformations/DistributiveSimplifierTest.java,52,6,20,19,0.5,26,6,6,0,0,0,0,2,0,0,0,0,0,0,0,0,0,0,0,6,0,0,False
1776,logic-ng/logicng,5017ba1eb0240d81a645872e3a36d13f4bdba43b,org/logicng/transformations/FormulaFactoryImporterTest.java,187,12,17,108,0.67,126,12,10,0,0,0,0,1,0,0,0,0,0,0,0,0,0,0,0,10,0,0,False
1777,logic-ng/logicng,5017ba1eb0240d81a645872e3a36d13f4bdba43b,org/logicng/transformations/UnitPropagationTest.java,33,4,9,11,0.48,16,4,4,0,0,0,0,1,0,0,0,0,0,0,0,0,0,0,0,4,0,0,False
1778,logic-ng/logicng,5017ba1eb0240d81a645872e3a36d13f4bdba43b,org/logicng/transformations/cnf/CNFEncoderTest.java,124,11,21,72,0.23,29,11,9,0,0,0,0,9,0,0,0,0,1,0,0,1,0,0,0,11,0,0,False
1779,logic-ng/logicng,5017ba1eb0240d81a645872e3a36d13f4bdba43b,org/logicng/transformations/dnf/DNFFactorizationTest.java,89,10,26,29,0.47,42,8,7,0,0,0,0,5,0,0,0,0,1,0,0,1,0,0,0,8,0,0,False
1780,logic-ng/logicng,5017ba1eb0240d81a645872e3a36d13f4bdba43b,org/logicng/transformations/qmc/TermTest.java,80,3,7,21,0.21,17,3,3,0,0,0,0,1,0,0,0,0,1,0,0,0,0,0,0,3,0,0,False
1781,logic-ng/logicng,5017ba1eb0240d81a645872e3a36d13f4bdba43b,org/logicng/transformations/qmc/TermTableTest.java,47,4,8,19,0.26,12,4,2,0,0,0,0,0,0,0,0,0,1,0,0,1,0,0,0,3,0,0,False
1782,logic-ng/logicng,5017ba1eb0240d81a645872e3a36d13f4bdba43b,org/logicng/util/ComparablePairTest.java,42,5,5,13,0.52,22,5,5,0,0,0,0,0,0,0,0,1,1,0,0,0,0,0,0,5,0,0,False
1783,logic-ng/logicng,5017ba1eb0240d81a645872e3a36d13f4bdba43b,org/logicng/util/PairTest.java,36,4,4,10,0.5,18,4,4,0,0,0,0,0,0,0,0,1,1,0,0,0,0,0,0,4,0,0,False
1784,logic-ng/logicng,976c57f376630c30dbe7a73010cef0c9672caf09,org/logicng/bdds/datastructures/BDDNodeTest.java,65,4,4,33,0.46,30,4,4,0,0,0,0,0,0,0,0,0,0,0,0,1,0,0,0,4,0,0,False
1785,logic-ng/logicng,976c57f376630c30dbe7a73010cef0c9672caf09,org/logicng/bdds/io/BDDDotFileWriterTest.java,36,3,10,11,0.08,3,3,0,0,0,0,0,1,0,0,0,0,0,0,0,0,1,1,0,1,0,0,False
1786,logic-ng/logicng,976c57f376630c30dbe7a73010cef0c9672caf09,org/logicng/bdds/orderings/BFSOrderingTest.java,27,2,5,11,0.37,10,2,1,0,0,0,0,2,0,0,0,0,0,0,0,0,0,0,0,2,0,0,False
1787,logic-ng/logicng,976c57f376630c30dbe7a73010cef0c9672caf09,org/logicng/bdds/orderings/DFSOrderingTest.java,27,2,5,11,0.37,10,2,1,0,0,0,0,2,0,0,0,0,0,0,0,0,0,0,0,2,0,0,False
1788,logic-ng/logicng,976c57f376630c30dbe7a73010cef0c9672caf09,org/logicng/bdds/orderings/ForceOrderingTest.java,33,3,9,17,0.21,7,3,1,0,0,0,0,3,0,0,0,0,0,0,0,0,0,0,0,3,0,0,False
1789,logic-ng/logicng,976c57f376630c30dbe7a73010cef0c9672caf09,org/logicng/collections/ImmutableFormulaListTest.java,15,1,3,3,0.13,2,1,1,0,0,0,0,0,0,0,0,1,0,0,0,0,0,0,0,1,0,0,False
1790,logic-ng/logicng,976c57f376630c30dbe7a73010cef0c9672caf09,org/logicng/collections/LNGBooleanVectorTest.java,148,11,23,68,0.41,60,11,9,9,0,0,0,0,0,0,0,0,1,0,0,4,0,0,0,11,0,0,False
1791,logic-ng/logicng,976c57f376630c30dbe7a73010cef0c9672caf09,org/logicng/collections/LNGByteVectorTest.java,165,12,26,76,0.35,58,12,10,11,0,0,0,0,0,0,0,0,1,0,0,4,0,0,0,12,0,0,False
1792,logic-ng/logicng,976c57f376630c30dbe7a73010cef0c9672caf09,org/logicng/collections/LNGDoublePriorityQueueTest.java,109,6,6,31,0.39,43,6,5,0,0,0,0,0,0,0,0,0,1,0,0,3,0,0,0,6,0,0,False
1793,logic-ng/logicng,976c57f376630c30dbe7a73010cef0c9672caf09,org/logicng/collections/LNGDoubleVectorTest.java,162,12,26,75,0.35,57,12,10,11,0,0,0,0,0,0,0,0,1,0,0,5,0,0,0,12,0,0,False
1794,logic-ng/logicng,976c57f376630c30dbe7a73010cef0c9672caf09,org/logicng/collections/LNGIntVectorTest.java,162,12,26,75,0.35,57,12,10,11,0,0,0,0,0,0,0,0,1,0,0,4,0,0,0,12,0,0,False
1795,logic-ng/logicng,976c57f376630c30dbe7a73010cef0c9672caf09,org/logicng/collections/LNGLongPriorityQueueTest.java,88,5,5,25,0.41,36,5,4,0,0,0,0,0,0,0,0,0,1,0,0,2,0,0,0,5,0,0,False
1796,logic-ng/logicng,976c57f376630c30dbe7a73010cef0c9672caf09,org/logicng/collections/LNGLongVectorTest.java,165,12,26,76,0.35,58,12,10,11,0,0,0,0,0,0,0,0,1,0,0,4,0,0,0,12,0,0,False
1797,logic-ng/logicng,976c57f376630c30dbe7a73010cef0c9672caf09,org/logicng/collections/LNGVectorTest.java,295,23,49,138,0.36,105,21,18,20,1,0,0,0,0,0,0,0,2,0,0,7,0,0,0,21,0,0,False
1798,logic-ng/logicng,976c57f376630c30dbe7a73010cef0c9672caf09,org/logicng/datastructures/AssignmentTest.java,149,14,17,68,0.45,67,14,13,0,0,0,0,1,0,0,0,2,2,0,0,3,0,0,0,14,0,0,False
1799,logic-ng/logicng,976c57f376630c30dbe7a73010cef0c9672caf09,org/logicng/formulas/SubstitutionTest.java,113,13,17,38,0.35,40,12,9,0,1,0,0,4,0,0,0,1,1,0,0,0,0,0,0,12,0,0,False
1800,logic-ng/logicng,976c57f376630c30dbe7a73010cef0c9672caf09,org/logicng/explanations/unsatcores/MUSConfigTest.java,12,1,1,9,0.17,2,1,1,0,0,0,0,0,0,0,0,0,1,0,0,0,0,0,0,1,0,0,False
1801,logic-ng/logicng,976c57f376630c30dbe7a73010cef0c9672caf09,org/logicng/explanations/unsatcores/MUSGenerationTest.java,102,7,19,29,0.06,6,6,0,0,1,0,0,2,0,0,0,0,1,0,0,0,2,1,0,3,0,0,False
1802,logic-ng/logicng,976c57f376630c30dbe7a73010cef0c9672caf09,org/logicng/explanations/unsatcores/UNSATCoreTest.java,53,5,7,13,0.28,15,4,4,0,1,0,0,0,0,0,0,2,1,0,0,0,0,0,0,4,0,0,False
1803,logic-ng/logicng,976c57f376630c30dbe7a73010cef0c9672caf09,org/logicng/formulas/AndTest.java,127,16,19,60,0.57,73,16,13,0,0,0,0,2,0,0,0,1,1,0,0,3,0,0,0,16,0,0,False
1804,logic-ng/logicng,976c57f376630c30dbe7a73010cef0c9672caf09,org/logicng/formulas/CFalseTest.java,52,14,16,36,0.33,17,14,0,0,0,0,0,1,0,0,0,0,1,0,0,0,0,0,0,14,0,0,False
1805,logic-ng/logicng,976c57f376630c30dbe7a73010cef0c9672caf09,org/logicng/formulas/CTrueTest.java,53,14,16,36,0.34,18,14,1,0,0,0,0,1,0,0,0,0,1,0,0,1,0,0,0,14,0,0,False
1806,logic-ng/logicng,976c57f376630c30dbe7a73010cef0c9672caf09,org/logicng/formulas/EquivalenceTest.java,113,16,18,50,0.57,64,16,15,0,0,0,0,1,0,0,0,1,1,0,0,4,0,0,0,16,0,0,False
1807,logic-ng/logicng,976c57f376630c30dbe7a73010cef0c9672caf09,org/logicng/formulas/ExtendedFormulaFactoryTest.java,113,7,14,46,0.12,14,7,2,0,0,0,0,0,0,0,0,0,0,0,0,2,0,1,0,5,0,0,False
1808,logic-ng/logicng,976c57f376630c30dbe7a73010cef0c9672caf09,org/logicng/formulas/FormulaTest.java,62,8,13,38,0.29,18,6,5,0,0,0,0,0,0,0,0,0,0,0,0,0,0,0,0,6,0,0,False
1809,logic-ng/logicng,976c57f376630c30dbe7a73010cef0c9672caf09,org/logicng/formulas/FormulaFactoryTest.java,98,6,8,40,0.29,28,6,3,1,0,0,0,1,0,0,0,0,1,0,0,1,0,0,0,6,0,0,False
1810,logic-ng/logicng,976c57f376630c30dbe7a73010cef0c9672caf09,org/logicng/formulas/ImplicationTest.java,109,17,19,50,0.52,57,17,15,0,0,0,0,1,0,0,0,1,1,0,0,4,0,0,0,17,0,0,False
1811,logic-ng/logicng,976c57f376630c30dbe7a73010cef0c9672caf09,org/logicng/formulas/LiteralTest.java,110,19,20,54,0.55,61,19,18,0,0,0,0,0,0,0,0,1,1,0,0,2,1,0,0,19,0,0,False
1812,logic-ng/logicng,976c57f376630c30dbe7a73010cef0c9672caf09,org/logicng/formulas/NotTest.java,91,15,17,46,0.52,47,15,14,0,0,0,0,1,0,0,0,1,1,0,0,3,0,0,0,15,0,0,False
1813,logic-ng/logicng,976c57f376630c30dbe7a73010cef0c9672caf09,org/logicng/formulas/OrTest.java,123,15,18,55,0.59,72,15,13,0,0,0,0,2,0,0,0,1,1,0,0,3,0,0,0,15,0,0,False
1814,logic-ng/logicng,976c57f376630c30dbe7a73010cef0c9672caf09,org/logicng/formulas/PBConstraintTest.java,468,30,34,153,0.53,247,29,26,0,1,0,0,1,0,0,0,2,5,0,0,3,0,0,0,29,0,0,False
1815,logic-ng/logicng,976c57f376630c30dbe7a73010cef0c9672caf09,org/logicng/formulas/printer/DefaultStringRepresentationTest.java,33,2,2,7,0.64,21,2,1,0,0,0,0,0,0,0,0,0,1,0,0,0,0,0,0,2,0,0,False
1816,logic-ng/logicng,976c57f376630c30dbe7a73010cef0c9672caf09,org/logicng/formulas/printer/LatexStringRepresentationTest.java,35,2,2,9,0.63,22,2,2,0,0,0,0,0,0,0,0,0,1,0,0,0,0,0,0,2,0,0,False
1817,logic-ng/logicng,976c57f376630c30dbe7a73010cef0c9672caf09,org/logicng/formulas/printer/UTF8StringRepresentationTest.java,35,2,2,9,0.63,22,2,2,0,0,0,0,0,0,0,0,0,1,0,0,0,0,0,0,2,0,0,False
1818,logic-ng/logicng,976c57f376630c30dbe7a73010cef0c9672caf09,org/logicng/graphs/algorithms/BronKerboschTest.java,44,1,4,13,0.16,7,1,1,1,0,0,0,1,0,0,0,0,0,0,0,0,0,0,0,1,0,0,False
1819,logic-ng/logicng,976c57f376630c30dbe7a73010cef0c9672caf09,org/logicng/graphs/datastructures/GraphTest.java,65,4,7,37,0.2,13,4,2,0,0,0,0,0,0,0,0,0,1,0,0,0,0,0,0,3,0,0,False
1820,logic-ng/logicng,976c57f376630c30dbe7a73010cef0c9672caf09,org/logicng/graphs/datastructures/HypergraphTest.java,34,2,2,12,0.21,7,2,1,0,0,0,0,0,0,0,0,0,1,0,0,1,0,0,0,2,0,0,False
1821,logic-ng/logicng,976c57f376630c30dbe7a73010cef0c9672caf09,org/logicng/graphs/datastructures/HypergraphEdgeTest.java,39,3,5,21,0.08,3,3,1,0,0,0,0,2,0,0,0,0,0,0,0,1,0,0,0,3,0,0,False
1822,logic-ng/logicng,976c57f376630c30dbe7a73010cef0c9672caf09,org/logicng/graphs/datastructures/HypergraphNodeTest.java,16,1,1,6,0.19,3,1,1,0,0,0,0,0,0,0,0,0,0,0,0,0,0,0,0,1,0,0,False
1823,logic-ng/logicng,976c57f376630c30dbe7a73010cef0c9672caf09,org/logicng/graphs/generators/HypergraphGeneratorTest.java,83,3,8,26,0.28,23,3,2,0,0,0,0,3,0,0,0,0,0,0,0,2,0,0,0,3,0,0,False
1824,logic-ng/logicng,976c57f376630c30dbe7a73010cef0c9672caf09,org/logicng/graphs/io/GraphDimacsFileWriterTest.java,86,6,20,31,0.1,9,6,0,1,0,0,0,3,0,0,0,0,0,0,0,0,3,1,0,3,0,0,False
1825,logic-ng/logicng,976c57f376630c30dbe7a73010cef0c9672caf09,org/logicng/graphs/io/GraphDotFileWriterTest.java,72,5,15,24,0.07,5,5,0,1,0,0,0,3,0,0,0,0,0,0,0,0,3,1,0,3,0,0,False
1826,logic-ng/logicng,976c57f376630c30dbe7a73010cef0c9672caf09,org/logicng/io/parsers/PropositionalParserTest.java,164,29,56,67,0.39,64,29,9,0,0,0,0,27,0,0,0,0,1,0,0,0,0,0,0,29,0,0,False
1827,logic-ng/logicng,976c57f376630c30dbe7a73010cef0c9672caf09,org/logicng/io/parsers/PseudoBooleanParserTest.java,178,29,57,81,0.47,84,29,12,0,0,0,0,28,0,0,0,0,1,0,0,1,0,0,0,29,0,0,False
1828,logic-ng/logicng,976c57f376630c30dbe7a73010cef0c9672caf09,org/logicng/io/writers/FormulaDimacsFileWriterTest.java,58,6,16,20,0.09,5,6,0,0,0,0,0,4,0,0,0,0,0,0,0,0,4,1,0,4,0,0,False
1829,logic-ng/logicng,976c57f376630c30dbe7a73010cef0c9672caf09,org/logicng/io/writers/FormulaDotFileWriterTest.java,53,6,16,16,0.08,4,6,0,0,0,0,0,4,0,0,0,0,0,0,0,0,4,1,0,4,0,0,False
1830,logic-ng/logicng,976c57f376630c30dbe7a73010cef0c9672caf09,org/logicng/predicates/CNFPredicateTest.java,28,2,2,8,0.57,16,2,1,0,0,0,0,0,0,0,0,0,1,0,0,0,0,0,0,2,0,0,False
1831,logic-ng/logicng,976c57f376630c30dbe7a73010cef0c9672caf09,org/logicng/predicates/DNFPredicateTest.java,28,2,2,8,0.57,16,2,1,0,0,0,0,0,0,0,0,0,1,0,0,0,0,0,0,2,0,0,False
1832,logic-ng/logicng,976c57f376630c30dbe7a73010cef0c9672caf09,org/logicng/propositions/ExtendedPropositionTest.java,78,6,14,21,0.32,25,5,5,0,1,0,0,4,0,0,0,1,1,0,0,0,0,0,0,5,0,0,False
1833,logic-ng/logicng,976c57f376630c30dbe7a73010cef0c9672caf09,org/logicng/propositions/StandardPropositionTest.java,68,6,14,18,0.4,27,5,5,0,1,0,0,4,0,0,0,1,1,0,0,0,0,0,0,5,0,0,False
1834,logic-ng/logicng,976c57f376630c30dbe7a73010cef0c9672caf09,org/logicng/pseudobooleans/PBEncoderTest.java,121,9,15,60,0.14,17,8,3,5,1,0,0,0,0,0,0,0,2,0,0,0,1,1,0,7,0,0,False
1835,logic-ng/logicng,976c57f376630c30dbe7a73010cef0c9672caf09,org/logicng/solvers/sat/MiniSatTest.java,40,6,9,22,0.1,4,6,2,0,0,0,0,0,0,0,0,0,1,0,0,0,0,0,0,4,0,0,False
1836,logic-ng/logicng,976c57f376630c30dbe7a73010cef0c9672caf09,org/logicng/solvers/datastructures/LNGHeapTest.java,23,1,1,9,0.22,5,1,1,0,0,0,0,0,0,0,0,0,1,0,0,1,0,0,0,1,0,0,False
1837,logic-ng/logicng,976c57f376630c30dbe7a73010cef0c9672caf09,org/logicng/solvers/sat/GlucoseSyrupTest.java,33,6,10,9,0.03,1,6,0,0,0,0,0,0,0,0,0,0,1,0,0,0,0,0,0,3,0,0,False
1838,logic-ng/logicng,976c57f376630c30dbe7a73010cef0c9672caf09,org/logicng/solvers/sat/MiniCardTest.java,86,8,11,33,0.17,15,8,3,0,0,0,0,0,0,0,0,0,1,0,0,1,0,0,0,6,0,0,False
1839,logic-ng/logicng,976c57f376630c30dbe7a73010cef0c9672caf09,org/logicng/transformations/AnonymizerTest.java,60,4,12,16,0.55,33,4,4,0,0,0,0,4,0,0,0,0,0,0,0,1,0,0,0,4,0,0,False
1840,logic-ng/logicng,976c57f376630c30dbe7a73010cef0c9672caf09,org/logicng/transformations/DistributiveSimplifierTest.java,52,6,20,19,0.5,26,6,6,0,0,0,0,2,0,0,0,0,0,0,0,0,0,0,0,6,0,0,False
1841,logic-ng/logicng,976c57f376630c30dbe7a73010cef0c9672caf09,org/logicng/transformations/FormulaFactoryImporterTest.java,165,11,14,95,0.75,123,11,9,0,0,0,0,0,0,0,0,0,0,0,0,0,0,0,0,9,0,0,False
1842,logic-ng/logicng,976c57f376630c30dbe7a73010cef0c9672caf09,org/logicng/transformations/UnitPropagationTest.java,33,4,9,11,0.48,16,4,4,0,0,0,0,1,0,0,0,0,0,0,0,0,0,0,0,4,0,0,False
1843,logic-ng/logicng,976c57f376630c30dbe7a73010cef0c9672caf09,org/logicng/transformations/cnf/CNFEncoderTest.java,124,11,20,71,0.23,29,11,9,0,0,0,0,9,0,0,0,0,1,0,0,1,0,0,0,11,0,0,False
1844,logic-ng/logicng,976c57f376630c30dbe7a73010cef0c9672caf09,org/logicng/transformations/dnf/DNFFactorizationTest.java,89,10,26,29,0.47,42,8,7,0,0,0,0,5,0,0,0,0,1,0,0,1,0,0,0,8,0,0,False
1845,logic-ng/logicng,976c57f376630c30dbe7a73010cef0c9672caf09,org/logicng/transformations/qmc/TermTest.java,80,3,7,21,0.21,17,3,3,0,0,0,0,1,0,0,0,0,1,0,0,0,0,0,0,3,0,0,False
1846,logic-ng/logicng,976c57f376630c30dbe7a73010cef0c9672caf09,org/logicng/transformations/qmc/TermTableTest.java,47,4,7,18,0.26,12,4,2,0,0,0,0,0,0,0,0,0,1,0,0,1,0,0,0,3,0,0,False
1847,logic-ng/logicng,976c57f376630c30dbe7a73010cef0c9672caf09,org/logicng/util/ComparablePairTest.java,42,5,5,13,0.52,22,5,5,0,0,0,0,0,0,0,0,1,1,0,0,0,0,0,0,5,0,0,False
1848,logic-ng/logicng,976c57f376630c30dbe7a73010cef0c9672caf09,org/logicng/util/PairTest.java,36,4,4,10,0.5,18,4,4,0,0,0,0,0,0,0,0,1,1,0,0,0,0,0,0,4,0,0,False
1849,logic-ng/logicng,651ec94b0182fc342a55ace616e81e8525243813,org/logicng/collections/ImmutableFormulaListTest.java,15,1,3,3,0.13,2,1,1,0,0,0,0,0,0,0,0,1,0,0,0,0,0,0,0,1,0,0,False
1850,logic-ng/logicng,651ec94b0182fc342a55ace616e81e8525243813,org/logicng/collections/LNGBooleanVectorTest.java,148,11,23,68,0.41,60,11,9,9,0,0,0,0,0,0,0,0,1,0,0,4,0,0,0,11,0,0,False
1851,logic-ng/logicng,651ec94b0182fc342a55ace616e81e8525243813,org/logicng/collections/LNGByteVectorTest.java,165,12,26,76,0.35,58,12,10,11,0,0,0,0,0,0,0,0,1,0,0,4,0,0,0,12,0,0,False
1852,logic-ng/logicng,651ec94b0182fc342a55ace616e81e8525243813,org/logicng/collections/LNGDoublePriorityQueueTest.java,109,6,6,31,0.39,43,6,5,0,0,0,0,0,0,0,0,0,1,0,0,3,0,0,0,6,0,0,False
1853,logic-ng/logicng,651ec94b0182fc342a55ace616e81e8525243813,org/logicng/collections/LNGDoubleVectorTest.java,162,12,26,75,0.35,57,12,10,11,0,0,0,0,0,0,0,0,1,0,0,5,0,0,0,12,0,0,False
1854,logic-ng/logicng,651ec94b0182fc342a55ace616e81e8525243813,org/logicng/collections/LNGIntVectorTest.java,162,12,26,75,0.35,57,12,10,11,0,0,0,0,0,0,0,0,1,0,0,4,0,0,0,12,0,0,False
1855,logic-ng/logicng,651ec94b0182fc342a55ace616e81e8525243813,org/logicng/collections/LNGLongPriorityQueueTest.java,88,5,5,25,0.41,36,5,4,0,0,0,0,0,0,0,0,0,1,0,0,2,0,0,0,5,0,0,False
1856,logic-ng/logicng,651ec94b0182fc342a55ace616e81e8525243813,org/logicng/collections/LNGLongVectorTest.java,165,12,26,76,0.35,58,12,10,11,0,0,0,0,0,0,0,0,1,0,0,4,0,0,0,12,0,0,False
1857,logic-ng/logicng,651ec94b0182fc342a55ace616e81e8525243813,org/logicng/collections/LNGVectorTest.java,295,23,49,138,0.36,105,21,18,20,1,0,0,0,0,0,0,0,2,0,0,7,0,0,0,21,0,0,False
1858,logic-ng/logicng,651ec94b0182fc342a55ace616e81e8525243813,org/logicng/datastructures/AssignmentTest.java,149,14,17,68,0.45,67,14,13,0,0,0,0,1,0,0,0,2,2,0,0,3,0,0,0,14,0,0,False
1859,logic-ng/logicng,651ec94b0182fc342a55ace616e81e8525243813,org/logicng/formulas/SubstitutionTest.java,113,13,17,38,0.35,40,12,9,0,1,0,0,4,0,0,0,1,1,0,0,0,0,0,0,12,0,0,False
1860,logic-ng/logicng,651ec94b0182fc342a55ace616e81e8525243813,org/logicng/explanations/unsatcores/MUSConfigTest.java,12,1,1,9,0.17,2,1,1,0,0,0,0,0,0,0,0,0,1,0,0,0,0,0,0,1,0,0,False
1861,logic-ng/logicng,651ec94b0182fc342a55ace616e81e8525243813,org/logicng/explanations/unsatcores/MUSGenerationTest.java,102,7,19,29,0.06,6,6,0,0,1,0,0,2,0,0,0,0,1,0,0,0,2,1,0,3,0,0,False
1862,logic-ng/logicng,651ec94b0182fc342a55ace616e81e8525243813,org/logicng/explanations/unsatcores/UNSATCoreTest.java,53,5,7,13,0.28,15,4,4,0,1,0,0,0,0,0,0,2,1,0,0,0,0,0,0,4,0,0,False
1863,logic-ng/logicng,651ec94b0182fc342a55ace616e81e8525243813,org/logicng/formulas/AndTest.java,127,16,19,60,0.57,73,16,13,0,0,0,0,2,0,0,0,1,1,0,0,3,0,0,0,16,0,0,False
1864,logic-ng/logicng,651ec94b0182fc342a55ace616e81e8525243813,org/logicng/formulas/CFalseTest.java,52,14,16,36,0.33,17,14,0,0,0,0,0,1,0,0,0,0,1,0,0,0,0,0,0,14,0,0,False
1865,logic-ng/logicng,651ec94b0182fc342a55ace616e81e8525243813,org/logicng/formulas/CTrueTest.java,53,14,16,36,0.34,18,14,1,0,0,0,0,1,0,0,0,0,1,0,0,1,0,0,0,14,0,0,False
1866,logic-ng/logicng,651ec94b0182fc342a55ace616e81e8525243813,org/logicng/formulas/EquivalenceTest.java,113,16,18,50,0.57,64,16,15,0,0,0,0,1,0,0,0,1,1,0,0,4,0,0,0,16,0,0,False
1867,logic-ng/logicng,651ec94b0182fc342a55ace616e81e8525243813,org/logicng/formulas/ExtendedFormulaFactoryTest.java,113,7,14,46,0.12,14,7,2,0,0,0,0,0,0,0,0,0,0,0,0,2,0,1,0,5,0,0,False
1868,logic-ng/logicng,651ec94b0182fc342a55ace616e81e8525243813,org/logicng/formulas/FormulaTest.java,62,8,13,38,0.29,18,6,5,0,0,0,0,0,0,0,0,0,0,0,0,0,0,0,0,6,0,0,False
1869,logic-ng/logicng,651ec94b0182fc342a55ace616e81e8525243813,org/logicng/formulas/FormulaFactoryTest.java,98,6,8,40,0.29,28,6,3,1,0,0,0,1,0,0,0,0,1,0,0,1,0,0,0,6,0,0,False
1870,logic-ng/logicng,651ec94b0182fc342a55ace616e81e8525243813,org/logicng/formulas/ImplicationTest.java,109,17,19,50,0.52,57,17,15,0,0,0,0,1,0,0,0,1,1,0,0,4,0,0,0,17,0,0,False
1871,logic-ng/logicng,651ec94b0182fc342a55ace616e81e8525243813,org/logicng/formulas/LiteralTest.java,110,19,20,54,0.55,61,19,18,0,0,0,0,0,0,0,0,1,1,0,0,2,1,0,0,19,0,0,False
1872,logic-ng/logicng,651ec94b0182fc342a55ace616e81e8525243813,org/logicng/formulas/NotTest.java,91,15,17,46,0.52,47,15,14,0,0,0,0,1,0,0,0,1,1,0,0,3,0,0,0,15,0,0,False
1873,logic-ng/logicng,651ec94b0182fc342a55ace616e81e8525243813,org/logicng/formulas/OrTest.java,123,15,18,55,0.59,72,15,13,0,0,0,0,2,0,0,0,1,1,0,0,3,0,0,0,15,0,0,False
1874,logic-ng/logicng,651ec94b0182fc342a55ace616e81e8525243813,org/logicng/formulas/PBConstraintTest.java,468,30,34,153,0.53,247,29,26,0,1,0,0,1,0,0,0,2,5,0,0,3,0,0,0,29,0,0,False
1875,logic-ng/logicng,651ec94b0182fc342a55ace616e81e8525243813,org/logicng/formulas/printer/DefaultStringRepresentationTest.java,33,2,2,7,0.64,21,2,1,0,0,0,0,0,0,0,0,0,1,0,0,0,0,0,0,2,0,0,False
1876,logic-ng/logicng,651ec94b0182fc342a55ace616e81e8525243813,org/logicng/formulas/printer/LatexStringRepresentationTest.java,35,2,2,9,0.63,22,2,2,0,0,0,0,0,0,0,0,0,1,0,0,0,0,0,0,2,0,0,False
1877,logic-ng/logicng,651ec94b0182fc342a55ace616e81e8525243813,org/logicng/formulas/printer/UTF8StringRepresentationTest.java,35,2,2,9,0.63,22,2,2,0,0,0,0,0,0,0,0,0,1,0,0,0,0,0,0,2,0,0,False
1878,logic-ng/logicng,651ec94b0182fc342a55ace616e81e8525243813,org/logicng/graphs/algorithms/BronKerboschTest.java,44,1,4,13,0.16,7,1,1,1,0,0,0,1,0,0,0,0,0,0,0,0,0,0,0,1,0,0,False
1879,logic-ng/logicng,651ec94b0182fc342a55ace616e81e8525243813,org/logicng/graphs/datastructures/GraphTest.java,65,4,7,37,0.2,13,4,2,0,0,0,0,0,0,0,0,0,1,0,0,0,0,0,0,3,0,0,False
1880,logic-ng/logicng,651ec94b0182fc342a55ace616e81e8525243813,org/logicng/graphs/io/GraphDimacsFileWriterTest.java,86,6,20,31,0.1,9,6,0,1,0,0,0,3,0,0,0,0,0,0,0,0,3,1,0,3,0,0,False
1881,logic-ng/logicng,651ec94b0182fc342a55ace616e81e8525243813,org/logicng/graphs/io/GraphDotFileWriterTest.java,72,5,15,24,0.07,5,5,0,1,0,0,0,3,0,0,0,0,0,0,0,0,3,1,0,3,0,0,False
1882,logic-ng/logicng,651ec94b0182fc342a55ace616e81e8525243813,org/logicng/io/parsers/PropositionalParserTest.java,138,24,47,51,0.43,59,24,7,0,0,0,0,23,0,0,0,0,1,0,0,0,0,0,0,24,0,0,False
1883,logic-ng/logicng,651ec94b0182fc342a55ace616e81e8525243813,org/logicng/io/parsers/PseudoBooleanParserTest.java,176,30,59,76,0.45,80,30,11,0,0,0,0,29,0,0,0,0,1,0,0,1,0,0,0,30,0,0,False
1884,logic-ng/logicng,651ec94b0182fc342a55ace616e81e8525243813,org/logicng/io/writers/FormulaDimacsFileWriterTest.java,58,6,16,20,0.09,5,6,0,0,0,0,0,4,0,0,0,0,0,0,0,0,4,1,0,4,0,0,False
1885,logic-ng/logicng,651ec94b0182fc342a55ace616e81e8525243813,org/logicng/io/writers/FormulaDotFileWriterTest.java,53,6,16,16,0.08,4,6,0,0,0,0,0,4,0,0,0,0,0,0,0,0,4,1,0,4,0,0,False
1886,logic-ng/logicng,651ec94b0182fc342a55ace616e81e8525243813,org/logicng/predicates/CNFPredicateTest.java,28,2,2,8,0.57,16,2,1,0,0,0,0,0,0,0,0,0,1,0,0,0,0,0,0,2,0,0,False
1887,logic-ng/logicng,651ec94b0182fc342a55ace616e81e8525243813,org/logicng/predicates/DNFPredicateTest.java,28,2,2,8,0.57,16,2,1,0,0,0,0,0,0,0,0,0,1,0,0,0,0,0,0,2,0,0,False
1888,logic-ng/logicng,651ec94b0182fc342a55ace616e81e8525243813,org/logicng/propositions/ExtendedPropositionTest.java,78,6,14,21,0.32,25,5,5,0,1,0,0,4,0,0,0,1,1,0,0,0,0,0,0,5,0,0,False
1889,logic-ng/logicng,651ec94b0182fc342a55ace616e81e8525243813,org/logicng/propositions/StandardPropositionTest.java,68,6,14,18,0.4,27,5,5,0,1,0,0,4,0,0,0,1,1,0,0,0,0,0,0,5,0,0,False
1890,logic-ng/logicng,651ec94b0182fc342a55ace616e81e8525243813,org/logicng/pseudobooleans/PBEncoderTest.java,121,9,15,60,0.14,17,8,3,5,1,0,0,0,0,0,0,0,2,0,0,0,1,1,0,7,0,0,False
1891,logic-ng/logicng,651ec94b0182fc342a55ace616e81e8525243813,org/logicng/solvers/sat/MiniSatTest.java,40,6,9,22,0.1,4,6,2,0,0,0,0,0,0,0,0,0,1,0,0,0,0,0,0,4,0,0,False
1892,logic-ng/logicng,651ec94b0182fc342a55ace616e81e8525243813,org/logicng/solvers/datastructures/LNGHeapTest.java,23,1,1,9,0.22,5,1,1,0,0,0,0,0,0,0,0,0,1,0,0,1,0,0,0,1,0,0,False
1893,logic-ng/logicng,651ec94b0182fc342a55ace616e81e8525243813,org/logicng/solvers/sat/GlucoseSyrupTest.java,33,6,10,9,0.03,1,6,0,0,0,0,0,0,0,0,0,0,1,0,0,0,0,0,0,3,0,0,False
1894,logic-ng/logicng,651ec94b0182fc342a55ace616e81e8525243813,org/logicng/solvers/sat/MiniCardTest.java,86,8,11,33,0.17,15,8,3,0,0,0,0,0,0,0,0,0,1,0,0,1,0,0,0,6,0,0,False
1895,logic-ng/logicng,651ec94b0182fc342a55ace616e81e8525243813,org/logicng/transformations/DistributiveSimplifierTest.java,52,6,20,19,0.5,26,6,6,0,0,0,0,2,0,0,0,0,0,0,0,0,0,0,0,6,0,0,False
1896,logic-ng/logicng,651ec94b0182fc342a55ace616e81e8525243813,org/logicng/transformations/FormulaFactoryImporterTest.java,165,11,14,95,0.75,123,11,9,0,0,0,0,0,0,0,0,0,0,0,0,0,0,0,0,9,0,0,False
1897,logic-ng/logicng,651ec94b0182fc342a55ace616e81e8525243813,org/logicng/transformations/UnitPropagationTest.java,33,4,9,11,0.48,16,4,4,0,0,0,0,1,0,0,0,0,0,0,0,0,0,0,0,4,0,0,False
1898,logic-ng/logicng,651ec94b0182fc342a55ace616e81e8525243813,org/logicng/transformations/cnf/CNFEncoderTest.java,124,11,20,71,0.23,29,11,9,0,0,0,0,9,0,0,0,0,1,0,0,1,0,0,0,11,0,0,False
1899,logic-ng/logicng,651ec94b0182fc342a55ace616e81e8525243813,org/logicng/util/ComparablePairTest.java,42,5,5,13,0.52,22,5,5,0,0,0,0,0,0,0,0,1,1,0,0,0,0,0,0,5,0,0,False
1900,logic-ng/logicng,651ec94b0182fc342a55ace616e81e8525243813,org/logicng/util/PairTest.java,36,4,4,10,0.5,18,4,4,0,0,0,0,0,0,0,0,1,1,0,0,0,0,0,0,4,0,0,False
1901,logic-ng/logicng,056a86aaa5548661940b9395030c3ffb448b11e5,org/logicng/collections/ImmutableFormulaListTest.java,15,1,3,3,0.13,2,1,1,0,0,0,0,0,0,0,0,1,0,0,0,0,0,0,0,1,0,0,False
1902,logic-ng/logicng,056a86aaa5548661940b9395030c3ffb448b11e5,org/logicng/collections/LNGBooleanVectorTest.java,148,11,23,68,0.41,60,11,9,9,0,0,0,0,0,0,0,0,1,0,0,4,0,0,0,11,0,0,False
1903,logic-ng/logicng,056a86aaa5548661940b9395030c3ffb448b11e5,org/logicng/collections/LNGByteVectorTest.java,165,12,26,76,0.35,58,12,10,11,0,0,0,0,0,0,0,0,1,0,0,4,0,0,0,12,0,0,False
1904,logic-ng/logicng,056a86aaa5548661940b9395030c3ffb448b11e5,org/logicng/collections/LNGDoublePriorityQueueTest.java,109,6,6,31,0.39,43,6,5,0,0,0,0,0,0,0,0,0,1,0,0,3,0,0,0,6,0,0,False
1905,logic-ng/logicng,056a86aaa5548661940b9395030c3ffb448b11e5,org/logicng/collections/LNGDoubleVectorTest.java,162,12,26,75,0.35,57,12,10,11,0,0,0,0,0,0,0,0,1,0,0,5,0,0,0,12,0,0,False
1906,logic-ng/logicng,056a86aaa5548661940b9395030c3ffb448b11e5,org/logicng/collections/LNGIntVectorTest.java,162,12,26,75,0.35,57,12,10,11,0,0,0,0,0,0,0,0,1,0,0,4,0,0,0,12,0,0,False
1907,logic-ng/logicng,056a86aaa5548661940b9395030c3ffb448b11e5,org/logicng/collections/LNGLongPriorityQueueTest.java,88,5,5,25,0.41,36,5,4,0,0,0,0,0,0,0,0,0,1,0,0,2,0,0,0,5,0,0,False
1908,logic-ng/logicng,056a86aaa5548661940b9395030c3ffb448b11e5,org/logicng/collections/LNGLongVectorTest.java,165,12,26,76,0.35,58,12,10,11,0,0,0,0,0,0,0,0,1,0,0,4,0,0,0,12,0,0,False
1909,logic-ng/logicng,056a86aaa5548661940b9395030c3ffb448b11e5,org/logicng/collections/LNGVectorTest.java,295,23,49,138,0.36,105,21,18,20,1,0,0,0,0,0,0,0,2,0,0,7,0,0,0,21,0,0,False
1910,logic-ng/logicng,056a86aaa5548661940b9395030c3ffb448b11e5,org/logicng/datastructures/AssignmentTest.java,149,14,17,68,0.45,67,14,13,0,0,0,0,1,0,0,0,2,2,0,0,3,0,0,0,14,0,0,False
1911,logic-ng/logicng,056a86aaa5548661940b9395030c3ffb448b11e5,org/logicng/formulas/SubstitutionTest.java,113,13,17,38,0.35,40,12,9,0,1,0,0,4,0,0,0,1,1,0,0,0,0,0,0,12,0,0,False
1912,logic-ng/logicng,056a86aaa5548661940b9395030c3ffb448b11e5,org/logicng/explanations/unsatcores/MUSConfigTest.java,12,1,1,9,0.17,2,1,1,0,0,0,0,0,0,0,0,0,1,0,0,0,0,0,0,1,0,0,False
1913,logic-ng/logicng,056a86aaa5548661940b9395030c3ffb448b11e5,org/logicng/explanations/unsatcores/MUSGenerationTest.java,102,7,19,29,0.06,6,6,0,0,1,0,0,2,0,0,0,0,1,0,0,0,2,1,0,3,0,0,False
1914,logic-ng/logicng,056a86aaa5548661940b9395030c3ffb448b11e5,org/logicng/explanations/unsatcores/UNSATCoreTest.java,53,5,7,13,0.28,15,4,4,0,1,0,0,0,0,0,0,2,1,0,0,0,0,0,0,4,0,0,False
1915,logic-ng/logicng,056a86aaa5548661940b9395030c3ffb448b11e5,org/logicng/formulas/AndTest.java,127,16,19,60,0.57,73,16,13,0,0,0,0,2,0,0,0,1,1,0,0,3,0,0,0,16,0,0,False
1916,logic-ng/logicng,056a86aaa5548661940b9395030c3ffb448b11e5,org/logicng/formulas/CFalseTest.java,52,14,16,36,0.33,17,14,0,0,0,0,0,1,0,0,0,0,1,0,0,0,0,0,0,14,0,0,False
1917,logic-ng/logicng,056a86aaa5548661940b9395030c3ffb448b11e5,org/logicng/formulas/CTrueTest.java,53,14,16,36,0.34,18,14,1,0,0,0,0,1,0,0,0,0,1,0,0,1,0,0,0,14,0,0,False
1918,logic-ng/logicng,056a86aaa5548661940b9395030c3ffb448b11e5,org/logicng/formulas/EquivalenceTest.java,113,16,18,50,0.57,64,16,15,0,0,0,0,1,0,0,0,1,1,0,0,4,0,0,0,16,0,0,False
1919,logic-ng/logicng,056a86aaa5548661940b9395030c3ffb448b11e5,org/logicng/formulas/ExtendedFormulaFactoryTest.java,113,7,14,46,0.12,14,7,2,0,0,0,0,0,0,0,0,0,0,0,0,2,0,1,0,5,0,0,False
1920,logic-ng/logicng,056a86aaa5548661940b9395030c3ffb448b11e5,org/logicng/formulas/FormulaTest.java,62,8,13,38,0.29,18,6,5,0,0,0,0,0,0,0,0,0,0,0,0,0,0,0,0,6,0,0,False
1921,logic-ng/logicng,056a86aaa5548661940b9395030c3ffb448b11e5,org/logicng/formulas/FormulaFactoryTest.java,80,5,5,31,0.28,22,5,2,0,0,0,0,0,0,0,0,0,1,0,0,1,0,0,0,5,0,0,False
1922,logic-ng/logicng,056a86aaa5548661940b9395030c3ffb448b11e5,org/logicng/formulas/ImplicationTest.java,109,17,19,50,0.52,57,17,15,0,0,0,0,1,0,0,0,1,1,0,0,4,0,0,0,17,0,0,False
1923,logic-ng/logicng,056a86aaa5548661940b9395030c3ffb448b11e5,org/logicng/formulas/LiteralTest.java,110,19,20,54,0.55,61,19,18,0,0,0,0,0,0,0,0,1,1,0,0,2,1,0,0,19,0,0,False
1924,logic-ng/logicng,056a86aaa5548661940b9395030c3ffb448b11e5,org/logicng/formulas/NotTest.java,91,15,17,46,0.52,47,15,14,0,0,0,0,1,0,0,0,1,1,0,0,3,0,0,0,15,0,0,False
1925,logic-ng/logicng,056a86aaa5548661940b9395030c3ffb448b11e5,org/logicng/formulas/OrTest.java,123,15,18,55,0.59,72,15,13,0,0,0,0,2,0,0,0,1,1,0,0,3,0,0,0,15,0,0,False
1926,logic-ng/logicng,056a86aaa5548661940b9395030c3ffb448b11e5,org/logicng/formulas/PBConstraintTest.java,468,30,34,153,0.53,247,29,26,0,1,0,0,1,0,0,0,2,5,0,0,3,0,0,0,29,0,0,False
1927,logic-ng/logicng,056a86aaa5548661940b9395030c3ffb448b11e5,org/logicng/formulas/printer/DefaultStringRepresentationTest.java,33,2,2,7,0.64,21,2,1,0,0,0,0,0,0,0,0,0,1,0,0,0,0,0,0,2,0,0,False
1928,logic-ng/logicng,056a86aaa5548661940b9395030c3ffb448b11e5,org/logicng/formulas/printer/LatexStringRepresentationTest.java,35,2,2,9,0.63,22,2,2,0,0,0,0,0,0,0,0,0,1,0,0,0,0,0,0,2,0,0,False
1929,logic-ng/logicng,056a86aaa5548661940b9395030c3ffb448b11e5,org/logicng/formulas/printer/UTF8StringRepresentationTest.java,35,2,2,9,0.63,22,2,2,0,0,0,0,0,0,0,0,0,1,0,0,0,0,0,0,2,0,0,False
1930,logic-ng/logicng,056a86aaa5548661940b9395030c3ffb448b11e5,org/logicng/graphs/algorithms/BronKerboschTest.java,44,1,4,13,0.16,7,1,1,1,0,0,0,1,0,0,0,0,0,0,0,0,0,0,0,1,0,0,False
1931,logic-ng/logicng,056a86aaa5548661940b9395030c3ffb448b11e5,org/logicng/graphs/datastructures/GraphTest.java,65,4,7,37,0.2,13,4,2,0,0,0,0,0,0,0,0,0,1,0,0,0,0,0,0,3,0,0,False
1932,logic-ng/logicng,056a86aaa5548661940b9395030c3ffb448b11e5,org/logicng/graphs/io/GraphDimacsFileWriterTest.java,86,6,20,31,0.1,9,6,0,1,0,0,0,3,0,0,0,0,0,0,0,0,3,1,0,3,0,0,False
1933,logic-ng/logicng,056a86aaa5548661940b9395030c3ffb448b11e5,org/logicng/graphs/io/GraphDotFileWriterTest.java,72,5,15,24,0.07,5,5,0,1,0,0,0,3,0,0,0,0,0,0,0,0,3,1,0,3,0,0,False
1934,logic-ng/logicng,056a86aaa5548661940b9395030c3ffb448b11e5,org/logicng/io/parsers/PropositionalParserTest.java,138,24,47,51,0.43,59,24,7,0,0,0,0,23,0,0,0,0,1,0,0,0,0,0,0,24,0,0,False
1935,logic-ng/logicng,056a86aaa5548661940b9395030c3ffb448b11e5,org/logicng/io/parsers/PseudoBooleanParserTest.java,176,30,59,76,0.45,80,30,11,0,0,0,0,29,0,0,0,0,1,0,0,1,0,0,0,30,0,0,False
1936,logic-ng/logicng,056a86aaa5548661940b9395030c3ffb448b11e5,org/logicng/io/writers/FormulaDimacsFileWriterTest.java,58,6,16,20,0.09,5,6,0,0,0,0,0,4,0,0,0,0,0,0,0,0,4,1,0,4,0,0,False
1937,logic-ng/logicng,056a86aaa5548661940b9395030c3ffb448b11e5,org/logicng/io/writers/FormulaDotFileWriterTest.java,53,6,16,16,0.08,4,6,0,0,0,0,0,4,0,0,0,0,0,0,0,0,4,1,0,4,0,0,False
1938,logic-ng/logicng,056a86aaa5548661940b9395030c3ffb448b11e5,org/logicng/predicates/CNFPredicateTest.java,28,2,2,8,0.57,16,2,1,0,0,0,0,0,0,0,0,0,1,0,0,0,0,0,0,2,0,0,False
1939,logic-ng/logicng,056a86aaa5548661940b9395030c3ffb448b11e5,org/logicng/predicates/DNFPredicateTest.java,28,2,2,8,0.57,16,2,1,0,0,0,0,0,0,0,0,0,1,0,0,0,0,0,0,2,0,0,False
1940,logic-ng/logicng,056a86aaa5548661940b9395030c3ffb448b11e5,org/logicng/propositions/ExtendedPropositionTest.java,78,6,14,21,0.32,25,5,5,0,1,0,0,4,0,0,0,1,1,0,0,0,0,0,0,5,0,0,False
1941,logic-ng/logicng,056a86aaa5548661940b9395030c3ffb448b11e5,org/logicng/propositions/StandardPropositionTest.java,68,6,14,18,0.4,27,5,5,0,1,0,0,4,0,0,0,1,1,0,0,0,0,0,0,5,0,0,False
1942,logic-ng/logicng,056a86aaa5548661940b9395030c3ffb448b11e5,org/logicng/pseudobooleans/PBEncoderTest.java,121,9,15,60,0.14,17,8,3,5,1,0,0,0,0,0,0,0,2,0,0,0,1,1,0,7,0,0,False
1943,logic-ng/logicng,056a86aaa5548661940b9395030c3ffb448b11e5,org/logicng/solvers/sat/MiniSatTest.java,40,6,9,22,0.1,4,6,2,0,0,0,0,0,0,0,0,0,1,0,0,0,0,0,0,4,0,0,False
1944,logic-ng/logicng,056a86aaa5548661940b9395030c3ffb448b11e5,org/logicng/solvers/datastructures/LNGHeapTest.java,23,1,1,9,0.22,5,1,1,0,0,0,0,0,0,0,0,0,1,0,0,1,0,0,0,1,0,0,False
1945,logic-ng/logicng,056a86aaa5548661940b9395030c3ffb448b11e5,org/logicng/solvers/sat/GlucoseSyrupTest.java,33,6,10,9,0.03,1,6,0,0,0,0,0,0,0,0,0,0,1,0,0,0,0,0,0,3,0,0,False
1946,logic-ng/logicng,056a86aaa5548661940b9395030c3ffb448b11e5,org/logicng/solvers/sat/MiniCardTest.java,86,8,11,33,0.17,15,8,3,0,0,0,0,0,0,0,0,0,1,0,0,1,0,0,0,6,0,0,False
1947,logic-ng/logicng,056a86aaa5548661940b9395030c3ffb448b11e5,org/logicng/transformations/DistributiveSimplifierTest.java,52,6,20,19,0.5,26,6,6,0,0,0,0,2,0,0,0,0,0,0,0,0,0,0,0,6,0,0,False
1948,logic-ng/logicng,056a86aaa5548661940b9395030c3ffb448b11e5,org/logicng/transformations/UnitPropagationTest.java,33,4,9,11,0.48,16,4,4,0,0,0,0,1,0,0,0,0,0,0,0,0,0,0,0,4,0,0,False
1949,logic-ng/logicng,056a86aaa5548661940b9395030c3ffb448b11e5,org/logicng/transformations/cnf/CNFEncoderTest.java,124,11,20,71,0.23,29,11,9,0,0,0,0,9,0,0,0,0,1,0,0,1,0,0,0,11,0,0,False
1950,logic-ng/logicng,056a86aaa5548661940b9395030c3ffb448b11e5,org/logicng/util/ComparablePairTest.java,42,5,5,13,0.52,22,5,5,0,0,0,0,0,0,0,0,1,1,0,0,0,0,0,0,5,0,0,False
1951,logic-ng/logicng,056a86aaa5548661940b9395030c3ffb448b11e5,org/logicng/util/PairTest.java,36,4,4,10,0.5,18,4,4,0,0,0,0,0,0,0,0,1,1,0,0,0,0,0,0,4,0,0,False
1952,logic-ng/logicng,295ff7d0dd0b49218404b1ca804263dbcd16b873,org/logicng/collections/ImmutableFormulaListTest.java,15,1,3,3,0.13,2,1,1,0,0,0,0,0,0,0,0,1,0,0,0,0,0,0,0,1,0,0,False
1953,logic-ng/logicng,295ff7d0dd0b49218404b1ca804263dbcd16b873,org/logicng/collections/LNGBooleanVectorTest.java,148,11,23,68,0.41,60,11,9,9,0,0,0,0,0,0,0,0,1,0,0,4,0,0,0,11,0,0,False
1954,logic-ng/logicng,295ff7d0dd0b49218404b1ca804263dbcd16b873,org/logicng/collections/LNGByteVectorTest.java,165,12,26,76,0.35,58,12,10,11,0,0,0,0,0,0,0,0,1,0,0,4,0,0,0,12,0,0,False
1955,logic-ng/logicng,295ff7d0dd0b49218404b1ca804263dbcd16b873,org/logicng/collections/LNGDoublePriorityQueueTest.java,109,6,6,31,0.39,43,6,5,0,0,0,0,0,0,0,0,0,1,0,0,3,0,0,0,6,0,0,False
1956,logic-ng/logicng,295ff7d0dd0b49218404b1ca804263dbcd16b873,org/logicng/collections/LNGDoubleVectorTest.java,162,12,26,75,0.35,57,12,10,11,0,0,0,0,0,0,0,0,1,0,0,5,0,0,0,12,0,0,False
1957,logic-ng/logicng,295ff7d0dd0b49218404b1ca804263dbcd16b873,org/logicng/collections/LNGIntVectorTest.java,162,12,26,75,0.35,57,12,10,11,0,0,0,0,0,0,0,0,1,0,0,4,0,0,0,12,0,0,False
1958,logic-ng/logicng,295ff7d0dd0b49218404b1ca804263dbcd16b873,org/logicng/collections/LNGLongPriorityQueueTest.java,88,5,5,25,0.41,36,5,4,0,0,0,0,0,0,0,0,0,1,0,0,2,0,0,0,5,0,0,False
1959,logic-ng/logicng,295ff7d0dd0b49218404b1ca804263dbcd16b873,org/logicng/collections/LNGLongVectorTest.java,165,12,26,76,0.35,58,12,10,11,0,0,0,0,0,0,0,0,1,0,0,4,0,0,0,12,0,0,False
1960,logic-ng/logicng,295ff7d0dd0b49218404b1ca804263dbcd16b873,org/logicng/collections/LNGVectorTest.java,295,23,49,138,0.36,105,21,18,20,1,0,0,0,0,0,0,0,2,0,0,7,0,0,0,21,0,0,False
1961,logic-ng/logicng,295ff7d0dd0b49218404b1ca804263dbcd16b873,org/logicng/datastructures/AssignmentTest.java,149,14,17,68,0.45,67,14,13,0,0,0,0,1,0,0,0,2,2,0,0,3,0,0,0,14,0,0,False
1962,logic-ng/logicng,295ff7d0dd0b49218404b1ca804263dbcd16b873,org/logicng/formulas/SubstitutionTest.java,113,13,17,38,0.35,40,12,9,0,1,0,0,4,0,0,0,1,1,0,0,0,0,0,0,12,0,0,False
1963,logic-ng/logicng,295ff7d0dd0b49218404b1ca804263dbcd16b873,org/logicng/explanations/unsatcores/MUSConfigTest.java,12,1,1,9,0.17,2,1,1,0,0,0,0,0,0,0,0,0,1,0,0,0,0,0,0,1,0,0,False
1964,logic-ng/logicng,295ff7d0dd0b49218404b1ca804263dbcd16b873,org/logicng/explanations/unsatcores/MUSGenerationTest.java,102,7,19,29,0.06,6,6,0,0,1,0,0,2,0,0,0,0,1,0,0,0,2,1,0,3,0,0,False
1965,logic-ng/logicng,295ff7d0dd0b49218404b1ca804263dbcd16b873,org/logicng/explanations/unsatcores/UNSATCoreTest.java,53,5,7,13,0.28,15,4,4,0,1,0,0,0,0,0,0,2,1,0,0,0,0,0,0,4,0,0,False
1966,logic-ng/logicng,295ff7d0dd0b49218404b1ca804263dbcd16b873,org/logicng/formulas/AndTest.java,127,16,19,60,0.57,73,16,13,0,0,0,0,2,0,0,0,1,1,0,0,3,0,0,0,16,0,0,False
1967,logic-ng/logicng,295ff7d0dd0b49218404b1ca804263dbcd16b873,org/logicng/formulas/CFalseTest.java,52,14,16,36,0.33,17,14,0,0,0,0,0,1,0,0,0,0,1,0,0,0,0,0,0,14,0,0,False
1968,logic-ng/logicng,295ff7d0dd0b49218404b1ca804263dbcd16b873,org/logicng/formulas/CTrueTest.java,53,14,16,36,0.34,18,14,1,0,0,0,0,1,0,0,0,0,1,0,0,1,0,0,0,14,0,0,False
1969,logic-ng/logicng,295ff7d0dd0b49218404b1ca804263dbcd16b873,org/logicng/formulas/EquivalenceTest.java,113,16,18,50,0.57,64,16,15,0,0,0,0,1,0,0,0,1,1,0,0,4,0,0,0,16,0,0,False
1970,logic-ng/logicng,295ff7d0dd0b49218404b1ca804263dbcd16b873,org/logicng/formulas/ExtendedFormulaFactoryTest.java,112,7,14,45,0.12,13,7,2,0,0,0,0,0,0,0,0,0,0,0,0,2,0,1,0,5,0,0,False
1971,logic-ng/logicng,295ff7d0dd0b49218404b1ca804263dbcd16b873,org/logicng/formulas/FormulaTest.java,60,8,13,38,0.3,18,6,5,0,0,0,0,0,0,0,0,0,0,0,0,0,0,0,0,6,0,0,False
1972,logic-ng/logicng,295ff7d0dd0b49218404b1ca804263dbcd16b873,org/logicng/formulas/FormulaFactoryTest.java,80,5,5,31,0.28,22,5,2,0,0,0,0,0,0,0,0,0,1,0,0,1,0,0,0,5,0,0,False
1973,logic-ng/logicng,295ff7d0dd0b49218404b1ca804263dbcd16b873,org/logicng/formulas/ImplicationTest.java,109,17,19,50,0.52,57,17,15,0,0,0,0,1,0,0,0,1,1,0,0,4,0,0,0,17,0,0,False
1974,logic-ng/logicng,295ff7d0dd0b49218404b1ca804263dbcd16b873,org/logicng/formulas/LiteralTest.java,110,19,20,54,0.55,61,19,18,0,0,0,0,0,0,0,0,1,1,0,0,2,1,0,0,19,0,0,False
1975,logic-ng/logicng,295ff7d0dd0b49218404b1ca804263dbcd16b873,org/logicng/formulas/NotTest.java,91,15,17,46,0.52,47,15,14,0,0,0,0,1,0,0,0,1,1,0,0,3,0,0,0,15,0,0,False
1976,logic-ng/logicng,295ff7d0dd0b49218404b1ca804263dbcd16b873,org/logicng/formulas/OrTest.java,123,15,18,55,0.59,72,15,13,0,0,0,0,2,0,0,0,1,1,0,0,3,0,0,0,15,0,0,False
1977,logic-ng/logicng,295ff7d0dd0b49218404b1ca804263dbcd16b873,org/logicng/formulas/PBConstraintTest.java,417,27,30,142,0.48,202,26,23,0,1,0,0,1,0,0,0,2,4,0,0,3,0,0,0,26,0,0,False
1978,logic-ng/logicng,295ff7d0dd0b49218404b1ca804263dbcd16b873,org/logicng/formulas/printer/DefaultStringRepresentationTest.java,33,2,2,7,0.64,21,2,1,0,0,0,0,0,0,0,0,0,1,0,0,0,0,0,0,2,0,0,False
1979,logic-ng/logicng,295ff7d0dd0b49218404b1ca804263dbcd16b873,org/logicng/formulas/printer/LatexStringRepresentationTest.java,35,2,2,9,0.63,22,2,2,0,0,0,0,0,0,0,0,0,1,0,0,0,0,0,0,2,0,0,False
1980,logic-ng/logicng,295ff7d0dd0b49218404b1ca804263dbcd16b873,org/logicng/formulas/printer/UTF8StringRepresentationTest.java,35,2,2,9,0.63,22,2,2,0,0,0,0,0,0,0,0,0,1,0,0,0,0,0,0,2,0,0,False
1981,logic-ng/logicng,295ff7d0dd0b49218404b1ca804263dbcd16b873,org/logicng/graphs/algorithms/BronKerboschTest.java,44,1,4,13,0.16,7,1,1,1,0,0,0,1,0,0,0,0,0,0,0,0,0,0,0,1,0,0,False
1982,logic-ng/logicng,295ff7d0dd0b49218404b1ca804263dbcd16b873,org/logicng/graphs/datastructures/GraphTest.java,65,4,7,37,0.2,13,4,2,0,0,0,0,0,0,0,0,0,1,0,0,0,0,0,0,3,0,0,False
1983,logic-ng/logicng,295ff7d0dd0b49218404b1ca804263dbcd16b873,org/logicng/graphs/io/GraphDimacsFileWriterTest.java,86,6,20,31,0.1,9,6,0,1,0,0,0,3,0,0,0,0,0,0,0,0,3,1,0,3,0,0,False
1984,logic-ng/logicng,295ff7d0dd0b49218404b1ca804263dbcd16b873,org/logicng/graphs/io/GraphDotFileWriterTest.java,72,5,15,24,0.07,5,5,0,1,0,0,0,3,0,0,0,0,0,0,0,0,3,1,0,3,0,0,False
1985,logic-ng/logicng,295ff7d0dd0b49218404b1ca804263dbcd16b873,org/logicng/io/parsers/PropositionalParserTest.java,138,24,47,51,0.43,59,24,7,0,0,0,0,23,0,0,0,0,1,0,0,0,0,0,0,24,0,0,False
1986,logic-ng/logicng,295ff7d0dd0b49218404b1ca804263dbcd16b873,org/logicng/io/parsers/PseudoBooleanParserTest.java,176,30,59,76,0.45,80,30,11,0,0,0,0,29,0,0,0,0,1,0,0,1,0,0,0,30,0,0,False
1987,logic-ng/logicng,295ff7d0dd0b49218404b1ca804263dbcd16b873,org/logicng/io/writers/FormulaDimacsFileWriterTest.java,58,6,16,20,0.09,5,6,0,0,0,0,0,4,0,0,0,0,0,0,0,0,4,1,0,4,0,0,False
1988,logic-ng/logicng,295ff7d0dd0b49218404b1ca804263dbcd16b873,org/logicng/io/writers/FormulaDotFileWriterTest.java,53,6,16,16,0.08,4,6,0,0,0,0,0,4,0,0,0,0,0,0,0,0,4,1,0,4,0,0,False
1989,logic-ng/logicng,295ff7d0dd0b49218404b1ca804263dbcd16b873,org/logicng/predicates/CNFPredicateTest.java,28,2,2,8,0.57,16,2,1,0,0,0,0,0,0,0,0,0,1,0,0,0,0,0,0,2,0,0,False
1990,logic-ng/logicng,295ff7d0dd0b49218404b1ca804263dbcd16b873,org/logicng/predicates/DNFPredicateTest.java,28,2,2,8,0.57,16,2,1,0,0,0,0,0,0,0,0,0,1,0,0,0,0,0,0,2,0,0,False
1991,logic-ng/logicng,295ff7d0dd0b49218404b1ca804263dbcd16b873,org/logicng/propositions/ExtendedPropositionTest.java,78,6,14,21,0.32,25,5,5,0,1,0,0,4,0,0,0,1,1,0,0,0,0,0,0,5,0,0,False
1992,logic-ng/logicng,295ff7d0dd0b49218404b1ca804263dbcd16b873,org/logicng/propositions/StandardPropositionTest.java,68,6,14,18,0.4,27,5,5,0,1,0,0,4,0,0,0,1,1,0,0,0,0,0,0,5,0,0,False
1993,logic-ng/logicng,295ff7d0dd0b49218404b1ca804263dbcd16b873,org/logicng/pseudobooleans/PBEncoderTest.java,121,9,15,60,0.14,17,8,3,5,1,0,0,0,0,0,0,0,2,0,0,0,1,1,0,7,0,0,False
1994,logic-ng/logicng,295ff7d0dd0b49218404b1ca804263dbcd16b873,org/logicng/solvers/sat/MiniSatTest.java,40,6,9,22,0.1,4,6,2,0,0,0,0,0,0,0,0,0,1,0,0,0,0,0,0,4,0,0,False
1995,logic-ng/logicng,295ff7d0dd0b49218404b1ca804263dbcd16b873,org/logicng/solvers/datastructures/LNGHeapTest.java,23,1,1,9,0.22,5,1,1,0,0,0,0,0,0,0,0,0,1,0,0,1,0,0,0,1,0,0,False
1996,logic-ng/logicng,295ff7d0dd0b49218404b1ca804263dbcd16b873,org/logicng/solvers/sat/GlucoseSyrupTest.java,33,6,10,9,0.03,1,6,0,0,0,0,0,0,0,0,0,0,1,0,0,0,0,0,0,3,0,0,False
1997,logic-ng/logicng,295ff7d0dd0b49218404b1ca804263dbcd16b873,org/logicng/solvers/sat/MiniCardTest.java,86,8,11,33,0.17,15,8,3,0,0,0,0,0,0,0,0,0,1,0,0,1,0,0,0,6,0,0,False
1998,logic-ng/logicng,295ff7d0dd0b49218404b1ca804263dbcd16b873,org/logicng/transformations/UnitPropagationTest.java,33,4,9,11,0.48,16,4,4,0,0,0,0,1,0,0,0,0,0,0,0,0,0,0,0,4,0,0,False
1999,logic-ng/logicng,295ff7d0dd0b49218404b1ca804263dbcd16b873,org/logicng/transformations/cnf/CNFEncoderTest.java,124,11,20,71,0.23,29,11,9,0,0,0,0,9,0,0,0,0,1,0,0,1,0,0,0,11,0,0,False
2000,logic-ng/logicng,295ff7d0dd0b49218404b1ca804263dbcd16b873,org/logicng/util/ComparablePairTest.java,42,5,5,13,0.52,22,5,5,0,0,0,0,0,0,0,0,1,1,0,0,0,0,0,0,5,0,0,False
2001,logic-ng/logicng,295ff7d0dd0b49218404b1ca804263dbcd16b873,org/logicng/util/PairTest.java,36,4,4,10,0.5,18,4,4,0,0,0,0,0,0,0,0,1,1,0,0,0,0,0,0,4,0,0,False
2002,logic-ng/logicng,ca506d190d9f030be7e904f34c97a2c43ba8173b,org/logicng/collections/ImmutableFormulaListTest.java,15,1,3,3,0.13,2,1,1,0,0,0,0,0,0,0,0,1,0,0,0,0,0,0,0,1,0,0,False
2003,logic-ng/logicng,ca506d190d9f030be7e904f34c97a2c43ba8173b,org/logicng/collections/LNGBooleanVectorTest.java,148,11,23,68,0.41,60,11,9,9,0,0,0,0,0,0,0,0,1,0,0,4,0,0,0,11,0,0,False
2004,logic-ng/logicng,ca506d190d9f030be7e904f34c97a2c43ba8173b,org/logicng/collections/LNGByteVectorTest.java,165,12,26,76,0.35,58,12,10,11,0,0,0,0,0,0,0,0,1,0,0,4,0,0,0,12,0,0,False
2005,logic-ng/logicng,ca506d190d9f030be7e904f34c97a2c43ba8173b,org/logicng/collections/LNGDoublePriorityQueueTest.java,109,6,6,31,0.39,43,6,5,0,0,0,0,0,0,0,0,0,1,0,0,3,0,0,0,6,0,0,False
2006,logic-ng/logicng,ca506d190d9f030be7e904f34c97a2c43ba8173b,org/logicng/collections/LNGDoubleVectorTest.java,162,12,26,75,0.35,57,12,10,11,0,0,0,0,0,0,0,0,1,0,0,5,0,0,0,12,0,0,False
2007,logic-ng/logicng,ca506d190d9f030be7e904f34c97a2c43ba8173b,org/logicng/collections/LNGIntVectorTest.java,162,12,26,75,0.35,57,12,10,11,0,0,0,0,0,0,0,0,1,0,0,4,0,0,0,12,0,0,False
2008,logic-ng/logicng,ca506d190d9f030be7e904f34c97a2c43ba8173b,org/logicng/collections/LNGLongPriorityQueueTest.java,88,5,5,25,0.41,36,5,4,0,0,0,0,0,0,0,0,0,1,0,0,2,0,0,0,5,0,0,False
2009,logic-ng/logicng,ca506d190d9f030be7e904f34c97a2c43ba8173b,org/logicng/collections/LNGLongVectorTest.java,165,12,26,76,0.35,58,12,10,11,0,0,0,0,0,0,0,0,1,0,0,4,0,0,0,12,0,0,False
2010,logic-ng/logicng,ca506d190d9f030be7e904f34c97a2c43ba8173b,org/logicng/collections/LNGVectorTest.java,295,23,49,138,0.36,105,21,18,20,1,0,0,0,0,0,0,0,2,0,0,7,0,0,0,21,0,0,False
2011,logic-ng/logicng,ca506d190d9f030be7e904f34c97a2c43ba8173b,org/logicng/datastructures/AssignmentTest.java,149,14,17,68,0.45,67,14,13,0,0,0,0,1,0,0,0,2,2,0,0,3,0,0,0,14,0,0,False
2012,logic-ng/logicng,ca506d190d9f030be7e904f34c97a2c43ba8173b,org/logicng/formulas/SubstitutionTest.java,113,13,17,38,0.35,40,12,9,0,1,0,0,4,0,0,0,1,1,0,0,0,0,0,0,12,0,0,False
2013,logic-ng/logicng,ca506d190d9f030be7e904f34c97a2c43ba8173b,org/logicng/explanations/unsatcores/MUSConfigTest.java,12,1,1,9,0.17,2,1,1,0,0,0,0,0,0,0,0,0,1,0,0,0,0,0,0,1,0,0,False
2014,logic-ng/logicng,ca506d190d9f030be7e904f34c97a2c43ba8173b,org/logicng/explanations/unsatcores/MUSGenerationTest.java,102,7,19,29,0.06,6,6,0,0,1,0,0,2,0,0,0,0,1,0,0,0,2,1,0,3,0,0,False
2015,logic-ng/logicng,ca506d190d9f030be7e904f34c97a2c43ba8173b,org/logicng/explanations/unsatcores/UNSATCoreTest.java,53,5,7,13,0.28,15,4,4,0,1,0,0,0,0,0,0,2,1,0,0,0,0,0,0,4,0,0,False
2016,logic-ng/logicng,ca506d190d9f030be7e904f34c97a2c43ba8173b,org/logicng/formulas/AndTest.java,127,16,19,60,0.57,73,16,13,0,0,0,0,2,0,0,0,1,1,0,0,3,0,0,0,16,0,0,False
2017,logic-ng/logicng,ca506d190d9f030be7e904f34c97a2c43ba8173b,org/logicng/formulas/CFalseTest.java,52,14,16,36,0.33,17,14,0,0,0,0,0,1,0,0,0,0,1,0,0,0,0,0,0,14,0,0,False
2018,logic-ng/logicng,ca506d190d9f030be7e904f34c97a2c43ba8173b,org/logicng/formulas/CTrueTest.java,53,14,16,36,0.34,18,14,1,0,0,0,0,1,0,0,0,0,1,0,0,1,0,0,0,14,0,0,False
2019,logic-ng/logicng,ca506d190d9f030be7e904f34c97a2c43ba8173b,org/logicng/formulas/EquivalenceTest.java,113,16,18,50,0.57,64,16,15,0,0,0,0,1,0,0,0,1,1,0,0,4,0,0,0,16,0,0,False
2020,logic-ng/logicng,ca506d190d9f030be7e904f34c97a2c43ba8173b,org/logicng/formulas/FormulaTest.java,60,8,13,38,0.3,18,6,5,0,0,0,0,0,0,0,0,0,0,0,0,0,0,0,0,6,0,0,False
2021,logic-ng/logicng,ca506d190d9f030be7e904f34c97a2c43ba8173b,org/logicng/formulas/FormulaFactoryTest.java,80,5,5,31,0.28,22,5,2,0,0,0,0,0,0,0,0,0,1,0,0,1,0,0,0,5,0,0,False
2022,logic-ng/logicng,ca506d190d9f030be7e904f34c97a2c43ba8173b,org/logicng/formulas/ImplicationTest.java,109,17,19,50,0.52,57,17,15,0,0,0,0,1,0,0,0,1,1,0,0,4,0,0,0,17,0,0,False
2023,logic-ng/logicng,ca506d190d9f030be7e904f34c97a2c43ba8173b,org/logicng/formulas/LiteralTest.java,110,19,20,54,0.55,61,19,18,0,0,0,0,0,0,0,0,1,1,0,0,2,1,0,0,19,0,0,False
2024,logic-ng/logicng,ca506d190d9f030be7e904f34c97a2c43ba8173b,org/logicng/formulas/NotTest.java,91,15,17,46,0.52,47,15,14,0,0,0,0,1,0,0,0,1,1,0,0,3,0,0,0,15,0,0,False
2025,logic-ng/logicng,ca506d190d9f030be7e904f34c97a2c43ba8173b,org/logicng/formulas/OrTest.java,123,15,18,55,0.59,72,15,13,0,0,0,0,2,0,0,0,1,1,0,0,3,0,0,0,15,0,0,False
2026,logic-ng/logicng,ca506d190d9f030be7e904f34c97a2c43ba8173b,org/logicng/formulas/PBConstraintTest.java,369,25,28,131,0.47,173,24,21,0,1,0,0,1,0,0,0,2,4,0,0,3,0,0,0,24,0,0,False
2027,logic-ng/logicng,ca506d190d9f030be7e904f34c97a2c43ba8173b,org/logicng/formulas/printer/DefaultStringRepresentationTest.java,33,2,2,7,0.64,21,2,1,0,0,0,0,0,0,0,0,0,1,0,0,0,0,0,0,2,0,0,False
2028,logic-ng/logicng,ca506d190d9f030be7e904f34c97a2c43ba8173b,org/logicng/formulas/printer/LatexStringRepresentationTest.java,35,2,2,9,0.63,22,2,2,0,0,0,0,0,0,0,0,0,1,0,0,0,0,0,0,2,0,0,False
2029,logic-ng/logicng,ca506d190d9f030be7e904f34c97a2c43ba8173b,org/logicng/formulas/printer/UTF8StringRepresentationTest.java,35,2,2,9,0.63,22,2,2,0,0,0,0,0,0,0,0,0,1,0,0,0,0,0,0,2,0,0,False
2030,logic-ng/logicng,ca506d190d9f030be7e904f34c97a2c43ba8173b,org/logicng/io/parsers/PropositionalParserTest.java,143,25,49,53,0.41,59,25,7,0,0,0,0,24,0,0,0,0,1,0,0,0,0,0,0,25,0,0,False
2031,logic-ng/logicng,ca506d190d9f030be7e904f34c97a2c43ba8173b,org/logicng/io/parsers/PseudoBooleanParserTest.java,181,31,61,78,0.44,80,31,11,0,0,0,0,30,0,0,0,0,1,0,0,1,0,0,0,31,0,0,False
2032,logic-ng/logicng,ca506d190d9f030be7e904f34c97a2c43ba8173b,org/logicng/io/writers/FormulaDotFileWriterTest.java,53,6,16,16,0.08,4,6,0,0,0,0,0,4,0,0,0,0,0,0,0,0,4,1,0,4,0,0,False
2033,logic-ng/logicng,ca506d190d9f030be7e904f34c97a2c43ba8173b,org/logicng/predicates/CNFPredicateTest.java,28,2,2,8,0.57,16,2,1,0,0,0,0,0,0,0,0,0,1,0,0,0,0,0,0,2,0,0,False
2034,logic-ng/logicng,ca506d190d9f030be7e904f34c97a2c43ba8173b,org/logicng/predicates/DNFPredicateTest.java,28,2,2,8,0.57,16,2,1,0,0,0,0,0,0,0,0,0,1,0,0,0,0,0,0,2,0,0,False
2035,logic-ng/logicng,ca506d190d9f030be7e904f34c97a2c43ba8173b,org/logicng/propositions/ExtendedPropositionTest.java,78,6,14,21,0.32,25,5,5,0,1,0,0,4,0,0,0,1,1,0,0,0,0,0,0,5,0,0,False
2036,logic-ng/logicng,ca506d190d9f030be7e904f34c97a2c43ba8173b,org/logicng/propositions/StandardPropositionTest.java,68,6,14,18,0.4,27,5,5,0,1,0,0,4,0,0,0,1,1,0,0,0,0,0,0,5,0,0,False
2037,logic-ng/logicng,ca506d190d9f030be7e904f34c97a2c43ba8173b,org/logicng/pseudobooleans/PBEncoderTest.java,121,9,15,60,0.14,17,8,3,5,1,0,0,0,0,0,0,0,2,0,0,0,1,1,0,7,0,0,False
2038,logic-ng/logicng,ca506d190d9f030be7e904f34c97a2c43ba8173b,org/logicng/solvers/sat/MiniSatTest.java,40,6,9,22,0.1,4,6,2,0,0,0,0,0,0,0,0,0,1,0,0,0,0,0,0,4,0,0,False
2039,logic-ng/logicng,ca506d190d9f030be7e904f34c97a2c43ba8173b,org/logicng/solvers/datastructures/LNGHeapTest.java,23,1,1,9,0.22,5,1,1,0,0,0,0,0,0,0,0,0,1,0,0,1,0,0,0,1,0,0,False
2040,logic-ng/logicng,ca506d190d9f030be7e904f34c97a2c43ba8173b,org/logicng/solvers/sat/GlucoseSyrupTest.java,33,6,10,9,0.03,1,6,0,0,0,0,0,0,0,0,0,0,1,0,0,0,0,0,0,3,0,0,False
2041,logic-ng/logicng,ca506d190d9f030be7e904f34c97a2c43ba8173b,org/logicng/solvers/sat/MiniCardTest.java,86,8,11,33,0.17,15,8,3,0,0,0,0,0,0,0,0,0,1,0,0,1,0,0,0,6,0,0,False
2042,logic-ng/logicng,ca506d190d9f030be7e904f34c97a2c43ba8173b,org/logicng/transformations/cnf/CNFEncoderTest.java,124,11,20,71,0.23,29,11,9,0,0,0,0,9,0,0,0,0,1,0,0,1,0,0,0,11,0,0,False
2043,logic-ng/logicng,ca506d190d9f030be7e904f34c97a2c43ba8173b,org/logicng/util/PairTest.java,36,4,4,10,0.5,18,4,4,0,0,0,0,0,0,0,0,1,1,0,0,0,0,0,0,4,0,0,False
2044,logic-ng/logicng,8b62ddd2a47c655afe753f3a5bea16cd25b73548,org/logicng/cardinalityconstraints/CCALKTotalizerTest.java,64,5,10,26,0.13,8,5,1,2,0,0,0,0,0,0,0,0,0,0,0,0,1,1,0,4,0,0,False
2045,logic-ng/logicng,8b62ddd2a47c655afe753f3a5bea16cd25b73548,org/logicng/cardinalityconstraints/CCAMKTotalizerTest.java,78,5,9,33,0.12,9,5,2,3,0,0,0,0,0,0,0,0,0,0,0,0,1,1,0,4,0,0,False
2046,logic-ng/logicng,8b62ddd2a47c655afe753f3a5bea16cd25b73548,org/logicng/collections/LNGBooleanVectorTest.java,133,10,22,63,0.39,52,10,8,9,0,0,0,0,0,0,0,0,1,0,0,4,0,0,0,10,0,0,False
2047,logic-ng/logicng,8b62ddd2a47c655afe753f3a5bea16cd25b73548,org/logicng/collections/LNGByteVectorTest.java,162,12,26,75,0.35,57,12,10,11,0,0,0,0,0,0,0,0,1,0,0,4,0,0,0,12,0,0,False
2048,logic-ng/logicng,8b62ddd2a47c655afe753f3a5bea16cd25b73548,org/logicng/collections/LNGDoublePriorityQueueTest.java,107,6,6,31,0.39,42,6,5,0,0,0,0,0,0,0,0,0,1,0,0,3,0,0,0,6,0,0,False
2049,logic-ng/logicng,8b62ddd2a47c655afe753f3a5bea16cd25b73548,org/logicng/collections/LNGDoubleVectorTest.java,162,12,26,75,0.35,57,12,10,11,0,0,0,0,0,0,0,0,1,0,0,5,0,0,0,12,0,0,False
2050,logic-ng/logicng,8b62ddd2a47c655afe753f3a5bea16cd25b73548,org/logicng/collections/LNGIntVectorTest.java,162,12,26,75,0.35,57,12,10,11,0,0,0,0,0,0,0,0,1,0,0,4,0,0,0,12,0,0,False
2051,logic-ng/logicng,8b62ddd2a47c655afe753f3a5bea16cd25b73548,org/logicng/collections/LNGLongPriorityQueueTest.java,88,5,5,25,0.41,36,5,4,0,0,0,0,0,0,0,0,0,1,0,0,2,0,0,0,5,0,0,False
2052,logic-ng/logicng,8b62ddd2a47c655afe753f3a5bea16cd25b73548,org/logicng/collections/LNGLongVectorTest.java,162,12,26,75,0.35,57,12,10,11,0,0,0,0,0,0,0,0,1,0,0,4,0,0,0,12,0,0,False
2053,logic-ng/logicng,8b62ddd2a47c655afe753f3a5bea16cd25b73548,org/logicng/collections/LNGVectorTest.java,292,23,49,137,0.36,104,21,18,20,1,0,0,0,0,0,0,0,2,0,0,7,0,0,0,21,0,0,False
2054,logic-ng/logicng,8b62ddd2a47c655afe753f3a5bea16cd25b73548,org/logicng/datastructures/AssignmentTest.java,133,13,16,60,0.48,64,13,12,0,0,0,0,1,0,0,0,2,1,0,0,3,0,0,0,13,0,0,False
2055,logic-ng/logicng,8b62ddd2a47c655afe753f3a5bea16cd25b73548,org/logicng/formulas/SubstitutionTest.java,113,13,17,38,0.35,40,12,9,0,1,0,0,4,0,0,0,1,1,0,0,0,0,0,0,12,0,0,False
2056,logic-ng/logicng,8b62ddd2a47c655afe753f3a5bea16cd25b73548,org/logicng/formulas/AndTest.java,124,16,18,58,0.58,72,16,13,0,0,0,0,1,0,0,0,1,1,0,0,3,0,0,0,16,0,0,False
2057,logic-ng/logicng,8b62ddd2a47c655afe753f3a5bea16cd25b73548,org/logicng/formulas/CFalseTest.java,52,14,16,36,0.33,17,14,0,0,0,0,0,1,0,0,0,0,1,0,0,0,0,0,0,14,0,0,False
2058,logic-ng/logicng,8b62ddd2a47c655afe753f3a5bea16cd25b73548,org/logicng/formulas/CTrueTest.java,53,14,16,36,0.34,18,14,1,0,0,0,0,1,0,0,0,0,1,0,0,1,0,0,0,14,0,0,False
2059,logic-ng/logicng,8b62ddd2a47c655afe753f3a5bea16cd25b73548,org/logicng/formulas/EquivalenceTest.java,111,16,18,49,0.56,62,16,15,0,0,0,0,1,0,0,0,1,1,0,0,4,0,0,0,16,0,0,False
2060,logic-ng/logicng,8b62ddd2a47c655afe753f3a5bea16cd25b73548,org/logicng/formulas/FormulaTest.java,48,6,11,26,0.21,10,4,3,0,0,0,0,0,0,0,0,0,0,0,0,0,0,0,0,4,0,0,False
2061,logic-ng/logicng,8b62ddd2a47c655afe753f3a5bea16cd25b73548,org/logicng/formulas/FormulaFactoryTest.java,59,4,4,23,0.34,20,4,2,0,0,0,0,0,0,0,0,0,1,0,0,1,0,0,0,4,0,0,False
2062,logic-ng/logicng,8b62ddd2a47c655afe753f3a5bea16cd25b73548,org/logicng/formulas/ImplicationTest.java,109,17,19,50,0.52,57,17,15,0,0,0,0,1,0,0,0,1,1,0,0,4,0,0,0,17,0,0,False
2063,logic-ng/logicng,8b62ddd2a47c655afe753f3a5bea16cd25b73548,org/logicng/formulas/LiteralTest.java,110,19,20,54,0.55,61,19,18,0,0,0,0,0,0,0,0,1,1,0,0,2,1,0,0,19,0,0,False
2064,logic-ng/logicng,8b62ddd2a47c655afe753f3a5bea16cd25b73548,org/logicng/formulas/NotTest.java,90,15,17,46,0.51,46,15,14,0,0,0,0,1,0,0,0,1,1,0,0,3,0,0,0,15,0,0,False
2065,logic-ng/logicng,8b62ddd2a47c655afe753f3a5bea16cd25b73548,org/logicng/formulas/OrTest.java,120,15,17,53,0.59,71,15,13,0,0,0,0,1,0,0,0,1,1,0,0,3,0,0,0,15,0,0,False
2066,logic-ng/logicng,8b62ddd2a47c655afe753f3a5bea16cd25b73548,org/logicng/formulas/PBConstraintTest.java,365,25,28,130,0.46,169,24,21,0,1,0,0,1,0,0,0,2,4,0,0,2,0,0,0,24,0,0,False
2067,logic-ng/logicng,8b62ddd2a47c655afe753f3a5bea16cd25b73548,org/logicng/formulas/printer/LatexStringRepresentationTest.java,30,1,1,5,0.67,20,1,1,0,0,0,0,0,0,0,0,0,0,0,0,0,0,0,0,1,0,0,False
2068,logic-ng/logicng,8b62ddd2a47c655afe753f3a5bea16cd25b73548,org/logicng/formulas/printer/UTF8StringRepresentationTest.java,30,1,1,5,0.67,20,1,1,0,0,0,0,0,0,0,0,0,0,0,0,0,0,0,0,1,0,0,False
2069,logic-ng/logicng,8b62ddd2a47c655afe753f3a5bea16cd25b73548,org/logicng/io/parsers/PropositionalParserTest.java,137,24,47,50,0.42,57,24,6,0,0,0,0,23,0,0,0,0,1,0,0,0,0,0,0,24,0,0,False
2070,logic-ng/logicng,8b62ddd2a47c655afe753f3a5bea16cd25b73548,org/logicng/io/parsers/PseudoBooleanParserTest.java,170,30,59,74,0.42,72,30,10,0,0,0,0,29,0,0,0,0,1,0,0,1,0,0,0,30,0,0,False
2071,logic-ng/logicng,8b62ddd2a47c655afe753f3a5bea16cd25b73548,org/logicng/io/writers/FormulaDotFileWriterTest.java,47,5,14,14,0.09,4,5,0,0,0,0,0,3,0,0,0,0,0,0,0,0,3,1,0,3,0,0,False
2072,logic-ng/logicng,8b62ddd2a47c655afe753f3a5bea16cd25b73548,org/logicng/predicates/CNFPredicateTest.java,25,1,1,6,0.6,15,1,1,0,0,0,0,0,0,0,0,0,0,0,0,0,0,0,0,1,0,0,False
2073,logic-ng/logicng,8b62ddd2a47c655afe753f3a5bea16cd25b73548,org/logicng/predicates/DNFPredicateTest.java,25,1,1,6,0.6,15,1,1,0,0,0,0,0,0,0,0,0,0,0,0,0,0,0,0,1,0,0,False
2074,logic-ng/logicng,8b62ddd2a47c655afe753f3a5bea16cd25b73548,org/logicng/propositions/ExtendedPropositionTest.java,73,5,11,17,0.32,23,4,4,0,1,0,0,3,0,0,0,1,1,0,0,0,0,0,0,4,0,0,False
2075,logic-ng/logicng,8b62ddd2a47c655afe753f3a5bea16cd25b73548,org/logicng/propositions/StandardPropositionTest.java,60,5,11,15,0.4,24,4,4,0,1,0,0,3,0,0,0,1,1,0,0,0,0,0,0,4,0,0,False
2076,logic-ng/logicng,8b62ddd2a47c655afe753f3a5bea16cd25b73548,org/logicng/pseudobooleans/PBSWCTest.java,77,4,7,31,0.12,9,4,2,2,0,0,0,0,0,0,0,0,0,0,0,0,1,1,0,3,0,0,False
2077,logic-ng/logicng,8b62ddd2a47c655afe753f3a5bea16cd25b73548,org/logicng/solvers/sat/MiniSatTest.java,36,5,8,13,0.06,2,5,1,0,0,0,0,0,0,0,0,0,0,0,0,0,0,0,0,3,0,0,False
2078,logic-ng/logicng,8b62ddd2a47c655afe753f3a5bea16cd25b73548,org/logicng/solvers/sat/MiniCardTest.java,75,7,10,27,0.19,14,7,3,0,0,0,0,0,0,0,0,0,0,0,0,1,0,0,0,5,0,0,False
2079,logic-ng/logicng,8b62ddd2a47c655afe753f3a5bea16cd25b73548,org/logicng/util/PairTest.java,36,4,4,10,0.5,18,4,4,0,0,0,0,0,0,0,0,1,1,0,0,0,0,0,0,4,0,0,False
2080,logic-ng/logicng,1c7f6c144fcebb4ce4b313f54e57fb91878b4bbe,org/logicng/cardinalityconstraints/CCALKTotalizerTest.java,64,5,10,26,0.13,8,5,1,2,0,0,0,0,0,0,0,0,0,0,0,0,1,1,0,4,0,0,False
2081,logic-ng/logicng,1c7f6c144fcebb4ce4b313f54e57fb91878b4bbe,org/logicng/cardinalityconstraints/CCAMKTotalizerTest.java,78,5,9,33,0.12,9,5,2,3,0,0,0,0,0,0,0,0,0,0,0,0,1,1,0,4,0,0,False
2082,logic-ng/logicng,1c7f6c144fcebb4ce4b313f54e57fb91878b4bbe,org/logicng/collections/LNGBooleanVectorTest.java,133,10,22,63,0.39,52,10,8,9,0,0,0,0,0,0,0,0,1,0,0,4,0,0,0,10,0,0,False
2083,logic-ng/logicng,1c7f6c144fcebb4ce4b313f54e57fb91878b4bbe,org/logicng/collections/LNGByteVectorTest.java,162,12,26,75,0.35,57,12,10,11,0,0,0,0,0,0,0,0,1,0,0,4,0,0,0,12,0,0,False
2084,logic-ng/logicng,1c7f6c144fcebb4ce4b313f54e57fb91878b4bbe,org/logicng/collections/LNGDoublePriorityQueueTest.java,107,6,6,31,0.39,42,6,5,0,0,0,0,0,0,0,0,0,1,0,0,3,0,0,0,6,0,0,False
2085,logic-ng/logicng,1c7f6c144fcebb4ce4b313f54e57fb91878b4bbe,org/logicng/collections/LNGDoubleVectorTest.java,162,12,26,75,0.35,57,12,10,11,0,0,0,0,0,0,0,0,1,0,0,5,0,0,0,12,0,0,False
2086,logic-ng/logicng,1c7f6c144fcebb4ce4b313f54e57fb91878b4bbe,org/logicng/collections/LNGIntVectorTest.java,162,12,26,75,0.35,57,12,10,11,0,0,0,0,0,0,0,0,1,0,0,4,0,0,0,12,0,0,False
2087,logic-ng/logicng,1c7f6c144fcebb4ce4b313f54e57fb91878b4bbe,org/logicng/collections/LNGLongPriorityQueueTest.java,88,5,5,25,0.41,36,5,4,0,0,0,0,0,0,0,0,0,1,0,0,2,0,0,0,5,0,0,False
2088,logic-ng/logicng,1c7f6c144fcebb4ce4b313f54e57fb91878b4bbe,org/logicng/collections/LNGLongVectorTest.java,162,12,26,75,0.35,57,12,10,11,0,0,0,0,0,0,0,0,1,0,0,4,0,0,0,12,0,0,False
2089,logic-ng/logicng,1c7f6c144fcebb4ce4b313f54e57fb91878b4bbe,org/logicng/collections/LNGVectorTest.java,292,23,49,137,0.36,104,21,18,20,1,0,0,0,0,0,0,0,2,0,0,7,0,0,0,21,0,0,False
2090,logic-ng/logicng,1c7f6c144fcebb4ce4b313f54e57fb91878b4bbe,org/logicng/datastructures/AssignmentTest.java,133,13,16,60,0.48,64,13,12,0,0,0,0,1,0,0,0,2,1,0,0,3,0,0,0,13,0,0,False
2091,logic-ng/logicng,1c7f6c144fcebb4ce4b313f54e57fb91878b4bbe,org/logicng/formulas/SubstitutionTest.java,113,13,17,38,0.35,40,12,9,0,1,0,0,4,0,0,0,1,1,0,0,0,0,0,0,12,0,0,False
2092,logic-ng/logicng,1c7f6c144fcebb4ce4b313f54e57fb91878b4bbe,org/logicng/formulas/AndTest.java,124,16,18,58,0.58,72,16,13,0,0,0,0,1,0,0,0,1,1,0,0,3,0,0,0,16,0,0,False
2093,logic-ng/logicng,1c7f6c144fcebb4ce4b313f54e57fb91878b4bbe,org/logicng/formulas/CFalseTest.java,52,14,16,36,0.33,17,14,0,0,0,0,0,1,0,0,0,0,1,0,0,0,0,0,0,14,0,0,False
2094,logic-ng/logicng,1c7f6c144fcebb4ce4b313f54e57fb91878b4bbe,org/logicng/formulas/CTrueTest.java,53,14,16,36,0.34,18,14,1,0,0,0,0,1,0,0,0,0,1,0,0,1,0,0,0,14,0,0,False
2095,logic-ng/logicng,1c7f6c144fcebb4ce4b313f54e57fb91878b4bbe,org/logicng/formulas/EquivalenceTest.java,111,16,18,49,0.56,62,16,15,0,0,0,0,1,0,0,0,1,1,0,0,4,0,0,0,16,0,0,False
2096,logic-ng/logicng,1c7f6c144fcebb4ce4b313f54e57fb91878b4bbe,org/logicng/formulas/FormulaTest.java,48,6,11,26,0.21,10,4,3,0,0,0,0,0,0,0,0,0,0,0,0,0,0,0,0,4,0,0,False
2097,logic-ng/logicng,1c7f6c144fcebb4ce4b313f54e57fb91878b4bbe,org/logicng/formulas/FormulaFactoryTest.java,59,4,4,23,0.34,20,4,2,0,0,0,0,0,0,0,0,0,1,0,0,1,0,0,0,4,0,0,False
2098,logic-ng/logicng,1c7f6c144fcebb4ce4b313f54e57fb91878b4bbe,org/logicng/formulas/ImplicationTest.java,109,17,19,50,0.52,57,17,15,0,0,0,0,1,0,0,0,1,1,0,0,4,0,0,0,17,0,0,False
2099,logic-ng/logicng,1c7f6c144fcebb4ce4b313f54e57fb91878b4bbe,org/logicng/formulas/LiteralTest.java,110,19,20,54,0.55,61,19,18,0,0,0,0,0,0,0,0,1,1,0,0,2,1,0,0,19,0,0,False
2100,logic-ng/logicng,1c7f6c144fcebb4ce4b313f54e57fb91878b4bbe,org/logicng/formulas/NotTest.java,90,15,17,46,0.51,46,15,14,0,0,0,0,1,0,0,0,1,1,0,0,3,0,0,0,15,0,0,False
2101,logic-ng/logicng,1c7f6c144fcebb4ce4b313f54e57fb91878b4bbe,org/logicng/formulas/OrTest.java,120,15,17,53,0.59,71,15,13,0,0,0,0,1,0,0,0,1,1,0,0,3,0,0,0,15,0,0,False
2102,logic-ng/logicng,1c7f6c144fcebb4ce4b313f54e57fb91878b4bbe,org/logicng/formulas/PBConstraintTest.java,365,25,28,130,0.46,169,24,21,0,1,0,0,1,0,0,0,2,4,0,0,2,0,0,0,24,0,0,False
2103,logic-ng/logicng,1c7f6c144fcebb4ce4b313f54e57fb91878b4bbe,org/logicng/formulas/printer/LatexStringRepresentationTest.java,30,1,1,5,0.67,20,1,1,0,0,0,0,0,0,0,0,0,0,0,0,0,0,0,0,1,0,0,False
2104,logic-ng/logicng,1c7f6c144fcebb4ce4b313f54e57fb91878b4bbe,org/logicng/formulas/printer/UTF8StringRepresentationTest.java,30,1,1,5,0.67,20,1,1,0,0,0,0,0,0,0,0,0,0,0,0,0,0,0,0,1,0,0,False
2105,logic-ng/logicng,1c7f6c144fcebb4ce4b313f54e57fb91878b4bbe,org/logicng/io/parsers/PropositionalParserTest.java,137,24,47,50,0.42,57,24,6,0,0,0,0,23,0,0,0,0,1,0,0,0,0,0,0,24,0,0,False
2106,logic-ng/logicng,1c7f6c144fcebb4ce4b313f54e57fb91878b4bbe,org/logicng/io/parsers/PseudoBooleanParserTest.java,170,30,59,74,0.42,72,30,10,0,0,0,0,29,0,0,0,0,1,0,0,1,0,0,0,30,0,0,False
2107,logic-ng/logicng,1c7f6c144fcebb4ce4b313f54e57fb91878b4bbe,org/logicng/io/writers/FormulaDotFileWriterTest.java,47,5,14,14,0.09,4,5,0,0,0,0,0,3,0,0,0,0,0,0,0,0,3,1,0,3,0,0,False
2108,logic-ng/logicng,1c7f6c144fcebb4ce4b313f54e57fb91878b4bbe,org/logicng/predicates/CNFPredicateTest.java,25,1,1,6,0.6,15,1,1,0,0,0,0,0,0,0,0,0,0,0,0,0,0,0,0,1,0,0,False
2109,logic-ng/logicng,1c7f6c144fcebb4ce4b313f54e57fb91878b4bbe,org/logicng/predicates/DNFPredicateTest.java,25,1,1,6,0.6,15,1,1,0,0,0,0,0,0,0,0,0,0,0,0,0,0,0,0,1,0,0,False
2110,logic-ng/logicng,1c7f6c144fcebb4ce4b313f54e57fb91878b4bbe,org/logicng/propositions/ExtendedPropositionTest.java,73,5,11,17,0.32,23,4,4,0,1,0,0,3,0,0,0,1,1,0,0,0,0,0,0,4,0,0,False
2111,logic-ng/logicng,1c7f6c144fcebb4ce4b313f54e57fb91878b4bbe,org/logicng/propositions/StandardPropositionTest.java,60,5,11,15,0.4,24,4,4,0,1,0,0,3,0,0,0,1,1,0,0,0,0,0,0,4,0,0,False
2112,logic-ng/logicng,1c7f6c144fcebb4ce4b313f54e57fb91878b4bbe,org/logicng/pseudobooleans/PBSWCTest.java,77,4,7,31,0.12,9,4,2,2,0,0,0,0,0,0,0,0,0,0,0,0,1,1,0,3,0,0,False
2113,logic-ng/logicng,1c7f6c144fcebb4ce4b313f54e57fb91878b4bbe,org/logicng/solvers/sat/MiniSatTest.java,36,5,8,13,0.06,2,5,1,0,0,0,0,0,0,0,0,0,0,0,0,0,0,0,0,3,0,0,False
2114,logic-ng/logicng,1c7f6c144fcebb4ce4b313f54e57fb91878b4bbe,org/logicng/solvers/sat/MiniCardTest.java,75,7,10,27,0.19,14,7,3,0,0,0,0,0,0,0,0,0,0,0,0,1,0,0,0,5,0,0,False
2115,logic-ng/logicng,1c7f6c144fcebb4ce4b313f54e57fb91878b4bbe,org/logicng/util/PairTest.java,36,4,4,10,0.5,18,4,4,0,0,0,0,0,0,0,0,1,1,0,0,0,0,0,0,4,0,0,False
2116,logic-ng/logicng,4d21492f577b97c35e3f087604a231b6bd8ed85a,org/logicng/cardinalityconstraints/CCALKTotalizerTest.java,64,5,10,26,0.13,8,5,1,2,0,0,0,0,0,0,0,0,0,0,0,0,1,1,0,4,0,0,False
2117,logic-ng/logicng,4d21492f577b97c35e3f087604a231b6bd8ed85a,org/logicng/cardinalityconstraints/CCAMKTotalizerTest.java,78,5,9,33,0.12,9,5,2,3,0,0,0,0,0,0,0,0,0,0,0,0,1,1,0,4,0,0,False
2118,logic-ng/logicng,4d21492f577b97c35e3f087604a231b6bd8ed85a,org/logicng/collections/LNGBooleanVectorTest.java,133,10,22,63,0.39,52,10,8,9,0,0,0,0,0,0,0,0,1,0,0,4,0,0,0,10,0,0,False
2119,logic-ng/logicng,4d21492f577b97c35e3f087604a231b6bd8ed85a,org/logicng/collections/LNGByteVectorTest.java,162,12,26,75,0.35,57,12,10,11,0,0,0,0,0,0,0,0,1,0,0,4,0,0,0,12,0,0,False
2120,logic-ng/logicng,4d21492f577b97c35e3f087604a231b6bd8ed85a,org/logicng/collections/LNGDoublePriorityQueueTest.java,107,6,6,31,0.39,42,6,5,0,0,0,0,0,0,0,0,0,1,0,0,3,0,0,0,6,0,0,False
2121,logic-ng/logicng,4d21492f577b97c35e3f087604a231b6bd8ed85a,org/logicng/collections/LNGDoubleVectorTest.java,162,12,26,75,0.35,57,12,10,11,0,0,0,0,0,0,0,0,1,0,0,5,0,0,0,12,0,0,False
2122,logic-ng/logicng,4d21492f577b97c35e3f087604a231b6bd8ed85a,org/logicng/collections/LNGIntVectorTest.java,162,12,26,75,0.35,57,12,10,11,0,0,0,0,0,0,0,0,1,0,0,4,0,0,0,12,0,0,False
2123,logic-ng/logicng,4d21492f577b97c35e3f087604a231b6bd8ed85a,org/logicng/collections/LNGLongPriorityQueueTest.java,88,5,5,25,0.41,36,5,4,0,0,0,0,0,0,0,0,0,1,0,0,2,0,0,0,5,0,0,False
2124,logic-ng/logicng,4d21492f577b97c35e3f087604a231b6bd8ed85a,org/logicng/collections/LNGLongVectorTest.java,162,12,26,75,0.35,57,12,10,11,0,0,0,0,0,0,0,0,1,0,0,4,0,0,0,12,0,0,False
2125,logic-ng/logicng,4d21492f577b97c35e3f087604a231b6bd8ed85a,org/logicng/collections/LNGVectorTest.java,292,23,49,137,0.36,104,21,18,20,1,0,0,0,0,0,0,0,2,0,0,7,0,0,0,21,0,0,False
2126,logic-ng/logicng,4d21492f577b97c35e3f087604a231b6bd8ed85a,org/logicng/datastructures/AssignmentTest.java,133,13,16,60,0.48,64,13,12,0,0,0,0,1,0,0,0,2,1,0,0,3,0,0,0,13,0,0,False
2127,logic-ng/logicng,4d21492f577b97c35e3f087604a231b6bd8ed85a,org/logicng/formulas/SubstitutionTest.java,113,13,17,38,0.35,40,12,9,0,1,0,0,4,0,0,0,1,1,0,0,0,0,0,0,12,0,0,False
2128,logic-ng/logicng,4d21492f577b97c35e3f087604a231b6bd8ed85a,org/logicng/formulas/AndTest.java,124,16,18,58,0.58,72,16,13,0,0,0,0,1,0,0,0,1,1,0,0,3,0,0,0,16,0,0,False
2129,logic-ng/logicng,4d21492f577b97c35e3f087604a231b6bd8ed85a,org/logicng/formulas/CFalseTest.java,52,14,16,36,0.33,17,14,0,0,0,0,0,1,0,0,0,0,1,0,0,0,0,0,0,14,0,0,False
2130,logic-ng/logicng,4d21492f577b97c35e3f087604a231b6bd8ed85a,org/logicng/formulas/CTrueTest.java,53,14,16,36,0.34,18,14,1,0,0,0,0,1,0,0,0,0,1,0,0,1,0,0,0,14,0,0,False
2131,logic-ng/logicng,4d21492f577b97c35e3f087604a231b6bd8ed85a,org/logicng/formulas/EquivalenceTest.java,111,16,18,49,0.56,62,16,15,0,0,0,0,1,0,0,0,1,1,0,0,4,0,0,0,16,0,0,False
2132,logic-ng/logicng,4d21492f577b97c35e3f087604a231b6bd8ed85a,org/logicng/formulas/FormulaTest.java,48,6,11,26,0.21,10,4,3,0,0,0,0,0,0,0,0,0,0,0,0,0,0,0,0,4,0,0,False
2133,logic-ng/logicng,4d21492f577b97c35e3f087604a231b6bd8ed85a,org/logicng/formulas/FormulaFactoryTest.java,59,4,4,23,0.34,20,4,2,0,0,0,0,0,0,0,0,0,1,0,0,1,0,0,0,4,0,0,False
2134,logic-ng/logicng,4d21492f577b97c35e3f087604a231b6bd8ed85a,org/logicng/formulas/ImplicationTest.java,109,17,19,50,0.52,57,17,15,0,0,0,0,1,0,0,0,1,1,0,0,4,0,0,0,17,0,0,False
2135,logic-ng/logicng,4d21492f577b97c35e3f087604a231b6bd8ed85a,org/logicng/formulas/LiteralTest.java,110,19,20,54,0.55,61,19,18,0,0,0,0,0,0,0,0,1,1,0,0,2,1,0,0,19,0,0,False
2136,logic-ng/logicng,4d21492f577b97c35e3f087604a231b6bd8ed85a,org/logicng/formulas/NotTest.java,90,15,17,46,0.51,46,15,14,0,0,0,0,1,0,0,0,1,1,0,0,3,0,0,0,15,0,0,False
2137,logic-ng/logicng,4d21492f577b97c35e3f087604a231b6bd8ed85a,org/logicng/formulas/OrTest.java,120,15,17,53,0.59,71,15,13,0,0,0,0,1,0,0,0,1,1,0,0,3,0,0,0,15,0,0,False
2138,logic-ng/logicng,4d21492f577b97c35e3f087604a231b6bd8ed85a,org/logicng/formulas/PBConstraintTest.java,365,25,28,130,0.46,169,24,21,0,1,0,0,1,0,0,0,2,4,0,0,2,0,0,0,24,0,0,False
2139,logic-ng/logicng,4d21492f577b97c35e3f087604a231b6bd8ed85a,org/logicng/formulas/printer/LatexStringRepresentationTest.java,30,1,1,5,0.67,20,1,1,0,0,0,0,0,0,0,0,0,0,0,0,0,0,0,0,1,0,0,False
2140,logic-ng/logicng,4d21492f577b97c35e3f087604a231b6bd8ed85a,org/logicng/formulas/printer/UTF8StringRepresentationTest.java,30,1,1,5,0.67,20,1,1,0,0,0,0,0,0,0,0,0,0,0,0,0,0,0,0,1,0,0,False
2141,logic-ng/logicng,4d21492f577b97c35e3f087604a231b6bd8ed85a,org/logicng/io/parsers/PropositionalParserTest.java,137,24,47,50,0.42,57,24,6,0,0,0,0,23,0,0,0,0,1,0,0,0,0,0,0,24,0,0,False
2142,logic-ng/logicng,4d21492f577b97c35e3f087604a231b6bd8ed85a,org/logicng/io/parsers/PseudoBooleanParserTest.java,170,30,59,74,0.42,72,30,10,0,0,0,0,29,0,0,0,0,1,0,0,1,0,0,0,30,0,0,False
2143,logic-ng/logicng,4d21492f577b97c35e3f087604a231b6bd8ed85a,org/logicng/io/writers/FormulaDotFileWriterTest.java,47,5,14,14,0.09,4,5,0,0,0,0,0,3,0,0,0,0,0,0,0,0,3,1,0,3,0,0,False
2144,logic-ng/logicng,4d21492f577b97c35e3f087604a231b6bd8ed85a,org/logicng/predicates/CNFPredicateTest.java,25,1,1,6,0.6,15,1,1,0,0,0,0,0,0,0,0,0,0,0,0,0,0,0,0,1,0,0,False
2145,logic-ng/logicng,4d21492f577b97c35e3f087604a231b6bd8ed85a,org/logicng/predicates/DNFPredicateTest.java,25,1,1,6,0.6,15,1,1,0,0,0,0,0,0,0,0,0,0,0,0,0,0,0,0,1,0,0,False
2146,logic-ng/logicng,4d21492f577b97c35e3f087604a231b6bd8ed85a,org/logicng/propositions/ExtendedPropositionTest.java,73,5,11,17,0.32,23,4,4,0,1,0,0,3,0,0,0,1,1,0,0,0,0,0,0,4,0,0,False
2147,logic-ng/logicng,4d21492f577b97c35e3f087604a231b6bd8ed85a,org/logicng/propositions/StandardPropositionTest.java,60,5,11,15,0.4,24,4,4,0,1,0,0,3,0,0,0,1,1,0,0,0,0,0,0,4,0,0,False
2148,logic-ng/logicng,4d21492f577b97c35e3f087604a231b6bd8ed85a,org/logicng/pseudobooleans/PBSWCTest.java,77,4,7,31,0.12,9,4,2,2,0,0,0,0,0,0,0,0,0,0,0,0,1,1,0,3,0,0,False
2149,logic-ng/logicng,4d21492f577b97c35e3f087604a231b6bd8ed85a,org/logicng/solvers/sat/MiniSatTest.java,36,5,8,13,0.06,2,5,1,0,0,0,0,0,0,0,0,0,0,0,0,0,0,0,0,3,0,0,False
2150,logic-ng/logicng,4d21492f577b97c35e3f087604a231b6bd8ed85a,org/logicng/solvers/sat/MiniCardTest.java,75,7,10,27,0.19,14,7,3,0,0,0,0,0,0,0,0,0,0,0,0,1,0,0,0,5,0,0,False
2151,logic-ng/logicng,4d21492f577b97c35e3f087604a231b6bd8ed85a,org/logicng/util/PairTest.java,36,4,4,10,0.5,18,4,4,0,0,0,0,0,0,0,0,1,1,0,0,0,0,0,0,4,0,0,False
2152,logic-ng/logicng,3f7c38a5a142206a453af1e1b54074b02b172620,org/logicng/cardinalityconstraints/CCALKTotalizerTest.java,65,5,10,26,0.12,8,5,1,2,0,0,0,0,0,0,0,0,0,0,0,0,1,1,0,4,0,0,False
2153,logic-ng/logicng,3f7c38a5a142206a453af1e1b54074b02b172620,org/logicng/cardinalityconstraints/CCAMKTotalizerTest.java,79,5,9,33,0.11,9,5,2,3,0,0,0,0,0,0,0,0,0,0,0,0,1,1,0,4,0,0,False
2154,logic-ng/logicng,3f7c38a5a142206a453af1e1b54074b02b172620,org/logicng/collections/LNGBooleanVectorTest.java,134,10,22,63,0.39,52,10,8,9,0,0,0,0,0,0,0,0,1,0,0,4,0,0,0,10,0,0,False
2155,logic-ng/logicng,3f7c38a5a142206a453af1e1b54074b02b172620,org/logicng/collections/LNGByteVectorTest.java,163,12,26,75,0.35,57,12,10,11,0,0,0,0,0,0,0,0,1,0,0,4,0,0,0,12,0,0,False
2156,logic-ng/logicng,3f7c38a5a142206a453af1e1b54074b02b172620,org/logicng/collections/LNGDoublePriorityQueueTest.java,108,6,6,31,0.39,42,6,5,0,0,0,0,0,0,0,0,0,1,0,0,3,0,0,0,6,0,0,False
2157,logic-ng/logicng,3f7c38a5a142206a453af1e1b54074b02b172620,org/logicng/collections/LNGDoubleVectorTest.java,163,12,26,75,0.35,57,12,10,11,0,0,0,0,0,0,0,0,1,0,0,5,0,0,0,12,0,0,False
2158,logic-ng/logicng,3f7c38a5a142206a453af1e1b54074b02b172620,org/logicng/collections/LNGIntVectorTest.java,163,12,26,75,0.35,57,12,10,11,0,0,0,0,0,0,0,0,1,0,0,4,0,0,0,12,0,0,False
2159,logic-ng/logicng,3f7c38a5a142206a453af1e1b54074b02b172620,org/logicng/collections/LNGLongPriorityQueueTest.java,89,5,5,25,0.4,36,5,4,0,0,0,0,0,0,0,0,0,1,0,0,2,0,0,0,5,0,0,False
2160,logic-ng/logicng,3f7c38a5a142206a453af1e1b54074b02b172620,org/logicng/collections/LNGLongVectorTest.java,163,12,26,75,0.35,57,12,10,11,0,0,0,0,0,0,0,0,1,0,0,4,0,0,0,12,0,0,False
2161,logic-ng/logicng,3f7c38a5a142206a453af1e1b54074b02b172620,org/logicng/collections/LNGVectorTest.java,293,23,49,137,0.35,104,21,18,20,1,0,0,0,0,0,0,0,2,0,0,7,0,0,0,21,0,0,False
2162,logic-ng/logicng,3f7c38a5a142206a453af1e1b54074b02b172620,org/logicng/datastructures/AssignmentTest.java,134,13,16,60,0.48,64,13,12,0,0,0,0,1,0,0,0,2,1,0,0,3,0,0,0,13,0,0,False
2163,logic-ng/logicng,3f7c38a5a142206a453af1e1b54074b02b172620,org/logicng/formulas/SubstitutionTest.java,114,13,17,38,0.35,40,12,9,0,1,0,0,4,0,0,0,1,1,0,0,0,0,0,0,12,0,0,False
2164,logic-ng/logicng,3f7c38a5a142206a453af1e1b54074b02b172620,org/logicng/formulas/AndTest.java,125,16,18,58,0.58,72,16,13,0,0,0,0,1,0,0,0,1,1,0,0,3,0,0,0,16,0,0,False
2165,logic-ng/logicng,3f7c38a5a142206a453af1e1b54074b02b172620,org/logicng/formulas/CFalseTest.java,53,14,16,36,0.32,17,14,0,0,0,0,0,1,0,0,0,0,1,0,0,0,0,0,0,14,0,0,False
2166,logic-ng/logicng,3f7c38a5a142206a453af1e1b54074b02b172620,org/logicng/formulas/CTrueTest.java,54,14,16,36,0.33,18,14,1,0,0,0,0,1,0,0,0,0,1,0,0,1,0,0,0,14,0,0,False
2167,logic-ng/logicng,3f7c38a5a142206a453af1e1b54074b02b172620,org/logicng/formulas/EquivalenceTest.java,112,16,18,49,0.55,62,16,15,0,0,0,0,1,0,0,0,1,1,0,0,4,0,0,0,16,0,0,False
2168,logic-ng/logicng,3f7c38a5a142206a453af1e1b54074b02b172620,org/logicng/formulas/FormulaTest.java,49,6,11,26,0.2,10,4,3,0,0,0,0,0,0,0,0,0,0,0,0,0,0,0,0,4,0,0,False
2169,logic-ng/logicng,3f7c38a5a142206a453af1e1b54074b02b172620,org/logicng/formulas/FormulaFactoryTest.java,60,4,4,23,0.33,20,4,2,0,0,0,0,0,0,0,0,0,1,0,0,1,0,0,0,4,0,0,False
2170,logic-ng/logicng,3f7c38a5a142206a453af1e1b54074b02b172620,org/logicng/formulas/ImplicationTest.java,110,17,19,50,0.52,57,17,15,0,0,0,0,1,0,0,0,1,1,0,0,4,0,0,0,17,0,0,False
2171,logic-ng/logicng,3f7c38a5a142206a453af1e1b54074b02b172620,org/logicng/formulas/LiteralTest.java,111,19,20,54,0.55,61,19,18,0,0,0,0,0,0,0,0,1,1,0,0,2,1,0,0,19,0,0,False
2172,logic-ng/logicng,3f7c38a5a142206a453af1e1b54074b02b172620,org/logicng/formulas/NotTest.java,91,15,17,46,0.51,46,15,14,0,0,0,0,1,0,0,0,1,1,0,0,3,0,0,0,15,0,0,False
2173,logic-ng/logicng,3f7c38a5a142206a453af1e1b54074b02b172620,org/logicng/formulas/OrTest.java,121,15,17,53,0.59,71,15,13,0,0,0,0,1,0,0,0,1,1,0,0,3,0,0,0,15,0,0,False
2174,logic-ng/logicng,3f7c38a5a142206a453af1e1b54074b02b172620,org/logicng/formulas/PBConstraintTest.java,366,25,28,130,0.46,169,24,21,0,1,0,0,1,0,0,0,2,4,0,0,2,0,0,0,24,0,0,False
2175,logic-ng/logicng,3f7c38a5a142206a453af1e1b54074b02b172620,org/logicng/formulas/printer/LatexStringRepresentationTest.java,31,1,1,5,0.65,20,1,1,0,0,0,0,0,0,0,0,0,0,0,0,0,0,0,0,1,0,0,False
2176,logic-ng/logicng,3f7c38a5a142206a453af1e1b54074b02b172620,org/logicng/formulas/printer/UTF8StringRepresentationTest.java,31,1,1,5,0.65,20,1,1,0,0,0,0,0,0,0,0,0,0,0,0,0,0,0,0,1,0,0,False
2177,logic-ng/logicng,3f7c38a5a142206a453af1e1b54074b02b172620,org/logicng/io/parsers/PropositionalParserTest.java,138,24,47,50,0.41,57,24,6,0,0,0,0,23,0,0,0,0,1,0,0,0,0,0,0,24,0,0,False
2178,logic-ng/logicng,3f7c38a5a142206a453af1e1b54074b02b172620,org/logicng/io/parsers/PseudoBooleanParserTest.java,171,30,59,74,0.42,72,30,10,0,0,0,0,29,0,0,0,0,1,0,0,1,0,0,0,30,0,0,False
2179,logic-ng/logicng,3f7c38a5a142206a453af1e1b54074b02b172620,org/logicng/io/writers/FormulaDotFileWriterTest.java,48,5,14,14,0.08,4,5,0,0,0,0,0,3,0,0,0,0,0,0,0,0,3,1,0,3,0,0,False
2180,logic-ng/logicng,3f7c38a5a142206a453af1e1b54074b02b172620,org/logicng/predicates/CNFPredicateTest.java,26,1,1,6,0.58,15,1,1,0,0,0,0,0,0,0,0,0,0,0,0,0,0,0,0,1,0,0,False
2181,logic-ng/logicng,3f7c38a5a142206a453af1e1b54074b02b172620,org/logicng/predicates/DNFPredicateTest.java,26,1,1,6,0.58,15,1,1,0,0,0,0,0,0,0,0,0,0,0,0,0,0,0,0,1,0,0,False
2182,logic-ng/logicng,3f7c38a5a142206a453af1e1b54074b02b172620,org/logicng/propositions/ExtendedPropositionTest.java,74,5,11,17,0.31,23,4,4,0,1,0,0,3,0,0,0,1,1,0,0,0,0,0,0,4,0,0,False
2183,logic-ng/logicng,3f7c38a5a142206a453af1e1b54074b02b172620,org/logicng/propositions/StandardPropositionTest.java,61,5,11,15,0.39,24,4,4,0,1,0,0,3,0,0,0,1,1,0,0,0,0,0,0,4,0,0,False
2184,logic-ng/logicng,3f7c38a5a142206a453af1e1b54074b02b172620,org/logicng/pseudobooleans/PBSWCTest.java,78,4,7,31,0.12,9,4,2,2,0,0,0,0,0,0,0,0,0,0,0,0,1,1,0,3,0,0,False
2185,logic-ng/logicng,3f7c38a5a142206a453af1e1b54074b02b172620,org/logicng/solvers/sat/MiniSatTest.java,37,5,8,13,0.05,2,5,1,0,0,0,0,0,0,0,0,0,0,0,0,0,0,0,0,3,0,0,False
2186,logic-ng/logicng,3f7c38a5a142206a453af1e1b54074b02b172620,org/logicng/solvers/sat/MiniCardTest.java,76,7,10,27,0.18,14,7,3,0,0,0,0,0,0,0,0,0,0,0,0,1,0,0,0,5,0,0,False
2187,logic-ng/logicng,3f7c38a5a142206a453af1e1b54074b02b172620,org/logicng/util/PairTest.java,37,4,4,10,0.49,18,4,4,0,0,0,0,0,0,0,0,1,1,0,0,0,0,0,0,4,0,0,False
2188,logic-ng/logicng,ca89698aab46e5083c06176f1a89f23b054e346a,org/logicng/cardinalityconstraints/CCALKTotalizerTest.java,65,5,10,26,0.12,8,5,1,2,0,0,0,0,0,0,0,0,0,0,0,0,1,1,0,4,0,0,False
2189,logic-ng/logicng,ca89698aab46e5083c06176f1a89f23b054e346a,org/logicng/cardinalityconstraints/CCAMKTotalizerTest.java,79,5,9,33,0.11,9,5,2,3,0,0,0,0,0,0,0,0,0,0,0,0,1,1,0,4,0,0,False
2190,logic-ng/logicng,ca89698aab46e5083c06176f1a89f23b054e346a,org/logicng/collections/LNGBooleanVectorTest.java,134,10,22,63,0.39,52,10,8,9,0,0,0,0,0,0,0,0,1,0,0,4,0,0,0,10,0,0,False
2191,logic-ng/logicng,ca89698aab46e5083c06176f1a89f23b054e346a,org/logicng/collections/LNGByteVectorTest.java,163,12,26,75,0.35,57,12,10,11,0,0,0,0,0,0,0,0,1,0,0,4,0,0,0,12,0,0,False
2192,logic-ng/logicng,ca89698aab46e5083c06176f1a89f23b054e346a,org/logicng/collections/LNGDoublePriorityQueueTest.java,108,6,6,31,0.39,42,6,5,0,0,0,0,0,0,0,0,0,1,0,0,3,0,0,0,6,0,0,False
2193,logic-ng/logicng,ca89698aab46e5083c06176f1a89f23b054e346a,org/logicng/collections/LNGDoubleVectorTest.java,163,12,26,75,0.35,57,12,10,11,0,0,0,0,0,0,0,0,1,0,0,5,0,0,0,12,0,0,False
2194,logic-ng/logicng,ca89698aab46e5083c06176f1a89f23b054e346a,org/logicng/collections/LNGIntVectorTest.java,163,12,26,75,0.35,57,12,10,11,0,0,0,0,0,0,0,0,1,0,0,4,0,0,0,12,0,0,False
2195,logic-ng/logicng,ca89698aab46e5083c06176f1a89f23b054e346a,org/logicng/collections/LNGLongPriorityQueueTest.java,89,5,5,25,0.4,36,5,4,0,0,0,0,0,0,0,0,0,1,0,0,2,0,0,0,5,0,0,False
2196,logic-ng/logicng,ca89698aab46e5083c06176f1a89f23b054e346a,org/logicng/collections/LNGLongVectorTest.java,163,12,26,75,0.35,57,12,10,11,0,0,0,0,0,0,0,0,1,0,0,4,0,0,0,12,0,0,False
2197,logic-ng/logicng,ca89698aab46e5083c06176f1a89f23b054e346a,org/logicng/collections/LNGVectorTest.java,293,23,49,137,0.35,104,21,18,20,1,0,0,0,0,0,0,0,2,0,0,7,0,0,0,21,0,0,False
2198,logic-ng/logicng,ca89698aab46e5083c06176f1a89f23b054e346a,org/logicng/datastructures/AssignmentTest.java,134,13,16,60,0.48,64,13,12,0,0,0,0,1,0,0,0,2,1,0,0,3,0,0,0,13,0,0,False
2199,logic-ng/logicng,ca89698aab46e5083c06176f1a89f23b054e346a,org/logicng/formulas/SubstitutionTest.java,114,13,17,38,0.35,40,12,9,0,1,0,0,4,0,0,0,1,1,0,0,0,0,0,0,12,0,0,False
2200,logic-ng/logicng,ca89698aab46e5083c06176f1a89f23b054e346a,org/logicng/formulas/AndTest.java,125,16,18,58,0.58,72,16,13,0,0,0,0,1,0,0,0,1,1,0,0,3,0,0,0,16,0,0,False
2201,logic-ng/logicng,ca89698aab46e5083c06176f1a89f23b054e346a,org/logicng/formulas/CFalseTest.java,53,14,16,36,0.32,17,14,0,0,0,0,0,1,0,0,0,0,1,0,0,0,0,0,0,14,0,0,False
2202,logic-ng/logicng,ca89698aab46e5083c06176f1a89f23b054e346a,org/logicng/formulas/CTrueTest.java,54,14,16,36,0.33,18,14,1,0,0,0,0,1,0,0,0,0,1,0,0,1,0,0,0,14,0,0,False
2203,logic-ng/logicng,ca89698aab46e5083c06176f1a89f23b054e346a,org/logicng/formulas/EquivalenceTest.java,112,16,18,49,0.55,62,16,15,0,0,0,0,1,0,0,0,1,1,0,0,4,0,0,0,16,0,0,False
2204,logic-ng/logicng,ca89698aab46e5083c06176f1a89f23b054e346a,org/logicng/formulas/FormulaTest.java,49,6,11,26,0.2,10,4,3,0,0,0,0,0,0,0,0,0,0,0,0,0,0,0,0,4,0,0,False
2205,logic-ng/logicng,ca89698aab46e5083c06176f1a89f23b054e346a,org/logicng/formulas/FormulaFactoryTest.java,60,4,4,23,0.33,20,4,2,0,0,0,0,0,0,0,0,0,1,0,0,1,0,0,0,4,0,0,False
2206,logic-ng/logicng,ca89698aab46e5083c06176f1a89f23b054e346a,org/logicng/formulas/ImplicationTest.java,110,17,19,50,0.52,57,17,15,0,0,0,0,1,0,0,0,1,1,0,0,4,0,0,0,17,0,0,False
2207,logic-ng/logicng,ca89698aab46e5083c06176f1a89f23b054e346a,org/logicng/formulas/LiteralTest.java,111,19,20,54,0.55,61,19,18,0,0,0,0,0,0,0,0,1,1,0,0,2,1,0,0,19,0,0,False
2208,logic-ng/logicng,ca89698aab46e5083c06176f1a89f23b054e346a,org/logicng/formulas/NotTest.java,91,15,17,46,0.51,46,15,14,0,0,0,0,1,0,0,0,1,1,0,0,3,0,0,0,15,0,0,False
2209,logic-ng/logicng,ca89698aab46e5083c06176f1a89f23b054e346a,org/logicng/formulas/OrTest.java,121,15,17,53,0.59,71,15,13,0,0,0,0,1,0,0,0,1,1,0,0,3,0,0,0,15,0,0,False
2210,logic-ng/logicng,ca89698aab46e5083c06176f1a89f23b054e346a,org/logicng/formulas/PBConstraintTest.java,366,25,28,130,0.46,169,24,21,0,1,0,0,1,0,0,0,2,4,0,0,2,0,0,0,24,0,0,False
2211,logic-ng/logicng,ca89698aab46e5083c06176f1a89f23b054e346a,org/logicng/formulas/printer/LatexStringRepresentationTest.java,31,1,1,5,0.65,20,1,1,0,0,0,0,0,0,0,0,0,0,0,0,0,0,0,0,1,0,0,False
2212,logic-ng/logicng,ca89698aab46e5083c06176f1a89f23b054e346a,org/logicng/formulas/printer/UTF8StringRepresentationTest.java,31,1,1,5,0.65,20,1,1,0,0,0,0,0,0,0,0,0,0,0,0,0,0,0,0,1,0,0,False
2213,logic-ng/logicng,ca89698aab46e5083c06176f1a89f23b054e346a,org/logicng/io/parsers/PropositionalParserTest.java,128,23,45,47,0.39,50,23,5,0,0,0,0,22,0,0,0,0,1,0,0,0,0,0,0,23,0,0,False
2214,logic-ng/logicng,ca89698aab46e5083c06176f1a89f23b054e346a,org/logicng/io/parsers/PseudoBooleanParserTest.java,157,28,55,70,0.41,64,28,9,0,0,0,0,27,0,0,0,0,1,0,0,1,0,0,0,28,0,0,False
2215,logic-ng/logicng,ca89698aab46e5083c06176f1a89f23b054e346a,org/logicng/io/writers/FormulaDotFileWriterTest.java,48,5,14,14,0.08,4,5,0,0,0,0,0,3,0,0,0,0,0,0,0,0,3,1,0,3,0,0,False
2216,logic-ng/logicng,ca89698aab46e5083c06176f1a89f23b054e346a,org/logicng/predicates/CNFPredicateTest.java,26,1,1,6,0.58,15,1,1,0,0,0,0,0,0,0,0,0,0,0,0,0,0,0,0,1,0,0,False
2217,logic-ng/logicng,ca89698aab46e5083c06176f1a89f23b054e346a,org/logicng/predicates/DNFPredicateTest.java,26,1,1,6,0.58,15,1,1,0,0,0,0,0,0,0,0,0,0,0,0,0,0,0,0,1,0,0,False
2218,logic-ng/logicng,ca89698aab46e5083c06176f1a89f23b054e346a,org/logicng/propositions/ExtendedPropositionTest.java,74,5,11,17,0.31,23,4,4,0,1,0,0,3,0,0,0,1,1,0,0,0,0,0,0,4,0,0,False
2219,logic-ng/logicng,ca89698aab46e5083c06176f1a89f23b054e346a,org/logicng/propositions/StandardPropositionTest.java,61,5,11,15,0.39,24,4,4,0,1,0,0,3,0,0,0,1,1,0,0,0,0,0,0,4,0,0,False
2220,logic-ng/logicng,ca89698aab46e5083c06176f1a89f23b054e346a,org/logicng/pseudobooleans/PBSWCTest.java,78,4,7,31,0.12,9,4,2,2,0,0,0,0,0,0,0,0,0,0,0,0,1,1,0,3,0,0,False
2221,logic-ng/logicng,ca89698aab46e5083c06176f1a89f23b054e346a,org/logicng/solvers/sat/MiniSatTest.java,37,5,8,13,0.05,2,5,1,0,0,0,0,0,0,0,0,0,0,0,0,0,0,0,0,3,0,0,False
2222,logic-ng/logicng,ca89698aab46e5083c06176f1a89f23b054e346a,org/logicng/solvers/sat/MiniCardTest.java,76,7,10,27,0.18,14,7,3,0,0,0,0,0,0,0,0,0,0,0,0,1,0,0,0,5,0,0,False
2223,logic-ng/logicng,ca89698aab46e5083c06176f1a89f23b054e346a,org/logicng/util/PairTest.java,37,4,4,10,0.49,18,4,4,0,0,0,0,0,0,0,0,1,1,0,0,0,0,0,0,4,0,0,False
2224,logic-ng/logicng,fc5de39caa66cbf44c7fefec14d0d5ddd6625b6e,org/logicng/cardinalityconstraints/CCALKTotalizerTest.java,65,5,10,26,0.12,8,5,1,2,0,0,0,0,0,0,0,0,0,0,0,0,1,1,0,4,0,0,False
2225,logic-ng/logicng,fc5de39caa66cbf44c7fefec14d0d5ddd6625b6e,org/logicng/cardinalityconstraints/CCAMKTotalizerTest.java,79,5,9,33,0.11,9,5,2,3,0,0,0,0,0,0,0,0,0,0,0,0,1,1,0,4,0,0,False
2226,logic-ng/logicng,fc5de39caa66cbf44c7fefec14d0d5ddd6625b6e,org/logicng/collections/LNGBooleanVectorTest.java,134,10,22,63,0.39,52,10,8,9,0,0,0,0,0,0,0,0,1,0,0,4,0,0,0,10,0,0,False
2227,logic-ng/logicng,fc5de39caa66cbf44c7fefec14d0d5ddd6625b6e,org/logicng/collections/LNGByteVectorTest.java,163,12,26,75,0.35,57,12,10,11,0,0,0,0,0,0,0,0,1,0,0,4,0,0,0,12,0,0,False
2228,logic-ng/logicng,fc5de39caa66cbf44c7fefec14d0d5ddd6625b6e,org/logicng/collections/LNGDoublePriorityQueueTest.java,108,6,6,31,0.39,42,6,5,0,0,0,0,0,0,0,0,0,1,0,0,3,0,0,0,6,0,0,False
2229,logic-ng/logicng,fc5de39caa66cbf44c7fefec14d0d5ddd6625b6e,org/logicng/collections/LNGDoubleVectorTest.java,163,12,26,75,0.35,57,12,10,11,0,0,0,0,0,0,0,0,1,0,0,5,0,0,0,12,0,0,False
2230,logic-ng/logicng,fc5de39caa66cbf44c7fefec14d0d5ddd6625b6e,org/logicng/collections/LNGIntVectorTest.java,163,12,26,75,0.35,57,12,10,11,0,0,0,0,0,0,0,0,1,0,0,4,0,0,0,12,0,0,False
2231,logic-ng/logicng,fc5de39caa66cbf44c7fefec14d0d5ddd6625b6e,org/logicng/collections/LNGLongPriorityQueueTest.java,89,5,5,25,0.4,36,5,4,0,0,0,0,0,0,0,0,0,1,0,0,2,0,0,0,5,0,0,False
2232,logic-ng/logicng,fc5de39caa66cbf44c7fefec14d0d5ddd6625b6e,org/logicng/collections/LNGLongVectorTest.java,163,12,26,75,0.35,57,12,10,11,0,0,0,0,0,0,0,0,1,0,0,4,0,0,0,12,0,0,False
2233,logic-ng/logicng,fc5de39caa66cbf44c7fefec14d0d5ddd6625b6e,org/logicng/collections/LNGVectorTest.java,293,23,49,137,0.35,104,21,18,20,1,0,0,0,0,0,0,0,2,0,0,7,0,0,0,21,0,0,False
2234,logic-ng/logicng,fc5de39caa66cbf44c7fefec14d0d5ddd6625b6e,org/logicng/datastructures/AssignmentTest.java,134,13,16,60,0.48,64,13,12,0,0,0,0,1,0,0,0,2,1,0,0,3,0,0,0,13,0,0,False
2235,logic-ng/logicng,fc5de39caa66cbf44c7fefec14d0d5ddd6625b6e,org/logicng/formulas/SubstitutionTest.java,123,14,18,39,0.35,43,13,9,0,1,0,0,4,0,0,0,1,1,0,0,0,0,0,0,13,0,0,False
2236,logic-ng/logicng,fc5de39caa66cbf44c7fefec14d0d5ddd6625b6e,org/logicng/formulas/AndTest.java,125,16,18,56,0.58,72,16,13,0,0,0,0,1,0,0,0,1,1,0,0,3,0,0,0,16,0,0,False
2237,logic-ng/logicng,fc5de39caa66cbf44c7fefec14d0d5ddd6625b6e,org/logicng/formulas/CFalseTest.java,53,14,16,36,0.32,17,14,0,0,0,0,0,1,0,0,0,0,1,0,0,0,0,0,0,14,0,0,False
2238,logic-ng/logicng,fc5de39caa66cbf44c7fefec14d0d5ddd6625b6e,org/logicng/formulas/CTrueTest.java,54,14,16,36,0.33,18,14,1,0,0,0,0,1,0,0,0,0,1,0,0,1,0,0,0,14,0,0,False
2239,logic-ng/logicng,fc5de39caa66cbf44c7fefec14d0d5ddd6625b6e,org/logicng/formulas/EquivalenceTest.java,112,16,18,48,0.55,62,16,15,0,0,0,0,1,0,0,0,1,1,0,0,4,0,0,0,16,0,0,False
2240,logic-ng/logicng,fc5de39caa66cbf44c7fefec14d0d5ddd6625b6e,org/logicng/formulas/FormulaTest.java,49,6,11,25,0.2,10,4,3,0,0,0,0,0,0,0,0,0,0,0,0,0,0,0,0,4,0,0,False
2241,logic-ng/logicng,fc5de39caa66cbf44c7fefec14d0d5ddd6625b6e,org/logicng/formulas/FormulaFactoryTest.java,41,3,3,18,0.22,9,3,2,0,0,0,0,0,0,0,0,0,1,0,0,0,0,0,0,3,0,0,False
2242,logic-ng/logicng,fc5de39caa66cbf44c7fefec14d0d5ddd6625b6e,org/logicng/formulas/ImplicationTest.java,110,17,19,49,0.52,57,17,15,0,0,0,0,1,0,0,0,1,1,0,0,4,0,0,0,17,0,0,False
2243,logic-ng/logicng,fc5de39caa66cbf44c7fefec14d0d5ddd6625b6e,org/logicng/formulas/LiteralTest.java,105,18,19,49,0.54,57,18,17,0,0,0,0,0,0,0,0,1,1,0,0,2,1,0,0,18,0,0,False
2244,logic-ng/logicng,fc5de39caa66cbf44c7fefec14d0d5ddd6625b6e,org/logicng/formulas/NotTest.java,91,15,17,46,0.51,46,15,14,0,0,0,0,1,0,0,0,1,1,0,0,3,0,0,0,15,0,0,False
2245,logic-ng/logicng,fc5de39caa66cbf44c7fefec14d0d5ddd6625b6e,org/logicng/formulas/OrTest.java,121,15,17,52,0.59,71,15,13,0,0,0,0,1,0,0,0,1,1,0,0,3,0,0,0,15,0,0,False
2246,logic-ng/logicng,fc5de39caa66cbf44c7fefec14d0d5ddd6625b6e,org/logicng/formulas/PBConstraintTest.java,381,28,31,125,0.45,172,27,21,0,1,0,0,1,0,0,0,2,4,0,0,2,0,0,0,27,0,0,False
2247,logic-ng/logicng,fc5de39caa66cbf44c7fefec14d0d5ddd6625b6e,org/logicng/formulas/printer/LatexStringRepresentationTest.java,31,1,1,5,0.65,20,1,1,0,0,0,0,0,0,0,0,0,0,0,0,0,0,0,0,1,0,0,False
2248,logic-ng/logicng,fc5de39caa66cbf44c7fefec14d0d5ddd6625b6e,org/logicng/formulas/printer/UTF8StringRepresentationTest.java,31,1,1,5,0.65,20,1,1,0,0,0,0,0,0,0,0,0,0,0,0,0,0,0,0,1,0,0,False
2249,logic-ng/logicng,fc5de39caa66cbf44c7fefec14d0d5ddd6625b6e,org/logicng/io/parsers/PropositionalParserTest.java,128,23,45,45,0.39,50,23,5,0,0,0,0,22,0,0,0,0,1,0,0,0,0,0,0,23,0,0,False
2250,logic-ng/logicng,fc5de39caa66cbf44c7fefec14d0d5ddd6625b6e,org/logicng/io/parsers/PseudoBooleanParserTest.java,157,28,55,65,0.41,64,28,9,0,0,0,0,27,0,0,0,0,1,0,0,1,0,0,0,28,0,0,False
2251,logic-ng/logicng,fc5de39caa66cbf44c7fefec14d0d5ddd6625b6e,org/logicng/io/writers/FormulaDotFileWriterTest.java,41,4,9,9,0.05,2,4,0,0,0,0,0,3,0,0,0,0,0,0,0,0,3,1,0,3,0,0,False
2252,logic-ng/logicng,fc5de39caa66cbf44c7fefec14d0d5ddd6625b6e,org/logicng/predicates/CNFPredicateTest.java,26,1,1,6,0.58,15,1,1,0,0,0,0,0,0,0,0,0,0,0,0,0,0,0,0,1,0,0,False
2253,logic-ng/logicng,fc5de39caa66cbf44c7fefec14d0d5ddd6625b6e,org/logicng/predicates/DNFPredicateTest.java,26,1,1,6,0.58,15,1,1,0,0,0,0,0,0,0,0,0,0,0,0,0,0,0,0,1,0,0,False
2254,logic-ng/logicng,fc5de39caa66cbf44c7fefec14d0d5ddd6625b6e,org/logicng/propositions/ExtendedPropositionTest.java,74,5,11,17,0.31,23,4,4,0,1,0,0,3,0,0,0,1,1,0,0,0,0,0,0,4,0,0,False
2255,logic-ng/logicng,fc5de39caa66cbf44c7fefec14d0d5ddd6625b6e,org/logicng/propositions/StandardPropositionTest.java,61,5,11,15,0.39,24,4,4,0,1,0,0,3,0,0,0,1,1,0,0,0,0,0,0,4,0,0,False
2256,logic-ng/logicng,fc5de39caa66cbf44c7fefec14d0d5ddd6625b6e,org/logicng/pseudobooleans/PBSWCTest.java,78,4,7,31,0.12,9,4,2,2,0,0,0,0,0,0,0,0,0,0,0,0,1,1,0,3,0,0,False
2257,logic-ng/logicng,fc5de39caa66cbf44c7fefec14d0d5ddd6625b6e,org/logicng/solvers/sat/MiniSatTest.java,37,5,8,13,0.05,2,5,1,0,0,0,0,0,0,0,0,0,0,0,0,0,0,0,0,3,0,0,False
2258,logic-ng/logicng,fc5de39caa66cbf44c7fefec14d0d5ddd6625b6e,org/logicng/solvers/sat/MiniCardTest.java,76,7,10,27,0.18,14,7,3,0,0,0,0,0,0,0,0,0,0,0,0,1,0,0,0,5,0,0,False
2259,logic-ng/logicng,fc5de39caa66cbf44c7fefec14d0d5ddd6625b6e,org/logicng/util/PairTest.java,37,4,4,10,0.49,18,4,4,0,0,0,0,0,0,0,0,1,1,0,0,0,0,0,0,4,0,0,False
2260,logic-ng/logicng,0188080e0c29d6564dcf971163a8a86d60034ac2,org/logicng/cardinalityconstraints/CCALKTotalizerTest.java,65,5,10,26,0.12,8,5,1,2,0,0,0,0,0,0,0,0,0,0,0,0,1,1,0,4,0,0,False
2261,logic-ng/logicng,0188080e0c29d6564dcf971163a8a86d60034ac2,org/logicng/cardinalityconstraints/CCAMKTotalizerTest.java,79,5,9,33,0.11,9,5,2,3,0,0,0,0,0,0,0,0,0,0,0,0,1,1,0,4,0,0,False
2262,logic-ng/logicng,0188080e0c29d6564dcf971163a8a86d60034ac2,org/logicng/collections/LNGBooleanVectorTest.java,134,10,22,63,0.39,52,10,8,9,0,0,0,0,0,0,0,0,1,0,0,4,0,0,0,10,0,0,False
2263,logic-ng/logicng,0188080e0c29d6564dcf971163a8a86d60034ac2,org/logicng/collections/LNGByteVectorTest.java,163,12,26,75,0.35,57,12,10,11,0,0,0,0,0,0,0,0,1,0,0,4,0,0,0,12,0,0,False
2264,logic-ng/logicng,0188080e0c29d6564dcf971163a8a86d60034ac2,org/logicng/collections/LNGDoublePriorityQueueTest.java,108,6,6,31,0.39,42,6,5,0,0,0,0,0,0,0,0,0,1,0,0,3,0,0,0,6,0,0,False
2265,logic-ng/logicng,0188080e0c29d6564dcf971163a8a86d60034ac2,org/logicng/collections/LNGDoubleVectorTest.java,163,12,26,75,0.35,57,12,10,11,0,0,0,0,0,0,0,0,1,0,0,5,0,0,0,12,0,0,False
2266,logic-ng/logicng,0188080e0c29d6564dcf971163a8a86d60034ac2,org/logicng/collections/LNGIntVectorTest.java,163,12,26,75,0.35,57,12,10,11,0,0,0,0,0,0,0,0,1,0,0,4,0,0,0,12,0,0,False
2267,logic-ng/logicng,0188080e0c29d6564dcf971163a8a86d60034ac2,org/logicng/collections/LNGLongPriorityQueueTest.java,89,5,5,25,0.4,36,5,4,0,0,0,0,0,0,0,0,0,1,0,0,2,0,0,0,5,0,0,False
2268,logic-ng/logicng,0188080e0c29d6564dcf971163a8a86d60034ac2,org/logicng/collections/LNGLongVectorTest.java,163,12,26,75,0.35,57,12,10,11,0,0,0,0,0,0,0,0,1,0,0,4,0,0,0,12,0,0,False
2269,logic-ng/logicng,0188080e0c29d6564dcf971163a8a86d60034ac2,org/logicng/collections/LNGVectorTest.java,293,23,49,137,0.35,104,21,18,20,1,0,0,0,0,0,0,0,2,0,0,7,0,0,0,21,0,0,False
2270,logic-ng/logicng,0188080e0c29d6564dcf971163a8a86d60034ac2,org/logicng/datastructures/AssignmentTest.java,102,11,13,42,0.45,46,11,10,0,0,0,0,1,0,0,0,2,1,0,0,2,0,0,0,11,0,0,False
2271,logic-ng/logicng,0188080e0c29d6564dcf971163a8a86d60034ac2,org/logicng/formulas/SubstitutionTest.java,123,14,18,39,0.35,43,13,9,0,1,0,0,4,0,0,0,1,1,0,0,0,0,0,0,13,0,0,False
2272,logic-ng/logicng,0188080e0c29d6564dcf971163a8a86d60034ac2,org/logicng/formulas/AndTest.java,110,14,15,48,0.55,61,14,11,0,0,0,0,1,0,0,0,1,1,0,0,3,0,0,0,14,0,0,False
2273,logic-ng/logicng,0188080e0c29d6564dcf971163a8a86d60034ac2,org/logicng/formulas/CFalseTest.java,47,12,13,28,0.32,15,12,2,0,0,0,0,1,0,0,0,1,1,0,0,2,0,0,0,12,0,0,False
2274,logic-ng/logicng,0188080e0c29d6564dcf971163a8a86d60034ac2,org/logicng/formulas/CTrueTest.java,47,12,13,28,0.32,15,12,2,0,0,0,0,1,0,0,0,1,1,0,0,2,0,0,0,12,0,0,False
2275,logic-ng/logicng,0188080e0c29d6564dcf971163a8a86d60034ac2,org/logicng/formulas/EquivalenceTest.java,99,14,15,42,0.54,53,14,13,0,0,0,0,1,0,0,0,1,1,0,0,4,0,0,0,14,0,0,False
2276,logic-ng/logicng,0188080e0c29d6564dcf971163a8a86d60034ac2,org/logicng/formulas/FormulaTest.java,49,6,11,25,0.2,10,4,3,0,0,0,0,0,0,0,0,0,0,0,0,0,0,0,0,4,0,0,False
2277,logic-ng/logicng,0188080e0c29d6564dcf971163a8a86d60034ac2,org/logicng/formulas/FormulaFactoryTest.java,41,3,3,18,0.22,9,3,2,0,0,0,0,0,0,0,0,0,1,0,0,0,0,0,0,3,0,0,False
2278,logic-ng/logicng,0188080e0c29d6564dcf971163a8a86d60034ac2,org/logicng/formulas/ImplicationTest.java,97,15,16,43,0.49,48,15,13,0,0,0,0,1,0,0,0,1,1,0,0,4,0,0,0,15,0,0,False
2279,logic-ng/logicng,0188080e0c29d6564dcf971163a8a86d60034ac2,org/logicng/formulas/LiteralTest.java,94,16,17,43,0.53,50,16,15,0,0,0,0,1,0,0,0,1,1,0,0,2,1,0,0,16,0,0,False
2280,logic-ng/logicng,0188080e0c29d6564dcf971163a8a86d60034ac2,org/logicng/formulas/NotTest.java,81,13,14,38,0.49,40,13,12,0,0,0,0,1,0,0,0,1,1,0,0,3,0,0,0,13,0,0,False
2281,logic-ng/logicng,0188080e0c29d6564dcf971163a8a86d60034ac2,org/logicng/formulas/OrTest.java,106,13,14,44,0.57,60,13,11,0,0,0,0,1,0,0,0,1,1,0,0,3,0,0,0,13,0,0,False
2282,logic-ng/logicng,0188080e0c29d6564dcf971163a8a86d60034ac2,org/logicng/formulas/PBConstraintTest.java,377,27,30,123,0.45,170,26,20,0,1,0,0,1,0,0,0,2,4,0,0,2,0,0,0,26,0,0,False
2283,logic-ng/logicng,0188080e0c29d6564dcf971163a8a86d60034ac2,org/logicng/formulas/printer/LatexStringRepresentationTest.java,26,1,1,5,0.58,15,1,1,0,0,0,0,0,0,0,0,0,0,0,0,0,0,0,0,1,0,0,False
2284,logic-ng/logicng,0188080e0c29d6564dcf971163a8a86d60034ac2,org/logicng/formulas/printer/UTF8StringRepresentationTest.java,26,1,1,5,0.58,15,1,1,0,0,0,0,0,0,0,0,0,0,0,0,0,0,0,0,1,0,0,False
2285,logic-ng/logicng,0188080e0c29d6564dcf971163a8a86d60034ac2,org/logicng/io/parsers/PropositionalParserTest.java,115,20,40,38,0.41,47,20,4,0,0,0,0,20,0,0,0,0,0,0,0,0,0,0,0,20,0,0,False
2286,logic-ng/logicng,0188080e0c29d6564dcf971163a8a86d60034ac2,org/logicng/io/parsers/PseudoBooleanParserTest.java,140,24,48,54,0.42,59,24,7,0,0,0,0,24,0,0,0,0,0,0,0,1,0,0,0,24,0,0,False
2287,logic-ng/logicng,0188080e0c29d6564dcf971163a8a86d60034ac2,org/logicng/io/writers/FormulaDotFileWriterTest.java,41,4,9,9,0.05,2,4,0,0,0,0,0,3,0,0,0,0,0,0,0,0,3,1,0,3,0,0,False
2288,logic-ng/logicng,0188080e0c29d6564dcf971163a8a86d60034ac2,org/logicng/propositions/ExtendedPropositionTest.java,74,5,11,17,0.31,23,4,4,0,1,0,0,3,0,0,0,1,1,0,0,0,0,0,0,4,0,0,False
2289,logic-ng/logicng,0188080e0c29d6564dcf971163a8a86d60034ac2,org/logicng/propositions/StandardPropositionTest.java,61,5,11,15,0.39,24,4,4,0,1,0,0,3,0,0,0,1,1,0,0,0,0,0,0,4,0,0,False
2290,logic-ng/logicng,0188080e0c29d6564dcf971163a8a86d60034ac2,org/logicng/pseudobooleans/PBSWCTest.java,78,4,7,31,0.12,9,4,2,2,0,0,0,0,0,0,0,0,0,0,0,0,1,1,0,3,0,0,False
2291,logic-ng/logicng,0188080e0c29d6564dcf971163a8a86d60034ac2,org/logicng/util/PairTest.java,37,4,4,10,0.49,18,4,4,0,0,0,0,0,0,0,0,1,1,0,0,0,0,0,0,4,0,0,False
2292,logic-ng/logicng,98d77b261c3c85efd355b0be6dbf62b812666470,org/logicng/cardinalityconstraints/CCALKTotalizerTest.java,65,5,10,26,0.12,8,5,1,2,0,0,0,0,0,0,0,0,0,0,0,0,1,1,0,4,0,0,False
2293,logic-ng/logicng,98d77b261c3c85efd355b0be6dbf62b812666470,org/logicng/cardinalityconstraints/CCAMKTotalizerTest.java,79,5,9,33,0.11,9,5,2,3,0,0,0,0,0,0,0,0,0,0,0,0,1,1,0,4,0,0,False
2294,logic-ng/logicng,98d77b261c3c85efd355b0be6dbf62b812666470,org/logicng/collections/LNGBooleanVectorTest.java,134,10,22,63,0.39,52,10,8,9,0,0,0,0,0,0,0,0,1,0,0,4,0,0,0,10,0,0,False
2295,logic-ng/logicng,98d77b261c3c85efd355b0be6dbf62b812666470,org/logicng/collections/LNGByteVectorTest.java,163,12,26,75,0.35,57,12,10,11,0,0,0,0,0,0,0,0,1,0,0,4,0,0,0,12,0,0,False
2296,logic-ng/logicng,98d77b261c3c85efd355b0be6dbf62b812666470,org/logicng/collections/LNGDoublePriorityQueueTest.java,108,6,6,31,0.39,42,6,5,0,0,0,0,0,0,0,0,0,1,0,0,3,0,0,0,6,0,0,False
2297,logic-ng/logicng,98d77b261c3c85efd355b0be6dbf62b812666470,org/logicng/collections/LNGDoubleVectorTest.java,163,12,26,75,0.35,57,12,10,11,0,0,0,0,0,0,0,0,1,0,0,5,0,0,0,12,0,0,False
2298,logic-ng/logicng,98d77b261c3c85efd355b0be6dbf62b812666470,org/logicng/collections/LNGIntVectorTest.java,163,12,26,75,0.35,57,12,10,11,0,0,0,0,0,0,0,0,1,0,0,4,0,0,0,12,0,0,False
2299,logic-ng/logicng,98d77b261c3c85efd355b0be6dbf62b812666470,org/logicng/collections/LNGLongPriorityQueueTest.java,89,5,5,25,0.4,36,5,4,0,0,0,0,0,0,0,0,0,1,0,0,2,0,0,0,5,0,0,False
2300,logic-ng/logicng,98d77b261c3c85efd355b0be6dbf62b812666470,org/logicng/collections/LNGLongVectorTest.java,163,12,26,75,0.35,57,12,10,11,0,0,0,0,0,0,0,0,1,0,0,4,0,0,0,12,0,0,False
2301,logic-ng/logicng,98d77b261c3c85efd355b0be6dbf62b812666470,org/logicng/collections/LNGVectorTest.java,293,23,49,137,0.35,104,21,18,20,1,0,0,0,0,0,0,0,2,0,0,7,0,0,0,21,0,0,False
2302,logic-ng/logicng,98d77b261c3c85efd355b0be6dbf62b812666470,org/logicng/datastructures/AssignmentTest.java,102,11,13,42,0.45,46,11,10,0,0,0,0,1,0,0,0,2,1,0,0,2,0,0,0,11,0,0,False
2303,logic-ng/logicng,98d77b261c3c85efd355b0be6dbf62b812666470,org/logicng/formulas/SubstitutionTest.java,123,14,18,39,0.35,43,13,9,0,1,0,0,4,0,0,0,1,1,0,0,0,0,0,0,13,0,0,False
2304,logic-ng/logicng,98d77b261c3c85efd355b0be6dbf62b812666470,org/logicng/formulas/AndTest.java,90,10,10,37,0.57,51,10,8,0,0,0,0,0,0,0,0,1,1,0,0,1,0,0,0,10,0,0,False
2305,logic-ng/logicng,98d77b261c3c85efd355b0be6dbf62b812666470,org/logicng/formulas/CFalseTest.java,33,8,8,19,0.27,9,8,0,0,0,0,0,0,0,0,0,1,1,0,0,0,0,0,0,8,0,0,False
2306,logic-ng/logicng,98d77b261c3c85efd355b0be6dbf62b812666470,org/logicng/formulas/CTrueTest.java,33,8,8,19,0.27,9,8,0,0,0,0,0,0,0,0,0,1,1,0,0,0,0,0,0,8,0,0,False
2307,logic-ng/logicng,98d77b261c3c85efd355b0be6dbf62b812666470,org/logicng/formulas/EquivalenceTest.java,80,10,10,31,0.54,43,10,9,0,0,0,0,0,0,0,0,1,1,0,0,2,0,0,0,10,0,0,False
2308,logic-ng/logicng,98d77b261c3c85efd355b0be6dbf62b812666470,org/logicng/formulas/ImplicationTest.java,78,11,11,32,0.49,38,11,9,0,0,0,0,0,0,0,0,1,1,0,0,2,0,0,0,11,0,0,False
2309,logic-ng/logicng,98d77b261c3c85efd355b0be6dbf62b812666470,org/logicng/formulas/LiteralTest.java,74,12,12,33,0.51,38,12,11,0,0,0,0,0,0,0,0,1,1,0,0,0,1,0,0,12,0,0,False
2310,logic-ng/logicng,98d77b261c3c85efd355b0be6dbf62b812666470,org/logicng/formulas/NotTest.java,62,9,9,27,0.48,30,9,8,0,0,0,0,0,0,0,0,1,1,0,0,1,0,0,0,9,0,0,False
2311,logic-ng/logicng,98d77b261c3c85efd355b0be6dbf62b812666470,org/logicng/formulas/OrTest.java,86,9,9,33,0.58,50,9,8,0,0,0,0,0,0,0,0,1,1,0,0,1,0,0,0,9,0,0,False
2312,logic-ng/logicng,98d77b261c3c85efd355b0be6dbf62b812666470,org/logicng/formulas/PBConstraintTest.java,403,27,30,128,0.44,179,26,22,0,1,0,0,0,0,0,0,2,4,0,0,0,0,0,0,26,0,0,False
2313,logic-ng/logicng,98d77b261c3c85efd355b0be6dbf62b812666470,org/logicng/formulas/printer/LatexStringRepresentationTest.java,26,1,1,5,0.58,15,1,1,0,0,0,0,0,0,0,0,0,0,0,0,0,0,0,0,1,0,0,False
2314,logic-ng/logicng,98d77b261c3c85efd355b0be6dbf62b812666470,org/logicng/formulas/printer/UTF8StringRepresentationTest.java,26,1,1,5,0.58,15,1,1,0,0,0,0,0,0,0,0,0,0,0,0,0,0,0,0,1,0,0,False
2315,logic-ng/logicng,98d77b261c3c85efd355b0be6dbf62b812666470,org/logicng/io/parser/PropositionalParserTest.java,115,20,40,38,0.41,47,20,4,0,0,0,0,20,0,0,0,0,0,0,0,0,0,0,0,20,0,0,False
2316,logic-ng/logicng,98d77b261c3c85efd355b0be6dbf62b812666470,org/logicng/io/parser/PseudoBooleanParserTest.java,140,24,48,54,0.42,59,24,7,0,0,0,0,24,0,0,0,0,0,0,0,1,0,0,0,24,0,0,False
2317,logic-ng/logicng,98d77b261c3c85efd355b0be6dbf62b812666470,org/logicng/propositions/ExtendedPropositionTest.java,74,5,11,17,0.31,23,4,4,0,1,0,0,3,0,0,0,1,1,0,0,0,0,0,0,4,0,0,False
2318,logic-ng/logicng,98d77b261c3c85efd355b0be6dbf62b812666470,org/logicng/propositions/StandardPropositionTest.java,61,5,11,15,0.39,24,4,4,0,1,0,0,3,0,0,0,1,1,0,0,0,0,0,0,4,0,0,False
2319,logic-ng/logicng,98d77b261c3c85efd355b0be6dbf62b812666470,org/logicng/pseudobooleans/PBSWCTest.java,78,4,7,31,0.12,9,4,2,2,0,0,0,0,0,0,0,0,0,0,0,0,1,1,0,3,0,0,False
2320,logic-ng/logicng,98d77b261c3c85efd355b0be6dbf62b812666470,org/logicng/util/PairTest.java,37,4,4,10,0.49,18,4,4,0,0,0,0,0,0,0,0,1,1,0,0,0,0,0,0,4,0,0,False
2321,logic-ng/logicng,b20e782b8710b9d62dbd25110fbb6c545a673867,org/logicng/backbones/BackboneTest.java,78,6,8,39,0.35,27,6,4,0,0,0,0,1,0,0,0,0,1,0,0,2,0,0,0,5,0,0,False
2322,logic-ng/logicng,b20e782b8710b9d62dbd25110fbb6c545a673867,org/logicng/backbones/BackboneGenerationTest.java,224,9,27,100,0.22,49,9,4,2,0,0,0,4,0,0,0,0,0,0,0,2,0,0,0,8,0,0,False
2323,logic-ng/logicng,b20e782b8710b9d62dbd25110fbb6c545a673867,org/logicng/collections/LNGBooleanVectorTest.java,173,11,22,75,0.34,59,11,10,9,0,0,0,0,0,0,0,0,1,0,0,7,0,0,0,11,0,0,False
2324,logic-ng/logicng,b20e782b8710b9d62dbd25110fbb6c545a673867,org/logicng/collections/LNGByteVectorTest.java,198,12,25,84,0.29,57,12,11,11,0,0,0,0,0,0,0,0,1,0,0,6,0,0,0,12,0,0,False
2325,logic-ng/logicng,b20e782b8710b9d62dbd25110fbb6c545a673867,org/logicng/collections/LNGDoublePriorityQueueTest.java,107,6,6,35,0.4,43,6,5,0,0,0,0,0,0,0,0,0,1,0,0,3,0,0,0,6,0,0,False
2326,logic-ng/logicng,b20e782b8710b9d62dbd25110fbb6c545a673867,org/logicng/collections/LNGDoubleVectorTest.java,195,12,25,83,0.29,56,12,11,11,0,0,0,0,0,0,0,0,1,0,0,6,0,0,0,12,0,0,False
2327,logic-ng/logicng,b20e782b8710b9d62dbd25110fbb6c545a673867,org/logicng/collections/LNGIntVectorTest.java,195,12,25,83,0.29,56,12,11,11,0,0,0,0,0,0,0,0,1,0,0,6,0,0,0,12,0,0,False
2328,logic-ng/logicng,b20e782b8710b9d62dbd25110fbb6c545a673867,org/logicng/collections/LNGLongPriorityQueueTest.java,86,5,5,28,0.42,36,5,4,0,0,0,0,0,0,0,0,0,1,0,0,3,0,0,0,5,0,0,False
2329,logic-ng/logicng,b20e782b8710b9d62dbd25110fbb6c545a673867,org/logicng/collections/LNGLongVectorTest.java,198,12,25,84,0.29,57,12,11,11,0,0,0,0,0,0,0,0,1,0,0,6,0,0,0,12,0,0,False
2330,logic-ng/logicng,b20e782b8710b9d62dbd25110fbb6c545a673867,org/logicng/collections/LNGVectorTest.java,342,22,42,135,0.29,100,21,19,20,1,0,0,0,0,0,0,0,2,0,0,9,0,0,0,21,0,0,False
2331,logic-ng/logicng,b20e782b8710b9d62dbd25110fbb6c545a673867,org/logicng/datastructures/AssignmentTest.java,163,14,18,88,0.47,77,14,13,0,0,0,0,2,0,0,0,0,1,0,0,6,0,0,0,14,0,0,False
2332,logic-ng/logicng,b20e782b8710b9d62dbd25110fbb6c545a673867,org/logicng/formulas/SubstitutionTest.java,153,16,20,70,0.36,55,15,12,0,1,0,0,4,0,0,0,0,1,0,0,4,0,0,0,15,0,0,False
2333,logic-ng/logicng,b20e782b8710b9d62dbd25110fbb6c545a673867,org/logicng/datastructures/ubtrees/UBNodeTest.java,33,4,4,14,0.27,9,3,2,0,1,0,0,0,0,0,0,0,1,0,0,1,0,0,0,3,0,0,False
2334,logic-ng/logicng,b20e782b8710b9d62dbd25110fbb6c545a673867,org/logicng/datastructures/ubtrees/UBTreeTest.java,201,8,9,57,0.62,125,8,6,0,0,0,0,0,0,0,0,0,0,0,0,1,0,0,0,7,0,0,False
2335,logic-ng/logicng,b20e782b8710b9d62dbd25110fbb6c545a673867,org/logicng/explanations/mus/MUSConfigTest.java,12,1,2,11,0.17,2,1,1,0,0,0,0,0,0,0,0,0,1,0,0,0,0,0,0,1,0,0,False
2336,logic-ng/logicng,b20e782b8710b9d62dbd25110fbb6c545a673867,org/logicng/explanations/mus/MUSGenerationTest.java,114,12,24,32,0.05,6,11,2,2,1,0,0,2,0,0,0,0,1,0,0,0,2,1,0,8,0,0,False
2337,logic-ng/logicng,b20e782b8710b9d62dbd25110fbb6c545a673867,org/logicng/explanations/smus/SmusComputationTest.java,96,16,38,82,0.14,13,16,0,3,0,0,0,15,0,0,0,0,0,0,0,0,5,1,0,15,0,0,False
2338,logic-ng/logicng,b20e782b8710b9d62dbd25110fbb6c545a673867,org/logicng/explanations/UNSATCoreTest.java,54,5,7,19,0.3,16,4,4,0,1,0,0,0,0,0,0,0,1,0,0,1,0,0,0,4,0,0,False
2339,logic-ng/logicng,b20e782b8710b9d62dbd25110fbb6c545a673867,org/logicng/formulas/AndTest.java,144,20,25,93,0.56,81,20,17,0,0,0,0,2,0,0,0,0,1,0,0,4,0,0,0,20,0,0,False
2340,logic-ng/logicng,b20e782b8710b9d62dbd25110fbb6c545a673867,org/logicng/formulas/CFalseTest.java,63,18,19,62,0.32,20,18,2,0,0,0,0,0,0,0,0,0,1,0,0,0,0,0,0,18,0,0,False
2341,logic-ng/logicng,b20e782b8710b9d62dbd25110fbb6c545a673867,org/logicng/formulas/CTrueTest.java,64,18,19,62,0.33,21,18,3,0,0,0,0,0,0,0,0,0,1,0,0,1,0,0,0,18,0,0,False
2342,logic-ng/logicng,b20e782b8710b9d62dbd25110fbb6c545a673867,org/logicng/formulas/EquivalenceTest.java,136,20,23,81,0.57,77,20,19,0,0,0,0,1,0,0,0,0,1,0,0,4,0,0,0,20,0,0,False
2343,logic-ng/logicng,b20e782b8710b9d62dbd25110fbb6c545a673867,org/logicng/formulas/ExtendedFormulaFactoryTest.java,219,13,23,82,0.25,55,13,7,1,0,0,0,1,0,0,0,0,0,0,0,5,2,1,0,11,0,0,False
2344,logic-ng/logicng,b20e782b8710b9d62dbd25110fbb6c545a673867,org/logicng/formulas/FormulaTest.java,122,14,26,81,0.37,45,12,11,0,0,0,0,6,0,0,0,0,0,0,0,0,0,0,0,12,0,0,False
2345,logic-ng/logicng,b20e782b8710b9d62dbd25110fbb6c545a673867,org/logicng/formulas/FormulaFactoryTest.java,184,9,13,96,0.48,89,9,6,1,0,0,0,1,0,0,0,0,2,0,0,2,0,0,0,9,0,0,False
2346,logic-ng/logicng,b20e782b8710b9d62dbd25110fbb6c545a673867,org/logicng/formulas/ImplicationTest.java,131,21,24,80,0.54,71,21,19,0,0,0,0,1,0,0,0,0,1,0,0,5,0,0,0,21,0,0,False
2347,logic-ng/logicng,b20e782b8710b9d62dbd25110fbb6c545a673867,org/logicng/formulas/LiteralTest.java,119,23,24,85,0.52,62,23,22,0,0,0,0,0,0,0,0,0,1,0,0,2,1,0,0,23,0,0,False
2348,logic-ng/logicng,b20e782b8710b9d62dbd25110fbb6c545a673867,org/logicng/formulas/NotTest.java,107,19,22,76,0.5,54,19,18,0,0,0,0,1,0,0,0,0,1,0,0,4,0,0,0,19,0,0,False
2349,logic-ng/logicng,b20e782b8710b9d62dbd25110fbb6c545a673867,org/logicng/formulas/OrTest.java,139,19,24,88,0.58,80,19,17,0,0,0,0,2,0,0,0,0,1,0,0,4,0,0,0,19,0,0,False
2350,logic-ng/logicng,b20e782b8710b9d62dbd25110fbb6c545a673867,org/logicng/formulas/PBConstraintTest.java,619,36,39,207,0.61,376,35,33,0,1,0,0,0,0,0,0,0,5,0,0,6,0,0,0,35,0,0,False
2351,logic-ng/logicng,b20e782b8710b9d62dbd25110fbb6c545a673867,org/logicng/formulas/printer/DefaultStringRepresentationTest.java,48,3,3,18,0.71,34,3,1,0,0,0,0,0,0,0,0,0,2,0,0,0,0,0,0,3,0,0,False
2352,logic-ng/logicng,b20e782b8710b9d62dbd25110fbb6c545a673867,org/logicng/formulas/printer/LatexStringRepresentationTest.java,46,3,3,15,0.67,31,3,2,0,0,0,0,0,0,0,0,0,2,0,0,0,0,0,0,3,0,0,False
2353,logic-ng/logicng,b20e782b8710b9d62dbd25110fbb6c545a673867,org/logicng/formulas/printer/SortedStringRepresentationTest.java,61,4,4,22,0.69,42,4,2,0,0,0,0,0,0,0,0,0,2,0,0,2,0,0,0,4,0,0,False
2354,logic-ng/logicng,b20e782b8710b9d62dbd25110fbb6c545a673867,org/logicng/formulas/printer/UTF8StringRepresentationTest.java,46,3,3,15,0.67,31,3,2,0,0,0,0,0,0,0,0,0,2,0,0,0,0,0,0,3,0,0,False
2355,logic-ng/logicng,b20e782b8710b9d62dbd25110fbb6c545a673867,org/logicng/functions/FormulaDepthFunctionTest.java,54,4,7,24,0.57,31,4,3,1,0,0,0,1,0,0,0,0,0,0,0,1,0,0,0,4,0,0,False
2356,logic-ng/logicng,b20e782b8710b9d62dbd25110fbb6c545a673867,org/logicng/graphs/algorithms/BronKerboschTest.java,44,1,4,14,0.16,7,1,1,1,0,0,0,1,0,0,0,0,0,0,0,1,0,0,0,1,0,0,False
2357,logic-ng/logicng,b20e782b8710b9d62dbd25110fbb6c545a673867,org/logicng/graphs/datastructures/GraphTest.java,71,5,8,39,0.27,19,5,4,0,0,0,0,0,0,0,0,0,1,0,0,1,0,0,0,4,0,0,False
2358,logic-ng/logicng,b20e782b8710b9d62dbd25110fbb6c545a673867,org/logicng/graphs/datastructures/HypergraphTest.java,34,2,2,12,0.21,7,2,1,0,0,0,0,0,0,0,0,0,1,0,0,1,0,0,0,2,0,0,False
2359,logic-ng/logicng,b20e782b8710b9d62dbd25110fbb6c545a673867,org/logicng/graphs/datastructures/HypergraphEdgeTest.java,51,4,6,20,0.22,11,4,2,0,0,0,0,2,0,0,0,0,0,0,0,2,0,0,0,4,0,0,False
2360,logic-ng/logicng,b20e782b8710b9d62dbd25110fbb6c545a673867,org/logicng/graphs/datastructures/HypergraphNodeTest.java,30,2,2,12,0.37,11,2,2,0,0,0,0,0,0,0,0,0,0,0,0,1,0,0,0,2,0,0,False
2361,logic-ng/logicng,b20e782b8710b9d62dbd25110fbb6c545a673867,org/logicng/graphs/generators/ConstraintGraphGeneratorTest.java,75,5,13,45,0.11,8,5,1,1,0,0,0,5,0,0,0,0,3,0,0,1,0,0,0,5,0,0,False
2362,logic-ng/logicng,b20e782b8710b9d62dbd25110fbb6c545a673867,org/logicng/graphs/generators/HypergraphGeneratorTest.java,83,3,8,26,0.28,23,3,2,0,0,0,0,3,0,0,0,0,0,0,0,2,0,0,0,3,0,0,False
2363,logic-ng/logicng,b20e782b8710b9d62dbd25110fbb6c545a673867,org/logicng/graphs/io/GraphDimacsFileWriterTest.java,55,6,16,19,0.13,7,6,0,1,0,0,0,3,0,0,0,0,0,0,0,0,3,1,0,3,0,0,False
2364,logic-ng/logicng,b20e782b8710b9d62dbd25110fbb6c545a673867,org/logicng/handlers/NumberOfNodesBDDHandlerTest.java,9,1,1,0,0.0,0,1,0,0,0,0,0,0,0,0,0,0,0,0,0,0,0,0,0,1,0,0,False
2365,logic-ng/logicng,b20e782b8710b9d62dbd25110fbb6c545a673867,org/logicng/handlers/TimeoutBDDHandlerTest.java,44,6,14,31,0.14,6,6,3,0,0,0,0,3,0,0,0,0,0,0,1,1,1,0,0,5,0,0,False
2366,logic-ng/logicng,b20e782b8710b9d62dbd25110fbb6c545a673867,org/logicng/handlers/TimeoutMaxSATHandlerTest.java,41,7,15,32,0.1,4,7,4,4,0,0,0,5,0,0,0,0,0,0,2,2,1,0,0,6,0,0,False
2367,logic-ng/logicng,b20e782b8710b9d62dbd25110fbb6c545a673867,org/logicng/handlers/TimeoutModelEnumerationHandlerTest.java,60,6,13,49,0.1,6,6,3,4,0,0,0,2,0,0,0,0,0,0,1,1,2,0,0,5,0,0,False
2368,logic-ng/logicng,b20e782b8710b9d62dbd25110fbb6c545a673867,org/logicng/handlers/TimeoutOptimizationHandlerTest.java,46,5,14,45,0.04,2,5,1,3,0,0,0,4,0,0,0,0,0,0,1,1,1,0,0,4,0,0,False
2369,logic-ng/logicng,b20e782b8710b9d62dbd25110fbb6c545a673867,org/logicng/handlers/TimeoutSATHandlerTest.java,55,6,13,37,0.11,6,6,3,4,0,0,0,2,0,0,0,0,0,0,1,1,1,0,0,5,0,0,False
2370,logic-ng/logicng,b20e782b8710b9d62dbd25110fbb6c545a673867,org/logicng/io/graphical/generators/BddGraphicalGeneratorTest.java,117,4,11,39,0.01,1,4,0,0,0,0,0,3,0,0,0,0,0,0,0,0,3,1,0,3,0,0,False
2371,logic-ng/logicng,b20e782b8710b9d62dbd25110fbb6c545a673867,org/logicng/io/graphical/generators/FormulaAstGraphicalGeneratorTest.java,61,10,21,34,0.03,2,10,0,2,0,0,0,8,0,0,0,0,0,0,0,0,8,1,0,8,0,0,False
2372,logic-ng/logicng,b20e782b8710b9d62dbd25110fbb6c545a673867,org/logicng/io/graphical/generators/FormulaDagGraphicalGeneratorTest.java,59,9,19,34,0.03,2,9,0,2,0,0,0,7,0,0,0,0,0,0,0,0,7,1,0,7,0,0,False
2373,logic-ng/logicng,b20e782b8710b9d62dbd25110fbb6c545a673867,org/logicng/io/graphical/generators/GraphGraphicalGeneratorTest.java,45,6,13,32,0.04,2,6,0,2,0,0,0,5,0,0,0,0,0,0,0,0,5,1,0,5,0,0,False
2374,logic-ng/logicng,b20e782b8710b9d62dbd25110fbb6c545a673867,org/logicng/io/graphical/GraphicalEdgeTest.java,60,5,6,22,0.4,24,5,4,0,0,0,0,0,0,0,0,0,0,0,0,4,0,0,0,4,0,0,False
2375,logic-ng/logicng,b20e782b8710b9d62dbd25110fbb6c545a673867,org/logicng/io/graphical/GraphicalNodeTest.java,64,9,10,42,0.38,24,9,8,0,0,0,0,0,0,0,0,0,0,0,0,8,0,0,0,8,0,0,False
2376,logic-ng/logicng,b20e782b8710b9d62dbd25110fbb6c545a673867,org/logicng/io/parsers/PropositionalParserTest.java,149,29,38,55,0.48,71,29,9,0,0,0,0,9,0,0,0,0,1,0,0,1,0,0,0,29,0,0,False
2377,logic-ng/logicng,b20e782b8710b9d62dbd25110fbb6c545a673867,org/logicng/io/parsers/PseudoBooleanParserTest.java,171,30,42,77,0.53,91,30,12,0,0,0,0,12,0,0,0,0,1,0,0,2,0,0,0,30,0,0,False
2378,logic-ng/logicng,b20e782b8710b9d62dbd25110fbb6c545a673867,org/logicng/io/readers/DimacsReaderTest.java,9,1,1,0,0.0,0,1,0,0,0,0,0,0,0,1,0,0,0,0,0,0,0,0,1,1,0,0,False
2379,logic-ng/logicng,b20e782b8710b9d62dbd25110fbb6c545a673867,org/logicng/io/writers/FormulaDimacsFileWriterTest.java,67,7,17,21,0.09,6,7,0,0,0,0,0,4,0,0,0,0,0,0,0,0,4,1,0,5,0,0,False
2380,logic-ng/logicng,b20e782b8710b9d62dbd25110fbb6c545a673867,org/logicng/knowledgecompilation/bdds/datastructures/BDDNodeTest.java,66,4,4,35,0.47,31,4,4,0,0,0,0,0,0,0,0,0,0,0,0,1,0,0,0,4,0,0,False
2381,logic-ng/logicng,b20e782b8710b9d62dbd25110fbb6c545a673867,org/logicng/knowledgecompilation/bdds/BDDOperationsTest.java,256,16,29,85,0.63,161,16,12,1,0,0,0,5,0,0,0,0,0,0,0,0,1,0,0,13,0,0,False
2382,logic-ng/logicng,b20e782b8710b9d62dbd25110fbb6c545a673867,org/logicng/knowledgecompilation/bdds/jbuddy/BDDPrimeTest.java,6,1,1,3,0.33,2,1,1,0,0,0,0,0,0,0,0,0,0,0,0,0,0,0,0,1,0,0,False
2383,logic-ng/logicng,b20e782b8710b9d62dbd25110fbb6c545a673867,org/logicng/knowledgecompilation/bdds/BDDReorderingTest.java,192,16,38,81,0.04,8,16,3,0,0,0,0,2,0,0,0,0,0,0,0,2,4,2,0,7,0,0,False
2384,logic-ng/logicng,b20e782b8710b9d62dbd25110fbb6c545a673867,org/logicng/knowledgecompilation/bdds/orderings/BFSOrderingTest.java,27,2,5,11,0.37,10,2,1,0,0,0,0,2,0,0,0,0,0,0,0,0,0,0,0,2,0,0,False
2385,logic-ng/logicng,b20e782b8710b9d62dbd25110fbb6c545a673867,org/logicng/knowledgecompilation/bdds/orderings/DFSOrderingTest.java,27,2,5,11,0.37,10,2,1,0,0,0,0,2,0,0,0,0,0,0,0,0,0,0,0,2,0,0,False
2386,logic-ng/logicng,b20e782b8710b9d62dbd25110fbb6c545a673867,org/logicng/knowledgecompilation/bdds/orderings/ForceOrderingTest.java,33,3,9,17,0.21,7,3,1,0,0,0,0,3,0,0,0,0,0,0,0,0,0,0,0,3,0,0,False
2387,logic-ng/logicng,b20e782b8710b9d62dbd25110fbb6c545a673867,org/logicng/knowledgecompilation/dnnf/datastructures/dtree/DTreeNodeTest.java,11,1,2,4,0.09,1,1,0,0,0,0,0,1,0,0,0,0,1,0,0,0,0,0,0,1,0,0,False
2388,logic-ng/logicng,b20e782b8710b9d62dbd25110fbb6c545a673867,org/logicng/knowledgecompilation/dnnf/DnnfCompilerTest.java,95,7,21,38,0.03,3,7,0,1,0,0,0,5,0,0,0,0,0,0,0,0,3,1,0,5,0,0,False
2389,logic-ng/logicng,b20e782b8710b9d62dbd25110fbb6c545a673867,org/logicng/LogicNGVersionTest.java,15,4,4,0,0.0,0,4,4,0,0,0,0,0,0,0,0,0,0,0,0,4,0,0,0,4,0,0,False
2390,logic-ng/logicng,b20e782b8710b9d62dbd25110fbb6c545a673867,org/logicng/modelcounting/ModelCounterTest.java,76,14,22,53,0.17,13,14,6,4,0,0,0,3,0,0,0,0,0,0,0,1,1,1,0,10,0,0,False
2391,logic-ng/logicng,b20e782b8710b9d62dbd25110fbb6c545a673867,org/logicng/np/SetCoverTest.java,31,2,2,16,0.19,6,2,1,0,0,0,0,0,0,0,0,0,0,0,0,1,0,0,0,2,0,0,False
2392,logic-ng/logicng,b20e782b8710b9d62dbd25110fbb6c545a673867,org/logicng/predicates/CNFPredicateTest.java,30,3,3,10,0.53,16,3,1,0,0,0,0,0,0,0,0,0,1,0,0,0,0,0,0,3,0,0,False
2393,logic-ng/logicng,b20e782b8710b9d62dbd25110fbb6c545a673867,org/logicng/predicates/ContainsPBCPredicateTest.java,44,6,9,30,0.43,19,6,4,1,0,0,0,2,0,0,0,0,1,0,0,0,0,0,0,6,0,0,False
2394,logic-ng/logicng,b20e782b8710b9d62dbd25110fbb6c545a673867,org/logicng/predicates/DNFPredicateTest.java,28,2,2,10,0.57,16,2,1,0,0,0,0,0,0,0,0,0,1,0,0,0,0,0,0,2,0,0,False
2395,logic-ng/logicng,b20e782b8710b9d62dbd25110fbb6c545a673867,org/logicng/predicates/EvaluatesToConstantPredicateTest.java,432,22,34,94,0.83,360,21,21,2,1,0,0,12,0,0,0,0,0,0,0,1,0,0,0,21,0,0,False
2396,logic-ng/logicng,b20e782b8710b9d62dbd25110fbb6c545a673867,org/logicng/predicates/NNFPredicateTest.java,32,2,2,11,0.63,20,2,1,0,0,0,0,0,0,0,0,0,1,0,0,0,0,0,0,2,0,0,False
2397,logic-ng/logicng,b20e782b8710b9d62dbd25110fbb6c545a673867,org/logicng/predicates/TermPredicateTest.java,47,3,3,17,0.68,32,3,3,0,0,0,0,0,0,0,0,0,1,0,0,0,0,0,0,3,0,0,False
2398,logic-ng/logicng,b20e782b8710b9d62dbd25110fbb6c545a673867,org/logicng/primecomputation/PrimeCompilerTest.java,118,12,33,65,0.09,11,12,0,4,0,0,0,4,0,0,0,0,1,0,0,0,6,1,0,7,0,0,False
2399,logic-ng/logicng,b20e782b8710b9d62dbd25110fbb6c545a673867,org/logicng/primecomputation/PrimeResultTest.java,75,5,5,28,0.36,27,4,3,0,1,0,0,0,0,0,0,0,1,0,0,0,0,0,0,4,0,0,False
2400,logic-ng/logicng,b20e782b8710b9d62dbd25110fbb6c545a673867,org/logicng/propositions/ExtendedPropositionTest.java,56,5,11,18,0.25,14,4,4,0,1,0,0,3,0,0,0,0,1,0,0,0,0,0,0,4,0,0,False
2401,logic-ng/logicng,b20e782b8710b9d62dbd25110fbb6c545a673867,org/logicng/propositions/StandardPropositionTest.java,43,5,11,18,0.35,15,4,4,0,1,0,0,3,0,0,0,0,1,0,0,0,0,0,0,4,0,0,False
2402,logic-ng/logicng,b20e782b8710b9d62dbd25110fbb6c545a673867,org/logicng/pseudobooleans/PBEncoderTest.java,66,9,13,30,0.11,7,8,1,4,1,0,0,1,0,0,0,0,1,0,0,0,1,1,0,7,0,0,False
2403,logic-ng/logicng,b20e782b8710b9d62dbd25110fbb6c545a673867,org/logicng/solvers/datastructures/LNGHeapTest.java,23,1,1,10,0.22,5,1,1,0,0,0,0,0,0,0,0,0,1,0,0,1,0,0,0,1,0,0,False
2404,logic-ng/logicng,b20e782b8710b9d62dbd25110fbb6c545a673867,org/logicng/solvers/functions/BackboneFunctionTest.java,276,12,41,159,0.25,68,12,8,6,0,0,0,8,0,0,0,0,0,0,0,8,0,0,0,9,0,0,False
2405,logic-ng/logicng,b20e782b8710b9d62dbd25110fbb6c545a673867,org/logicng/solvers/functions/ModelEnumerationFunctionTest.java,19,3,5,10,0.05,1,2,1,0,1,0,0,2,0,0,0,0,0,0,0,1,0,0,0,2,0,0,False
2406,logic-ng/logicng,b20e782b8710b9d62dbd25110fbb6c545a673867,org/logicng/solvers/functions/OptimizationFunctionTest.java,284,23,63,200,0.14,39,23,6,5,0,0,0,11,0,0,0,0,0,0,0,1,8,3,0,14,0,0,False
2407,logic-ng/logicng,b20e782b8710b9d62dbd25110fbb6c545a673867,org/logicng/solvers/functions/UnsatCoreFunctionTest.java,9,1,1,0,0.0,0,1,1,0,0,0,0,0,0,0,0,0,0,0,0,0,0,0,0,1,0,0,False
2408,logic-ng/logicng,b20e782b8710b9d62dbd25110fbb6c545a673867,org/logicng/solvers/sat/MiniSatTest.java,86,9,13,45,0.36,31,9,5,0,0,0,0,1,0,0,0,0,1,0,0,1,0,0,0,7,0,0,False
2409,logic-ng/logicng,b20e782b8710b9d62dbd25110fbb6c545a673867,org/logicng/solvers/sat/GlucoseSyrupTest.java,33,6,11,9,0.03,1,6,0,0,0,0,0,0,0,0,0,0,1,0,0,0,0,0,0,3,0,0,False
2410,logic-ng/logicng,b20e782b8710b9d62dbd25110fbb6c545a673867,org/logicng/solvers/sat/MiniCardTest.java,84,8,12,32,0.18,15,8,3,0,0,0,0,0,0,0,0,0,1,0,0,1,0,0,0,6,0,0,False
2411,logic-ng/logicng,b20e782b8710b9d62dbd25110fbb6c545a673867,org/logicng/transformations/AnonymizerTest.java,77,5,15,23,0.49,38,5,5,0,0,0,0,5,0,0,0,0,0,0,0,2,0,0,0,5,0,0,False
2412,logic-ng/logicng,b20e782b8710b9d62dbd25110fbb6c545a673867,org/logicng/transformations/FormulaFactoryImporterTest.java,187,12,17,114,0.67,126,12,10,0,0,0,0,1,0,0,0,0,0,0,0,0,0,0,0,10,0,0,False
2413,logic-ng/logicng,b20e782b8710b9d62dbd25110fbb6c545a673867,org/logicng/transformations/LiteralSubstitutionTest.java,42,5,14,19,0.4,17,5,3,0,0,0,0,4,0,0,0,0,0,0,0,0,0,0,0,4,0,0,False
2414,logic-ng/logicng,b20e782b8710b9d62dbd25110fbb6c545a673867,org/logicng/transformations/PureExpansionTransformationTest.java,107,13,37,44,0.35,37,13,6,2,0,0,0,4,0,0,0,0,1,0,0,1,2,0,0,10,0,0,False
2415,logic-ng/logicng,b20e782b8710b9d62dbd25110fbb6c545a673867,org/logicng/transformations/UnitPropagationTest.java,31,4,9,15,0.45,14,4,4,0,0,0,0,1,0,0,0,0,0,0,0,0,0,0,0,4,0,0,False
2416,logic-ng/logicng,b20e782b8710b9d62dbd25110fbb6c545a673867,org/logicng/transformations/cnf/CanonicalCNFEnumerationTest.java,54,6,13,30,0.31,17,6,1,2,0,0,0,1,0,0,0,0,1,0,0,0,2,1,0,4,0,0,False
2417,logic-ng/logicng,b20e782b8710b9d62dbd25110fbb6c545a673867,org/logicng/transformations/cnf/CNFEncoderTest.java,157,13,27,106,0.22,35,13,11,0,0,0,0,10,0,0,0,0,1,0,0,3,0,0,0,12,0,0,False
2418,logic-ng/logicng,b20e782b8710b9d62dbd25110fbb6c545a673867,org/logicng/transformations/cnf/CNFSubsumptionTest.java,41,4,8,16,0.46,19,4,3,0,0,0,0,3,0,0,0,0,0,0,0,1,0,0,0,4,0,0,False
2419,logic-ng/logicng,b20e782b8710b9d62dbd25110fbb6c545a673867,org/logicng/transformations/cnf/PlaistedGreenbaumTransformationSolverTest.java,41,5,10,11,0.02,1,5,1,2,0,0,0,1,0,0,0,0,0,0,0,1,1,0,0,3,0,0,False
2420,logic-ng/logicng,b20e782b8710b9d62dbd25110fbb6c545a673867,org/logicng/transformations/dnf/CanonicalDNFEnumerationTest.java,54,6,13,30,0.31,17,6,1,2,0,0,0,1,0,0,0,0,1,0,0,0,2,1,0,4,0,0,False
2421,logic-ng/logicng,b20e782b8710b9d62dbd25110fbb6c545a673867,org/logicng/transformations/dnf/DNFFactorizationTest.java,105,12,29,45,0.43,45,8,8,0,0,0,0,5,0,0,0,0,1,0,0,2,0,0,0,8,0,0,False
2422,logic-ng/logicng,b20e782b8710b9d62dbd25110fbb6c545a673867,org/logicng/transformations/dnf/DNFSubsumptionTest.java,48,4,10,16,0.4,19,4,3,1,0,0,0,3,0,0,0,0,0,0,0,1,0,0,0,4,0,0,False
2423,logic-ng/logicng,b20e782b8710b9d62dbd25110fbb6c545a673867,org/logicng/transformations/qmc/TermTest.java,80,3,7,21,0.21,17,3,3,0,0,0,0,1,0,0,0,0,1,0,0,0,0,0,0,3,0,0,False
2424,logic-ng/logicng,b20e782b8710b9d62dbd25110fbb6c545a673867,org/logicng/transformations/qmc/TermTableTest.java,47,4,8,19,0.26,12,4,2,0,0,0,0,0,0,0,0,0,1,0,0,1,0,0,0,3,0,0,False
2425,logic-ng/logicng,b20e782b8710b9d62dbd25110fbb6c545a673867,org/logicng/transformations/simplification/AdvancedSimplifierTest.java,84,11,31,56,0.12,10,11,2,5,0,0,0,5,0,0,0,0,1,0,0,0,7,1,0,9,0,0,False
2426,logic-ng/logicng,b20e782b8710b9d62dbd25110fbb6c545a673867,org/logicng/transformations/simplification/BackboneSimplifierTest.java,27,2,8,8,0.41,11,2,2,0,0,0,0,2,0,0,0,0,0,0,0,0,0,0,0,2,0,0,False
2427,logic-ng/logicng,b20e782b8710b9d62dbd25110fbb6c545a673867,org/logicng/transformations/simplification/DistributiveSimplifierTest.java,52,6,20,25,0.5,26,6,6,0,0,0,0,2,0,0,0,0,0,0,0,0,0,0,0,6,0,0,False
2428,logic-ng/logicng,b20e782b8710b9d62dbd25110fbb6c545a673867,org/logicng/util/CollectionHelperTest.java,60,6,7,16,0.6,36,6,6,0,0,0,0,0,0,0,0,0,0,0,0,1,0,0,0,6,0,0,False
2429,logic-ng/logicng,b20e782b8710b9d62dbd25110fbb6c545a673867,org/logicng/util/ComparablePairTest.java,42,5,5,18,0.52,22,5,5,0,0,0,0,0,0,0,0,0,1,0,0,0,0,0,0,5,0,0,False
2430,logic-ng/logicng,b20e782b8710b9d62dbd25110fbb6c545a673867,org/logicng/util/FormulaHelperTest.java,67,9,9,35,0.63,42,9,9,0,0,0,0,0,0,0,0,0,0,0,0,0,0,0,0,9,0,0,False
2431,logic-ng/logicng,b20e782b8710b9d62dbd25110fbb6c545a673867,org/logicng/util/FormulaRandomizerTest.java,414,22,60,281,0.21,86,22,19,20,0,0,0,0,0,0,0,0,0,0,0,1,0,0,0,20,0,0,False
2432,logic-ng/logicng,b20e782b8710b9d62dbd25110fbb6c545a673867,org/logicng/util/PairTest.java,36,4,4,14,0.5,18,4,4,0,0,0,0,0,0,0,0,0,1,0,0,0,0,0,0,4,0,0,False
2433,logic-ng/logicng,38e007c1794193a7b55bf9f82f9f2903fb66a14e,org/logicng/backbones/BackboneTest.java,78,6,8,39,0.35,27,6,4,0,0,0,0,1,0,0,0,0,1,0,0,2,0,0,0,5,0,0,False
2434,logic-ng/logicng,38e007c1794193a7b55bf9f82f9f2903fb66a14e,org/logicng/backbones/BackboneGenerationTest.java,224,9,27,100,0.22,49,9,4,2,0,0,0,4,0,0,0,0,0,0,0,2,0,0,0,8,0,0,False
2435,logic-ng/logicng,38e007c1794193a7b55bf9f82f9f2903fb66a14e,org/logicng/collections/LNGBooleanVectorTest.java,173,11,22,75,0.34,59,11,10,9,0,0,0,0,0,0,0,0,1,0,0,7,0,0,0,11,0,0,False
2436,logic-ng/logicng,38e007c1794193a7b55bf9f82f9f2903fb66a14e,org/logicng/collections/LNGByteVectorTest.java,198,12,25,84,0.29,57,12,11,11,0,0,0,0,0,0,0,0,1,0,0,6,0,0,0,12,0,0,False
2437,logic-ng/logicng,38e007c1794193a7b55bf9f82f9f2903fb66a14e,org/logicng/collections/LNGDoublePriorityQueueTest.java,107,6,6,35,0.4,43,6,5,0,0,0,0,0,0,0,0,0,1,0,0,3,0,0,0,6,0,0,False
2438,logic-ng/logicng,38e007c1794193a7b55bf9f82f9f2903fb66a14e,org/logicng/collections/LNGDoubleVectorTest.java,195,12,25,83,0.29,56,12,11,11,0,0,0,0,0,0,0,0,1,0,0,6,0,0,0,12,0,0,False
2439,logic-ng/logicng,38e007c1794193a7b55bf9f82f9f2903fb66a14e,org/logicng/collections/LNGIntVectorTest.java,195,12,25,83,0.29,56,12,11,11,0,0,0,0,0,0,0,0,1,0,0,6,0,0,0,12,0,0,False
2440,logic-ng/logicng,38e007c1794193a7b55bf9f82f9f2903fb66a14e,org/logicng/collections/LNGLongPriorityQueueTest.java,86,5,5,28,0.42,36,5,4,0,0,0,0,0,0,0,0,0,1,0,0,3,0,0,0,5,0,0,False
2441,logic-ng/logicng,38e007c1794193a7b55bf9f82f9f2903fb66a14e,org/logicng/collections/LNGLongVectorTest.java,198,12,25,84,0.29,57,12,11,11,0,0,0,0,0,0,0,0,1,0,0,6,0,0,0,12,0,0,False
2442,logic-ng/logicng,38e007c1794193a7b55bf9f82f9f2903fb66a14e,org/logicng/collections/LNGVectorTest.java,342,22,42,135,0.29,100,21,19,20,1,0,0,0,0,0,0,0,2,0,0,9,0,0,0,21,0,0,False
2443,logic-ng/logicng,38e007c1794193a7b55bf9f82f9f2903fb66a14e,org/logicng/datastructures/AssignmentTest.java,163,14,18,88,0.47,77,14,13,0,0,0,0,2,0,0,0,0,1,0,0,6,0,0,0,14,0,0,False
2444,logic-ng/logicng,38e007c1794193a7b55bf9f82f9f2903fb66a14e,org/logicng/formulas/SubstitutionTest.java,153,16,20,70,0.36,55,15,12,0,1,0,0,4,0,0,0,0,1,0,0,4,0,0,0,15,0,0,False
2445,logic-ng/logicng,38e007c1794193a7b55bf9f82f9f2903fb66a14e,org/logicng/datastructures/ubtrees/UBNodeTest.java,33,4,4,14,0.27,9,3,2,0,1,0,0,0,0,0,0,0,1,0,0,1,0,0,0,3,0,0,False
2446,logic-ng/logicng,38e007c1794193a7b55bf9f82f9f2903fb66a14e,org/logicng/datastructures/ubtrees/UBTreeTest.java,201,8,9,57,0.62,125,8,6,0,0,0,0,0,0,0,0,0,0,0,0,1,0,0,0,7,0,0,False
2447,logic-ng/logicng,38e007c1794193a7b55bf9f82f9f2903fb66a14e,org/logicng/explanations/mus/MUSConfigTest.java,12,1,2,11,0.17,2,1,1,0,0,0,0,0,0,0,0,0,1,0,0,0,0,0,0,1,0,0,False
2448,logic-ng/logicng,38e007c1794193a7b55bf9f82f9f2903fb66a14e,org/logicng/explanations/mus/MUSGenerationTest.java,114,12,24,32,0.05,6,11,2,2,1,0,0,2,0,0,0,0,1,0,0,0,2,1,0,8,0,0,False
2449,logic-ng/logicng,38e007c1794193a7b55bf9f82f9f2903fb66a14e,org/logicng/explanations/smus/SmusComputationTest.java,96,16,38,82,0.14,13,16,0,3,0,0,0,15,0,0,0,0,0,0,0,0,5,1,0,15,0,0,False
2450,logic-ng/logicng,38e007c1794193a7b55bf9f82f9f2903fb66a14e,org/logicng/explanations/UNSATCoreTest.java,54,5,7,19,0.3,16,4,4,0,1,0,0,0,0,0,0,0,1,0,0,1,0,0,0,4,0,0,False
2451,logic-ng/logicng,38e007c1794193a7b55bf9f82f9f2903fb66a14e,org/logicng/formulas/AndTest.java,144,20,25,93,0.56,81,20,17,0,0,0,0,2,0,0,0,0,1,0,0,4,0,0,0,20,0,0,False
2452,logic-ng/logicng,38e007c1794193a7b55bf9f82f9f2903fb66a14e,org/logicng/formulas/CFalseTest.java,63,18,19,62,0.32,20,18,2,0,0,0,0,0,0,0,0,0,1,0,0,0,0,0,0,18,0,0,False
2453,logic-ng/logicng,38e007c1794193a7b55bf9f82f9f2903fb66a14e,org/logicng/formulas/CTrueTest.java,64,18,19,62,0.33,21,18,3,0,0,0,0,0,0,0,0,0,1,0,0,1,0,0,0,18,0,0,False
2454,logic-ng/logicng,38e007c1794193a7b55bf9f82f9f2903fb66a14e,org/logicng/formulas/EquivalenceTest.java,136,20,23,81,0.57,77,20,19,0,0,0,0,1,0,0,0,0,1,0,0,4,0,0,0,20,0,0,False
2455,logic-ng/logicng,38e007c1794193a7b55bf9f82f9f2903fb66a14e,org/logicng/formulas/ExtendedFormulaFactoryTest.java,219,13,23,82,0.25,55,13,7,1,0,0,0,1,0,0,0,0,0,0,0,5,2,1,0,11,0,0,False
2456,logic-ng/logicng,38e007c1794193a7b55bf9f82f9f2903fb66a14e,org/logicng/formulas/FormulaTest.java,122,14,26,81,0.37,45,12,11,0,0,0,0,6,0,0,0,0,0,0,0,0,0,0,0,12,0,0,False
2457,logic-ng/logicng,38e007c1794193a7b55bf9f82f9f2903fb66a14e,org/logicng/formulas/FormulaFactoryTest.java,184,9,13,96,0.48,89,9,6,1,0,0,0,1,0,0,0,0,2,0,0,2,0,0,0,9,0,0,False
2458,logic-ng/logicng,38e007c1794193a7b55bf9f82f9f2903fb66a14e,org/logicng/formulas/ImplicationTest.java,131,21,24,80,0.54,71,21,19,0,0,0,0,1,0,0,0,0,1,0,0,5,0,0,0,21,0,0,False
2459,logic-ng/logicng,38e007c1794193a7b55bf9f82f9f2903fb66a14e,org/logicng/formulas/LiteralTest.java,119,23,24,85,0.52,62,23,22,0,0,0,0,0,0,0,0,0,1,0,0,2,1,0,0,23,0,0,False
2460,logic-ng/logicng,38e007c1794193a7b55bf9f82f9f2903fb66a14e,org/logicng/formulas/NotTest.java,107,19,22,76,0.5,54,19,18,0,0,0,0,1,0,0,0,0,1,0,0,4,0,0,0,19,0,0,False
2461,logic-ng/logicng,38e007c1794193a7b55bf9f82f9f2903fb66a14e,org/logicng/formulas/OrTest.java,139,19,24,88,0.58,80,19,17,0,0,0,0,2,0,0,0,0,1,0,0,4,0,0,0,19,0,0,False
2462,logic-ng/logicng,38e007c1794193a7b55bf9f82f9f2903fb66a14e,org/logicng/formulas/PBConstraintTest.java,619,36,39,207,0.61,376,35,33,0,1,0,0,0,0,0,0,0,5,0,0,6,0,0,0,35,0,0,False
2463,logic-ng/logicng,38e007c1794193a7b55bf9f82f9f2903fb66a14e,org/logicng/formulas/printer/DefaultStringRepresentationTest.java,48,3,3,18,0.71,34,3,1,0,0,0,0,0,0,0,0,0,2,0,0,0,0,0,0,3,0,0,False
2464,logic-ng/logicng,38e007c1794193a7b55bf9f82f9f2903fb66a14e,org/logicng/formulas/printer/LatexStringRepresentationTest.java,46,3,3,15,0.67,31,3,2,0,0,0,0,0,0,0,0,0,2,0,0,0,0,0,0,3,0,0,False
2465,logic-ng/logicng,38e007c1794193a7b55bf9f82f9f2903fb66a14e,org/logicng/formulas/printer/SortedStringRepresentationTest.java,61,4,4,22,0.69,42,4,2,0,0,0,0,0,0,0,0,0,2,0,0,2,0,0,0,4,0,0,False
2466,logic-ng/logicng,38e007c1794193a7b55bf9f82f9f2903fb66a14e,org/logicng/formulas/printer/UTF8StringRepresentationTest.java,46,3,3,15,0.67,31,3,2,0,0,0,0,0,0,0,0,0,2,0,0,0,0,0,0,3,0,0,False
2467,logic-ng/logicng,38e007c1794193a7b55bf9f82f9f2903fb66a14e,org/logicng/functions/FormulaDepthFunctionTest.java,54,4,7,24,0.57,31,4,3,1,0,0,0,1,0,0,0,0,0,0,0,1,0,0,0,4,0,0,False
2468,logic-ng/logicng,38e007c1794193a7b55bf9f82f9f2903fb66a14e,org/logicng/graphs/algorithms/BronKerboschTest.java,44,1,4,14,0.16,7,1,1,1,0,0,0,1,0,0,0,0,0,0,0,1,0,0,0,1,0,0,False
2469,logic-ng/logicng,38e007c1794193a7b55bf9f82f9f2903fb66a14e,org/logicng/graphs/datastructures/GraphTest.java,71,5,8,39,0.27,19,5,4,0,0,0,0,0,0,0,0,0,1,0,0,1,0,0,0,4,0,0,False
2470,logic-ng/logicng,38e007c1794193a7b55bf9f82f9f2903fb66a14e,org/logicng/graphs/datastructures/HypergraphTest.java,34,2,2,12,0.21,7,2,1,0,0,0,0,0,0,0,0,0,1,0,0,1,0,0,0,2,0,0,False
2471,logic-ng/logicng,38e007c1794193a7b55bf9f82f9f2903fb66a14e,org/logicng/graphs/datastructures/HypergraphEdgeTest.java,51,4,6,20,0.22,11,4,2,0,0,0,0,2,0,0,0,0,0,0,0,2,0,0,0,4,0,0,False
2472,logic-ng/logicng,38e007c1794193a7b55bf9f82f9f2903fb66a14e,org/logicng/graphs/datastructures/HypergraphNodeTest.java,30,2,2,12,0.37,11,2,2,0,0,0,0,0,0,0,0,0,0,0,0,1,0,0,0,2,0,0,False
2473,logic-ng/logicng,38e007c1794193a7b55bf9f82f9f2903fb66a14e,org/logicng/graphs/generators/ConstraintGraphGeneratorTest.java,75,5,13,45,0.11,8,5,1,1,0,0,0,5,0,0,0,0,3,0,0,1,0,0,0,5,0,0,False
2474,logic-ng/logicng,38e007c1794193a7b55bf9f82f9f2903fb66a14e,org/logicng/graphs/generators/HypergraphGeneratorTest.java,83,3,8,26,0.28,23,3,2,0,0,0,0,3,0,0,0,0,0,0,0,2,0,0,0,3,0,0,False
2475,logic-ng/logicng,38e007c1794193a7b55bf9f82f9f2903fb66a14e,org/logicng/graphs/io/GraphDimacsFileWriterTest.java,55,6,16,19,0.13,7,6,0,1,0,0,0,3,0,0,0,0,0,0,0,0,3,1,0,3,0,0,False
2476,logic-ng/logicng,38e007c1794193a7b55bf9f82f9f2903fb66a14e,org/logicng/handlers/NumberOfNodesBDDHandlerTest.java,9,1,1,0,0.0,0,1,0,0,0,0,0,0,0,0,0,0,0,0,0,0,0,0,0,1,0,0,False
2477,logic-ng/logicng,38e007c1794193a7b55bf9f82f9f2903fb66a14e,org/logicng/handlers/TimeoutBDDHandlerTest.java,44,6,14,31,0.14,6,6,3,0,0,0,0,3,0,0,0,0,0,0,1,1,1,0,0,5,0,0,False
2478,logic-ng/logicng,38e007c1794193a7b55bf9f82f9f2903fb66a14e,org/logicng/handlers/TimeoutMaxSATHandlerTest.java,41,7,15,32,0.1,4,7,4,4,0,0,0,5,0,0,0,0,0,0,2,2,1,0,0,6,0,0,False
2479,logic-ng/logicng,38e007c1794193a7b55bf9f82f9f2903fb66a14e,org/logicng/handlers/TimeoutModelEnumerationHandlerTest.java,60,6,13,49,0.1,6,6,3,4,0,0,0,2,0,0,0,0,0,0,1,1,2,0,0,5,0,0,False
2480,logic-ng/logicng,38e007c1794193a7b55bf9f82f9f2903fb66a14e,org/logicng/handlers/TimeoutOptimizationHandlerTest.java,46,5,14,45,0.04,2,5,1,3,0,0,0,4,0,0,0,0,0,0,1,1,1,0,0,4,0,0,False
2481,logic-ng/logicng,38e007c1794193a7b55bf9f82f9f2903fb66a14e,org/logicng/handlers/TimeoutSATHandlerTest.java,55,6,13,37,0.11,6,6,3,4,0,0,0,2,0,0,0,0,0,0,1,1,1,0,0,5,0,0,False
2482,logic-ng/logicng,38e007c1794193a7b55bf9f82f9f2903fb66a14e,org/logicng/io/graphical/generators/BddGraphicalGeneratorTest.java,117,4,11,39,0.01,1,4,0,0,0,0,0,3,0,0,0,0,0,0,0,0,3,1,0,3,0,0,False
2483,logic-ng/logicng,38e007c1794193a7b55bf9f82f9f2903fb66a14e,org/logicng/io/graphical/generators/FormulaAstGraphicalGeneratorTest.java,61,10,21,34,0.03,2,10,0,2,0,0,0,8,0,0,0,0,0,0,0,0,8,1,0,8,0,0,False
2484,logic-ng/logicng,38e007c1794193a7b55bf9f82f9f2903fb66a14e,org/logicng/io/graphical/generators/FormulaDagGraphicalGeneratorTest.java,59,9,19,34,0.03,2,9,0,2,0,0,0,7,0,0,0,0,0,0,0,0,7,1,0,7,0,0,False
2485,logic-ng/logicng,38e007c1794193a7b55bf9f82f9f2903fb66a14e,org/logicng/io/graphical/generators/GraphGraphicalGeneratorTest.java,45,6,13,32,0.04,2,6,0,2,0,0,0,5,0,0,0,0,0,0,0,0,5,1,0,5,0,0,False
2486,logic-ng/logicng,38e007c1794193a7b55bf9f82f9f2903fb66a14e,org/logicng/io/graphical/GraphicalEdgeTest.java,60,5,6,22,0.4,24,5,4,0,0,0,0,0,0,0,0,0,0,0,0,4,0,0,0,4,0,0,False
2487,logic-ng/logicng,38e007c1794193a7b55bf9f82f9f2903fb66a14e,org/logicng/io/graphical/GraphicalNodeTest.java,64,9,10,42,0.38,24,9,8,0,0,0,0,0,0,0,0,0,0,0,0,8,0,0,0,8,0,0,False
2488,logic-ng/logicng,38e007c1794193a7b55bf9f82f9f2903fb66a14e,org/logicng/io/parsers/PropositionalParserTest.java,149,29,38,55,0.48,71,29,9,0,0,0,0,9,0,0,0,0,1,0,0,1,0,0,0,29,0,0,False
2489,logic-ng/logicng,38e007c1794193a7b55bf9f82f9f2903fb66a14e,org/logicng/io/parsers/PseudoBooleanParserTest.java,171,30,42,77,0.53,91,30,12,0,0,0,0,12,0,0,0,0,1,0,0,2,0,0,0,30,0,0,False
2490,logic-ng/logicng,38e007c1794193a7b55bf9f82f9f2903fb66a14e,org/logicng/io/readers/DimacsReaderTest.java,9,1,1,0,0.0,0,1,0,0,0,0,0,0,0,1,0,0,0,0,0,0,0,0,1,1,0,0,False
2491,logic-ng/logicng,38e007c1794193a7b55bf9f82f9f2903fb66a14e,org/logicng/io/writers/FormulaDimacsFileWriterTest.java,67,7,17,21,0.09,6,7,0,0,0,0,0,4,0,0,0,0,0,0,0,0,4,1,0,5,0,0,False
2492,logic-ng/logicng,38e007c1794193a7b55bf9f82f9f2903fb66a14e,org/logicng/knowledgecompilation/bdds/datastructures/BDDNodeTest.java,66,4,4,35,0.47,31,4,4,0,0,0,0,0,0,0,0,0,0,0,0,1,0,0,0,4,0,0,False
2493,logic-ng/logicng,38e007c1794193a7b55bf9f82f9f2903fb66a14e,org/logicng/knowledgecompilation/bdds/BDDOperationsTest.java,256,16,29,85,0.63,161,16,12,1,0,0,0,5,0,0,0,0,0,0,0,0,1,0,0,13,0,0,False
2494,logic-ng/logicng,38e007c1794193a7b55bf9f82f9f2903fb66a14e,org/logicng/knowledgecompilation/bdds/jbuddy/BDDPrimeTest.java,6,1,1,3,0.33,2,1,1,0,0,0,0,0,0,0,0,0,0,0,0,0,0,0,0,1,0,0,False
2495,logic-ng/logicng,38e007c1794193a7b55bf9f82f9f2903fb66a14e,org/logicng/knowledgecompilation/bdds/BDDReorderingTest.java,192,16,38,81,0.04,8,16,3,0,0,0,0,2,0,0,0,0,0,0,0,2,4,2,0,7,0,0,False
2496,logic-ng/logicng,38e007c1794193a7b55bf9f82f9f2903fb66a14e,org/logicng/knowledgecompilation/bdds/orderings/BFSOrderingTest.java,27,2,5,11,0.37,10,2,1,0,0,0,0,2,0,0,0,0,0,0,0,0,0,0,0,2,0,0,False
2497,logic-ng/logicng,38e007c1794193a7b55bf9f82f9f2903fb66a14e,org/logicng/knowledgecompilation/bdds/orderings/DFSOrderingTest.java,27,2,5,11,0.37,10,2,1,0,0,0,0,2,0,0,0,0,0,0,0,0,0,0,0,2,0,0,False
2498,logic-ng/logicng,38e007c1794193a7b55bf9f82f9f2903fb66a14e,org/logicng/knowledgecompilation/bdds/orderings/ForceOrderingTest.java,33,3,9,17,0.21,7,3,1,0,0,0,0,3,0,0,0,0,0,0,0,0,0,0,0,3,0,0,False
2499,logic-ng/logicng,38e007c1794193a7b55bf9f82f9f2903fb66a14e,org/logicng/knowledgecompilation/dnnf/datastructures/dtree/DTreeNodeTest.java,11,1,2,4,0.09,1,1,0,0,0,0,0,1,0,0,0,0,1,0,0,0,0,0,0,1,0,0,False
2500,logic-ng/logicng,38e007c1794193a7b55bf9f82f9f2903fb66a14e,org/logicng/knowledgecompilation/dnnf/DnnfCompilerTest.java,95,7,21,38,0.03,3,7,0,1,0,0,0,5,0,0,0,0,0,0,0,0,3,1,0,5,0,0,False
2501,logic-ng/logicng,38e007c1794193a7b55bf9f82f9f2903fb66a14e,org/logicng/LogicNGVersionTest.java,15,4,4,0,0.0,0,4,4,0,0,0,0,0,0,0,0,0,0,0,0,4,0,0,0,4,0,0,False
2502,logic-ng/logicng,38e007c1794193a7b55bf9f82f9f2903fb66a14e,org/logicng/modelcounting/ModelCounterTest.java,76,14,22,53,0.17,13,14,6,4,0,0,0,3,0,0,0,0,0,0,0,1,1,1,0,10,0,0,False
2503,logic-ng/logicng,38e007c1794193a7b55bf9f82f9f2903fb66a14e,org/logicng/np/SetCoverTest.java,31,2,2,16,0.19,6,2,1,0,0,0,0,0,0,0,0,0,0,0,0,1,0,0,0,2,0,0,False
2504,logic-ng/logicng,38e007c1794193a7b55bf9f82f9f2903fb66a14e,org/logicng/predicates/CNFPredicateTest.java,30,3,3,10,0.53,16,3,1,0,0,0,0,0,0,0,0,0,1,0,0,0,0,0,0,3,0,0,False
2505,logic-ng/logicng,38e007c1794193a7b55bf9f82f9f2903fb66a14e,org/logicng/predicates/ContainsPBCPredicateTest.java,44,6,9,30,0.43,19,6,4,1,0,0,0,2,0,0,0,0,1,0,0,0,0,0,0,6,0,0,False
2506,logic-ng/logicng,38e007c1794193a7b55bf9f82f9f2903fb66a14e,org/logicng/predicates/DNFPredicateTest.java,28,2,2,10,0.57,16,2,1,0,0,0,0,0,0,0,0,0,1,0,0,0,0,0,0,2,0,0,False
2507,logic-ng/logicng,38e007c1794193a7b55bf9f82f9f2903fb66a14e,org/logicng/predicates/EvaluatesToConstantPredicateTest.java,432,22,34,94,0.83,360,21,21,2,1,0,0,12,0,0,0,0,0,0,0,1,0,0,0,21,0,0,False
2508,logic-ng/logicng,38e007c1794193a7b55bf9f82f9f2903fb66a14e,org/logicng/predicates/NNFPredicateTest.java,32,2,2,11,0.63,20,2,1,0,0,0,0,0,0,0,0,0,1,0,0,0,0,0,0,2,0,0,False
2509,logic-ng/logicng,38e007c1794193a7b55bf9f82f9f2903fb66a14e,org/logicng/predicates/TermPredicateTest.java,47,3,3,17,0.68,32,3,3,0,0,0,0,0,0,0,0,0,1,0,0,0,0,0,0,3,0,0,False
2510,logic-ng/logicng,38e007c1794193a7b55bf9f82f9f2903fb66a14e,org/logicng/primecomputation/PrimeCompilerTest.java,118,12,33,65,0.09,11,12,0,4,0,0,0,4,0,0,0,0,1,0,0,0,6,1,0,7,0,0,False
2511,logic-ng/logicng,38e007c1794193a7b55bf9f82f9f2903fb66a14e,org/logicng/primecomputation/PrimeResultTest.java,75,5,5,28,0.36,27,4,3,0,1,0,0,0,0,0,0,0,1,0,0,0,0,0,0,4,0,0,False
2512,logic-ng/logicng,38e007c1794193a7b55bf9f82f9f2903fb66a14e,org/logicng/propositions/ExtendedPropositionTest.java,56,5,11,18,0.25,14,4,4,0,1,0,0,3,0,0,0,0,1,0,0,0,0,0,0,4,0,0,False
2513,logic-ng/logicng,38e007c1794193a7b55bf9f82f9f2903fb66a14e,org/logicng/propositions/StandardPropositionTest.java,43,5,11,18,0.35,15,4,4,0,1,0,0,3,0,0,0,0,1,0,0,0,0,0,0,4,0,0,False
2514,logic-ng/logicng,38e007c1794193a7b55bf9f82f9f2903fb66a14e,org/logicng/pseudobooleans/PBEncoderTest.java,66,9,13,30,0.11,7,8,1,4,1,0,0,1,0,0,0,0,1,0,0,0,1,1,0,7,0,0,False
2515,logic-ng/logicng,38e007c1794193a7b55bf9f82f9f2903fb66a14e,org/logicng/solvers/datastructures/LNGHeapTest.java,23,1,1,10,0.22,5,1,1,0,0,0,0,0,0,0,0,0,1,0,0,1,0,0,0,1,0,0,False
2516,logic-ng/logicng,38e007c1794193a7b55bf9f82f9f2903fb66a14e,org/logicng/solvers/functions/BackboneFunctionTest.java,276,12,41,159,0.25,68,12,8,6,0,0,0,8,0,0,0,0,0,0,0,8,0,0,0,9,0,0,False
2517,logic-ng/logicng,38e007c1794193a7b55bf9f82f9f2903fb66a14e,org/logicng/solvers/functions/ModelEnumerationFunctionTest.java,19,3,5,10,0.05,1,2,1,0,1,0,0,2,0,0,0,0,0,0,0,1,0,0,0,2,0,0,False
2518,logic-ng/logicng,38e007c1794193a7b55bf9f82f9f2903fb66a14e,org/logicng/solvers/functions/OptimizationFunctionTest.java,284,23,63,200,0.14,39,23,6,5,0,0,0,11,0,0,0,0,0,0,0,1,8,3,0,14,0,0,False
2519,logic-ng/logicng,38e007c1794193a7b55bf9f82f9f2903fb66a14e,org/logicng/solvers/functions/UnsatCoreFunctionTest.java,9,1,1,0,0.0,0,1,1,0,0,0,0,0,0,0,0,0,0,0,0,0,0,0,0,1,0,0,False
2520,logic-ng/logicng,38e007c1794193a7b55bf9f82f9f2903fb66a14e,org/logicng/solvers/sat/MiniSatTest.java,86,9,13,45,0.36,31,9,5,0,0,0,0,1,0,0,0,0,1,0,0,1,0,0,0,7,0,0,False
2521,logic-ng/logicng,38e007c1794193a7b55bf9f82f9f2903fb66a14e,org/logicng/solvers/sat/GlucoseSyrupTest.java,33,6,11,9,0.03,1,6,0,0,0,0,0,0,0,0,0,0,1,0,0,0,0,0,0,3,0,0,False
2522,logic-ng/logicng,38e007c1794193a7b55bf9f82f9f2903fb66a14e,org/logicng/solvers/sat/MiniCardTest.java,84,8,12,32,0.18,15,8,3,0,0,0,0,0,0,0,0,0,1,0,0,1,0,0,0,6,0,0,False
2523,logic-ng/logicng,38e007c1794193a7b55bf9f82f9f2903fb66a14e,org/logicng/transformations/AnonymizerTest.java,77,5,15,23,0.49,38,5,5,0,0,0,0,5,0,0,0,0,0,0,0,2,0,0,0,5,0,0,False
2524,logic-ng/logicng,38e007c1794193a7b55bf9f82f9f2903fb66a14e,org/logicng/transformations/FormulaFactoryImporterTest.java,187,12,17,114,0.67,126,12,10,0,0,0,0,1,0,0,0,0,0,0,0,0,0,0,0,10,0,0,False
2525,logic-ng/logicng,38e007c1794193a7b55bf9f82f9f2903fb66a14e,org/logicng/transformations/LiteralSubstitutionTest.java,42,5,14,19,0.4,17,5,3,0,0,0,0,4,0,0,0,0,0,0,0,0,0,0,0,4,0,0,False
2526,logic-ng/logicng,38e007c1794193a7b55bf9f82f9f2903fb66a14e,org/logicng/transformations/PureExpansionTransformationTest.java,107,13,37,44,0.35,37,13,6,2,0,0,0,4,0,0,0,0,1,0,0,1,2,0,0,10,0,0,False
2527,logic-ng/logicng,38e007c1794193a7b55bf9f82f9f2903fb66a14e,org/logicng/transformations/UnitPropagationTest.java,31,4,9,15,0.45,14,4,4,0,0,0,0,1,0,0,0,0,0,0,0,0,0,0,0,4,0,0,False
2528,logic-ng/logicng,38e007c1794193a7b55bf9f82f9f2903fb66a14e,org/logicng/transformations/cnf/CanonicalCNFEnumerationTest.java,54,6,13,30,0.31,17,6,1,2,0,0,0,1,0,0,0,0,1,0,0,0,2,1,0,4,0,0,False
2529,logic-ng/logicng,38e007c1794193a7b55bf9f82f9f2903fb66a14e,org/logicng/transformations/cnf/CNFEncoderTest.java,157,13,27,106,0.22,35,13,11,0,0,0,0,10,0,0,0,0,1,0,0,3,0,0,0,12,0,0,False
2530,logic-ng/logicng,38e007c1794193a7b55bf9f82f9f2903fb66a14e,org/logicng/transformations/cnf/CNFSubsumptionTest.java,41,4,8,16,0.46,19,4,3,0,0,0,0,3,0,0,0,0,0,0,0,1,0,0,0,4,0,0,False
2531,logic-ng/logicng,38e007c1794193a7b55bf9f82f9f2903fb66a14e,org/logicng/transformations/cnf/PlaistedGreenbaumTransformationSolverTest.java,41,5,10,11,0.02,1,5,1,2,0,0,0,1,0,0,0,0,0,0,0,1,1,0,0,3,0,0,False
2532,logic-ng/logicng,38e007c1794193a7b55bf9f82f9f2903fb66a14e,org/logicng/transformations/dnf/CanonicalDNFEnumerationTest.java,54,6,13,30,0.31,17,6,1,2,0,0,0,1,0,0,0,0,1,0,0,0,2,1,0,4,0,0,False
2533,logic-ng/logicng,38e007c1794193a7b55bf9f82f9f2903fb66a14e,org/logicng/transformations/dnf/DNFFactorizationTest.java,105,12,29,45,0.43,45,8,8,0,0,0,0,5,0,0,0,0,1,0,0,2,0,0,0,8,0,0,False
2534,logic-ng/logicng,38e007c1794193a7b55bf9f82f9f2903fb66a14e,org/logicng/transformations/dnf/DNFSubsumptionTest.java,48,4,10,16,0.4,19,4,3,1,0,0,0,3,0,0,0,0,0,0,0,1,0,0,0,4,0,0,False
2535,logic-ng/logicng,38e007c1794193a7b55bf9f82f9f2903fb66a14e,org/logicng/transformations/qmc/TermTest.java,80,3,7,21,0.21,17,3,3,0,0,0,0,1,0,0,0,0,1,0,0,0,0,0,0,3,0,0,False
2536,logic-ng/logicng,38e007c1794193a7b55bf9f82f9f2903fb66a14e,org/logicng/transformations/qmc/TermTableTest.java,47,4,8,19,0.26,12,4,2,0,0,0,0,0,0,0,0,0,1,0,0,1,0,0,0,3,0,0,False
2537,logic-ng/logicng,38e007c1794193a7b55bf9f82f9f2903fb66a14e,org/logicng/transformations/simplification/AdvancedSimplifierTest.java,84,11,31,56,0.12,10,11,2,5,0,0,0,5,0,0,0,0,1,0,0,0,7,1,0,9,0,0,False
2538,logic-ng/logicng,38e007c1794193a7b55bf9f82f9f2903fb66a14e,org/logicng/transformations/simplification/BackboneSimplifierTest.java,27,2,8,8,0.41,11,2,2,0,0,0,0,2,0,0,0,0,0,0,0,0,0,0,0,2,0,0,False
2539,logic-ng/logicng,38e007c1794193a7b55bf9f82f9f2903fb66a14e,org/logicng/transformations/simplification/DistributiveSimplifierTest.java,52,6,20,25,0.5,26,6,6,0,0,0,0,2,0,0,0,0,0,0,0,0,0,0,0,6,0,0,False
2540,logic-ng/logicng,38e007c1794193a7b55bf9f82f9f2903fb66a14e,org/logicng/util/CollectionHelperTest.java,60,6,7,16,0.6,36,6,6,0,0,0,0,0,0,0,0,0,0,0,0,1,0,0,0,6,0,0,False
2541,logic-ng/logicng,38e007c1794193a7b55bf9f82f9f2903fb66a14e,org/logicng/util/ComparablePairTest.java,42,5,5,18,0.52,22,5,5,0,0,0,0,0,0,0,0,0,1,0,0,0,0,0,0,5,0,0,False
2542,logic-ng/logicng,38e007c1794193a7b55bf9f82f9f2903fb66a14e,org/logicng/util/FormulaHelperTest.java,67,9,9,35,0.63,42,9,9,0,0,0,0,0,0,0,0,0,0,0,0,0,0,0,0,9,0,0,False
2543,logic-ng/logicng,38e007c1794193a7b55bf9f82f9f2903fb66a14e,org/logicng/util/FormulaRandomizerTest.java,414,22,60,281,0.21,86,22,19,20,0,0,0,0,0,0,0,0,0,0,0,1,0,0,0,20,0,0,False
2544,logic-ng/logicng,38e007c1794193a7b55bf9f82f9f2903fb66a14e,org/logicng/util/PairTest.java,36,4,4,14,0.5,18,4,4,0,0,0,0,0,0,0,0,0,1,0,0,0,0,0,0,4,0,0,False
2545,logic-ng/logicng,3e2dfe7d1f789a50a7bd0c68111139565b95665b,org/logicng/backbones/BackboneTest.java,78,6,8,39,0.35,27,6,4,0,0,0,0,1,0,0,0,0,1,0,0,2,0,0,0,5,0,0,False
2546,logic-ng/logicng,3e2dfe7d1f789a50a7bd0c68111139565b95665b,org/logicng/backbones/BackboneGenerationTest.java,224,9,27,100,0.22,49,9,4,2,0,0,0,4,0,0,0,0,0,0,0,2,0,0,0,8,0,0,False
2547,logic-ng/logicng,3e2dfe7d1f789a50a7bd0c68111139565b95665b,org/logicng/collections/LNGBooleanVectorTest.java,173,11,22,75,0.34,59,11,10,9,0,0,0,0,0,0,0,0,1,0,0,7,0,0,0,11,0,0,False
2548,logic-ng/logicng,3e2dfe7d1f789a50a7bd0c68111139565b95665b,org/logicng/collections/LNGByteVectorTest.java,198,12,25,84,0.29,57,12,11,11,0,0,0,0,0,0,0,0,1,0,0,6,0,0,0,12,0,0,False
2549,logic-ng/logicng,3e2dfe7d1f789a50a7bd0c68111139565b95665b,org/logicng/collections/LNGDoublePriorityQueueTest.java,107,6,6,35,0.4,43,6,5,0,0,0,0,0,0,0,0,0,1,0,0,3,0,0,0,6,0,0,False
2550,logic-ng/logicng,3e2dfe7d1f789a50a7bd0c68111139565b95665b,org/logicng/collections/LNGDoubleVectorTest.java,195,12,25,83,0.29,56,12,11,11,0,0,0,0,0,0,0,0,1,0,0,6,0,0,0,12,0,0,False
2551,logic-ng/logicng,3e2dfe7d1f789a50a7bd0c68111139565b95665b,org/logicng/collections/LNGIntVectorTest.java,195,12,25,83,0.29,56,12,11,11,0,0,0,0,0,0,0,0,1,0,0,6,0,0,0,12,0,0,False
2552,logic-ng/logicng,3e2dfe7d1f789a50a7bd0c68111139565b95665b,org/logicng/collections/LNGLongPriorityQueueTest.java,86,5,5,28,0.42,36,5,4,0,0,0,0,0,0,0,0,0,1,0,0,3,0,0,0,5,0,0,False
2553,logic-ng/logicng,3e2dfe7d1f789a50a7bd0c68111139565b95665b,org/logicng/collections/LNGLongVectorTest.java,198,12,25,84,0.29,57,12,11,11,0,0,0,0,0,0,0,0,1,0,0,6,0,0,0,12,0,0,False
2554,logic-ng/logicng,3e2dfe7d1f789a50a7bd0c68111139565b95665b,org/logicng/collections/LNGVectorTest.java,342,22,42,135,0.29,100,21,19,20,1,0,0,0,0,0,0,0,2,0,0,9,0,0,0,21,0,0,False
2555,logic-ng/logicng,3e2dfe7d1f789a50a7bd0c68111139565b95665b,org/logicng/datastructures/AssignmentTest.java,163,14,18,88,0.47,77,14,13,0,0,0,0,2,0,0,0,0,1,0,0,6,0,0,0,14,0,0,False
2556,logic-ng/logicng,3e2dfe7d1f789a50a7bd0c68111139565b95665b,org/logicng/formulas/SubstitutionTest.java,153,16,20,70,0.36,55,15,12,0,1,0,0,4,0,0,0,0,1,0,0,4,0,0,0,15,0,0,False
2557,logic-ng/logicng,3e2dfe7d1f789a50a7bd0c68111139565b95665b,org/logicng/datastructures/ubtrees/UBNodeTest.java,33,4,4,14,0.27,9,3,2,0,1,0,0,0,0,0,0,0,1,0,0,1,0,0,0,3,0,0,False
2558,logic-ng/logicng,3e2dfe7d1f789a50a7bd0c68111139565b95665b,org/logicng/datastructures/ubtrees/UBTreeTest.java,201,8,9,57,0.62,125,8,6,0,0,0,0,0,0,0,0,0,0,0,0,1,0,0,0,7,0,0,False
2559,logic-ng/logicng,3e2dfe7d1f789a50a7bd0c68111139565b95665b,org/logicng/explanations/mus/MUSConfigTest.java,12,1,2,11,0.17,2,1,1,0,0,0,0,0,0,0,0,0,1,0,0,0,0,0,0,1,0,0,False
2560,logic-ng/logicng,3e2dfe7d1f789a50a7bd0c68111139565b95665b,org/logicng/explanations/mus/MUSGenerationTest.java,114,12,24,32,0.05,6,11,2,2,1,0,0,2,0,0,0,0,1,0,0,0,2,1,0,8,0,0,False
2561,logic-ng/logicng,3e2dfe7d1f789a50a7bd0c68111139565b95665b,org/logicng/explanations/smus/SmusComputationTest.java,96,16,38,82,0.14,13,16,0,3,0,0,0,15,0,0,0,0,0,0,0,0,5,1,0,15,0,0,False
2562,logic-ng/logicng,3e2dfe7d1f789a50a7bd0c68111139565b95665b,org/logicng/explanations/UNSATCoreTest.java,54,5,7,19,0.3,16,4,4,0,1,0,0,0,0,0,0,0,1,0,0,1,0,0,0,4,0,0,False
2563,logic-ng/logicng,3e2dfe7d1f789a50a7bd0c68111139565b95665b,org/logicng/formulas/AndTest.java,144,20,25,93,0.56,81,20,17,0,0,0,0,2,0,0,0,0,1,0,0,4,0,0,0,20,0,0,False
2564,logic-ng/logicng,3e2dfe7d1f789a50a7bd0c68111139565b95665b,org/logicng/formulas/CFalseTest.java,63,18,19,62,0.32,20,18,2,0,0,0,0,0,0,0,0,0,1,0,0,0,0,0,0,18,0,0,False
2565,logic-ng/logicng,3e2dfe7d1f789a50a7bd0c68111139565b95665b,org/logicng/formulas/CTrueTest.java,64,18,19,62,0.33,21,18,3,0,0,0,0,0,0,0,0,0,1,0,0,1,0,0,0,18,0,0,False
2566,logic-ng/logicng,3e2dfe7d1f789a50a7bd0c68111139565b95665b,org/logicng/formulas/EquivalenceTest.java,136,20,23,81,0.57,77,20,19,0,0,0,0,1,0,0,0,0,1,0,0,4,0,0,0,20,0,0,False
2567,logic-ng/logicng,3e2dfe7d1f789a50a7bd0c68111139565b95665b,org/logicng/formulas/ExtendedFormulaFactoryTest.java,219,13,23,82,0.25,55,13,7,1,0,0,0,1,0,0,0,0,0,0,0,5,2,1,0,11,0,0,False
2568,logic-ng/logicng,3e2dfe7d1f789a50a7bd0c68111139565b95665b,org/logicng/formulas/FormulaTest.java,122,14,26,81,0.37,45,12,11,0,0,0,0,6,0,0,0,0,0,0,0,0,0,0,0,12,0,0,False
2569,logic-ng/logicng,3e2dfe7d1f789a50a7bd0c68111139565b95665b,org/logicng/formulas/FormulaFactoryTest.java,184,9,13,96,0.48,89,9,6,1,0,0,0,1,0,0,0,0,2,0,0,2,0,0,0,9,0,0,False
2570,logic-ng/logicng,3e2dfe7d1f789a50a7bd0c68111139565b95665b,org/logicng/formulas/ImplicationTest.java,131,21,24,80,0.54,71,21,19,0,0,0,0,1,0,0,0,0,1,0,0,5,0,0,0,21,0,0,False
2571,logic-ng/logicng,3e2dfe7d1f789a50a7bd0c68111139565b95665b,org/logicng/formulas/LiteralTest.java,119,23,24,85,0.52,62,23,22,0,0,0,0,0,0,0,0,0,1,0,0,2,1,0,0,23,0,0,False
2572,logic-ng/logicng,3e2dfe7d1f789a50a7bd0c68111139565b95665b,org/logicng/formulas/NotTest.java,107,19,22,76,0.5,54,19,18,0,0,0,0,1,0,0,0,0,1,0,0,4,0,0,0,19,0,0,False
2573,logic-ng/logicng,3e2dfe7d1f789a50a7bd0c68111139565b95665b,org/logicng/formulas/OrTest.java,139,19,24,88,0.58,80,19,17,0,0,0,0,2,0,0,0,0,1,0,0,4,0,0,0,19,0,0,False
2574,logic-ng/logicng,3e2dfe7d1f789a50a7bd0c68111139565b95665b,org/logicng/formulas/PBConstraintTest.java,619,36,39,207,0.61,376,35,33,0,1,0,0,0,0,0,0,0,5,0,0,6,0,0,0,35,0,0,False
2575,logic-ng/logicng,3e2dfe7d1f789a50a7bd0c68111139565b95665b,org/logicng/formulas/printer/DefaultStringRepresentationTest.java,48,3,3,18,0.71,34,3,1,0,0,0,0,0,0,0,0,0,2,0,0,0,0,0,0,3,0,0,False
2576,logic-ng/logicng,3e2dfe7d1f789a50a7bd0c68111139565b95665b,org/logicng/formulas/printer/LatexStringRepresentationTest.java,46,3,3,15,0.67,31,3,2,0,0,0,0,0,0,0,0,0,2,0,0,0,0,0,0,3,0,0,False
2577,logic-ng/logicng,3e2dfe7d1f789a50a7bd0c68111139565b95665b,org/logicng/formulas/printer/SortedStringRepresentationTest.java,61,4,4,22,0.69,42,4,2,0,0,0,0,0,0,0,0,0,2,0,0,2,0,0,0,4,0,0,False
2578,logic-ng/logicng,3e2dfe7d1f789a50a7bd0c68111139565b95665b,org/logicng/formulas/printer/UTF8StringRepresentationTest.java,46,3,3,15,0.67,31,3,2,0,0,0,0,0,0,0,0,0,2,0,0,0,0,0,0,3,0,0,False
2579,logic-ng/logicng,3e2dfe7d1f789a50a7bd0c68111139565b95665b,org/logicng/functions/FormulaDepthFunctionTest.java,54,4,7,24,0.57,31,4,3,1,0,0,0,1,0,0,0,0,0,0,0,1,0,0,0,4,0,0,False
2580,logic-ng/logicng,3e2dfe7d1f789a50a7bd0c68111139565b95665b,org/logicng/graphs/algorithms/BronKerboschTest.java,44,1,4,14,0.16,7,1,1,1,0,0,0,1,0,0,0,0,0,0,0,1,0,0,0,1,0,0,False
2581,logic-ng/logicng,3e2dfe7d1f789a50a7bd0c68111139565b95665b,org/logicng/graphs/datastructures/GraphTest.java,71,5,8,39,0.27,19,5,4,0,0,0,0,0,0,0,0,0,1,0,0,1,0,0,0,4,0,0,False
2582,logic-ng/logicng,3e2dfe7d1f789a50a7bd0c68111139565b95665b,org/logicng/graphs/datastructures/HypergraphTest.java,34,2,2,12,0.21,7,2,1,0,0,0,0,0,0,0,0,0,1,0,0,1,0,0,0,2,0,0,False
2583,logic-ng/logicng,3e2dfe7d1f789a50a7bd0c68111139565b95665b,org/logicng/graphs/datastructures/HypergraphEdgeTest.java,51,4,6,20,0.22,11,4,2,0,0,0,0,2,0,0,0,0,0,0,0,2,0,0,0,4,0,0,False
2584,logic-ng/logicng,3e2dfe7d1f789a50a7bd0c68111139565b95665b,org/logicng/graphs/datastructures/HypergraphNodeTest.java,30,2,2,12,0.37,11,2,2,0,0,0,0,0,0,0,0,0,0,0,0,1,0,0,0,2,0,0,False
2585,logic-ng/logicng,3e2dfe7d1f789a50a7bd0c68111139565b95665b,org/logicng/graphs/generators/ConstraintGraphGeneratorTest.java,75,5,13,45,0.11,8,5,1,1,0,0,0,5,0,0,0,0,3,0,0,1,0,0,0,5,0,0,False
2586,logic-ng/logicng,3e2dfe7d1f789a50a7bd0c68111139565b95665b,org/logicng/graphs/generators/HypergraphGeneratorTest.java,83,3,8,26,0.28,23,3,2,0,0,0,0,3,0,0,0,0,0,0,0,2,0,0,0,3,0,0,False
2587,logic-ng/logicng,3e2dfe7d1f789a50a7bd0c68111139565b95665b,org/logicng/graphs/io/GraphDimacsFileWriterTest.java,55,6,16,19,0.13,7,6,0,1,0,0,0,3,0,0,0,0,0,0,0,0,3,1,0,3,0,0,False
2588,logic-ng/logicng,3e2dfe7d1f789a50a7bd0c68111139565b95665b,org/logicng/handlers/NumberOfNodesBDDHandlerTest.java,9,1,1,0,0.0,0,1,0,0,0,0,0,0,0,0,0,0,0,0,0,0,0,0,0,1,0,0,False
2589,logic-ng/logicng,3e2dfe7d1f789a50a7bd0c68111139565b95665b,org/logicng/handlers/TimeoutBDDHandlerTest.java,44,6,14,31,0.14,6,6,3,0,0,0,0,3,0,0,0,0,0,0,1,1,1,0,0,5,0,0,False
2590,logic-ng/logicng,3e2dfe7d1f789a50a7bd0c68111139565b95665b,org/logicng/handlers/TimeoutMaxSATHandlerTest.java,41,7,15,32,0.1,4,7,4,4,0,0,0,5,0,0,0,0,0,0,2,2,1,0,0,6,0,0,False
2591,logic-ng/logicng,3e2dfe7d1f789a50a7bd0c68111139565b95665b,org/logicng/handlers/TimeoutModelEnumerationHandlerTest.java,60,6,13,49,0.1,6,6,3,4,0,0,0,2,0,0,0,0,0,0,1,1,2,0,0,5,0,0,False
2592,logic-ng/logicng,3e2dfe7d1f789a50a7bd0c68111139565b95665b,org/logicng/handlers/TimeoutOptimizationHandlerTest.java,46,5,14,45,0.04,2,5,1,3,0,0,0,4,0,0,0,0,0,0,1,1,1,0,0,4,0,0,False
2593,logic-ng/logicng,3e2dfe7d1f789a50a7bd0c68111139565b95665b,org/logicng/handlers/TimeoutSATHandlerTest.java,55,6,13,37,0.11,6,6,3,4,0,0,0,2,0,0,0,0,0,0,1,1,1,0,0,5,0,0,False
2594,logic-ng/logicng,3e2dfe7d1f789a50a7bd0c68111139565b95665b,org/logicng/io/graphical/generators/BddGraphicalGeneratorTest.java,117,4,11,39,0.01,1,4,0,0,0,0,0,3,0,0,0,0,0,0,0,0,3,1,0,3,0,0,False
2595,logic-ng/logicng,3e2dfe7d1f789a50a7bd0c68111139565b95665b,org/logicng/io/graphical/generators/FormulaAstGraphicalGeneratorTest.java,61,10,21,34,0.03,2,10,0,2,0,0,0,8,0,0,0,0,0,0,0,0,8,1,0,8,0,0,False
2596,logic-ng/logicng,3e2dfe7d1f789a50a7bd0c68111139565b95665b,org/logicng/io/graphical/generators/FormulaDagGraphicalGeneratorTest.java,59,9,19,34,0.03,2,9,0,2,0,0,0,7,0,0,0,0,0,0,0,0,7,1,0,7,0,0,False
2597,logic-ng/logicng,3e2dfe7d1f789a50a7bd0c68111139565b95665b,org/logicng/io/graphical/generators/GraphGraphicalGeneratorTest.java,45,6,13,32,0.04,2,6,0,2,0,0,0,5,0,0,0,0,0,0,0,0,5,1,0,5,0,0,False
2598,logic-ng/logicng,3e2dfe7d1f789a50a7bd0c68111139565b95665b,org/logicng/io/graphical/GraphicalEdgeTest.java,60,5,6,22,0.4,24,5,4,0,0,0,0,0,0,0,0,0,0,0,0,4,0,0,0,4,0,0,False
2599,logic-ng/logicng,3e2dfe7d1f789a50a7bd0c68111139565b95665b,org/logicng/io/graphical/GraphicalNodeTest.java,64,9,10,42,0.38,24,9,8,0,0,0,0,0,0,0,0,0,0,0,0,8,0,0,0,8,0,0,False
2600,logic-ng/logicng,3e2dfe7d1f789a50a7bd0c68111139565b95665b,org/logicng/io/parsers/PropositionalParserTest.java,142,29,38,55,0.45,64,29,9,0,0,0,0,9,0,0,0,0,1,0,0,0,0,0,0,29,0,0,False
2601,logic-ng/logicng,3e2dfe7d1f789a50a7bd0c68111139565b95665b,org/logicng/io/parsers/PseudoBooleanParserTest.java,164,30,42,77,0.51,84,30,12,0,0,0,0,12,0,0,0,0,1,0,0,1,0,0,0,30,0,0,False
2602,logic-ng/logicng,3e2dfe7d1f789a50a7bd0c68111139565b95665b,org/logicng/io/readers/DimacsReaderTest.java,9,1,1,0,0.0,0,1,0,0,0,0,0,0,0,1,0,0,0,0,0,0,0,0,1,1,0,0,False
2603,logic-ng/logicng,3e2dfe7d1f789a50a7bd0c68111139565b95665b,org/logicng/io/writers/FormulaDimacsFileWriterTest.java,67,7,17,21,0.09,6,7,0,0,0,0,0,4,0,0,0,0,0,0,0,0,4,1,0,5,0,0,False
2604,logic-ng/logicng,3e2dfe7d1f789a50a7bd0c68111139565b95665b,org/logicng/knowledgecompilation/bdds/datastructures/BDDNodeTest.java,66,4,4,35,0.47,31,4,4,0,0,0,0,0,0,0,0,0,0,0,0,1,0,0,0,4,0,0,False
2605,logic-ng/logicng,3e2dfe7d1f789a50a7bd0c68111139565b95665b,org/logicng/knowledgecompilation/bdds/BDDOperationsTest.java,256,16,29,85,0.63,161,16,12,1,0,0,0,5,0,0,0,0,0,0,0,0,1,0,0,13,0,0,False
2606,logic-ng/logicng,3e2dfe7d1f789a50a7bd0c68111139565b95665b,org/logicng/knowledgecompilation/bdds/jbuddy/BDDPrimeTest.java,6,1,1,3,0.33,2,1,1,0,0,0,0,0,0,0,0,0,0,0,0,0,0,0,0,1,0,0,False
2607,logic-ng/logicng,3e2dfe7d1f789a50a7bd0c68111139565b95665b,org/logicng/knowledgecompilation/bdds/BDDReorderingTest.java,192,16,38,81,0.04,8,16,3,0,0,0,0,2,0,0,0,0,0,0,0,2,4,2,0,7,0,0,False
2608,logic-ng/logicng,3e2dfe7d1f789a50a7bd0c68111139565b95665b,org/logicng/knowledgecompilation/bdds/orderings/BFSOrderingTest.java,27,2,5,11,0.37,10,2,1,0,0,0,0,2,0,0,0,0,0,0,0,0,0,0,0,2,0,0,False
2609,logic-ng/logicng,3e2dfe7d1f789a50a7bd0c68111139565b95665b,org/logicng/knowledgecompilation/bdds/orderings/DFSOrderingTest.java,27,2,5,11,0.37,10,2,1,0,0,0,0,2,0,0,0,0,0,0,0,0,0,0,0,2,0,0,False
2610,logic-ng/logicng,3e2dfe7d1f789a50a7bd0c68111139565b95665b,org/logicng/knowledgecompilation/bdds/orderings/ForceOrderingTest.java,33,3,9,17,0.21,7,3,1,0,0,0,0,3,0,0,0,0,0,0,0,0,0,0,0,3,0,0,False
2611,logic-ng/logicng,3e2dfe7d1f789a50a7bd0c68111139565b95665b,org/logicng/knowledgecompilation/dnnf/datastructures/dtree/DTreeNodeTest.java,11,1,2,4,0.09,1,1,0,0,0,0,0,1,0,0,0,0,1,0,0,0,0,0,0,1,0,0,False
2612,logic-ng/logicng,3e2dfe7d1f789a50a7bd0c68111139565b95665b,org/logicng/knowledgecompilation/dnnf/DnnfCompilerTest.java,95,7,21,38,0.03,3,7,0,1,0,0,0,5,0,0,0,0,0,0,0,0,3,1,0,5,0,0,False
2613,logic-ng/logicng,3e2dfe7d1f789a50a7bd0c68111139565b95665b,org/logicng/LogicNGVersionTest.java,15,4,4,0,0.0,0,4,4,0,0,0,0,0,0,0,0,0,0,0,0,4,0,0,0,4,0,0,False
2614,logic-ng/logicng,3e2dfe7d1f789a50a7bd0c68111139565b95665b,org/logicng/modelcounting/ModelCounterTest.java,76,14,22,53,0.17,13,14,6,4,0,0,0,3,0,0,0,0,0,0,0,1,1,1,0,10,0,0,False
2615,logic-ng/logicng,3e2dfe7d1f789a50a7bd0c68111139565b95665b,org/logicng/np/SetCoverTest.java,31,2,2,16,0.19,6,2,1,0,0,0,0,0,0,0,0,0,0,0,0,1,0,0,0,2,0,0,False
2616,logic-ng/logicng,3e2dfe7d1f789a50a7bd0c68111139565b95665b,org/logicng/predicates/CNFPredicateTest.java,30,3,3,10,0.53,16,3,1,0,0,0,0,0,0,0,0,0,1,0,0,0,0,0,0,3,0,0,False
2617,logic-ng/logicng,3e2dfe7d1f789a50a7bd0c68111139565b95665b,org/logicng/predicates/ContainsPBCPredicateTest.java,44,6,9,30,0.43,19,6,4,1,0,0,0,2,0,0,0,0,1,0,0,0,0,0,0,6,0,0,False
2618,logic-ng/logicng,3e2dfe7d1f789a50a7bd0c68111139565b95665b,org/logicng/predicates/DNFPredicateTest.java,28,2,2,10,0.57,16,2,1,0,0,0,0,0,0,0,0,0,1,0,0,0,0,0,0,2,0,0,False
2619,logic-ng/logicng,3e2dfe7d1f789a50a7bd0c68111139565b95665b,org/logicng/predicates/EvaluatesToConstantPredicateTest.java,432,22,34,94,0.83,360,21,21,2,1,0,0,12,0,0,0,0,0,0,0,1,0,0,0,21,0,0,False
2620,logic-ng/logicng,3e2dfe7d1f789a50a7bd0c68111139565b95665b,org/logicng/predicates/NNFPredicateTest.java,32,2,2,11,0.63,20,2,1,0,0,0,0,0,0,0,0,0,1,0,0,0,0,0,0,2,0,0,False
2621,logic-ng/logicng,3e2dfe7d1f789a50a7bd0c68111139565b95665b,org/logicng/predicates/TermPredicateTest.java,47,3,3,17,0.68,32,3,3,0,0,0,0,0,0,0,0,0,1,0,0,0,0,0,0,3,0,0,False
2622,logic-ng/logicng,3e2dfe7d1f789a50a7bd0c68111139565b95665b,org/logicng/primecomputation/PrimeCompilerTest.java,118,12,33,65,0.09,11,12,0,4,0,0,0,4,0,0,0,0,1,0,0,0,6,1,0,7,0,0,False
2623,logic-ng/logicng,3e2dfe7d1f789a50a7bd0c68111139565b95665b,org/logicng/primecomputation/PrimeResultTest.java,75,5,5,28,0.36,27,4,3,0,1,0,0,0,0,0,0,0,1,0,0,0,0,0,0,4,0,0,False
2624,logic-ng/logicng,3e2dfe7d1f789a50a7bd0c68111139565b95665b,org/logicng/propositions/ExtendedPropositionTest.java,56,5,11,18,0.25,14,4,4,0,1,0,0,3,0,0,0,0,1,0,0,0,0,0,0,4,0,0,False
2625,logic-ng/logicng,3e2dfe7d1f789a50a7bd0c68111139565b95665b,org/logicng/propositions/StandardPropositionTest.java,43,5,11,18,0.35,15,4,4,0,1,0,0,3,0,0,0,0,1,0,0,0,0,0,0,4,0,0,False
2626,logic-ng/logicng,3e2dfe7d1f789a50a7bd0c68111139565b95665b,org/logicng/pseudobooleans/PBEncoderTest.java,66,9,13,30,0.11,7,8,1,4,1,0,0,1,0,0,0,0,1,0,0,0,1,1,0,7,0,0,False
2627,logic-ng/logicng,3e2dfe7d1f789a50a7bd0c68111139565b95665b,org/logicng/solvers/datastructures/LNGHeapTest.java,23,1,1,10,0.22,5,1,1,0,0,0,0,0,0,0,0,0,1,0,0,1,0,0,0,1,0,0,False
2628,logic-ng/logicng,3e2dfe7d1f789a50a7bd0c68111139565b95665b,org/logicng/solvers/functions/BackboneFunctionTest.java,276,12,41,159,0.25,68,12,8,6,0,0,0,8,0,0,0,0,0,0,0,8,0,0,0,9,0,0,False
2629,logic-ng/logicng,3e2dfe7d1f789a50a7bd0c68111139565b95665b,org/logicng/solvers/functions/ModelEnumerationFunctionTest.java,19,3,5,10,0.05,1,2,1,0,1,0,0,2,0,0,0,0,0,0,0,1,0,0,0,2,0,0,False
2630,logic-ng/logicng,3e2dfe7d1f789a50a7bd0c68111139565b95665b,org/logicng/solvers/functions/OptimizationFunctionTest.java,284,23,63,200,0.14,39,23,6,5,0,0,0,11,0,0,0,0,0,0,0,1,8,3,0,14,0,0,False
2631,logic-ng/logicng,3e2dfe7d1f789a50a7bd0c68111139565b95665b,org/logicng/solvers/functions/UnsatCoreFunctionTest.java,9,1,1,0,0.0,0,1,1,0,0,0,0,0,0,0,0,0,0,0,0,0,0,0,0,1,0,0,False
2632,logic-ng/logicng,3e2dfe7d1f789a50a7bd0c68111139565b95665b,org/logicng/solvers/sat/MiniSatTest.java,86,9,13,45,0.36,31,9,5,0,0,0,0,1,0,0,0,0,1,0,0,1,0,0,0,7,0,0,False
2633,logic-ng/logicng,3e2dfe7d1f789a50a7bd0c68111139565b95665b,org/logicng/solvers/sat/GlucoseSyrupTest.java,33,6,11,9,0.03,1,6,0,0,0,0,0,0,0,0,0,0,1,0,0,0,0,0,0,3,0,0,False
2634,logic-ng/logicng,3e2dfe7d1f789a50a7bd0c68111139565b95665b,org/logicng/solvers/sat/MiniCardTest.java,84,8,12,32,0.18,15,8,3,0,0,0,0,0,0,0,0,0,1,0,0,1,0,0,0,6,0,0,False
2635,logic-ng/logicng,3e2dfe7d1f789a50a7bd0c68111139565b95665b,org/logicng/transformations/AnonymizerTest.java,77,5,15,23,0.49,38,5,5,0,0,0,0,5,0,0,0,0,0,0,0,2,0,0,0,5,0,0,False
2636,logic-ng/logicng,3e2dfe7d1f789a50a7bd0c68111139565b95665b,org/logicng/transformations/FormulaFactoryImporterTest.java,187,12,17,114,0.67,126,12,10,0,0,0,0,1,0,0,0,0,0,0,0,0,0,0,0,10,0,0,False
2637,logic-ng/logicng,3e2dfe7d1f789a50a7bd0c68111139565b95665b,org/logicng/transformations/LiteralSubstitutionTest.java,42,5,14,19,0.4,17,5,3,0,0,0,0,4,0,0,0,0,0,0,0,0,0,0,0,4,0,0,False
2638,logic-ng/logicng,3e2dfe7d1f789a50a7bd0c68111139565b95665b,org/logicng/transformations/PureExpansionTransformationTest.java,107,13,37,44,0.35,37,13,6,2,0,0,0,4,0,0,0,0,1,0,0,1,2,0,0,10,0,0,False
2639,logic-ng/logicng,3e2dfe7d1f789a50a7bd0c68111139565b95665b,org/logicng/transformations/UnitPropagationTest.java,31,4,9,15,0.45,14,4,4,0,0,0,0,1,0,0,0,0,0,0,0,0,0,0,0,4,0,0,False
2640,logic-ng/logicng,3e2dfe7d1f789a50a7bd0c68111139565b95665b,org/logicng/transformations/cnf/CanonicalCNFEnumerationTest.java,54,6,13,30,0.31,17,6,1,2,0,0,0,1,0,0,0,0,1,0,0,0,2,1,0,4,0,0,False
2641,logic-ng/logicng,3e2dfe7d1f789a50a7bd0c68111139565b95665b,org/logicng/transformations/cnf/CNFEncoderTest.java,157,13,27,106,0.22,35,13,11,0,0,0,0,10,0,0,0,0,1,0,0,3,0,0,0,12,0,0,False
2642,logic-ng/logicng,3e2dfe7d1f789a50a7bd0c68111139565b95665b,org/logicng/transformations/cnf/CNFSubsumptionTest.java,41,4,8,16,0.46,19,4,3,0,0,0,0,3,0,0,0,0,0,0,0,1,0,0,0,4,0,0,False
2643,logic-ng/logicng,3e2dfe7d1f789a50a7bd0c68111139565b95665b,org/logicng/transformations/cnf/PlaistedGreenbaumTransformationSolverTest.java,41,5,10,11,0.02,1,5,1,2,0,0,0,1,0,0,0,0,0,0,0,1,1,0,0,3,0,0,False
2644,logic-ng/logicng,3e2dfe7d1f789a50a7bd0c68111139565b95665b,org/logicng/transformations/dnf/CanonicalDNFEnumerationTest.java,54,6,13,30,0.31,17,6,1,2,0,0,0,1,0,0,0,0,1,0,0,0,2,1,0,4,0,0,False
2645,logic-ng/logicng,3e2dfe7d1f789a50a7bd0c68111139565b95665b,org/logicng/transformations/dnf/DNFFactorizationTest.java,105,12,29,45,0.43,45,8,8,0,0,0,0,5,0,0,0,0,1,0,0,2,0,0,0,8,0,0,False
2646,logic-ng/logicng,3e2dfe7d1f789a50a7bd0c68111139565b95665b,org/logicng/transformations/dnf/DNFSubsumptionTest.java,48,4,10,16,0.4,19,4,3,1,0,0,0,3,0,0,0,0,0,0,0,1,0,0,0,4,0,0,False
2647,logic-ng/logicng,3e2dfe7d1f789a50a7bd0c68111139565b95665b,org/logicng/transformations/qmc/TermTest.java,80,3,7,21,0.21,17,3,3,0,0,0,0,1,0,0,0,0,1,0,0,0,0,0,0,3,0,0,False
2648,logic-ng/logicng,3e2dfe7d1f789a50a7bd0c68111139565b95665b,org/logicng/transformations/qmc/TermTableTest.java,47,4,8,19,0.26,12,4,2,0,0,0,0,0,0,0,0,0,1,0,0,1,0,0,0,3,0,0,False
2649,logic-ng/logicng,3e2dfe7d1f789a50a7bd0c68111139565b95665b,org/logicng/transformations/simplification/AdvancedSimplifierTest.java,84,11,31,56,0.12,10,11,2,5,0,0,0,5,0,0,0,0,1,0,0,0,7,1,0,9,0,0,False
2650,logic-ng/logicng,3e2dfe7d1f789a50a7bd0c68111139565b95665b,org/logicng/transformations/simplification/BackboneSimplifierTest.java,27,2,8,8,0.41,11,2,2,0,0,0,0,2,0,0,0,0,0,0,0,0,0,0,0,2,0,0,False
2651,logic-ng/logicng,3e2dfe7d1f789a50a7bd0c68111139565b95665b,org/logicng/transformations/simplification/DistributiveSimplifierTest.java,52,6,20,25,0.5,26,6,6,0,0,0,0,2,0,0,0,0,0,0,0,0,0,0,0,6,0,0,False
2652,logic-ng/logicng,3e2dfe7d1f789a50a7bd0c68111139565b95665b,org/logicng/util/CollectionHelperTest.java,60,6,7,16,0.6,36,6,6,0,0,0,0,0,0,0,0,0,0,0,0,1,0,0,0,6,0,0,False
2653,logic-ng/logicng,3e2dfe7d1f789a50a7bd0c68111139565b95665b,org/logicng/util/ComparablePairTest.java,42,5,5,18,0.52,22,5,5,0,0,0,0,0,0,0,0,0,1,0,0,0,0,0,0,5,0,0,False
2654,logic-ng/logicng,3e2dfe7d1f789a50a7bd0c68111139565b95665b,org/logicng/util/FormulaHelperTest.java,67,9,9,35,0.63,42,9,9,0,0,0,0,0,0,0,0,0,0,0,0,0,0,0,0,9,0,0,False
2655,logic-ng/logicng,3e2dfe7d1f789a50a7bd0c68111139565b95665b,org/logicng/util/FormulaRandomizerTest.java,414,22,60,281,0.21,86,22,19,20,0,0,0,0,0,0,0,0,0,0,0,1,0,0,0,20,0,0,False
2656,logic-ng/logicng,3e2dfe7d1f789a50a7bd0c68111139565b95665b,org/logicng/util/PairTest.java,36,4,4,14,0.5,18,4,4,0,0,0,0,0,0,0,0,0,1,0,0,0,0,0,0,4,0,0,False
2657,logic-ng/logicng,53c33f828125b861b4b76932fad4855087978869,org/logicng/backbones/BackboneTest.java,78,6,8,39,0.35,27,6,4,0,0,0,0,1,0,0,0,0,1,0,0,2,0,0,0,5,0,0,False
2658,logic-ng/logicng,53c33f828125b861b4b76932fad4855087978869,org/logicng/backbones/BackboneGenerationTest.java,224,9,27,100,0.22,49,9,4,2,0,0,0,4,0,0,0,0,0,0,0,2,0,0,0,8,0,0,False
2659,logic-ng/logicng,53c33f828125b861b4b76932fad4855087978869,org/logicng/collections/LNGBooleanVectorTest.java,173,11,22,75,0.34,59,11,10,9,0,0,0,0,0,0,0,0,1,0,0,7,0,0,0,11,0,0,False
2660,logic-ng/logicng,53c33f828125b861b4b76932fad4855087978869,org/logicng/collections/LNGByteVectorTest.java,198,12,25,84,0.29,57,12,11,11,0,0,0,0,0,0,0,0,1,0,0,6,0,0,0,12,0,0,False
2661,logic-ng/logicng,53c33f828125b861b4b76932fad4855087978869,org/logicng/collections/LNGDoublePriorityQueueTest.java,107,6,6,35,0.4,43,6,5,0,0,0,0,0,0,0,0,0,1,0,0,3,0,0,0,6,0,0,False
2662,logic-ng/logicng,53c33f828125b861b4b76932fad4855087978869,org/logicng/collections/LNGDoubleVectorTest.java,195,12,25,83,0.29,56,12,11,11,0,0,0,0,0,0,0,0,1,0,0,6,0,0,0,12,0,0,False
2663,logic-ng/logicng,53c33f828125b861b4b76932fad4855087978869,org/logicng/collections/LNGIntVectorTest.java,195,12,25,83,0.29,56,12,11,11,0,0,0,0,0,0,0,0,1,0,0,6,0,0,0,12,0,0,False
2664,logic-ng/logicng,53c33f828125b861b4b76932fad4855087978869,org/logicng/collections/LNGLongPriorityQueueTest.java,86,5,5,28,0.42,36,5,4,0,0,0,0,0,0,0,0,0,1,0,0,3,0,0,0,5,0,0,False
2665,logic-ng/logicng,53c33f828125b861b4b76932fad4855087978869,org/logicng/collections/LNGLongVectorTest.java,198,12,25,84,0.29,57,12,11,11,0,0,0,0,0,0,0,0,1,0,0,6,0,0,0,12,0,0,False
2666,logic-ng/logicng,53c33f828125b861b4b76932fad4855087978869,org/logicng/collections/LNGVectorTest.java,342,22,42,135,0.29,100,21,19,20,1,0,0,0,0,0,0,0,2,0,0,9,0,0,0,21,0,0,False
2667,logic-ng/logicng,53c33f828125b861b4b76932fad4855087978869,org/logicng/datastructures/AssignmentTest.java,163,14,18,88,0.47,77,14,13,0,0,0,0,2,0,0,0,0,1,0,0,6,0,0,0,14,0,0,False
2668,logic-ng/logicng,53c33f828125b861b4b76932fad4855087978869,org/logicng/formulas/SubstitutionTest.java,153,16,20,70,0.36,55,15,12,0,1,0,0,4,0,0,0,0,1,0,0,4,0,0,0,15,0,0,False
2669,logic-ng/logicng,53c33f828125b861b4b76932fad4855087978869,org/logicng/datastructures/ubtrees/UBNodeTest.java,33,4,4,14,0.27,9,3,2,0,1,0,0,0,0,0,0,0,1,0,0,1,0,0,0,3,0,0,False
2670,logic-ng/logicng,53c33f828125b861b4b76932fad4855087978869,org/logicng/datastructures/ubtrees/UBTreeTest.java,201,8,9,57,0.62,125,8,6,0,0,0,0,0,0,0,0,0,0,0,0,1,0,0,0,7,0,0,False
2671,logic-ng/logicng,53c33f828125b861b4b76932fad4855087978869,org/logicng/explanations/mus/MUSConfigTest.java,12,1,2,11,0.17,2,1,1,0,0,0,0,0,0,0,0,0,1,0,0,0,0,0,0,1,0,0,False
2672,logic-ng/logicng,53c33f828125b861b4b76932fad4855087978869,org/logicng/explanations/mus/MUSGenerationTest.java,114,12,24,32,0.05,6,11,2,2,1,0,0,2,0,0,0,0,1,0,0,0,2,1,0,8,0,0,False
2673,logic-ng/logicng,53c33f828125b861b4b76932fad4855087978869,org/logicng/explanations/smus/SmusComputationTest.java,96,16,38,82,0.14,13,16,0,3,0,0,0,15,0,0,0,0,0,0,0,0,5,1,0,15,0,0,False
2674,logic-ng/logicng,53c33f828125b861b4b76932fad4855087978869,org/logicng/explanations/UNSATCoreTest.java,54,5,7,19,0.3,16,4,4,0,1,0,0,0,0,0,0,0,1,0,0,1,0,0,0,4,0,0,False
2675,logic-ng/logicng,53c33f828125b861b4b76932fad4855087978869,org/logicng/formulas/AndTest.java,144,20,25,93,0.56,81,20,17,0,0,0,0,2,0,0,0,0,1,0,0,4,0,0,0,20,0,0,False
2676,logic-ng/logicng,53c33f828125b861b4b76932fad4855087978869,org/logicng/formulas/CFalseTest.java,63,18,19,62,0.32,20,18,2,0,0,0,0,0,0,0,0,0,1,0,0,0,0,0,0,18,0,0,False
2677,logic-ng/logicng,53c33f828125b861b4b76932fad4855087978869,org/logicng/formulas/CTrueTest.java,64,18,19,62,0.33,21,18,3,0,0,0,0,0,0,0,0,0,1,0,0,1,0,0,0,18,0,0,False
2678,logic-ng/logicng,53c33f828125b861b4b76932fad4855087978869,org/logicng/formulas/EquivalenceTest.java,136,20,23,81,0.57,77,20,19,0,0,0,0,1,0,0,0,0,1,0,0,4,0,0,0,20,0,0,False
2679,logic-ng/logicng,53c33f828125b861b4b76932fad4855087978869,org/logicng/formulas/ExtendedFormulaFactoryTest.java,219,13,23,82,0.25,55,13,7,1,0,0,0,1,0,0,0,0,0,0,0,5,2,1,0,11,0,0,False
2680,logic-ng/logicng,53c33f828125b861b4b76932fad4855087978869,org/logicng/formulas/FormulaTest.java,61,8,13,44,0.28,17,6,5,0,0,0,0,0,0,0,0,0,0,0,0,0,0,0,0,6,0,0,False
2681,logic-ng/logicng,53c33f828125b861b4b76932fad4855087978869,org/logicng/formulas/FormulaFactoryTest.java,184,9,13,96,0.48,89,9,6,1,0,0,0,1,0,0,0,0,2,0,0,2,0,0,0,9,0,0,False
2682,logic-ng/logicng,53c33f828125b861b4b76932fad4855087978869,org/logicng/formulas/ImplicationTest.java,131,21,24,80,0.54,71,21,19,0,0,0,0,1,0,0,0,0,1,0,0,5,0,0,0,21,0,0,False
2683,logic-ng/logicng,53c33f828125b861b4b76932fad4855087978869,org/logicng/formulas/LiteralTest.java,119,23,24,85,0.52,62,23,22,0,0,0,0,0,0,0,0,0,1,0,0,2,1,0,0,23,0,0,False
2684,logic-ng/logicng,53c33f828125b861b4b76932fad4855087978869,org/logicng/formulas/NotTest.java,107,19,22,76,0.5,54,19,18,0,0,0,0,1,0,0,0,0,1,0,0,4,0,0,0,19,0,0,False
2685,logic-ng/logicng,53c33f828125b861b4b76932fad4855087978869,org/logicng/formulas/OrTest.java,139,19,24,88,0.58,80,19,17,0,0,0,0,2,0,0,0,0,1,0,0,4,0,0,0,19,0,0,False
2686,logic-ng/logicng,53c33f828125b861b4b76932fad4855087978869,org/logicng/formulas/PBConstraintTest.java,619,36,39,207,0.61,376,35,33,0,1,0,0,0,0,0,0,0,5,0,0,6,0,0,0,35,0,0,False
2687,logic-ng/logicng,53c33f828125b861b4b76932fad4855087978869,org/logicng/formulas/printer/DefaultStringRepresentationTest.java,48,3,3,18,0.71,34,3,1,0,0,0,0,0,0,0,0,0,2,0,0,0,0,0,0,3,0,0,False
2688,logic-ng/logicng,53c33f828125b861b4b76932fad4855087978869,org/logicng/formulas/printer/LatexStringRepresentationTest.java,46,3,3,15,0.67,31,3,2,0,0,0,0,0,0,0,0,0,2,0,0,0,0,0,0,3,0,0,False
2689,logic-ng/logicng,53c33f828125b861b4b76932fad4855087978869,org/logicng/formulas/printer/SortedStringRepresentationTest.java,61,4,4,22,0.69,42,4,2,0,0,0,0,0,0,0,0,0,2,0,0,2,0,0,0,4,0,0,False
2690,logic-ng/logicng,53c33f828125b861b4b76932fad4855087978869,org/logicng/formulas/printer/UTF8StringRepresentationTest.java,46,3,3,15,0.67,31,3,2,0,0,0,0,0,0,0,0,0,2,0,0,0,0,0,0,3,0,0,False
2691,logic-ng/logicng,53c33f828125b861b4b76932fad4855087978869,org/logicng/functions/FormulaDepthFunctionTest.java,54,4,7,24,0.57,31,4,3,1,0,0,0,1,0,0,0,0,0,0,0,1,0,0,0,4,0,0,False
2692,logic-ng/logicng,53c33f828125b861b4b76932fad4855087978869,org/logicng/graphs/algorithms/BronKerboschTest.java,44,1,4,14,0.16,7,1,1,1,0,0,0,1,0,0,0,0,0,0,0,1,0,0,0,1,0,0,False
2693,logic-ng/logicng,53c33f828125b861b4b76932fad4855087978869,org/logicng/graphs/datastructures/GraphTest.java,71,5,8,39,0.27,19,5,4,0,0,0,0,0,0,0,0,0,1,0,0,1,0,0,0,4,0,0,False
2694,logic-ng/logicng,53c33f828125b861b4b76932fad4855087978869,org/logicng/graphs/datastructures/HypergraphTest.java,34,2,2,12,0.21,7,2,1,0,0,0,0,0,0,0,0,0,1,0,0,1,0,0,0,2,0,0,False
2695,logic-ng/logicng,53c33f828125b861b4b76932fad4855087978869,org/logicng/graphs/datastructures/HypergraphEdgeTest.java,51,4,6,20,0.22,11,4,2,0,0,0,0,2,0,0,0,0,0,0,0,2,0,0,0,4,0,0,False
2696,logic-ng/logicng,53c33f828125b861b4b76932fad4855087978869,org/logicng/graphs/datastructures/HypergraphNodeTest.java,30,2,2,12,0.37,11,2,2,0,0,0,0,0,0,0,0,0,0,0,0,1,0,0,0,2,0,0,False
2697,logic-ng/logicng,53c33f828125b861b4b76932fad4855087978869,org/logicng/graphs/generators/ConstraintGraphGeneratorTest.java,75,5,13,45,0.11,8,5,1,1,0,0,0,5,0,0,0,0,3,0,0,1,0,0,0,5,0,0,False
2698,logic-ng/logicng,53c33f828125b861b4b76932fad4855087978869,org/logicng/graphs/generators/HypergraphGeneratorTest.java,83,3,8,26,0.28,23,3,2,0,0,0,0,3,0,0,0,0,0,0,0,2,0,0,0,3,0,0,False
2699,logic-ng/logicng,53c33f828125b861b4b76932fad4855087978869,org/logicng/graphs/io/GraphDimacsFileWriterTest.java,55,6,16,19,0.13,7,6,0,1,0,0,0,3,0,0,0,0,0,0,0,0,3,1,0,3,0,0,False
2700,logic-ng/logicng,53c33f828125b861b4b76932fad4855087978869,org/logicng/graphs/io/GraphDotFileWriterTest.java,33,5,11,11,0.06,2,5,0,1,0,0,0,3,0,0,0,0,0,0,0,0,3,1,0,3,0,0,False
2701,logic-ng/logicng,53c33f828125b861b4b76932fad4855087978869,org/logicng/handlers/NumberOfNodesBDDHandlerTest.java,9,1,1,0,0.0,0,1,0,0,0,0,0,0,0,0,0,0,0,0,0,0,0,0,0,1,0,0,False
2702,logic-ng/logicng,53c33f828125b861b4b76932fad4855087978869,org/logicng/handlers/TimeoutBDDHandlerTest.java,44,6,14,31,0.14,6,6,3,0,0,0,0,3,0,0,0,0,0,0,1,1,1,0,0,5,0,0,False
2703,logic-ng/logicng,53c33f828125b861b4b76932fad4855087978869,org/logicng/handlers/TimeoutMaxSATHandlerTest.java,41,7,15,31,0.1,4,7,4,4,0,0,0,5,0,0,0,0,0,0,2,2,1,0,0,6,0,0,False
2704,logic-ng/logicng,53c33f828125b861b4b76932fad4855087978869,org/logicng/handlers/TimeoutModelEnumerationHandlerTest.java,60,6,13,49,0.1,6,6,3,4,0,0,0,2,0,0,0,0,0,0,1,1,2,0,0,5,0,0,False
2705,logic-ng/logicng,53c33f828125b861b4b76932fad4855087978869,org/logicng/handlers/TimeoutOptimizationHandlerTest.java,46,5,14,45,0.04,2,5,1,3,0,0,0,4,0,0,0,0,0,0,1,1,1,0,0,4,0,0,False
2706,logic-ng/logicng,53c33f828125b861b4b76932fad4855087978869,org/logicng/handlers/TimeoutSATHandlerTest.java,55,6,13,37,0.11,6,6,3,4,0,0,0,2,0,0,0,0,0,0,1,1,1,0,0,5,0,0,False
2707,logic-ng/logicng,53c33f828125b861b4b76932fad4855087978869,org/logicng/io/parsers/PropositionalParserTest.java,142,29,38,55,0.45,64,29,9,0,0,0,0,9,0,0,0,0,1,0,0,0,0,0,0,29,0,0,False
2708,logic-ng/logicng,53c33f828125b861b4b76932fad4855087978869,org/logicng/io/parsers/PseudoBooleanParserTest.java,164,30,42,77,0.51,84,30,12,0,0,0,0,12,0,0,0,0,1,0,0,1,0,0,0,30,0,0,False
2709,logic-ng/logicng,53c33f828125b861b4b76932fad4855087978869,org/logicng/io/readers/DimacsReaderTest.java,9,1,1,0,0.0,0,1,0,0,0,0,0,0,0,1,0,0,0,0,0,0,0,0,1,1,0,0,False
2710,logic-ng/logicng,53c33f828125b861b4b76932fad4855087978869,org/logicng/io/writers/FormulaDimacsFileWriterTest.java,67,7,17,21,0.09,6,7,0,0,0,0,0,4,0,0,0,0,0,0,0,0,4,1,0,5,0,0,False
2711,logic-ng/logicng,53c33f828125b861b4b76932fad4855087978869,org/logicng/io/writers/FormulaDotFileWriterTest.java,46,5,11,14,0.04,2,5,0,0,0,0,0,4,0,0,0,0,0,0,0,0,4,1,0,4,0,0,False
2712,logic-ng/logicng,53c33f828125b861b4b76932fad4855087978869,org/logicng/knowledgecompilation/bdds/datastructures/BDDNodeTest.java,66,4,4,35,0.47,31,4,4,0,0,0,0,0,0,0,0,0,0,0,0,1,0,0,0,4,0,0,False
2713,logic-ng/logicng,53c33f828125b861b4b76932fad4855087978869,org/logicng/knowledgecompilation/bdds/io/BDDDotFileWriterTest.java,29,2,5,9,0.03,1,2,0,0,0,0,0,1,0,0,0,0,0,0,0,0,1,1,0,1,0,0,False
2714,logic-ng/logicng,53c33f828125b861b4b76932fad4855087978869,org/logicng/knowledgecompilation/bdds/BDDOperationsTest.java,220,11,19,60,0.68,150,11,10,0,0,0,0,3,0,0,0,0,0,0,0,0,0,0,0,10,0,0,False
2715,logic-ng/logicng,53c33f828125b861b4b76932fad4855087978869,org/logicng/knowledgecompilation/bdds/jbuddy/BDDPrimeTest.java,6,1,1,3,0.33,2,1,1,0,0,0,0,0,0,0,0,0,0,0,0,0,0,0,0,1,0,0,False
2716,logic-ng/logicng,53c33f828125b861b4b76932fad4855087978869,org/logicng/knowledgecompilation/bdds/BDDReorderingTest.java,201,17,41,85,0.04,8,17,3,0,0,0,0,2,0,0,0,0,0,0,0,2,4,2,0,7,0,0,False
2717,logic-ng/logicng,53c33f828125b861b4b76932fad4855087978869,org/logicng/knowledgecompilation/bdds/orderings/BFSOrderingTest.java,27,2,5,11,0.37,10,2,1,0,0,0,0,2,0,0,0,0,0,0,0,0,0,0,0,2,0,0,False
2718,logic-ng/logicng,53c33f828125b861b4b76932fad4855087978869,org/logicng/knowledgecompilation/bdds/orderings/DFSOrderingTest.java,27,2,5,11,0.37,10,2,1,0,0,0,0,2,0,0,0,0,0,0,0,0,0,0,0,2,0,0,False
2719,logic-ng/logicng,53c33f828125b861b4b76932fad4855087978869,org/logicng/knowledgecompilation/bdds/orderings/ForceOrderingTest.java,33,3,9,17,0.21,7,3,1,0,0,0,0,3,0,0,0,0,0,0,0,0,0,0,0,3,0,0,False
2720,logic-ng/logicng,53c33f828125b861b4b76932fad4855087978869,org/logicng/knowledgecompilation/dnnf/datastructures/dtree/DTreeNodeTest.java,11,1,2,4,0.09,1,1,0,0,0,0,0,1,0,0,0,0,1,0,0,0,0,0,0,1,0,0,False
2721,logic-ng/logicng,53c33f828125b861b4b76932fad4855087978869,org/logicng/knowledgecompilation/dnnf/DnnfCompilerTest.java,95,7,21,38,0.03,3,7,0,1,0,0,0,5,0,0,0,0,0,0,0,0,3,1,0,5,0,0,False
2722,logic-ng/logicng,53c33f828125b861b4b76932fad4855087978869,org/logicng/LogicNGVersionTest.java,15,4,4,0,0.0,0,4,4,0,0,0,0,0,0,0,0,0,0,0,0,4,0,0,0,4,0,0,False
2723,logic-ng/logicng,53c33f828125b861b4b76932fad4855087978869,org/logicng/modelcounting/ModelCounterTest.java,76,14,22,53,0.17,13,14,6,4,0,0,0,3,0,0,0,0,0,0,0,1,1,1,0,10,0,0,False
2724,logic-ng/logicng,53c33f828125b861b4b76932fad4855087978869,org/logicng/np/SetCoverTest.java,31,2,2,16,0.19,6,2,1,0,0,0,0,0,0,0,0,0,0,0,0,1,0,0,0,2,0,0,False
2725,logic-ng/logicng,53c33f828125b861b4b76932fad4855087978869,org/logicng/predicates/CNFPredicateTest.java,30,3,3,10,0.53,16,3,1,0,0,0,0,0,0,0,0,0,1,0,0,0,0,0,0,3,0,0,False
2726,logic-ng/logicng,53c33f828125b861b4b76932fad4855087978869,org/logicng/predicates/ContainsPBCPredicateTest.java,44,6,9,30,0.43,19,6,4,1,0,0,0,2,0,0,0,0,1,0,0,0,0,0,0,6,0,0,False
2727,logic-ng/logicng,53c33f828125b861b4b76932fad4855087978869,org/logicng/predicates/DNFPredicateTest.java,28,2,2,10,0.57,16,2,1,0,0,0,0,0,0,0,0,0,1,0,0,0,0,0,0,2,0,0,False
2728,logic-ng/logicng,53c33f828125b861b4b76932fad4855087978869,org/logicng/predicates/EvaluatesToConstantPredicateTest.java,432,22,34,94,0.83,360,21,21,2,1,0,0,12,0,0,0,0,0,0,0,1,0,0,0,21,0,0,False
2729,logic-ng/logicng,53c33f828125b861b4b76932fad4855087978869,org/logicng/predicates/NNFPredicateTest.java,32,2,2,11,0.63,20,2,1,0,0,0,0,0,0,0,0,0,1,0,0,0,0,0,0,2,0,0,False
2730,logic-ng/logicng,53c33f828125b861b4b76932fad4855087978869,org/logicng/predicates/TermPredicateTest.java,47,3,3,17,0.68,32,3,3,0,0,0,0,0,0,0,0,0,1,0,0,0,0,0,0,3,0,0,False
2731,logic-ng/logicng,53c33f828125b861b4b76932fad4855087978869,org/logicng/primecomputation/PrimeCompilerTest.java,118,12,33,65,0.09,11,12,0,4,0,0,0,4,0,0,0,0,1,0,0,0,6,1,0,7,0,0,False
2732,logic-ng/logicng,53c33f828125b861b4b76932fad4855087978869,org/logicng/primecomputation/PrimeResultTest.java,75,5,5,28,0.36,27,4,3,0,1,0,0,0,0,0,0,0,1,0,0,0,0,0,0,4,0,0,False
2733,logic-ng/logicng,53c33f828125b861b4b76932fad4855087978869,org/logicng/propositions/ExtendedPropositionTest.java,56,5,11,18,0.25,14,4,4,0,1,0,0,3,0,0,0,0,1,0,0,0,0,0,0,4,0,0,False
2734,logic-ng/logicng,53c33f828125b861b4b76932fad4855087978869,org/logicng/propositions/StandardPropositionTest.java,43,5,11,18,0.35,15,4,4,0,1,0,0,3,0,0,0,0,1,0,0,0,0,0,0,4,0,0,False
2735,logic-ng/logicng,53c33f828125b861b4b76932fad4855087978869,org/logicng/pseudobooleans/PBEncoderTest.java,66,9,13,30,0.11,7,8,1,4,1,0,0,1,0,0,0,0,1,0,0,0,1,1,0,7,0,0,False
2736,logic-ng/logicng,53c33f828125b861b4b76932fad4855087978869,org/logicng/solvers/datastructures/LNGHeapTest.java,23,1,1,10,0.22,5,1,1,0,0,0,0,0,0,0,0,0,1,0,0,1,0,0,0,1,0,0,False
2737,logic-ng/logicng,53c33f828125b861b4b76932fad4855087978869,org/logicng/solvers/functions/BackboneFunctionTest.java,276,12,41,159,0.25,68,12,8,6,0,0,0,8,0,0,0,0,0,0,0,8,0,0,0,9,0,0,False
2738,logic-ng/logicng,53c33f828125b861b4b76932fad4855087978869,org/logicng/solvers/functions/ModelEnumerationFunctionTest.java,19,3,5,10,0.05,1,2,1,0,1,0,0,2,0,0,0,0,0,0,0,1,0,0,0,2,0,0,False
2739,logic-ng/logicng,53c33f828125b861b4b76932fad4855087978869,org/logicng/solvers/functions/OptimizationFunctionTest.java,284,23,63,200,0.14,39,23,6,5,0,0,0,11,0,0,0,0,0,0,0,1,8,3,0,14,0,0,False
2740,logic-ng/logicng,53c33f828125b861b4b76932fad4855087978869,org/logicng/solvers/functions/UnsatCoreFunctionTest.java,9,1,1,0,0.0,0,1,1,0,0,0,0,0,0,0,0,0,0,0,0,0,0,0,0,1,0,0,False
2741,logic-ng/logicng,53c33f828125b861b4b76932fad4855087978869,org/logicng/solvers/sat/MiniSatTest.java,52,7,11,26,0.25,13,7,3,0,0,0,0,1,0,0,0,0,1,0,0,1,0,0,0,5,0,0,False
2742,logic-ng/logicng,53c33f828125b861b4b76932fad4855087978869,org/logicng/solvers/sat/GlucoseSyrupTest.java,33,6,11,9,0.03,1,6,0,0,0,0,0,0,0,0,0,0,1,0,0,0,0,0,0,3,0,0,False
2743,logic-ng/logicng,53c33f828125b861b4b76932fad4855087978869,org/logicng/solvers/sat/MiniCardTest.java,84,8,12,32,0.18,15,8,3,0,0,0,0,0,0,0,0,0,1,0,0,1,0,0,0,6,0,0,False
2744,logic-ng/logicng,53c33f828125b861b4b76932fad4855087978869,org/logicng/transformations/AnonymizerTest.java,77,5,15,23,0.49,38,5,5,0,0,0,0,5,0,0,0,0,0,0,0,2,0,0,0,5,0,0,False
2745,logic-ng/logicng,53c33f828125b861b4b76932fad4855087978869,org/logicng/transformations/FormulaFactoryImporterTest.java,187,12,17,114,0.67,126,12,10,0,0,0,0,1,0,0,0,0,0,0,0,0,0,0,0,10,0,0,False
2746,logic-ng/logicng,53c33f828125b861b4b76932fad4855087978869,org/logicng/transformations/LiteralSubstitutionTest.java,42,5,14,19,0.4,17,5,3,0,0,0,0,4,0,0,0,0,0,0,0,0,0,0,0,4,0,0,False
2747,logic-ng/logicng,53c33f828125b861b4b76932fad4855087978869,org/logicng/transformations/PureExpansionTransformationTest.java,107,13,37,44,0.35,37,13,6,2,0,0,0,4,0,0,0,0,1,0,0,1,2,0,0,10,0,0,False
2748,logic-ng/logicng,53c33f828125b861b4b76932fad4855087978869,org/logicng/transformations/UnitPropagationTest.java,31,4,9,15,0.45,14,4,4,0,0,0,0,1,0,0,0,0,0,0,0,0,0,0,0,4,0,0,False
2749,logic-ng/logicng,53c33f828125b861b4b76932fad4855087978869,org/logicng/transformations/cnf/CanonicalCNFEnumerationTest.java,54,6,13,30,0.31,17,6,1,2,0,0,0,1,0,0,0,0,1,0,0,0,2,1,0,4,0,0,False
2750,logic-ng/logicng,53c33f828125b861b4b76932fad4855087978869,org/logicng/transformations/cnf/CNFEncoderTest.java,157,13,27,106,0.22,35,13,11,0,0,0,0,10,0,0,0,0,1,0,0,3,0,0,0,12,0,0,False
2751,logic-ng/logicng,53c33f828125b861b4b76932fad4855087978869,org/logicng/transformations/cnf/CNFSubsumptionTest.java,41,4,8,16,0.46,19,4,3,0,0,0,0,3,0,0,0,0,0,0,0,1,0,0,0,4,0,0,False
2752,logic-ng/logicng,53c33f828125b861b4b76932fad4855087978869,org/logicng/transformations/cnf/PlaistedGreenbaumTransformationSolverTest.java,41,5,10,11,0.02,1,5,1,2,0,0,0,1,0,0,0,0,0,0,0,1,1,0,0,3,0,0,False
2753,logic-ng/logicng,53c33f828125b861b4b76932fad4855087978869,org/logicng/transformations/dnf/CanonicalDNFEnumerationTest.java,54,6,13,30,0.31,17,6,1,2,0,0,0,1,0,0,0,0,1,0,0,0,2,1,0,4,0,0,False
2754,logic-ng/logicng,53c33f828125b861b4b76932fad4855087978869,org/logicng/transformations/dnf/DNFFactorizationTest.java,105,12,29,45,0.43,45,8,8,0,0,0,0,5,0,0,0,0,1,0,0,2,0,0,0,8,0,0,False
2755,logic-ng/logicng,53c33f828125b861b4b76932fad4855087978869,org/logicng/transformations/dnf/DNFSubsumptionTest.java,48,4,10,16,0.4,19,4,3,1,0,0,0,3,0,0,0,0,0,0,0,1,0,0,0,4,0,0,False
2756,logic-ng/logicng,53c33f828125b861b4b76932fad4855087978869,org/logicng/transformations/qmc/TermTest.java,80,3,7,21,0.21,17,3,3,0,0,0,0,1,0,0,0,0,1,0,0,0,0,0,0,3,0,0,False
2757,logic-ng/logicng,53c33f828125b861b4b76932fad4855087978869,org/logicng/transformations/qmc/TermTableTest.java,47,4,8,19,0.26,12,4,2,0,0,0,0,0,0,0,0,0,1,0,0,1,0,0,0,3,0,0,False
2758,logic-ng/logicng,53c33f828125b861b4b76932fad4855087978869,org/logicng/transformations/simplification/AdvancedSimplifierTest.java,84,11,31,56,0.12,10,11,2,5,0,0,0,5,0,0,0,0,1,0,0,0,7,1,0,9,0,0,False
2759,logic-ng/logicng,53c33f828125b861b4b76932fad4855087978869,org/logicng/transformations/simplification/BackboneSimplifierTest.java,27,2,8,8,0.41,11,2,2,0,0,0,0,2,0,0,0,0,0,0,0,0,0,0,0,2,0,0,False
2760,logic-ng/logicng,53c33f828125b861b4b76932fad4855087978869,org/logicng/transformations/simplification/DistributiveSimplifierTest.java,52,6,20,25,0.5,26,6,6,0,0,0,0,2,0,0,0,0,0,0,0,0,0,0,0,6,0,0,False
2761,logic-ng/logicng,53c33f828125b861b4b76932fad4855087978869,org/logicng/util/CollectionHelperTest.java,60,6,7,16,0.6,36,6,6,0,0,0,0,0,0,0,0,0,0,0,0,1,0,0,0,6,0,0,False
2762,logic-ng/logicng,53c33f828125b861b4b76932fad4855087978869,org/logicng/util/ComparablePairTest.java,42,5,5,18,0.52,22,5,5,0,0,0,0,0,0,0,0,0,1,0,0,0,0,0,0,5,0,0,False
2763,logic-ng/logicng,53c33f828125b861b4b76932fad4855087978869,org/logicng/util/FormulaHelperTest.java,67,9,9,35,0.63,42,9,9,0,0,0,0,0,0,0,0,0,0,0,0,0,0,0,0,9,0,0,False
2764,logic-ng/logicng,53c33f828125b861b4b76932fad4855087978869,org/logicng/util/FormulaRandomizerTest.java,414,22,60,281,0.21,86,22,19,20,0,0,0,0,0,0,0,0,0,0,0,1,0,0,0,20,0,0,False
2765,logic-ng/logicng,53c33f828125b861b4b76932fad4855087978869,org/logicng/util/PairTest.java,36,4,4,14,0.5,18,4,4,0,0,0,0,0,0,0,0,0,1,0,0,0,0,0,0,4,0,0,False
2766,logic-ng/logicng,e5e5b099bf3b8d6349d6daffce1d3d56f66e4e58,org/logicng/backbones/BackboneTest.java,78,6,8,39,0.35,27,6,4,0,0,0,0,1,0,0,0,0,1,0,0,2,0,0,0,5,0,0,False
2767,logic-ng/logicng,e5e5b099bf3b8d6349d6daffce1d3d56f66e4e58,org/logicng/backbones/BackboneGenerationTest.java,224,9,27,100,0.22,49,9,4,2,0,0,0,4,0,0,0,0,0,0,0,2,0,0,0,8,0,0,False
2768,logic-ng/logicng,e5e5b099bf3b8d6349d6daffce1d3d56f66e4e58,org/logicng/collections/LNGBooleanVectorTest.java,173,11,22,75,0.34,59,11,10,9,0,0,0,0,0,0,0,0,1,0,0,7,0,0,0,11,0,0,False
2769,logic-ng/logicng,e5e5b099bf3b8d6349d6daffce1d3d56f66e4e58,org/logicng/collections/LNGByteVectorTest.java,198,12,25,84,0.29,57,12,11,11,0,0,0,0,0,0,0,0,1,0,0,6,0,0,0,12,0,0,False
2770,logic-ng/logicng,e5e5b099bf3b8d6349d6daffce1d3d56f66e4e58,org/logicng/collections/LNGDoublePriorityQueueTest.java,107,6,6,35,0.4,43,6,5,0,0,0,0,0,0,0,0,0,1,0,0,3,0,0,0,6,0,0,False
2771,logic-ng/logicng,e5e5b099bf3b8d6349d6daffce1d3d56f66e4e58,org/logicng/collections/LNGDoubleVectorTest.java,195,12,25,83,0.29,56,12,11,11,0,0,0,0,0,0,0,0,1,0,0,6,0,0,0,12,0,0,False
2772,logic-ng/logicng,e5e5b099bf3b8d6349d6daffce1d3d56f66e4e58,org/logicng/collections/LNGIntVectorTest.java,195,12,25,83,0.29,56,12,11,11,0,0,0,0,0,0,0,0,1,0,0,6,0,0,0,12,0,0,False
2773,logic-ng/logicng,e5e5b099bf3b8d6349d6daffce1d3d56f66e4e58,org/logicng/collections/LNGLongPriorityQueueTest.java,86,5,5,28,0.42,36,5,4,0,0,0,0,0,0,0,0,0,1,0,0,3,0,0,0,5,0,0,False
2774,logic-ng/logicng,e5e5b099bf3b8d6349d6daffce1d3d56f66e4e58,org/logicng/collections/LNGLongVectorTest.java,198,12,25,84,0.29,57,12,11,11,0,0,0,0,0,0,0,0,1,0,0,6,0,0,0,12,0,0,False
2775,logic-ng/logicng,e5e5b099bf3b8d6349d6daffce1d3d56f66e4e58,org/logicng/collections/LNGVectorTest.java,342,22,42,135,0.29,100,21,19,20,1,0,0,0,0,0,0,0,2,0,0,9,0,0,0,21,0,0,False
2776,logic-ng/logicng,e5e5b099bf3b8d6349d6daffce1d3d56f66e4e58,org/logicng/datastructures/AssignmentTest.java,163,14,18,88,0.47,77,14,13,0,0,0,0,2,0,0,0,0,1,0,0,6,0,0,0,14,0,0,False
2777,logic-ng/logicng,e5e5b099bf3b8d6349d6daffce1d3d56f66e4e58,org/logicng/formulas/SubstitutionTest.java,153,16,20,70,0.36,55,15,12,0,1,0,0,4,0,0,0,0,1,0,0,4,0,0,0,15,0,0,False
2778,logic-ng/logicng,e5e5b099bf3b8d6349d6daffce1d3d56f66e4e58,org/logicng/datastructures/ubtrees/UBNodeTest.java,33,4,4,14,0.27,9,3,2,0,1,0,0,0,0,0,0,0,1,0,0,1,0,0,0,3,0,0,False
2779,logic-ng/logicng,e5e5b099bf3b8d6349d6daffce1d3d56f66e4e58,org/logicng/datastructures/ubtrees/UBTreeTest.java,201,8,9,57,0.62,125,8,6,0,0,0,0,0,0,0,0,0,0,0,0,1,0,0,0,7,0,0,False
2780,logic-ng/logicng,e5e5b099bf3b8d6349d6daffce1d3d56f66e4e58,org/logicng/explanations/mus/MUSConfigTest.java,12,1,2,11,0.17,2,1,1,0,0,0,0,0,0,0,0,0,1,0,0,0,0,0,0,1,0,0,False
2781,logic-ng/logicng,e5e5b099bf3b8d6349d6daffce1d3d56f66e4e58,org/logicng/explanations/mus/MUSGenerationTest.java,114,12,24,32,0.05,6,11,2,2,1,0,0,2,0,0,0,0,1,0,0,0,2,1,0,8,0,0,False
2782,logic-ng/logicng,e5e5b099bf3b8d6349d6daffce1d3d56f66e4e58,org/logicng/explanations/smus/SmusComputationTest.java,96,16,38,82,0.14,13,16,0,3,0,0,0,15,0,0,0,0,0,0,0,0,5,1,0,15,0,0,False
2783,logic-ng/logicng,e5e5b099bf3b8d6349d6daffce1d3d56f66e4e58,org/logicng/explanations/UNSATCoreTest.java,54,5,7,19,0.3,16,4,4,0,1,0,0,0,0,0,0,0,1,0,0,1,0,0,0,4,0,0,False
2784,logic-ng/logicng,e5e5b099bf3b8d6349d6daffce1d3d56f66e4e58,org/logicng/formulas/AndTest.java,144,20,25,93,0.56,81,20,17,0,0,0,0,2,0,0,0,0,1,0,0,4,0,0,0,20,0,0,False
2785,logic-ng/logicng,e5e5b099bf3b8d6349d6daffce1d3d56f66e4e58,org/logicng/formulas/CFalseTest.java,63,18,19,62,0.32,20,18,2,0,0,0,0,0,0,0,0,0,1,0,0,0,0,0,0,18,0,0,False
2786,logic-ng/logicng,e5e5b099bf3b8d6349d6daffce1d3d56f66e4e58,org/logicng/formulas/CTrueTest.java,64,18,19,62,0.33,21,18,3,0,0,0,0,0,0,0,0,0,1,0,0,1,0,0,0,18,0,0,False
2787,logic-ng/logicng,e5e5b099bf3b8d6349d6daffce1d3d56f66e4e58,org/logicng/formulas/EquivalenceTest.java,136,20,23,81,0.57,77,20,19,0,0,0,0,1,0,0,0,0,1,0,0,4,0,0,0,20,0,0,False
2788,logic-ng/logicng,e5e5b099bf3b8d6349d6daffce1d3d56f66e4e58,org/logicng/formulas/ExtendedFormulaFactoryTest.java,199,12,21,74,0.27,54,12,7,0,0,0,0,1,0,0,0,0,0,0,0,5,2,1,0,10,0,0,False
2789,logic-ng/logicng,e5e5b099bf3b8d6349d6daffce1d3d56f66e4e58,org/logicng/formulas/FormulaTest.java,61,8,13,44,0.28,17,6,5,0,0,0,0,0,0,0,0,0,0,0,0,0,0,0,0,6,0,0,False
2790,logic-ng/logicng,e5e5b099bf3b8d6349d6daffce1d3d56f66e4e58,org/logicng/formulas/FormulaFactoryTest.java,184,9,13,96,0.48,89,9,6,1,0,0,0,1,0,0,0,0,2,0,0,2,0,0,0,9,0,0,False
2791,logic-ng/logicng,e5e5b099bf3b8d6349d6daffce1d3d56f66e4e58,org/logicng/formulas/ImplicationTest.java,131,21,24,80,0.54,71,21,19,0,0,0,0,1,0,0,0,0,1,0,0,5,0,0,0,21,0,0,False
2792,logic-ng/logicng,e5e5b099bf3b8d6349d6daffce1d3d56f66e4e58,org/logicng/formulas/LiteralTest.java,119,23,24,85,0.52,62,23,22,0,0,0,0,0,0,0,0,0,1,0,0,2,1,0,0,23,0,0,False
2793,logic-ng/logicng,e5e5b099bf3b8d6349d6daffce1d3d56f66e4e58,org/logicng/formulas/NotTest.java,107,19,22,76,0.5,54,19,18,0,0,0,0,1,0,0,0,0,1,0,0,4,0,0,0,19,0,0,False
2794,logic-ng/logicng,e5e5b099bf3b8d6349d6daffce1d3d56f66e4e58,org/logicng/formulas/OrTest.java,139,19,24,88,0.58,80,19,17,0,0,0,0,2,0,0,0,0,1,0,0,4,0,0,0,19,0,0,False
2795,logic-ng/logicng,e5e5b099bf3b8d6349d6daffce1d3d56f66e4e58,org/logicng/formulas/PBConstraintTest.java,619,36,39,207,0.61,376,35,33,0,1,0,0,0,0,0,0,0,5,0,0,6,0,0,0,35,0,0,False
2796,logic-ng/logicng,e5e5b099bf3b8d6349d6daffce1d3d56f66e4e58,org/logicng/formulas/printer/DefaultStringRepresentationTest.java,48,3,3,18,0.71,34,3,1,0,0,0,0,0,0,0,0,0,2,0,0,0,0,0,0,3,0,0,False
2797,logic-ng/logicng,e5e5b099bf3b8d6349d6daffce1d3d56f66e4e58,org/logicng/formulas/printer/LatexStringRepresentationTest.java,46,3,3,15,0.67,31,3,2,0,0,0,0,0,0,0,0,0,2,0,0,0,0,0,0,3,0,0,False
2798,logic-ng/logicng,e5e5b099bf3b8d6349d6daffce1d3d56f66e4e58,org/logicng/formulas/printer/SortedStringRepresentationTest.java,61,4,4,22,0.69,42,4,2,0,0,0,0,0,0,0,0,0,2,0,0,2,0,0,0,4,0,0,False
2799,logic-ng/logicng,e5e5b099bf3b8d6349d6daffce1d3d56f66e4e58,org/logicng/formulas/printer/UTF8StringRepresentationTest.java,46,3,3,15,0.67,31,3,2,0,0,0,0,0,0,0,0,0,2,0,0,0,0,0,0,3,0,0,False
2800,logic-ng/logicng,e5e5b099bf3b8d6349d6daffce1d3d56f66e4e58,org/logicng/functions/FormulaDepthFunctionTest.java,54,4,7,24,0.57,31,4,3,1,0,0,0,1,0,0,0,0,0,0,0,1,0,0,0,4,0,0,False
2801,logic-ng/logicng,e5e5b099bf3b8d6349d6daffce1d3d56f66e4e58,org/logicng/graphs/algorithms/BronKerboschTest.java,44,1,4,14,0.16,7,1,1,1,0,0,0,1,0,0,0,0,0,0,0,1,0,0,0,1,0,0,False
2802,logic-ng/logicng,e5e5b099bf3b8d6349d6daffce1d3d56f66e4e58,org/logicng/graphs/datastructures/GraphTest.java,71,5,8,39,0.27,19,5,4,0,0,0,0,0,0,0,0,0,1,0,0,1,0,0,0,4,0,0,False
2803,logic-ng/logicng,e5e5b099bf3b8d6349d6daffce1d3d56f66e4e58,org/logicng/graphs/datastructures/HypergraphTest.java,34,2,2,12,0.21,7,2,1,0,0,0,0,0,0,0,0,0,1,0,0,1,0,0,0,2,0,0,False
2804,logic-ng/logicng,e5e5b099bf3b8d6349d6daffce1d3d56f66e4e58,org/logicng/graphs/datastructures/HypergraphEdgeTest.java,51,4,6,20,0.22,11,4,2,0,0,0,0,2,0,0,0,0,0,0,0,2,0,0,0,4,0,0,False
2805,logic-ng/logicng,e5e5b099bf3b8d6349d6daffce1d3d56f66e4e58,org/logicng/graphs/datastructures/HypergraphNodeTest.java,30,2,2,12,0.37,11,2,2,0,0,0,0,0,0,0,0,0,0,0,0,1,0,0,0,2,0,0,False
2806,logic-ng/logicng,e5e5b099bf3b8d6349d6daffce1d3d56f66e4e58,org/logicng/graphs/generators/ConstraintGraphGeneratorTest.java,75,5,13,45,0.11,8,5,1,1,0,0,0,5,0,0,0,0,3,0,0,1,0,0,0,5,0,0,False
2807,logic-ng/logicng,e5e5b099bf3b8d6349d6daffce1d3d56f66e4e58,org/logicng/graphs/generators/HypergraphGeneratorTest.java,83,3,8,26,0.28,23,3,2,0,0,0,0,3,0,0,0,0,0,0,0,2,0,0,0,3,0,0,False
2808,logic-ng/logicng,e5e5b099bf3b8d6349d6daffce1d3d56f66e4e58,org/logicng/graphs/io/GraphDimacsFileWriterTest.java,55,6,16,19,0.13,7,6,0,1,0,0,0,3,0,0,0,0,0,0,0,0,3,1,0,3,0,0,False
2809,logic-ng/logicng,e5e5b099bf3b8d6349d6daffce1d3d56f66e4e58,org/logicng/graphs/io/GraphDotFileWriterTest.java,33,5,11,11,0.06,2,5,0,1,0,0,0,3,0,0,0,0,0,0,0,0,3,1,0,3,0,0,False
2810,logic-ng/logicng,e5e5b099bf3b8d6349d6daffce1d3d56f66e4e58,org/logicng/handlers/NumberOfNodesBDDHandlerTest.java,9,1,1,0,0.0,0,1,0,0,0,0,0,0,0,0,0,0,0,0,0,0,0,0,0,1,0,0,False
2811,logic-ng/logicng,e5e5b099bf3b8d6349d6daffce1d3d56f66e4e58,org/logicng/handlers/TimeoutBDDHandlerTest.java,44,6,14,31,0.14,6,6,3,0,0,0,0,3,0,0,0,0,0,0,1,1,1,0,0,5,0,0,False
2812,logic-ng/logicng,e5e5b099bf3b8d6349d6daffce1d3d56f66e4e58,org/logicng/handlers/TimeoutMaxSATHandlerTest.java,41,7,15,31,0.1,4,7,4,4,0,0,0,5,0,0,0,0,0,0,2,2,1,0,0,6,0,0,False
2813,logic-ng/logicng,e5e5b099bf3b8d6349d6daffce1d3d56f66e4e58,org/logicng/handlers/TimeoutModelEnumerationHandlerTest.java,60,6,13,49,0.1,6,6,3,4,0,0,0,2,0,0,0,0,0,0,1,1,2,0,0,5,0,0,False
2814,logic-ng/logicng,e5e5b099bf3b8d6349d6daffce1d3d56f66e4e58,org/logicng/handlers/TimeoutOptimizationHandlerTest.java,46,5,14,45,0.04,2,5,1,3,0,0,0,4,0,0,0,0,0,0,1,1,1,0,0,4,0,0,False
2815,logic-ng/logicng,e5e5b099bf3b8d6349d6daffce1d3d56f66e4e58,org/logicng/handlers/TimeoutSATHandlerTest.java,55,6,13,37,0.11,6,6,3,4,0,0,0,2,0,0,0,0,0,0,1,1,1,0,0,5,0,0,False
2816,logic-ng/logicng,e5e5b099bf3b8d6349d6daffce1d3d56f66e4e58,org/logicng/io/parsers/PropositionalParserTest.java,142,29,38,55,0.45,64,29,9,0,0,0,0,9,0,0,0,0,1,0,0,0,0,0,0,29,0,0,False
2817,logic-ng/logicng,e5e5b099bf3b8d6349d6daffce1d3d56f66e4e58,org/logicng/io/parsers/PseudoBooleanParserTest.java,164,30,42,77,0.51,84,30,12,0,0,0,0,12,0,0,0,0,1,0,0,1,0,0,0,30,0,0,False
2818,logic-ng/logicng,e5e5b099bf3b8d6349d6daffce1d3d56f66e4e58,org/logicng/io/readers/DimacsReaderTest.java,9,1,1,0,0.0,0,1,0,0,0,0,0,0,0,1,0,0,0,0,0,0,0,0,1,1,0,0,False
2819,logic-ng/logicng,e5e5b099bf3b8d6349d6daffce1d3d56f66e4e58,org/logicng/io/writers/FormulaDimacsFileWriterTest.java,67,7,17,21,0.09,6,7,0,0,0,0,0,4,0,0,0,0,0,0,0,0,4,1,0,5,0,0,False
2820,logic-ng/logicng,e5e5b099bf3b8d6349d6daffce1d3d56f66e4e58,org/logicng/io/writers/FormulaDotFileWriterTest.java,46,5,11,14,0.04,2,5,0,0,0,0,0,4,0,0,0,0,0,0,0,0,4,1,0,4,0,0,False
2821,logic-ng/logicng,e5e5b099bf3b8d6349d6daffce1d3d56f66e4e58,org/logicng/knowledgecompilation/bdds/datastructures/BDDNodeTest.java,66,4,4,35,0.47,31,4,4,0,0,0,0,0,0,0,0,0,0,0,0,1,0,0,0,4,0,0,False
2822,logic-ng/logicng,e5e5b099bf3b8d6349d6daffce1d3d56f66e4e58,org/logicng/knowledgecompilation/bdds/io/BDDDotFileWriterTest.java,29,2,5,9,0.03,1,2,0,0,0,0,0,1,0,0,0,0,0,0,0,0,1,1,0,1,0,0,False
2823,logic-ng/logicng,e5e5b099bf3b8d6349d6daffce1d3d56f66e4e58,org/logicng/knowledgecompilation/bdds/BDDOperationsTest.java,220,11,19,60,0.68,150,11,10,0,0,0,0,3,0,0,0,0,0,0,0,0,0,0,0,10,0,0,False
2824,logic-ng/logicng,e5e5b099bf3b8d6349d6daffce1d3d56f66e4e58,org/logicng/knowledgecompilation/bdds/jbuddy/BDDPrimeTest.java,6,1,1,3,0.33,2,1,1,0,0,0,0,0,0,0,0,0,0,0,0,0,0,0,0,1,0,0,False
2825,logic-ng/logicng,e5e5b099bf3b8d6349d6daffce1d3d56f66e4e58,org/logicng/knowledgecompilation/bdds/BDDReorderingTest.java,201,17,41,85,0.04,8,17,3,0,0,0,0,2,0,0,0,0,0,0,0,2,4,2,0,7,0,0,False
2826,logic-ng/logicng,e5e5b099bf3b8d6349d6daffce1d3d56f66e4e58,org/logicng/knowledgecompilation/bdds/orderings/BFSOrderingTest.java,27,2,5,11,0.37,10,2,1,0,0,0,0,2,0,0,0,0,0,0,0,0,0,0,0,2,0,0,False
2827,logic-ng/logicng,e5e5b099bf3b8d6349d6daffce1d3d56f66e4e58,org/logicng/knowledgecompilation/bdds/orderings/DFSOrderingTest.java,27,2,5,11,0.37,10,2,1,0,0,0,0,2,0,0,0,0,0,0,0,0,0,0,0,2,0,0,False
2828,logic-ng/logicng,e5e5b099bf3b8d6349d6daffce1d3d56f66e4e58,org/logicng/knowledgecompilation/bdds/orderings/ForceOrderingTest.java,33,3,9,17,0.21,7,3,1,0,0,0,0,3,0,0,0,0,0,0,0,0,0,0,0,3,0,0,False
2829,logic-ng/logicng,e5e5b099bf3b8d6349d6daffce1d3d56f66e4e58,org/logicng/knowledgecompilation/dnnf/datastructures/dtree/DTreeNodeTest.java,11,1,2,4,0.09,1,1,0,0,0,0,0,1,0,0,0,0,1,0,0,0,0,0,0,1,0,0,False
2830,logic-ng/logicng,e5e5b099bf3b8d6349d6daffce1d3d56f66e4e58,org/logicng/knowledgecompilation/dnnf/DnnfCompilerTest.java,95,7,21,38,0.03,3,7,0,1,0,0,0,5,0,0,0,0,0,0,0,0,3,1,0,5,0,0,False
2831,logic-ng/logicng,e5e5b099bf3b8d6349d6daffce1d3d56f66e4e58,org/logicng/LogicNGVersionTest.java,15,4,4,0,0.0,0,4,4,0,0,0,0,0,0,0,0,0,0,0,0,4,0,0,0,4,0,0,False
2832,logic-ng/logicng,e5e5b099bf3b8d6349d6daffce1d3d56f66e4e58,org/logicng/modelcounting/ModelCounterTest.java,76,14,22,53,0.17,13,14,6,4,0,0,0,3,0,0,0,0,0,0,0,1,1,1,0,10,0,0,False
2833,logic-ng/logicng,e5e5b099bf3b8d6349d6daffce1d3d56f66e4e58,org/logicng/np/SetCoverTest.java,31,2,2,16,0.19,6,2,1,0,0,0,0,0,0,0,0,0,0,0,0,1,0,0,0,2,0,0,False
2834,logic-ng/logicng,e5e5b099bf3b8d6349d6daffce1d3d56f66e4e58,org/logicng/predicates/CNFPredicateTest.java,30,3,3,10,0.53,16,3,1,0,0,0,0,0,0,0,0,0,1,0,0,0,0,0,0,3,0,0,False
2835,logic-ng/logicng,e5e5b099bf3b8d6349d6daffce1d3d56f66e4e58,org/logicng/predicates/ContainsPBCPredicateTest.java,44,6,9,30,0.43,19,6,4,1,0,0,0,2,0,0,0,0,1,0,0,0,0,0,0,6,0,0,False
2836,logic-ng/logicng,e5e5b099bf3b8d6349d6daffce1d3d56f66e4e58,org/logicng/predicates/DNFPredicateTest.java,28,2,2,10,0.57,16,2,1,0,0,0,0,0,0,0,0,0,1,0,0,0,0,0,0,2,0,0,False
2837,logic-ng/logicng,e5e5b099bf3b8d6349d6daffce1d3d56f66e4e58,org/logicng/predicates/EvaluatesToConstantPredicateTest.java,432,22,34,94,0.83,360,21,21,2,1,0,0,12,0,0,0,0,0,0,0,1,0,0,0,21,0,0,False
2838,logic-ng/logicng,e5e5b099bf3b8d6349d6daffce1d3d56f66e4e58,org/logicng/predicates/NNFPredicateTest.java,32,2,2,11,0.63,20,2,1,0,0,0,0,0,0,0,0,0,1,0,0,0,0,0,0,2,0,0,False
2839,logic-ng/logicng,e5e5b099bf3b8d6349d6daffce1d3d56f66e4e58,org/logicng/predicates/TermPredicateTest.java,47,3,3,17,0.68,32,3,3,0,0,0,0,0,0,0,0,0,1,0,0,0,0,0,0,3,0,0,False
2840,logic-ng/logicng,e5e5b099bf3b8d6349d6daffce1d3d56f66e4e58,org/logicng/primecomputation/PrimeCompilerTest.java,118,12,33,65,0.09,11,12,0,4,0,0,0,4,0,0,0,0,1,0,0,0,6,1,0,7,0,0,False
2841,logic-ng/logicng,e5e5b099bf3b8d6349d6daffce1d3d56f66e4e58,org/logicng/primecomputation/PrimeResultTest.java,75,5,5,28,0.36,27,4,3,0,1,0,0,0,0,0,0,0,1,0,0,0,0,0,0,4,0,0,False
2842,logic-ng/logicng,e5e5b099bf3b8d6349d6daffce1d3d56f66e4e58,org/logicng/propositions/ExtendedPropositionTest.java,56,5,11,18,0.25,14,4,4,0,1,0,0,3,0,0,0,0,1,0,0,0,0,0,0,4,0,0,False
2843,logic-ng/logicng,e5e5b099bf3b8d6349d6daffce1d3d56f66e4e58,org/logicng/propositions/StandardPropositionTest.java,43,5,11,18,0.35,15,4,4,0,1,0,0,3,0,0,0,0,1,0,0,0,0,0,0,4,0,0,False
2844,logic-ng/logicng,e5e5b099bf3b8d6349d6daffce1d3d56f66e4e58,org/logicng/pseudobooleans/PBEncoderTest.java,66,9,13,30,0.11,7,8,1,4,1,0,0,1,0,0,0,0,1,0,0,0,1,1,0,7,0,0,False
2845,logic-ng/logicng,e5e5b099bf3b8d6349d6daffce1d3d56f66e4e58,org/logicng/solvers/datastructures/LNGHeapTest.java,23,1,1,10,0.22,5,1,1,0,0,0,0,0,0,0,0,0,1,0,0,1,0,0,0,1,0,0,False
2846,logic-ng/logicng,e5e5b099bf3b8d6349d6daffce1d3d56f66e4e58,org/logicng/solvers/functions/BackboneFunctionTest.java,276,12,41,159,0.25,68,12,8,6,0,0,0,8,0,0,0,0,0,0,0,8,0,0,0,9,0,0,False
2847,logic-ng/logicng,e5e5b099bf3b8d6349d6daffce1d3d56f66e4e58,org/logicng/solvers/functions/ModelEnumerationFunctionTest.java,19,3,5,10,0.05,1,2,1,0,1,0,0,2,0,0,0,0,0,0,0,1,0,0,0,2,0,0,False
2848,logic-ng/logicng,e5e5b099bf3b8d6349d6daffce1d3d56f66e4e58,org/logicng/solvers/functions/OptimizationFunctionTest.java,284,23,63,200,0.14,39,23,6,5,0,0,0,11,0,0,0,0,0,0,0,1,8,3,0,14,0,0,False
2849,logic-ng/logicng,e5e5b099bf3b8d6349d6daffce1d3d56f66e4e58,org/logicng/solvers/functions/UnsatCoreFunctionTest.java,9,1,1,0,0.0,0,1,1,0,0,0,0,0,0,0,0,0,0,0,0,0,0,0,0,1,0,0,False
2850,logic-ng/logicng,e5e5b099bf3b8d6349d6daffce1d3d56f66e4e58,org/logicng/solvers/sat/MiniSatTest.java,52,7,11,26,0.25,13,7,3,0,0,0,0,1,0,0,0,0,1,0,0,1,0,0,0,5,0,0,False
2851,logic-ng/logicng,e5e5b099bf3b8d6349d6daffce1d3d56f66e4e58,org/logicng/solvers/sat/GlucoseSyrupTest.java,33,6,11,9,0.03,1,6,0,0,0,0,0,0,0,0,0,0,1,0,0,0,0,0,0,3,0,0,False
2852,logic-ng/logicng,e5e5b099bf3b8d6349d6daffce1d3d56f66e4e58,org/logicng/solvers/sat/MiniCardTest.java,84,8,12,32,0.18,15,8,3,0,0,0,0,0,0,0,0,0,1,0,0,1,0,0,0,6,0,0,False
2853,logic-ng/logicng,e5e5b099bf3b8d6349d6daffce1d3d56f66e4e58,org/logicng/transformations/AnonymizerTest.java,77,5,15,23,0.49,38,5,5,0,0,0,0,5,0,0,0,0,0,0,0,2,0,0,0,5,0,0,False
2854,logic-ng/logicng,e5e5b099bf3b8d6349d6daffce1d3d56f66e4e58,org/logicng/transformations/FormulaFactoryImporterTest.java,187,12,17,114,0.67,126,12,10,0,0,0,0,1,0,0,0,0,0,0,0,0,0,0,0,10,0,0,False
2855,logic-ng/logicng,e5e5b099bf3b8d6349d6daffce1d3d56f66e4e58,org/logicng/transformations/LiteralSubstitutionTest.java,42,5,14,19,0.4,17,5,3,0,0,0,0,4,0,0,0,0,0,0,0,0,0,0,0,4,0,0,False
2856,logic-ng/logicng,e5e5b099bf3b8d6349d6daffce1d3d56f66e4e58,org/logicng/transformations/PureExpansionTransformationTest.java,107,13,37,44,0.35,37,13,6,2,0,0,0,4,0,0,0,0,1,0,0,1,2,0,0,10,0,0,False
2857,logic-ng/logicng,e5e5b099bf3b8d6349d6daffce1d3d56f66e4e58,org/logicng/transformations/UnitPropagationTest.java,31,4,9,15,0.45,14,4,4,0,0,0,0,1,0,0,0,0,0,0,0,0,0,0,0,4,0,0,False
2858,logic-ng/logicng,e5e5b099bf3b8d6349d6daffce1d3d56f66e4e58,org/logicng/transformations/cnf/CanonicalCNFEnumerationTest.java,54,6,13,30,0.31,17,6,1,2,0,0,0,1,0,0,0,0,1,0,0,0,2,1,0,4,0,0,False
2859,logic-ng/logicng,e5e5b099bf3b8d6349d6daffce1d3d56f66e4e58,org/logicng/transformations/cnf/CNFEncoderTest.java,157,13,27,106,0.22,35,13,11,0,0,0,0,10,0,0,0,0,1,0,0,3,0,0,0,12,0,0,False
2860,logic-ng/logicng,e5e5b099bf3b8d6349d6daffce1d3d56f66e4e58,org/logicng/transformations/cnf/CNFSubsumptionTest.java,41,4,8,16,0.46,19,4,3,0,0,0,0,3,0,0,0,0,0,0,0,1,0,0,0,4,0,0,False
2861,logic-ng/logicng,e5e5b099bf3b8d6349d6daffce1d3d56f66e4e58,org/logicng/transformations/cnf/PlaistedGreenbaumTransformationSolverTest.java,41,5,10,11,0.02,1,5,1,2,0,0,0,1,0,0,0,0,0,0,0,1,1,0,0,3,0,0,False
2862,logic-ng/logicng,e5e5b099bf3b8d6349d6daffce1d3d56f66e4e58,org/logicng/transformations/dnf/CanonicalDNFEnumerationTest.java,54,6,13,30,0.31,17,6,1,2,0,0,0,1,0,0,0,0,1,0,0,0,2,1,0,4,0,0,False
2863,logic-ng/logicng,e5e5b099bf3b8d6349d6daffce1d3d56f66e4e58,org/logicng/transformations/dnf/DNFFactorizationTest.java,105,12,29,45,0.43,45,8,8,0,0,0,0,5,0,0,0,0,1,0,0,2,0,0,0,8,0,0,False
2864,logic-ng/logicng,e5e5b099bf3b8d6349d6daffce1d3d56f66e4e58,org/logicng/transformations/dnf/DNFSubsumptionTest.java,48,4,10,16,0.4,19,4,3,1,0,0,0,3,0,0,0,0,0,0,0,1,0,0,0,4,0,0,False
2865,logic-ng/logicng,e5e5b099bf3b8d6349d6daffce1d3d56f66e4e58,org/logicng/transformations/qmc/TermTest.java,80,3,7,21,0.21,17,3,3,0,0,0,0,1,0,0,0,0,1,0,0,0,0,0,0,3,0,0,False
2866,logic-ng/logicng,e5e5b099bf3b8d6349d6daffce1d3d56f66e4e58,org/logicng/transformations/qmc/TermTableTest.java,47,4,8,19,0.26,12,4,2,0,0,0,0,0,0,0,0,0,1,0,0,1,0,0,0,3,0,0,False
2867,logic-ng/logicng,e5e5b099bf3b8d6349d6daffce1d3d56f66e4e58,org/logicng/transformations/simplification/AdvancedSimplifierTest.java,84,11,31,56,0.12,10,11,2,5,0,0,0,5,0,0,0,0,1,0,0,0,7,1,0,9,0,0,False
2868,logic-ng/logicng,e5e5b099bf3b8d6349d6daffce1d3d56f66e4e58,org/logicng/transformations/simplification/BackboneSimplifierTest.java,27,2,8,8,0.41,11,2,2,0,0,0,0,2,0,0,0,0,0,0,0,0,0,0,0,2,0,0,False
2869,logic-ng/logicng,e5e5b099bf3b8d6349d6daffce1d3d56f66e4e58,org/logicng/transformations/simplification/DistributiveSimplifierTest.java,52,6,20,25,0.5,26,6,6,0,0,0,0,2,0,0,0,0,0,0,0,0,0,0,0,6,0,0,False
2870,logic-ng/logicng,e5e5b099bf3b8d6349d6daffce1d3d56f66e4e58,org/logicng/util/CollectionHelperTest.java,60,6,7,16,0.6,36,6,6,0,0,0,0,0,0,0,0,0,0,0,0,1,0,0,0,6,0,0,False
2871,logic-ng/logicng,e5e5b099bf3b8d6349d6daffce1d3d56f66e4e58,org/logicng/util/ComparablePairTest.java,42,5,5,18,0.52,22,5,5,0,0,0,0,0,0,0,0,0,1,0,0,0,0,0,0,5,0,0,False
2872,logic-ng/logicng,e5e5b099bf3b8d6349d6daffce1d3d56f66e4e58,org/logicng/util/FormulaHelperTest.java,67,9,9,35,0.63,42,9,9,0,0,0,0,0,0,0,0,0,0,0,0,0,0,0,0,9,0,0,False
2873,logic-ng/logicng,e5e5b099bf3b8d6349d6daffce1d3d56f66e4e58,org/logicng/util/FormulaRandomizerTest.java,414,22,60,281,0.21,86,22,19,20,0,0,0,0,0,0,0,0,0,0,0,1,0,0,0,20,0,0,False
2874,logic-ng/logicng,e5e5b099bf3b8d6349d6daffce1d3d56f66e4e58,org/logicng/util/PairTest.java,36,4,4,14,0.5,18,4,4,0,0,0,0,0,0,0,0,0,1,0,0,0,0,0,0,4,0,0,False
2875,logic-ng/logicng,3fec85f2abf5908942396c8e507949539ceefc7b,org/logicng/backbones/BackboneTest.java,75,6,8,37,0.35,26,6,4,0,0,0,0,1,0,0,0,0,1,0,0,2,0,0,0,5,0,0,False
2876,logic-ng/logicng,3fec85f2abf5908942396c8e507949539ceefc7b,org/logicng/backbones/BackboneGenerationTest.java,224,9,27,100,0.22,49,9,4,2,0,0,0,4,0,0,0,0,0,0,0,2,0,0,0,8,0,0,False
2877,logic-ng/logicng,3fec85f2abf5908942396c8e507949539ceefc7b,org/logicng/collections/LNGBooleanVectorTest.java,173,11,22,75,0.34,59,11,10,9,0,0,0,0,0,0,0,0,1,0,0,7,0,0,0,11,0,0,False
2878,logic-ng/logicng,3fec85f2abf5908942396c8e507949539ceefc7b,org/logicng/collections/LNGByteVectorTest.java,198,12,25,84,0.29,57,12,11,11,0,0,0,0,0,0,0,0,1,0,0,6,0,0,0,12,0,0,False
2879,logic-ng/logicng,3fec85f2abf5908942396c8e507949539ceefc7b,org/logicng/collections/LNGDoublePriorityQueueTest.java,107,6,6,35,0.4,43,6,5,0,0,0,0,0,0,0,0,0,1,0,0,3,0,0,0,6,0,0,False
2880,logic-ng/logicng,3fec85f2abf5908942396c8e507949539ceefc7b,org/logicng/collections/LNGDoubleVectorTest.java,195,12,25,83,0.29,56,12,11,11,0,0,0,0,0,0,0,0,1,0,0,6,0,0,0,12,0,0,False
2881,logic-ng/logicng,3fec85f2abf5908942396c8e507949539ceefc7b,org/logicng/collections/LNGIntVectorTest.java,195,12,25,83,0.29,56,12,11,11,0,0,0,0,0,0,0,0,1,0,0,6,0,0,0,12,0,0,False
2882,logic-ng/logicng,3fec85f2abf5908942396c8e507949539ceefc7b,org/logicng/collections/LNGLongPriorityQueueTest.java,86,5,5,28,0.42,36,5,4,0,0,0,0,0,0,0,0,0,1,0,0,3,0,0,0,5,0,0,False
2883,logic-ng/logicng,3fec85f2abf5908942396c8e507949539ceefc7b,org/logicng/collections/LNGLongVectorTest.java,198,12,25,84,0.29,57,12,11,11,0,0,0,0,0,0,0,0,1,0,0,6,0,0,0,12,0,0,False
2884,logic-ng/logicng,3fec85f2abf5908942396c8e507949539ceefc7b,org/logicng/collections/LNGVectorTest.java,342,22,42,135,0.29,100,21,19,20,1,0,0,0,0,0,0,0,2,0,0,9,0,0,0,21,0,0,False
2885,logic-ng/logicng,3fec85f2abf5908942396c8e507949539ceefc7b,org/logicng/datastructures/AssignmentTest.java,163,14,18,87,0.47,77,14,13,0,0,0,0,2,0,0,0,0,1,0,0,6,0,0,0,14,0,0,False
2886,logic-ng/logicng,3fec85f2abf5908942396c8e507949539ceefc7b,org/logicng/formulas/SubstitutionTest.java,153,16,20,70,0.36,55,15,12,0,1,0,0,4,0,0,0,0,1,0,0,4,0,0,0,15,0,0,False
2887,logic-ng/logicng,3fec85f2abf5908942396c8e507949539ceefc7b,org/logicng/datastructures/ubtrees/UBNodeTest.java,33,4,4,14,0.27,9,3,2,0,1,0,0,0,0,0,0,0,1,0,0,1,0,0,0,3,0,0,False
2888,logic-ng/logicng,3fec85f2abf5908942396c8e507949539ceefc7b,org/logicng/datastructures/ubtrees/UBTreeTest.java,201,8,9,57,0.62,125,8,6,0,0,0,0,0,0,0,0,0,0,0,0,1,0,0,0,7,0,0,False
2889,logic-ng/logicng,3fec85f2abf5908942396c8e507949539ceefc7b,org/logicng/explanations/mus/MUSConfigTest.java,12,1,2,11,0.17,2,1,1,0,0,0,0,0,0,0,0,0,1,0,0,0,0,0,0,1,0,0,False
2890,logic-ng/logicng,3fec85f2abf5908942396c8e507949539ceefc7b,org/logicng/explanations/mus/MUSGenerationTest.java,114,12,24,32,0.05,6,11,2,2,1,0,0,2,0,0,0,0,1,0,0,0,2,1,0,8,0,0,False
2891,logic-ng/logicng,3fec85f2abf5908942396c8e507949539ceefc7b,org/logicng/explanations/smus/SmusComputationTest.java,96,16,38,82,0.14,13,16,0,3,0,0,0,15,0,0,0,0,0,0,0,0,5,1,0,15,0,0,False
2892,logic-ng/logicng,3fec85f2abf5908942396c8e507949539ceefc7b,org/logicng/explanations/UNSATCoreTest.java,54,5,7,19,0.3,16,4,4,0,1,0,0,0,0,0,0,0,1,0,0,1,0,0,0,4,0,0,False
2893,logic-ng/logicng,3fec85f2abf5908942396c8e507949539ceefc7b,org/logicng/formulas/AndTest.java,144,20,25,93,0.56,81,20,17,0,0,0,0,2,0,0,0,0,1,0,0,4,0,0,0,20,0,0,False
2894,logic-ng/logicng,3fec85f2abf5908942396c8e507949539ceefc7b,org/logicng/formulas/CFalseTest.java,63,18,19,62,0.32,20,18,2,0,0,0,0,0,0,0,0,0,1,0,0,0,0,0,0,18,0,0,False
2895,logic-ng/logicng,3fec85f2abf5908942396c8e507949539ceefc7b,org/logicng/formulas/CTrueTest.java,64,18,19,62,0.33,21,18,3,0,0,0,0,0,0,0,0,0,1,0,0,1,0,0,0,18,0,0,False
2896,logic-ng/logicng,3fec85f2abf5908942396c8e507949539ceefc7b,org/logicng/formulas/EquivalenceTest.java,136,20,23,81,0.57,77,20,19,0,0,0,0,1,0,0,0,0,1,0,0,4,0,0,0,20,0,0,False
2897,logic-ng/logicng,3fec85f2abf5908942396c8e507949539ceefc7b,org/logicng/formulas/ExtendedFormulaFactoryTest.java,199,12,21,74,0.27,54,12,7,0,0,0,0,1,0,0,0,0,0,0,0,5,2,1,0,10,0,0,False
2898,logic-ng/logicng,3fec85f2abf5908942396c8e507949539ceefc7b,org/logicng/formulas/FormulaTest.java,61,8,13,44,0.28,17,6,5,0,0,0,0,0,0,0,0,0,0,0,0,0,0,0,0,6,0,0,False
2899,logic-ng/logicng,3fec85f2abf5908942396c8e507949539ceefc7b,org/logicng/formulas/FormulaFactoryTest.java,184,9,13,96,0.48,89,9,6,1,0,0,0,1,0,0,0,0,2,0,0,2,0,0,0,9,0,0,False
2900,logic-ng/logicng,3fec85f2abf5908942396c8e507949539ceefc7b,org/logicng/formulas/ImplicationTest.java,131,21,24,80,0.54,71,21,19,0,0,0,0,1,0,0,0,0,1,0,0,5,0,0,0,21,0,0,False
2901,logic-ng/logicng,3fec85f2abf5908942396c8e507949539ceefc7b,org/logicng/formulas/LiteralTest.java,119,23,24,85,0.52,62,23,22,0,0,0,0,0,0,0,0,0,1,0,0,2,1,0,0,23,0,0,False
2902,logic-ng/logicng,3fec85f2abf5908942396c8e507949539ceefc7b,org/logicng/formulas/NotTest.java,107,19,22,76,0.5,54,19,18,0,0,0,0,1,0,0,0,0,1,0,0,4,0,0,0,19,0,0,False
2903,logic-ng/logicng,3fec85f2abf5908942396c8e507949539ceefc7b,org/logicng/formulas/OrTest.java,139,19,24,88,0.58,80,19,17,0,0,0,0,2,0,0,0,0,1,0,0,4,0,0,0,19,0,0,False
2904,logic-ng/logicng,3fec85f2abf5908942396c8e507949539ceefc7b,org/logicng/formulas/PBConstraintTest.java,619,36,39,207,0.61,376,35,33,0,1,0,0,0,0,0,0,0,5,0,0,6,0,0,0,35,0,0,False
2905,logic-ng/logicng,3fec85f2abf5908942396c8e507949539ceefc7b,org/logicng/formulas/printer/DefaultStringRepresentationTest.java,48,3,3,18,0.71,34,3,1,0,0,0,0,0,0,0,0,0,2,0,0,0,0,0,0,3,0,0,False
2906,logic-ng/logicng,3fec85f2abf5908942396c8e507949539ceefc7b,org/logicng/formulas/printer/LatexStringRepresentationTest.java,46,3,3,15,0.67,31,3,2,0,0,0,0,0,0,0,0,0,2,0,0,0,0,0,0,3,0,0,False
2907,logic-ng/logicng,3fec85f2abf5908942396c8e507949539ceefc7b,org/logicng/formulas/printer/SortedStringRepresentationTest.java,61,4,4,22,0.69,42,4,2,0,0,0,0,0,0,0,0,0,2,0,0,2,0,0,0,4,0,0,False
2908,logic-ng/logicng,3fec85f2abf5908942396c8e507949539ceefc7b,org/logicng/formulas/printer/UTF8StringRepresentationTest.java,46,3,3,15,0.67,31,3,2,0,0,0,0,0,0,0,0,0,2,0,0,0,0,0,0,3,0,0,False
2909,logic-ng/logicng,3fec85f2abf5908942396c8e507949539ceefc7b,org/logicng/functions/FormulaDepthFunctionTest.java,54,4,7,24,0.57,31,4,3,1,0,0,0,1,0,0,0,0,0,0,0,1,0,0,0,4,0,0,False
2910,logic-ng/logicng,3fec85f2abf5908942396c8e507949539ceefc7b,org/logicng/graphs/algorithms/BronKerboschTest.java,44,1,4,14,0.16,7,1,1,1,0,0,0,1,0,0,0,0,0,0,0,1,0,0,0,1,0,0,False
2911,logic-ng/logicng,3fec85f2abf5908942396c8e507949539ceefc7b,org/logicng/graphs/datastructures/GraphTest.java,71,5,8,39,0.27,19,5,4,0,0,0,0,0,0,0,0,0,1,0,0,1,0,0,0,4,0,0,False
2912,logic-ng/logicng,3fec85f2abf5908942396c8e507949539ceefc7b,org/logicng/graphs/datastructures/HypergraphTest.java,34,2,2,12,0.21,7,2,1,0,0,0,0,0,0,0,0,0,1,0,0,1,0,0,0,2,0,0,False
2913,logic-ng/logicng,3fec85f2abf5908942396c8e507949539ceefc7b,org/logicng/graphs/datastructures/HypergraphEdgeTest.java,51,4,6,20,0.22,11,4,2,0,0,0,0,2,0,0,0,0,0,0,0,2,0,0,0,4,0,0,False
2914,logic-ng/logicng,3fec85f2abf5908942396c8e507949539ceefc7b,org/logicng/graphs/datastructures/HypergraphNodeTest.java,30,2,2,12,0.37,11,2,2,0,0,0,0,0,0,0,0,0,0,0,0,1,0,0,0,2,0,0,False
2915,logic-ng/logicng,3fec85f2abf5908942396c8e507949539ceefc7b,org/logicng/graphs/generators/ConstraintGraphGeneratorTest.java,75,5,13,45,0.11,8,5,1,1,0,0,0,5,0,0,0,0,3,0,0,1,0,0,0,5,0,0,False
2916,logic-ng/logicng,3fec85f2abf5908942396c8e507949539ceefc7b,org/logicng/graphs/generators/HypergraphGeneratorTest.java,83,3,8,26,0.28,23,3,2,0,0,0,0,3,0,0,0,0,0,0,0,2,0,0,0,3,0,0,False
2917,logic-ng/logicng,3fec85f2abf5908942396c8e507949539ceefc7b,org/logicng/graphs/io/GraphDimacsFileWriterTest.java,55,6,16,19,0.13,7,6,0,1,0,0,0,3,0,0,0,0,0,0,0,0,3,1,0,3,0,0,False
2918,logic-ng/logicng,3fec85f2abf5908942396c8e507949539ceefc7b,org/logicng/graphs/io/GraphDotFileWriterTest.java,33,5,11,11,0.06,2,5,0,1,0,0,0,3,0,0,0,0,0,0,0,0,3,1,0,3,0,0,False
2919,logic-ng/logicng,3fec85f2abf5908942396c8e507949539ceefc7b,org/logicng/handlers/NumberOfNodesBDDHandlerTest.java,9,1,1,0,0.0,0,1,0,0,0,0,0,0,0,0,0,0,0,0,0,0,0,0,0,1,0,0,False
2920,logic-ng/logicng,3fec85f2abf5908942396c8e507949539ceefc7b,org/logicng/handlers/TimeoutBDDHandlerTest.java,44,6,14,31,0.14,6,6,3,0,0,0,0,3,0,0,0,0,0,0,1,1,1,0,0,5,0,0,False
2921,logic-ng/logicng,3fec85f2abf5908942396c8e507949539ceefc7b,org/logicng/handlers/TimeoutMaxSATHandlerTest.java,41,7,15,31,0.1,4,7,4,4,0,0,0,5,0,0,0,0,0,0,2,2,1,0,0,6,0,0,False
2922,logic-ng/logicng,3fec85f2abf5908942396c8e507949539ceefc7b,org/logicng/handlers/TimeoutModelEnumerationHandlerTest.java,60,6,13,49,0.1,6,6,3,4,0,0,0,2,0,0,0,0,0,0,1,1,2,0,0,5,0,0,False
2923,logic-ng/logicng,3fec85f2abf5908942396c8e507949539ceefc7b,org/logicng/handlers/TimeoutOptimizationHandlerTest.java,46,5,14,45,0.04,2,5,1,3,0,0,0,4,0,0,0,0,0,0,1,1,1,0,0,4,0,0,False
2924,logic-ng/logicng,3fec85f2abf5908942396c8e507949539ceefc7b,org/logicng/handlers/TimeoutSATHandlerTest.java,55,6,13,37,0.11,6,6,3,4,0,0,0,2,0,0,0,0,0,0,1,1,1,0,0,5,0,0,False
2925,logic-ng/logicng,3fec85f2abf5908942396c8e507949539ceefc7b,org/logicng/io/parsers/PropositionalParserTest.java,142,29,38,55,0.45,64,29,9,0,0,0,0,9,0,0,0,0,1,0,0,0,0,0,0,29,0,0,False
2926,logic-ng/logicng,3fec85f2abf5908942396c8e507949539ceefc7b,org/logicng/io/parsers/PseudoBooleanParserTest.java,164,30,42,77,0.51,84,30,12,0,0,0,0,12,0,0,0,0,1,0,0,1,0,0,0,30,0,0,False
2927,logic-ng/logicng,3fec85f2abf5908942396c8e507949539ceefc7b,org/logicng/io/readers/DimacsReaderTest.java,9,1,1,0,0.0,0,1,0,0,0,0,0,0,0,1,0,0,0,0,0,0,0,0,1,1,0,0,False
2928,logic-ng/logicng,3fec85f2abf5908942396c8e507949539ceefc7b,org/logicng/io/writers/FormulaDimacsFileWriterTest.java,67,7,17,21,0.09,6,7,0,0,0,0,0,4,0,0,0,0,0,0,0,0,4,1,0,5,0,0,False
2929,logic-ng/logicng,3fec85f2abf5908942396c8e507949539ceefc7b,org/logicng/io/writers/FormulaDotFileWriterTest.java,46,5,11,14,0.04,2,5,0,0,0,0,0,4,0,0,0,0,0,0,0,0,4,1,0,4,0,0,False
2930,logic-ng/logicng,3fec85f2abf5908942396c8e507949539ceefc7b,org/logicng/knowledgecompilation/bdds/datastructures/BDDNodeTest.java,66,4,4,35,0.47,31,4,4,0,0,0,0,0,0,0,0,0,0,0,0,1,0,0,0,4,0,0,False
2931,logic-ng/logicng,3fec85f2abf5908942396c8e507949539ceefc7b,org/logicng/knowledgecompilation/bdds/io/BDDDotFileWriterTest.java,29,2,5,9,0.03,1,2,0,0,0,0,0,1,0,0,0,0,0,0,0,0,1,1,0,1,0,0,False
2932,logic-ng/logicng,3fec85f2abf5908942396c8e507949539ceefc7b,org/logicng/knowledgecompilation/bdds/BDDOperationsTest.java,220,11,19,60,0.68,150,11,10,0,0,0,0,3,0,0,0,0,0,0,0,0,0,0,0,10,0,0,False
2933,logic-ng/logicng,3fec85f2abf5908942396c8e507949539ceefc7b,org/logicng/knowledgecompilation/bdds/jbuddy/BDDPrimeTest.java,6,1,1,3,0.33,2,1,1,0,0,0,0,0,0,0,0,0,0,0,0,0,0,0,0,1,0,0,False
2934,logic-ng/logicng,3fec85f2abf5908942396c8e507949539ceefc7b,org/logicng/knowledgecompilation/bdds/BDDReorderingTest.java,201,17,41,85,0.04,8,17,3,0,0,0,0,2,0,0,0,0,0,0,0,2,4,2,0,7,0,0,False
2935,logic-ng/logicng,3fec85f2abf5908942396c8e507949539ceefc7b,org/logicng/knowledgecompilation/bdds/orderings/BFSOrderingTest.java,27,2,5,11,0.37,10,2,1,0,0,0,0,2,0,0,0,0,0,0,0,0,0,0,0,2,0,0,False
2936,logic-ng/logicng,3fec85f2abf5908942396c8e507949539ceefc7b,org/logicng/knowledgecompilation/bdds/orderings/DFSOrderingTest.java,27,2,5,11,0.37,10,2,1,0,0,0,0,2,0,0,0,0,0,0,0,0,0,0,0,2,0,0,False
2937,logic-ng/logicng,3fec85f2abf5908942396c8e507949539ceefc7b,org/logicng/knowledgecompilation/bdds/orderings/ForceOrderingTest.java,33,3,9,17,0.21,7,3,1,0,0,0,0,3,0,0,0,0,0,0,0,0,0,0,0,3,0,0,False
2938,logic-ng/logicng,3fec85f2abf5908942396c8e507949539ceefc7b,org/logicng/knowledgecompilation/dnnf/datastructures/dtree/DTreeNodeTest.java,11,1,2,4,0.09,1,1,0,0,0,0,0,1,0,0,0,0,1,0,0,0,0,0,0,1,0,0,False
2939,logic-ng/logicng,3fec85f2abf5908942396c8e507949539ceefc7b,org/logicng/knowledgecompilation/dnnf/DnnfCompilerTest.java,95,7,21,38,0.03,3,7,0,1,0,0,0,5,0,0,0,0,0,0,0,0,3,1,0,5,0,0,False
2940,logic-ng/logicng,3fec85f2abf5908942396c8e507949539ceefc7b,org/logicng/LogicNGVersionTest.java,15,4,4,0,0.0,0,4,4,0,0,0,0,0,0,0,0,0,0,0,0,4,0,0,0,4,0,0,False
2941,logic-ng/logicng,3fec85f2abf5908942396c8e507949539ceefc7b,org/logicng/modelcounting/ModelCounterTest.java,76,14,22,53,0.17,13,14,6,4,0,0,0,3,0,0,0,0,0,0,0,1,1,1,0,10,0,0,False
2942,logic-ng/logicng,3fec85f2abf5908942396c8e507949539ceefc7b,org/logicng/np/SetCoverTest.java,31,2,2,16,0.19,6,2,1,0,0,0,0,0,0,0,0,0,0,0,0,1,0,0,0,2,0,0,False
2943,logic-ng/logicng,3fec85f2abf5908942396c8e507949539ceefc7b,org/logicng/predicates/CNFPredicateTest.java,30,3,3,10,0.53,16,3,1,0,0,0,0,0,0,0,0,0,1,0,0,0,0,0,0,3,0,0,False
2944,logic-ng/logicng,3fec85f2abf5908942396c8e507949539ceefc7b,org/logicng/predicates/ContainsPBCPredicateTest.java,44,6,9,30,0.43,19,6,4,1,0,0,0,2,0,0,0,0,1,0,0,0,0,0,0,6,0,0,False
2945,logic-ng/logicng,3fec85f2abf5908942396c8e507949539ceefc7b,org/logicng/predicates/DNFPredicateTest.java,28,2,2,10,0.57,16,2,1,0,0,0,0,0,0,0,0,0,1,0,0,0,0,0,0,2,0,0,False
2946,logic-ng/logicng,3fec85f2abf5908942396c8e507949539ceefc7b,org/logicng/predicates/EvaluatesToConstantPredicateTest.java,432,22,34,94,0.83,360,21,21,2,1,0,0,12,0,0,0,0,0,0,0,1,0,0,0,21,0,0,False
2947,logic-ng/logicng,3fec85f2abf5908942396c8e507949539ceefc7b,org/logicng/predicates/NNFPredicateTest.java,32,2,2,11,0.63,20,2,1,0,0,0,0,0,0,0,0,0,1,0,0,0,0,0,0,2,0,0,False
2948,logic-ng/logicng,3fec85f2abf5908942396c8e507949539ceefc7b,org/logicng/predicates/TermPredicateTest.java,47,3,3,17,0.68,32,3,3,0,0,0,0,0,0,0,0,0,1,0,0,0,0,0,0,3,0,0,False
2949,logic-ng/logicng,3fec85f2abf5908942396c8e507949539ceefc7b,org/logicng/primecomputation/PrimeCompilerTest.java,118,12,33,65,0.09,11,12,0,4,0,0,0,4,0,0,0,0,1,0,0,0,6,1,0,7,0,0,False
2950,logic-ng/logicng,3fec85f2abf5908942396c8e507949539ceefc7b,org/logicng/primecomputation/PrimeResultTest.java,75,5,5,28,0.36,27,4,3,0,1,0,0,0,0,0,0,0,1,0,0,0,0,0,0,4,0,0,False
2951,logic-ng/logicng,3fec85f2abf5908942396c8e507949539ceefc7b,org/logicng/propositions/ExtendedPropositionTest.java,56,5,11,18,0.25,14,4,4,0,1,0,0,3,0,0,0,0,1,0,0,0,0,0,0,4,0,0,False
2952,logic-ng/logicng,3fec85f2abf5908942396c8e507949539ceefc7b,org/logicng/propositions/StandardPropositionTest.java,43,5,11,18,0.35,15,4,4,0,1,0,0,3,0,0,0,0,1,0,0,0,0,0,0,4,0,0,False
2953,logic-ng/logicng,3fec85f2abf5908942396c8e507949539ceefc7b,org/logicng/pseudobooleans/PBEncoderTest.java,66,9,13,30,0.11,7,8,1,4,1,0,0,1,0,0,0,0,1,0,0,0,1,1,0,7,0,0,False
2954,logic-ng/logicng,3fec85f2abf5908942396c8e507949539ceefc7b,org/logicng/solvers/datastructures/LNGHeapTest.java,23,1,1,10,0.22,5,1,1,0,0,0,0,0,0,0,0,0,1,0,0,1,0,0,0,1,0,0,False
2955,logic-ng/logicng,3fec85f2abf5908942396c8e507949539ceefc7b,org/logicng/solvers/functions/BackboneFunctionTest.java,276,12,41,159,0.25,68,12,8,6,0,0,0,8,0,0,0,0,0,0,0,8,0,0,0,9,0,0,False
2956,logic-ng/logicng,3fec85f2abf5908942396c8e507949539ceefc7b,org/logicng/solvers/functions/ModelEnumerationFunctionTest.java,19,3,5,10,0.05,1,2,1,0,1,0,0,2,0,0,0,0,0,0,0,1,0,0,0,2,0,0,False
2957,logic-ng/logicng,3fec85f2abf5908942396c8e507949539ceefc7b,org/logicng/solvers/functions/OptimizationFunctionTest.java,284,23,63,200,0.14,39,23,6,5,0,0,0,11,0,0,0,0,0,0,0,1,8,3,0,14,0,0,False
2958,logic-ng/logicng,3fec85f2abf5908942396c8e507949539ceefc7b,org/logicng/solvers/functions/UnsatCoreFunctionTest.java,9,1,1,0,0.0,0,1,1,0,0,0,0,0,0,0,0,0,0,0,0,0,0,0,0,1,0,0,False
2959,logic-ng/logicng,3fec85f2abf5908942396c8e507949539ceefc7b,org/logicng/solvers/sat/MiniSatTest.java,52,7,11,26,0.25,13,7,3,0,0,0,0,1,0,0,0,0,1,0,0,1,0,0,0,5,0,0,False
2960,logic-ng/logicng,3fec85f2abf5908942396c8e507949539ceefc7b,org/logicng/solvers/sat/GlucoseSyrupTest.java,33,6,11,9,0.03,1,6,0,0,0,0,0,0,0,0,0,0,1,0,0,0,0,0,0,3,0,0,False
2961,logic-ng/logicng,3fec85f2abf5908942396c8e507949539ceefc7b,org/logicng/solvers/sat/MiniCardTest.java,84,8,12,32,0.18,15,8,3,0,0,0,0,0,0,0,0,0,1,0,0,1,0,0,0,6,0,0,False
2962,logic-ng/logicng,3fec85f2abf5908942396c8e507949539ceefc7b,org/logicng/transformations/AnonymizerTest.java,77,5,15,23,0.49,38,5,5,0,0,0,0,5,0,0,0,0,0,0,0,2,0,0,0,5,0,0,False
2963,logic-ng/logicng,3fec85f2abf5908942396c8e507949539ceefc7b,org/logicng/transformations/FormulaFactoryImporterTest.java,187,12,17,114,0.67,126,12,10,0,0,0,0,1,0,0,0,0,0,0,0,0,0,0,0,10,0,0,False
2964,logic-ng/logicng,3fec85f2abf5908942396c8e507949539ceefc7b,org/logicng/transformations/LiteralSubstitutionTest.java,42,5,14,19,0.4,17,5,3,0,0,0,0,4,0,0,0,0,0,0,0,0,0,0,0,4,0,0,False
2965,logic-ng/logicng,3fec85f2abf5908942396c8e507949539ceefc7b,org/logicng/transformations/PureExpansionTransformationTest.java,107,13,37,44,0.35,37,13,6,2,0,0,0,4,0,0,0,0,1,0,0,1,2,0,0,10,0,0,False
2966,logic-ng/logicng,3fec85f2abf5908942396c8e507949539ceefc7b,org/logicng/transformations/UnitPropagationTest.java,31,4,9,15,0.45,14,4,4,0,0,0,0,1,0,0,0,0,0,0,0,0,0,0,0,4,0,0,False
2967,logic-ng/logicng,3fec85f2abf5908942396c8e507949539ceefc7b,org/logicng/transformations/cnf/CanonicalCNFEnumerationTest.java,54,6,13,30,0.31,17,6,1,2,0,0,0,1,0,0,0,0,1,0,0,0,2,1,0,4,0,0,False
2968,logic-ng/logicng,3fec85f2abf5908942396c8e507949539ceefc7b,org/logicng/transformations/cnf/CNFEncoderTest.java,157,13,27,106,0.22,35,13,11,0,0,0,0,10,0,0,0,0,1,0,0,3,0,0,0,12,0,0,False
2969,logic-ng/logicng,3fec85f2abf5908942396c8e507949539ceefc7b,org/logicng/transformations/cnf/CNFSubsumptionTest.java,41,4,8,16,0.46,19,4,3,0,0,0,0,3,0,0,0,0,0,0,0,1,0,0,0,4,0,0,False
2970,logic-ng/logicng,3fec85f2abf5908942396c8e507949539ceefc7b,org/logicng/transformations/cnf/PlaistedGreenbaumTransformationSolverTest.java,41,5,10,11,0.02,1,5,1,2,0,0,0,1,0,0,0,0,0,0,0,1,1,0,0,3,0,0,False
2971,logic-ng/logicng,3fec85f2abf5908942396c8e507949539ceefc7b,org/logicng/transformations/dnf/CanonicalDNFEnumerationTest.java,54,6,13,30,0.31,17,6,1,2,0,0,0,1,0,0,0,0,1,0,0,0,2,1,0,4,0,0,False
2972,logic-ng/logicng,3fec85f2abf5908942396c8e507949539ceefc7b,org/logicng/transformations/dnf/DNFFactorizationTest.java,105,12,29,45,0.43,45,8,8,0,0,0,0,5,0,0,0,0,1,0,0,2,0,0,0,8,0,0,False
2973,logic-ng/logicng,3fec85f2abf5908942396c8e507949539ceefc7b,org/logicng/transformations/dnf/DNFSubsumptionTest.java,48,4,10,16,0.4,19,4,3,1,0,0,0,3,0,0,0,0,0,0,0,1,0,0,0,4,0,0,False
2974,logic-ng/logicng,3fec85f2abf5908942396c8e507949539ceefc7b,org/logicng/transformations/qmc/TermTest.java,80,3,7,21,0.21,17,3,3,0,0,0,0,1,0,0,0,0,1,0,0,0,0,0,0,3,0,0,False
2975,logic-ng/logicng,3fec85f2abf5908942396c8e507949539ceefc7b,org/logicng/transformations/qmc/TermTableTest.java,47,4,8,19,0.26,12,4,2,0,0,0,0,0,0,0,0,0,1,0,0,1,0,0,0,3,0,0,False
2976,logic-ng/logicng,3fec85f2abf5908942396c8e507949539ceefc7b,org/logicng/transformations/simplification/AdvancedSimplifierTest.java,84,11,31,56,0.12,10,11,2,5,0,0,0,5,0,0,0,0,1,0,0,0,7,1,0,9,0,0,False
2977,logic-ng/logicng,3fec85f2abf5908942396c8e507949539ceefc7b,org/logicng/transformations/simplification/BackboneSimplifierTest.java,27,2,8,8,0.41,11,2,2,0,0,0,0,2,0,0,0,0,0,0,0,0,0,0,0,2,0,0,False
2978,logic-ng/logicng,3fec85f2abf5908942396c8e507949539ceefc7b,org/logicng/transformations/simplification/DistributiveSimplifierTest.java,52,6,20,25,0.5,26,6,6,0,0,0,0,2,0,0,0,0,0,0,0,0,0,0,0,6,0,0,False
2979,logic-ng/logicng,3fec85f2abf5908942396c8e507949539ceefc7b,org/logicng/util/CollectionHelperTest.java,60,6,7,16,0.6,36,6,6,0,0,0,0,0,0,0,0,0,0,0,0,1,0,0,0,6,0,0,False
2980,logic-ng/logicng,3fec85f2abf5908942396c8e507949539ceefc7b,org/logicng/util/ComparablePairTest.java,42,5,5,18,0.52,22,5,5,0,0,0,0,0,0,0,0,0,1,0,0,0,0,0,0,5,0,0,False
2981,logic-ng/logicng,3fec85f2abf5908942396c8e507949539ceefc7b,org/logicng/util/FormulaHelperTest.java,67,9,9,35,0.63,42,9,9,0,0,0,0,0,0,0,0,0,0,0,0,0,0,0,0,9,0,0,False
2982,logic-ng/logicng,3fec85f2abf5908942396c8e507949539ceefc7b,org/logicng/util/FormulaRandomizerTest.java,414,22,60,281,0.21,86,22,19,20,0,0,0,0,0,0,0,0,0,0,0,1,0,0,0,20,0,0,False
2983,logic-ng/logicng,3fec85f2abf5908942396c8e507949539ceefc7b,org/logicng/util/PairTest.java,36,4,4,14,0.5,18,4,4,0,0,0,0,0,0,0,0,0,1,0,0,0,0,0,0,4,0,0,False
2984,logic-ng/logicng,aea0cc4515c5d35d771a4312d47557f381bf8730,org/logicng/backbones/BackboneTest.java,75,6,8,37,0.35,26,6,4,0,0,0,0,1,0,0,0,0,1,0,0,2,0,0,0,5,0,0,False
2985,logic-ng/logicng,aea0cc4515c5d35d771a4312d47557f381bf8730,org/logicng/backbones/BackboneGenerationTest.java,224,9,27,100,0.22,49,9,4,2,0,0,0,4,0,0,0,0,0,0,0,2,0,0,0,8,0,0,False
2986,logic-ng/logicng,aea0cc4515c5d35d771a4312d47557f381bf8730,org/logicng/collections/LNGBooleanVectorTest.java,173,11,22,75,0.34,59,11,10,9,0,0,0,0,0,0,0,0,1,0,0,7,0,0,0,11,0,0,False
2987,logic-ng/logicng,aea0cc4515c5d35d771a4312d47557f381bf8730,org/logicng/collections/LNGByteVectorTest.java,198,12,25,84,0.29,57,12,11,11,0,0,0,0,0,0,0,0,1,0,0,6,0,0,0,12,0,0,False
2988,logic-ng/logicng,aea0cc4515c5d35d771a4312d47557f381bf8730,org/logicng/collections/LNGDoublePriorityQueueTest.java,107,6,6,35,0.4,43,6,5,0,0,0,0,0,0,0,0,0,1,0,0,3,0,0,0,6,0,0,False
2989,logic-ng/logicng,aea0cc4515c5d35d771a4312d47557f381bf8730,org/logicng/collections/LNGDoubleVectorTest.java,195,12,25,83,0.29,56,12,11,11,0,0,0,0,0,0,0,0,1,0,0,6,0,0,0,12,0,0,False
2990,logic-ng/logicng,aea0cc4515c5d35d771a4312d47557f381bf8730,org/logicng/collections/LNGIntVectorTest.java,195,12,25,83,0.29,56,12,11,11,0,0,0,0,0,0,0,0,1,0,0,6,0,0,0,12,0,0,False
2991,logic-ng/logicng,aea0cc4515c5d35d771a4312d47557f381bf8730,org/logicng/collections/LNGLongPriorityQueueTest.java,86,5,5,28,0.42,36,5,4,0,0,0,0,0,0,0,0,0,1,0,0,3,0,0,0,5,0,0,False
2992,logic-ng/logicng,aea0cc4515c5d35d771a4312d47557f381bf8730,org/logicng/collections/LNGLongVectorTest.java,198,12,25,84,0.29,57,12,11,11,0,0,0,0,0,0,0,0,1,0,0,6,0,0,0,12,0,0,False
2993,logic-ng/logicng,aea0cc4515c5d35d771a4312d47557f381bf8730,org/logicng/collections/LNGVectorTest.java,342,22,42,135,0.29,100,21,19,20,1,0,0,0,0,0,0,0,2,0,0,9,0,0,0,21,0,0,False
2994,logic-ng/logicng,aea0cc4515c5d35d771a4312d47557f381bf8730,org/logicng/datastructures/AssignmentTest.java,154,14,18,87,0.47,73,14,13,0,0,0,0,2,0,0,0,0,1,0,0,6,0,0,0,14,0,0,False
2995,logic-ng/logicng,aea0cc4515c5d35d771a4312d47557f381bf8730,org/logicng/formulas/SubstitutionTest.java,112,13,17,50,0.35,39,12,9,0,1,0,0,4,0,0,0,0,1,0,0,2,0,0,0,12,0,0,False
2996,logic-ng/logicng,aea0cc4515c5d35d771a4312d47557f381bf8730,org/logicng/datastructures/ubtrees/UBNodeTest.java,33,4,4,14,0.27,9,3,2,0,1,0,0,0,0,0,0,0,1,0,0,1,0,0,0,3,0,0,False
2997,logic-ng/logicng,aea0cc4515c5d35d771a4312d47557f381bf8730,org/logicng/datastructures/ubtrees/UBTreeTest.java,201,8,9,57,0.62,125,8,6,0,0,0,0,0,0,0,0,0,0,0,0,1,0,0,0,7,0,0,False
2998,logic-ng/logicng,aea0cc4515c5d35d771a4312d47557f381bf8730,org/logicng/explanations/mus/MUSConfigTest.java,12,1,2,11,0.17,2,1,1,0,0,0,0,0,0,0,0,0,1,0,0,0,0,0,0,1,0,0,False
2999,logic-ng/logicng,aea0cc4515c5d35d771a4312d47557f381bf8730,org/logicng/explanations/mus/MUSGenerationTest.java,114,12,24,32,0.05,6,11,2,2,1,0,0,2,0,0,0,0,1,0,0,0,2,1,0,8,0,0,False
3000,logic-ng/logicng,aea0cc4515c5d35d771a4312d47557f381bf8730,org/logicng/explanations/smus/SmusComputationTest.java,96,16,38,82,0.14,13,16,0,3,0,0,0,15,0,0,0,0,0,0,0,0,5,1,0,15,0,0,False
3001,logic-ng/logicng,aea0cc4515c5d35d771a4312d47557f381bf8730,org/logicng/explanations/UNSATCoreTest.java,54,5,7,19,0.3,16,4,4,0,1,0,0,0,0,0,0,0,1,0,0,1,0,0,0,4,0,0,False
3002,logic-ng/logicng,aea0cc4515c5d35d771a4312d47557f381bf8730,org/logicng/formulas/AndTest.java,129,17,22,83,0.56,72,17,14,0,0,0,0,2,0,0,0,0,1,0,0,4,0,0,0,17,0,0,False
3003,logic-ng/logicng,aea0cc4515c5d35d771a4312d47557f381bf8730,org/logicng/formulas/CFalseTest.java,54,15,16,53,0.31,17,15,2,0,0,0,0,0,0,0,0,0,1,0,0,0,0,0,0,15,0,0,False
3004,logic-ng/logicng,aea0cc4515c5d35d771a4312d47557f381bf8730,org/logicng/formulas/CTrueTest.java,55,15,16,53,0.33,18,15,3,0,0,0,0,0,0,0,0,0,1,0,0,1,0,0,0,15,0,0,False
3005,logic-ng/logicng,aea0cc4515c5d35d771a4312d47557f381bf8730,org/logicng/formulas/EquivalenceTest.java,118,17,20,72,0.55,65,17,16,0,0,0,0,1,0,0,0,0,1,0,0,4,0,0,0,17,0,0,False
3006,logic-ng/logicng,aea0cc4515c5d35d771a4312d47557f381bf8730,org/logicng/formulas/ExtendedFormulaFactoryTest.java,199,12,21,74,0.27,54,12,7,0,0,0,0,1,0,0,0,0,0,0,0,5,2,1,0,10,0,0,False
3007,logic-ng/logicng,aea0cc4515c5d35d771a4312d47557f381bf8730,org/logicng/formulas/FormulaTest.java,61,8,13,44,0.28,17,6,5,0,0,0,0,0,0,0,0,0,0,0,0,0,0,0,0,6,0,0,False
3008,logic-ng/logicng,aea0cc4515c5d35d771a4312d47557f381bf8730,org/logicng/formulas/FormulaFactoryTest.java,184,9,13,96,0.48,89,9,6,1,0,0,0,1,0,0,0,0,2,0,0,2,0,0,0,9,0,0,False
3009,logic-ng/logicng,aea0cc4515c5d35d771a4312d47557f381bf8730,org/logicng/formulas/ImplicationTest.java,113,18,21,71,0.52,59,18,16,0,0,0,0,1,0,0,0,0,1,0,0,5,0,0,0,18,0,0,False
3010,logic-ng/logicng,aea0cc4515c5d35d771a4312d47557f381bf8730,org/logicng/formulas/LiteralTest.java,107,20,21,76,0.52,56,20,19,0,0,0,0,0,0,0,0,0,1,0,0,2,1,0,0,20,0,0,False
3011,logic-ng/logicng,aea0cc4515c5d35d771a4312d47557f381bf8730,org/logicng/formulas/NotTest.java,95,16,19,67,0.51,48,16,15,0,0,0,0,1,0,0,0,0,1,0,0,4,0,0,0,16,0,0,False
3012,logic-ng/logicng,aea0cc4515c5d35d771a4312d47557f381bf8730,org/logicng/formulas/OrTest.java,124,16,21,78,0.57,71,16,14,0,0,0,0,2,0,0,0,0,1,0,0,4,0,0,0,16,0,0,False
3013,logic-ng/logicng,aea0cc4515c5d35d771a4312d47557f381bf8730,org/logicng/formulas/PBConstraintTest.java,604,33,36,198,0.61,367,32,30,0,1,0,0,0,0,0,0,0,5,0,0,6,0,0,0,32,0,0,False
3014,logic-ng/logicng,aea0cc4515c5d35d771a4312d47557f381bf8730,org/logicng/formulas/printer/DefaultStringRepresentationTest.java,48,3,3,18,0.71,34,3,1,0,0,0,0,0,0,0,0,0,2,0,0,0,0,0,0,3,0,0,False
3015,logic-ng/logicng,aea0cc4515c5d35d771a4312d47557f381bf8730,org/logicng/formulas/printer/LatexStringRepresentationTest.java,46,3,3,15,0.67,31,3,2,0,0,0,0,0,0,0,0,0,2,0,0,0,0,0,0,3,0,0,False
3016,logic-ng/logicng,aea0cc4515c5d35d771a4312d47557f381bf8730,org/logicng/formulas/printer/SortedStringRepresentationTest.java,61,4,4,22,0.69,42,4,2,0,0,0,0,0,0,0,0,0,2,0,0,2,0,0,0,4,0,0,False
3017,logic-ng/logicng,aea0cc4515c5d35d771a4312d47557f381bf8730,org/logicng/formulas/printer/UTF8StringRepresentationTest.java,46,3,3,15,0.67,31,3,2,0,0,0,0,0,0,0,0,0,2,0,0,0,0,0,0,3,0,0,False
3018,logic-ng/logicng,aea0cc4515c5d35d771a4312d47557f381bf8730,org/logicng/functions/FormulaDepthFunctionTest.java,54,4,7,20,0.57,31,4,3,1,0,0,0,1,0,0,0,0,0,0,0,1,0,0,0,4,0,0,False
3019,logic-ng/logicng,aea0cc4515c5d35d771a4312d47557f381bf8730,org/logicng/graphs/algorithms/BronKerboschTest.java,44,1,4,14,0.16,7,1,1,1,0,0,0,1,0,0,0,0,0,0,0,1,0,0,0,1,0,0,False
3020,logic-ng/logicng,aea0cc4515c5d35d771a4312d47557f381bf8730,org/logicng/graphs/datastructures/GraphTest.java,71,5,8,39,0.27,19,5,4,0,0,0,0,0,0,0,0,0,1,0,0,1,0,0,0,4,0,0,False
3021,logic-ng/logicng,aea0cc4515c5d35d771a4312d47557f381bf8730,org/logicng/graphs/datastructures/HypergraphTest.java,34,2,2,12,0.21,7,2,1,0,0,0,0,0,0,0,0,0,1,0,0,1,0,0,0,2,0,0,False
3022,logic-ng/logicng,aea0cc4515c5d35d771a4312d47557f381bf8730,org/logicng/graphs/datastructures/HypergraphEdgeTest.java,51,4,6,20,0.22,11,4,2,0,0,0,0,2,0,0,0,0,0,0,0,2,0,0,0,4,0,0,False
3023,logic-ng/logicng,aea0cc4515c5d35d771a4312d47557f381bf8730,org/logicng/graphs/datastructures/HypergraphNodeTest.java,30,2,2,12,0.37,11,2,2,0,0,0,0,0,0,0,0,0,0,0,0,1,0,0,0,2,0,0,False
3024,logic-ng/logicng,aea0cc4515c5d35d771a4312d47557f381bf8730,org/logicng/graphs/generators/ConstraintGraphGeneratorTest.java,75,5,13,45,0.11,8,5,1,1,0,0,0,5,0,0,0,0,3,0,0,1,0,0,0,5,0,0,False
3025,logic-ng/logicng,aea0cc4515c5d35d771a4312d47557f381bf8730,org/logicng/graphs/generators/HypergraphGeneratorTest.java,83,3,8,26,0.28,23,3,2,0,0,0,0,3,0,0,0,0,0,0,0,2,0,0,0,3,0,0,False
3026,logic-ng/logicng,aea0cc4515c5d35d771a4312d47557f381bf8730,org/logicng/graphs/io/GraphDimacsFileWriterTest.java,55,6,16,19,0.13,7,6,0,1,0,0,0,3,0,0,0,0,0,0,0,0,3,1,0,3,0,0,False
3027,logic-ng/logicng,aea0cc4515c5d35d771a4312d47557f381bf8730,org/logicng/graphs/io/GraphDotFileWriterTest.java,33,5,11,11,0.06,2,5,0,1,0,0,0,3,0,0,0,0,0,0,0,0,3,1,0,3,0,0,False
3028,logic-ng/logicng,aea0cc4515c5d35d771a4312d47557f381bf8730,org/logicng/handlers/NumberOfNodesBDDHandlerTest.java,9,1,1,0,0.0,0,1,0,0,0,0,0,0,0,0,0,0,0,0,0,0,0,0,0,1,0,0,False
3029,logic-ng/logicng,aea0cc4515c5d35d771a4312d47557f381bf8730,org/logicng/handlers/TimeoutBDDHandlerTest.java,44,6,14,31,0.14,6,6,3,0,0,0,0,3,0,0,0,0,0,0,1,1,1,0,0,5,0,0,False
3030,logic-ng/logicng,aea0cc4515c5d35d771a4312d47557f381bf8730,org/logicng/handlers/TimeoutMaxSATHandlerTest.java,41,7,15,31,0.1,4,7,4,4,0,0,0,5,0,0,0,0,0,0,2,2,1,0,0,6,0,0,False
3031,logic-ng/logicng,aea0cc4515c5d35d771a4312d47557f381bf8730,org/logicng/handlers/TimeoutModelEnumerationHandlerTest.java,60,6,13,49,0.1,6,6,3,4,0,0,0,2,0,0,0,0,0,0,1,1,2,0,0,5,0,0,False
3032,logic-ng/logicng,aea0cc4515c5d35d771a4312d47557f381bf8730,org/logicng/handlers/TimeoutOptimizationHandlerTest.java,46,5,14,45,0.04,2,5,1,3,0,0,0,4,0,0,0,0,0,0,1,1,1,0,0,4,0,0,False
3033,logic-ng/logicng,aea0cc4515c5d35d771a4312d47557f381bf8730,org/logicng/handlers/TimeoutSATHandlerTest.java,55,6,13,37,0.11,6,6,3,4,0,0,0,2,0,0,0,0,0,0,1,1,1,0,0,5,0,0,False
3034,logic-ng/logicng,aea0cc4515c5d35d771a4312d47557f381bf8730,org/logicng/io/parsers/PropositionalParserTest.java,142,29,38,55,0.45,64,29,9,0,0,0,0,9,0,0,0,0,1,0,0,0,0,0,0,29,0,0,False
3035,logic-ng/logicng,aea0cc4515c5d35d771a4312d47557f381bf8730,org/logicng/io/parsers/PseudoBooleanParserTest.java,164,30,42,77,0.51,84,30,12,0,0,0,0,12,0,0,0,0,1,0,0,1,0,0,0,30,0,0,False
3036,logic-ng/logicng,aea0cc4515c5d35d771a4312d47557f381bf8730,org/logicng/io/readers/DimacsReaderTest.java,9,1,1,0,0.0,0,1,0,0,0,0,0,0,0,1,0,0,0,0,0,0,0,0,1,1,0,0,False
3037,logic-ng/logicng,aea0cc4515c5d35d771a4312d47557f381bf8730,org/logicng/io/writers/FormulaDimacsFileWriterTest.java,67,7,17,21,0.09,6,7,0,0,0,0,0,4,0,0,0,0,0,0,0,0,4,1,0,5,0,0,False
3038,logic-ng/logicng,aea0cc4515c5d35d771a4312d47557f381bf8730,org/logicng/io/writers/FormulaDotFileWriterTest.java,46,5,11,14,0.04,2,5,0,0,0,0,0,4,0,0,0,0,0,0,0,0,4,1,0,4,0,0,False
3039,logic-ng/logicng,aea0cc4515c5d35d771a4312d47557f381bf8730,org/logicng/knowledgecompilation/bdds/datastructures/BDDNodeTest.java,66,4,4,35,0.47,31,4,4,0,0,0,0,0,0,0,0,0,0,0,0,1,0,0,0,4,0,0,False
3040,logic-ng/logicng,aea0cc4515c5d35d771a4312d47557f381bf8730,org/logicng/knowledgecompilation/bdds/io/BDDDotFileWriterTest.java,29,2,5,9,0.03,1,2,0,0,0,0,0,1,0,0,0,0,0,0,0,0,1,1,0,1,0,0,False
3041,logic-ng/logicng,aea0cc4515c5d35d771a4312d47557f381bf8730,org/logicng/knowledgecompilation/bdds/BDDOperationsTest.java,220,11,19,60,0.68,150,11,10,0,0,0,0,3,0,0,0,0,0,0,0,0,0,0,0,10,0,0,False
3042,logic-ng/logicng,aea0cc4515c5d35d771a4312d47557f381bf8730,org/logicng/knowledgecompilation/bdds/jbuddy/BDDPrimeTest.java,6,1,1,3,0.33,2,1,1,0,0,0,0,0,0,0,0,0,0,0,0,0,0,0,0,1,0,0,False
3043,logic-ng/logicng,aea0cc4515c5d35d771a4312d47557f381bf8730,org/logicng/knowledgecompilation/bdds/BDDReorderingTest.java,201,17,41,85,0.04,8,17,3,0,0,0,0,2,0,0,0,0,0,0,0,2,4,2,0,7,0,0,False
3044,logic-ng/logicng,aea0cc4515c5d35d771a4312d47557f381bf8730,org/logicng/knowledgecompilation/bdds/orderings/BFSOrderingTest.java,27,2,5,11,0.37,10,2,1,0,0,0,0,2,0,0,0,0,0,0,0,0,0,0,0,2,0,0,False
3045,logic-ng/logicng,aea0cc4515c5d35d771a4312d47557f381bf8730,org/logicng/knowledgecompilation/bdds/orderings/DFSOrderingTest.java,27,2,5,11,0.37,10,2,1,0,0,0,0,2,0,0,0,0,0,0,0,0,0,0,0,2,0,0,False
3046,logic-ng/logicng,aea0cc4515c5d35d771a4312d47557f381bf8730,org/logicng/knowledgecompilation/bdds/orderings/ForceOrderingTest.java,33,3,9,17,0.21,7,3,1,0,0,0,0,3,0,0,0,0,0,0,0,0,0,0,0,3,0,0,False
3047,logic-ng/logicng,aea0cc4515c5d35d771a4312d47557f381bf8730,org/logicng/knowledgecompilation/dnnf/datastructures/dtree/DTreeNodeTest.java,11,1,2,4,0.09,1,1,0,0,0,0,0,1,0,0,0,0,1,0,0,0,0,0,0,1,0,0,False
3048,logic-ng/logicng,aea0cc4515c5d35d771a4312d47557f381bf8730,org/logicng/knowledgecompilation/dnnf/DnnfCompilerTest.java,95,7,21,38,0.03,3,7,0,1,0,0,0,5,0,0,0,0,0,0,0,0,3,1,0,5,0,0,False
3049,logic-ng/logicng,aea0cc4515c5d35d771a4312d47557f381bf8730,org/logicng/LogicNGVersionTest.java,15,4,4,0,0.0,0,4,4,0,0,0,0,0,0,0,0,0,0,0,0,4,0,0,0,4,0,0,False
3050,logic-ng/logicng,aea0cc4515c5d35d771a4312d47557f381bf8730,org/logicng/modelcounting/ModelCounterTest.java,76,14,22,53,0.17,13,14,6,4,0,0,0,3,0,0,0,0,0,0,0,1,1,1,0,10,0,0,False
3051,logic-ng/logicng,aea0cc4515c5d35d771a4312d47557f381bf8730,org/logicng/np/SetCoverTest.java,31,2,2,16,0.19,6,2,1,0,0,0,0,0,0,0,0,0,0,0,0,1,0,0,0,2,0,0,False
3052,logic-ng/logicng,aea0cc4515c5d35d771a4312d47557f381bf8730,org/logicng/predicates/CNFPredicateTest.java,30,3,3,10,0.53,16,3,1,0,0,0,0,0,0,0,0,0,1,0,0,0,0,0,0,3,0,0,False
3053,logic-ng/logicng,aea0cc4515c5d35d771a4312d47557f381bf8730,org/logicng/predicates/ContainsPBCPredicateTest.java,44,6,9,30,0.43,19,6,4,1,0,0,0,2,0,0,0,0,1,0,0,0,0,0,0,6,0,0,False
3054,logic-ng/logicng,aea0cc4515c5d35d771a4312d47557f381bf8730,org/logicng/predicates/DNFPredicateTest.java,28,2,2,10,0.57,16,2,1,0,0,0,0,0,0,0,0,0,1,0,0,0,0,0,0,2,0,0,False
3055,logic-ng/logicng,aea0cc4515c5d35d771a4312d47557f381bf8730,org/logicng/predicates/EvaluatesToConstantPredicateTest.java,432,22,34,94,0.83,360,21,21,2,1,0,0,12,0,0,0,0,0,0,0,1,0,0,0,21,0,0,False
3056,logic-ng/logicng,aea0cc4515c5d35d771a4312d47557f381bf8730,org/logicng/predicates/NNFPredicateTest.java,32,2,2,11,0.63,20,2,1,0,0,0,0,0,0,0,0,0,1,0,0,0,0,0,0,2,0,0,False
3057,logic-ng/logicng,aea0cc4515c5d35d771a4312d47557f381bf8730,org/logicng/predicates/TermPredicateTest.java,47,3,3,17,0.68,32,3,3,0,0,0,0,0,0,0,0,0,1,0,0,0,0,0,0,3,0,0,False
3058,logic-ng/logicng,aea0cc4515c5d35d771a4312d47557f381bf8730,org/logicng/primecomputation/PrimeCompilerTest.java,118,12,33,65,0.09,11,12,0,4,0,0,0,4,0,0,0,0,1,0,0,0,6,1,0,7,0,0,False
3059,logic-ng/logicng,aea0cc4515c5d35d771a4312d47557f381bf8730,org/logicng/primecomputation/PrimeResultTest.java,75,5,5,28,0.36,27,4,3,0,1,0,0,0,0,0,0,0,1,0,0,0,0,0,0,4,0,0,False
3060,logic-ng/logicng,aea0cc4515c5d35d771a4312d47557f381bf8730,org/logicng/propositions/ExtendedPropositionTest.java,56,5,11,18,0.25,14,4,4,0,1,0,0,3,0,0,0,0,1,0,0,0,0,0,0,4,0,0,False
3061,logic-ng/logicng,aea0cc4515c5d35d771a4312d47557f381bf8730,org/logicng/propositions/StandardPropositionTest.java,43,5,11,18,0.35,15,4,4,0,1,0,0,3,0,0,0,0,1,0,0,0,0,0,0,4,0,0,False
3062,logic-ng/logicng,aea0cc4515c5d35d771a4312d47557f381bf8730,org/logicng/pseudobooleans/PBEncoderTest.java,66,9,13,30,0.11,7,8,1,4,1,0,0,1,0,0,0,0,1,0,0,0,1,1,0,7,0,0,False
3063,logic-ng/logicng,aea0cc4515c5d35d771a4312d47557f381bf8730,org/logicng/solvers/datastructures/LNGHeapTest.java,23,1,1,10,0.22,5,1,1,0,0,0,0,0,0,0,0,0,1,0,0,1,0,0,0,1,0,0,False
3064,logic-ng/logicng,aea0cc4515c5d35d771a4312d47557f381bf8730,org/logicng/solvers/functions/BackboneFunctionTest.java,274,11,39,159,0.25,68,11,8,6,0,0,0,7,0,0,0,0,0,0,0,8,0,0,0,8,0,0,False
3065,logic-ng/logicng,aea0cc4515c5d35d771a4312d47557f381bf8730,org/logicng/solvers/functions/OptimizationFunctionTest.java,284,23,63,200,0.14,39,23,6,5,0,0,0,11,0,0,0,0,0,0,0,1,8,3,0,14,0,0,False
3066,logic-ng/logicng,aea0cc4515c5d35d771a4312d47557f381bf8730,org/logicng/solvers/functions/UnsatCoreFunctionTest.java,9,1,1,0,0.0,0,1,1,0,0,0,0,0,0,0,0,0,0,0,0,0,0,0,0,1,0,0,False
3067,logic-ng/logicng,aea0cc4515c5d35d771a4312d47557f381bf8730,org/logicng/solvers/sat/MiniSatTest.java,52,7,11,26,0.25,13,7,3,0,0,0,0,1,0,0,0,0,1,0,0,1,0,0,0,5,0,0,False
3068,logic-ng/logicng,aea0cc4515c5d35d771a4312d47557f381bf8730,org/logicng/solvers/sat/GlucoseSyrupTest.java,33,6,11,9,0.03,1,6,0,0,0,0,0,0,0,0,0,0,1,0,0,0,0,0,0,3,0,0,False
3069,logic-ng/logicng,aea0cc4515c5d35d771a4312d47557f381bf8730,org/logicng/solvers/sat/MiniCardTest.java,84,8,12,32,0.18,15,8,3,0,0,0,0,0,0,0,0,0,1,0,0,1,0,0,0,6,0,0,False
3070,logic-ng/logicng,aea0cc4515c5d35d771a4312d47557f381bf8730,org/logicng/transformations/AnonymizerTest.java,60,4,12,16,0.55,33,4,4,0,0,0,0,4,0,0,0,0,0,0,0,1,0,0,0,4,0,0,False
3071,logic-ng/logicng,aea0cc4515c5d35d771a4312d47557f381bf8730,org/logicng/transformations/FormulaFactoryImporterTest.java,187,12,17,114,0.67,126,12,10,0,0,0,0,1,0,0,0,0,0,0,0,0,0,0,0,10,0,0,False
3072,logic-ng/logicng,aea0cc4515c5d35d771a4312d47557f381bf8730,org/logicng/transformations/LiteralSubstitutionTest.java,42,5,14,19,0.4,17,5,3,0,0,0,0,4,0,0,0,0,0,0,0,0,0,0,0,4,0,0,False
3073,logic-ng/logicng,aea0cc4515c5d35d771a4312d47557f381bf8730,org/logicng/transformations/PureExpansionTransformationTest.java,107,13,37,44,0.35,37,13,6,2,0,0,0,4,0,0,0,0,1,0,0,1,2,0,0,10,0,0,False
3074,logic-ng/logicng,aea0cc4515c5d35d771a4312d47557f381bf8730,org/logicng/transformations/UnitPropagationTest.java,31,4,9,15,0.45,14,4,4,0,0,0,0,1,0,0,0,0,0,0,0,0,0,0,0,4,0,0,False
3075,logic-ng/logicng,aea0cc4515c5d35d771a4312d47557f381bf8730,org/logicng/transformations/cnf/CNFEncoderTest.java,158,13,27,106,0.22,35,13,11,0,0,0,0,10,0,0,0,0,1,0,0,3,0,0,0,12,0,0,False
3076,logic-ng/logicng,aea0cc4515c5d35d771a4312d47557f381bf8730,org/logicng/transformations/cnf/CNFSubsumptionTest.java,41,4,8,15,0.46,19,4,3,0,0,0,0,3,0,0,0,0,0,0,0,1,0,0,0,4,0,0,False
3077,logic-ng/logicng,aea0cc4515c5d35d771a4312d47557f381bf8730,org/logicng/transformations/cnf/PlaistedGreenbaumTransformationSolverTest.java,41,5,10,11,0.02,1,5,1,2,0,0,0,1,0,0,0,0,0,0,0,1,1,0,0,3,0,0,False
3078,logic-ng/logicng,aea0cc4515c5d35d771a4312d47557f381bf8730,org/logicng/transformations/dnf/DNFFactorizationTest.java,107,12,29,41,0.42,45,8,8,0,0,0,0,5,0,0,0,0,1,0,0,2,0,0,0,8,0,0,False
3079,logic-ng/logicng,aea0cc4515c5d35d771a4312d47557f381bf8730,org/logicng/transformations/dnf/DNFSubsumptionTest.java,48,4,10,15,0.4,19,4,3,1,0,0,0,3,0,0,0,0,0,0,0,1,0,0,0,4,0,0,False
3080,logic-ng/logicng,aea0cc4515c5d35d771a4312d47557f381bf8730,org/logicng/transformations/qmc/TermTest.java,80,3,7,21,0.21,17,3,3,0,0,0,0,1,0,0,0,0,1,0,0,0,0,0,0,3,0,0,False
3081,logic-ng/logicng,aea0cc4515c5d35d771a4312d47557f381bf8730,org/logicng/transformations/qmc/TermTableTest.java,47,4,8,19,0.26,12,4,2,0,0,0,0,0,0,0,0,0,1,0,0,1,0,0,0,3,0,0,False
3082,logic-ng/logicng,aea0cc4515c5d35d771a4312d47557f381bf8730,org/logicng/transformations/simplification/AdvancedSimplifierTest.java,68,10,28,37,0.12,8,10,1,4,0,0,0,5,0,0,0,0,0,0,0,0,7,1,0,8,0,0,False
3083,logic-ng/logicng,aea0cc4515c5d35d771a4312d47557f381bf8730,org/logicng/transformations/simplification/BackboneSimplifierTest.java,27,2,8,8,0.41,11,2,2,0,0,0,0,2,0,0,0,0,0,0,0,0,0,0,0,2,0,0,False
3084,logic-ng/logicng,aea0cc4515c5d35d771a4312d47557f381bf8730,org/logicng/transformations/simplification/DistributiveSimplifierTest.java,52,6,20,25,0.5,26,6,6,0,0,0,0,2,0,0,0,0,0,0,0,0,0,0,0,6,0,0,False
3085,logic-ng/logicng,aea0cc4515c5d35d771a4312d47557f381bf8730,org/logicng/util/CollectionHelperTest.java,60,6,7,16,0.6,36,6,6,0,0,0,0,0,0,0,0,0,0,0,0,1,0,0,0,6,0,0,False
3086,logic-ng/logicng,aea0cc4515c5d35d771a4312d47557f381bf8730,org/logicng/util/ComparablePairTest.java,42,5,5,18,0.52,22,5,5,0,0,0,0,0,0,0,0,0,1,0,0,0,0,0,0,5,0,0,False
3087,logic-ng/logicng,aea0cc4515c5d35d771a4312d47557f381bf8730,org/logicng/util/FormulaHelperTest.java,67,9,9,35,0.63,42,9,9,0,0,0,0,0,0,0,0,0,0,0,0,0,0,0,0,9,0,0,False
3088,logic-ng/logicng,aea0cc4515c5d35d771a4312d47557f381bf8730,org/logicng/util/FormulaRandomizerTest.java,414,22,60,276,0.21,86,22,19,20,0,0,0,0,0,0,0,0,0,0,0,1,0,0,0,20,0,0,False
3089,logic-ng/logicng,aea0cc4515c5d35d771a4312d47557f381bf8730,org/logicng/util/PairTest.java,36,4,4,14,0.5,18,4,4,0,0,0,0,0,0,0,0,0,1,0,0,0,0,0,0,4,0,0,False
3090,logic-ng/logicng,da7cf5b38709033d0f4cc1d467c13f01358cdfd0,org/logicng/backbones/BackboneTest.java,75,6,8,37,0.35,26,6,4,0,0,0,0,1,0,0,0,0,1,0,0,2,0,0,0,5,0,0,False
3091,logic-ng/logicng,da7cf5b38709033d0f4cc1d467c13f01358cdfd0,org/logicng/backbones/BackboneGenerationTest.java,224,9,27,100,0.22,49,9,4,2,0,0,0,4,0,0,0,0,0,0,0,2,0,0,0,8,0,0,False
3092,logic-ng/logicng,da7cf5b38709033d0f4cc1d467c13f01358cdfd0,org/logicng/collections/LNGBooleanVectorTest.java,173,11,22,75,0.34,59,11,10,9,0,0,0,0,0,0,0,0,1,0,0,7,0,0,0,11,0,0,False
3093,logic-ng/logicng,da7cf5b38709033d0f4cc1d467c13f01358cdfd0,org/logicng/collections/LNGByteVectorTest.java,198,12,25,84,0.29,57,12,11,11,0,0,0,0,0,0,0,0,1,0,0,6,0,0,0,12,0,0,False
3094,logic-ng/logicng,da7cf5b38709033d0f4cc1d467c13f01358cdfd0,org/logicng/collections/LNGDoublePriorityQueueTest.java,107,6,6,35,0.4,43,6,5,0,0,0,0,0,0,0,0,0,1,0,0,3,0,0,0,6,0,0,False
3095,logic-ng/logicng,da7cf5b38709033d0f4cc1d467c13f01358cdfd0,org/logicng/collections/LNGDoubleVectorTest.java,195,12,25,83,0.29,56,12,11,11,0,0,0,0,0,0,0,0,1,0,0,6,0,0,0,12,0,0,False
3096,logic-ng/logicng,da7cf5b38709033d0f4cc1d467c13f01358cdfd0,org/logicng/collections/LNGIntVectorTest.java,195,12,25,83,0.29,56,12,11,11,0,0,0,0,0,0,0,0,1,0,0,6,0,0,0,12,0,0,False
3097,logic-ng/logicng,da7cf5b38709033d0f4cc1d467c13f01358cdfd0,org/logicng/collections/LNGLongPriorityQueueTest.java,86,5,5,28,0.42,36,5,4,0,0,0,0,0,0,0,0,0,1,0,0,3,0,0,0,5,0,0,False
3098,logic-ng/logicng,da7cf5b38709033d0f4cc1d467c13f01358cdfd0,org/logicng/collections/LNGLongVectorTest.java,198,12,25,84,0.29,57,12,11,11,0,0,0,0,0,0,0,0,1,0,0,6,0,0,0,12,0,0,False
3099,logic-ng/logicng,da7cf5b38709033d0f4cc1d467c13f01358cdfd0,org/logicng/collections/LNGVectorTest.java,342,22,42,135,0.29,100,21,19,20,1,0,0,0,0,0,0,0,2,0,0,9,0,0,0,21,0,0,False
3100,logic-ng/logicng,da7cf5b38709033d0f4cc1d467c13f01358cdfd0,org/logicng/datastructures/AssignmentTest.java,154,14,18,87,0.47,73,14,13,0,0,0,0,2,0,0,0,0,1,0,0,6,0,0,0,14,0,0,False
3101,logic-ng/logicng,da7cf5b38709033d0f4cc1d467c13f01358cdfd0,org/logicng/formulas/SubstitutionTest.java,112,13,17,50,0.35,39,12,9,0,1,0,0,4,0,0,0,0,1,0,0,2,0,0,0,12,0,0,False
3102,logic-ng/logicng,da7cf5b38709033d0f4cc1d467c13f01358cdfd0,org/logicng/datastructures/ubtrees/UBNodeTest.java,33,4,4,14,0.27,9,3,2,0,1,0,0,0,0,0,0,0,1,0,0,1,0,0,0,3,0,0,False
3103,logic-ng/logicng,da7cf5b38709033d0f4cc1d467c13f01358cdfd0,org/logicng/datastructures/ubtrees/UBTreeTest.java,201,8,9,57,0.62,125,8,6,0,0,0,0,0,0,0,0,0,0,0,0,1,0,0,0,7,0,0,False
3104,logic-ng/logicng,da7cf5b38709033d0f4cc1d467c13f01358cdfd0,org/logicng/explanations/mus/MUSConfigTest.java,12,1,2,11,0.17,2,1,1,0,0,0,0,0,0,0,0,0,1,0,0,0,0,0,0,1,0,0,False
3105,logic-ng/logicng,da7cf5b38709033d0f4cc1d467c13f01358cdfd0,org/logicng/explanations/mus/MUSGenerationTest.java,114,12,24,32,0.05,6,11,2,2,1,0,0,2,0,0,0,0,1,0,0,0,2,1,0,8,0,0,False
3106,logic-ng/logicng,da7cf5b38709033d0f4cc1d467c13f01358cdfd0,org/logicng/explanations/smus/SmusComputationTest.java,96,16,38,82,0.14,13,16,0,3,0,0,0,15,0,0,0,0,0,0,0,0,5,1,0,15,0,0,False
3107,logic-ng/logicng,da7cf5b38709033d0f4cc1d467c13f01358cdfd0,org/logicng/explanations/UNSATCoreTest.java,54,5,7,19,0.3,16,4,4,0,1,0,0,0,0,0,0,0,1,0,0,1,0,0,0,4,0,0,False
3108,logic-ng/logicng,da7cf5b38709033d0f4cc1d467c13f01358cdfd0,org/logicng/formulas/AndTest.java,129,17,22,83,0.56,72,17,14,0,0,0,0,2,0,0,0,0,1,0,0,4,0,0,0,17,0,0,False
3109,logic-ng/logicng,da7cf5b38709033d0f4cc1d467c13f01358cdfd0,org/logicng/formulas/CFalseTest.java,54,15,16,53,0.31,17,15,2,0,0,0,0,0,0,0,0,0,1,0,0,0,0,0,0,15,0,0,False
3110,logic-ng/logicng,da7cf5b38709033d0f4cc1d467c13f01358cdfd0,org/logicng/formulas/CTrueTest.java,55,15,16,53,0.33,18,15,3,0,0,0,0,0,0,0,0,0,1,0,0,1,0,0,0,15,0,0,False
3111,logic-ng/logicng,da7cf5b38709033d0f4cc1d467c13f01358cdfd0,org/logicng/formulas/EquivalenceTest.java,118,17,20,72,0.55,65,17,16,0,0,0,0,1,0,0,0,0,1,0,0,4,0,0,0,17,0,0,False
3112,logic-ng/logicng,da7cf5b38709033d0f4cc1d467c13f01358cdfd0,org/logicng/formulas/ExtendedFormulaFactoryTest.java,199,12,21,74,0.27,54,12,7,0,0,0,0,1,0,0,0,0,0,0,0,5,2,1,0,10,0,0,False
3113,logic-ng/logicng,da7cf5b38709033d0f4cc1d467c13f01358cdfd0,org/logicng/formulas/FormulaTest.java,61,8,13,44,0.28,17,6,5,0,0,0,0,0,0,0,0,0,0,0,0,0,0,0,0,6,0,0,False
3114,logic-ng/logicng,da7cf5b38709033d0f4cc1d467c13f01358cdfd0,org/logicng/formulas/FormulaFactoryTest.java,184,9,13,96,0.48,89,9,6,1,0,0,0,1,0,0,0,0,2,0,0,2,0,0,0,9,0,0,False
3115,logic-ng/logicng,da7cf5b38709033d0f4cc1d467c13f01358cdfd0,org/logicng/formulas/ImplicationTest.java,113,18,21,71,0.52,59,18,16,0,0,0,0,1,0,0,0,0,1,0,0,5,0,0,0,18,0,0,False
3116,logic-ng/logicng,da7cf5b38709033d0f4cc1d467c13f01358cdfd0,org/logicng/formulas/LiteralTest.java,107,20,21,76,0.52,56,20,19,0,0,0,0,0,0,0,0,0,1,0,0,2,1,0,0,20,0,0,False
3117,logic-ng/logicng,da7cf5b38709033d0f4cc1d467c13f01358cdfd0,org/logicng/formulas/NotTest.java,95,16,19,67,0.51,48,16,15,0,0,0,0,1,0,0,0,0,1,0,0,4,0,0,0,16,0,0,False
3118,logic-ng/logicng,da7cf5b38709033d0f4cc1d467c13f01358cdfd0,org/logicng/formulas/OrTest.java,124,16,21,78,0.57,71,16,14,0,0,0,0,2,0,0,0,0,1,0,0,4,0,0,0,16,0,0,False
3119,logic-ng/logicng,da7cf5b38709033d0f4cc1d467c13f01358cdfd0,org/logicng/formulas/PBConstraintTest.java,604,33,36,198,0.61,367,32,30,0,1,0,0,0,0,0,0,0,5,0,0,6,0,0,0,32,0,0,False
3120,logic-ng/logicng,da7cf5b38709033d0f4cc1d467c13f01358cdfd0,org/logicng/formulas/printer/DefaultStringRepresentationTest.java,48,3,3,18,0.71,34,3,1,0,0,0,0,0,0,0,0,0,2,0,0,0,0,0,0,3,0,0,False
3121,logic-ng/logicng,da7cf5b38709033d0f4cc1d467c13f01358cdfd0,org/logicng/formulas/printer/LatexStringRepresentationTest.java,46,3,3,15,0.67,31,3,2,0,0,0,0,0,0,0,0,0,2,0,0,0,0,0,0,3,0,0,False
3122,logic-ng/logicng,da7cf5b38709033d0f4cc1d467c13f01358cdfd0,org/logicng/formulas/printer/SortedStringRepresentationTest.java,61,4,4,22,0.69,42,4,2,0,0,0,0,0,0,0,0,0,2,0,0,2,0,0,0,4,0,0,False
3123,logic-ng/logicng,da7cf5b38709033d0f4cc1d467c13f01358cdfd0,org/logicng/formulas/printer/UTF8StringRepresentationTest.java,46,3,3,15,0.67,31,3,2,0,0,0,0,0,0,0,0,0,2,0,0,0,0,0,0,3,0,0,False
3124,logic-ng/logicng,da7cf5b38709033d0f4cc1d467c13f01358cdfd0,org/logicng/functions/FormulaDepthFunctionTest.java,54,4,7,20,0.57,31,4,3,1,0,0,0,1,0,0,0,0,0,0,0,1,0,0,0,4,0,0,False
3125,logic-ng/logicng,da7cf5b38709033d0f4cc1d467c13f01358cdfd0,org/logicng/graphs/algorithms/BronKerboschTest.java,44,1,4,14,0.16,7,1,1,1,0,0,0,1,0,0,0,0,0,0,0,1,0,0,0,1,0,0,False
3126,logic-ng/logicng,da7cf5b38709033d0f4cc1d467c13f01358cdfd0,org/logicng/graphs/datastructures/GraphTest.java,71,5,8,39,0.27,19,5,4,0,0,0,0,0,0,0,0,0,1,0,0,1,0,0,0,4,0,0,False
3127,logic-ng/logicng,da7cf5b38709033d0f4cc1d467c13f01358cdfd0,org/logicng/graphs/datastructures/HypergraphTest.java,34,2,2,12,0.21,7,2,1,0,0,0,0,0,0,0,0,0,1,0,0,1,0,0,0,2,0,0,False
3128,logic-ng/logicng,da7cf5b38709033d0f4cc1d467c13f01358cdfd0,org/logicng/graphs/datastructures/HypergraphEdgeTest.java,51,4,6,20,0.22,11,4,2,0,0,0,0,2,0,0,0,0,0,0,0,2,0,0,0,4,0,0,False
3129,logic-ng/logicng,da7cf5b38709033d0f4cc1d467c13f01358cdfd0,org/logicng/graphs/datastructures/HypergraphNodeTest.java,30,2,2,12,0.37,11,2,2,0,0,0,0,0,0,0,0,0,0,0,0,1,0,0,0,2,0,0,False
3130,logic-ng/logicng,da7cf5b38709033d0f4cc1d467c13f01358cdfd0,org/logicng/graphs/generators/ConstraintGraphGeneratorTest.java,75,5,13,45,0.11,8,5,1,1,0,0,0,5,0,0,0,0,3,0,0,1,0,0,0,5,0,0,False
3131,logic-ng/logicng,da7cf5b38709033d0f4cc1d467c13f01358cdfd0,org/logicng/graphs/generators/HypergraphGeneratorTest.java,83,3,8,26,0.28,23,3,2,0,0,0,0,3,0,0,0,0,0,0,0,2,0,0,0,3,0,0,False
3132,logic-ng/logicng,da7cf5b38709033d0f4cc1d467c13f01358cdfd0,org/logicng/graphs/io/GraphDimacsFileWriterTest.java,55,6,16,19,0.13,7,6,0,1,0,0,0,3,0,0,0,0,0,0,0,0,3,1,0,3,0,0,False
3133,logic-ng/logicng,da7cf5b38709033d0f4cc1d467c13f01358cdfd0,org/logicng/graphs/io/GraphDotFileWriterTest.java,33,5,11,11,0.06,2,5,0,1,0,0,0,3,0,0,0,0,0,0,0,0,3,1,0,3,0,0,False
3134,logic-ng/logicng,da7cf5b38709033d0f4cc1d467c13f01358cdfd0,org/logicng/handlers/NumberOfNodesBDDHandlerTest.java,9,1,1,0,0.0,0,1,0,0,0,0,0,0,0,0,0,0,0,0,0,0,0,0,0,1,0,0,False
3135,logic-ng/logicng,da7cf5b38709033d0f4cc1d467c13f01358cdfd0,org/logicng/handlers/TimeoutBDDHandlerTest.java,44,6,14,31,0.14,6,6,3,0,0,0,0,3,0,0,0,0,0,0,1,1,1,0,0,5,0,0,False
3136,logic-ng/logicng,da7cf5b38709033d0f4cc1d467c13f01358cdfd0,org/logicng/handlers/TimeoutMaxSATHandlerTest.java,41,7,15,31,0.1,4,7,4,4,0,0,0,5,0,0,0,0,0,0,2,2,1,0,0,6,0,0,False
3137,logic-ng/logicng,da7cf5b38709033d0f4cc1d467c13f01358cdfd0,org/logicng/handlers/TimeoutModelEnumerationHandlerTest.java,60,6,13,49,0.1,6,6,3,4,0,0,0,2,0,0,0,0,0,0,1,1,2,0,0,5,0,0,False
3138,logic-ng/logicng,da7cf5b38709033d0f4cc1d467c13f01358cdfd0,org/logicng/handlers/TimeoutOptimizationHandlerTest.java,46,5,14,45,0.04,2,5,1,3,0,0,0,4,0,0,0,0,0,0,1,1,1,0,0,4,0,0,False
3139,logic-ng/logicng,da7cf5b38709033d0f4cc1d467c13f01358cdfd0,org/logicng/handlers/TimeoutSATHandlerTest.java,55,6,13,37,0.11,6,6,3,4,0,0,0,2,0,0,0,0,0,0,1,1,1,0,0,5,0,0,False
3140,logic-ng/logicng,da7cf5b38709033d0f4cc1d467c13f01358cdfd0,org/logicng/io/parsers/PropositionalParserTest.java,142,29,38,55,0.45,64,29,9,0,0,0,0,9,0,0,0,0,1,0,0,0,0,0,0,29,0,0,False
3141,logic-ng/logicng,da7cf5b38709033d0f4cc1d467c13f01358cdfd0,org/logicng/io/parsers/PseudoBooleanParserTest.java,164,30,42,77,0.51,84,30,12,0,0,0,0,12,0,0,0,0,1,0,0,1,0,0,0,30,0,0,False
3142,logic-ng/logicng,da7cf5b38709033d0f4cc1d467c13f01358cdfd0,org/logicng/io/readers/DimacsReaderTest.java,9,1,1,0,0.0,0,1,0,0,0,0,0,0,0,1,0,0,0,0,0,0,0,0,1,1,0,0,False
3143,logic-ng/logicng,da7cf5b38709033d0f4cc1d467c13f01358cdfd0,org/logicng/io/writers/FormulaDimacsFileWriterTest.java,67,7,17,21,0.09,6,7,0,0,0,0,0,4,0,0,0,0,0,0,0,0,4,1,0,5,0,0,False
3144,logic-ng/logicng,da7cf5b38709033d0f4cc1d467c13f01358cdfd0,org/logicng/io/writers/FormulaDotFileWriterTest.java,46,5,11,14,0.04,2,5,0,0,0,0,0,4,0,0,0,0,0,0,0,0,4,1,0,4,0,0,False
3145,logic-ng/logicng,da7cf5b38709033d0f4cc1d467c13f01358cdfd0,org/logicng/knowledgecompilation/bdds/datastructures/BDDNodeTest.java,66,4,4,35,0.47,31,4,4,0,0,0,0,0,0,0,0,0,0,0,0,1,0,0,0,4,0,0,False
3146,logic-ng/logicng,da7cf5b38709033d0f4cc1d467c13f01358cdfd0,org/logicng/knowledgecompilation/bdds/io/BDDDotFileWriterTest.java,29,2,5,9,0.03,1,2,0,0,0,0,0,1,0,0,0,0,0,0,0,0,1,1,0,1,0,0,False
3147,logic-ng/logicng,da7cf5b38709033d0f4cc1d467c13f01358cdfd0,org/logicng/knowledgecompilation/bdds/BDDOperationsTest.java,220,11,19,60,0.68,150,11,10,0,0,0,0,3,0,0,0,0,0,0,0,0,0,0,0,10,0,0,False
3148,logic-ng/logicng,da7cf5b38709033d0f4cc1d467c13f01358cdfd0,org/logicng/knowledgecompilation/bdds/jbuddy/BDDPrimeTest.java,6,1,1,3,0.33,2,1,1,0,0,0,0,0,0,0,0,0,0,0,0,0,0,0,0,1,0,0,False
3149,logic-ng/logicng,da7cf5b38709033d0f4cc1d467c13f01358cdfd0,org/logicng/knowledgecompilation/bdds/BDDReorderingTest.java,201,17,41,85,0.04,8,17,3,0,0,0,0,2,0,0,0,0,0,0,0,2,4,2,0,7,0,0,False
3150,logic-ng/logicng,da7cf5b38709033d0f4cc1d467c13f01358cdfd0,org/logicng/knowledgecompilation/bdds/orderings/BFSOrderingTest.java,27,2,5,11,0.37,10,2,1,0,0,0,0,2,0,0,0,0,0,0,0,0,0,0,0,2,0,0,False
3151,logic-ng/logicng,da7cf5b38709033d0f4cc1d467c13f01358cdfd0,org/logicng/knowledgecompilation/bdds/orderings/DFSOrderingTest.java,27,2,5,11,0.37,10,2,1,0,0,0,0,2,0,0,0,0,0,0,0,0,0,0,0,2,0,0,False
3152,logic-ng/logicng,da7cf5b38709033d0f4cc1d467c13f01358cdfd0,org/logicng/knowledgecompilation/bdds/orderings/ForceOrderingTest.java,33,3,9,17,0.21,7,3,1,0,0,0,0,3,0,0,0,0,0,0,0,0,0,0,0,3,0,0,False
3153,logic-ng/logicng,da7cf5b38709033d0f4cc1d467c13f01358cdfd0,org/logicng/knowledgecompilation/dnnf/datastructures/dtree/DTreeNodeTest.java,11,1,2,4,0.09,1,1,0,0,0,0,0,1,0,0,0,0,1,0,0,0,0,0,0,1,0,0,False
3154,logic-ng/logicng,da7cf5b38709033d0f4cc1d467c13f01358cdfd0,org/logicng/knowledgecompilation/dnnf/DnnfCompilerTest.java,95,7,21,38,0.03,3,7,0,1,0,0,0,5,0,0,0,0,0,0,0,0,3,1,0,5,0,0,False
3155,logic-ng/logicng,da7cf5b38709033d0f4cc1d467c13f01358cdfd0,org/logicng/LogicNGVersionTest.java,15,4,4,0,0.0,0,4,4,0,0,0,0,0,0,0,0,0,0,0,0,4,0,0,0,4,0,0,False
3156,logic-ng/logicng,da7cf5b38709033d0f4cc1d467c13f01358cdfd0,org/logicng/modelcounting/ModelCounterTest.java,76,14,22,53,0.17,13,14,6,4,0,0,0,3,0,0,0,0,0,0,0,1,1,1,0,10,0,0,False
3157,logic-ng/logicng,da7cf5b38709033d0f4cc1d467c13f01358cdfd0,org/logicng/np/SetCoverTest.java,31,2,2,16,0.19,6,2,1,0,0,0,0,0,0,0,0,0,0,0,0,1,0,0,0,2,0,0,False
3158,logic-ng/logicng,da7cf5b38709033d0f4cc1d467c13f01358cdfd0,org/logicng/predicates/CNFPredicateTest.java,30,3,3,10,0.53,16,3,1,0,0,0,0,0,0,0,0,0,1,0,0,0,0,0,0,3,0,0,False
3159,logic-ng/logicng,da7cf5b38709033d0f4cc1d467c13f01358cdfd0,org/logicng/predicates/ContainsPBCPredicateTest.java,44,6,9,30,0.43,19,6,4,1,0,0,0,2,0,0,0,0,1,0,0,0,0,0,0,6,0,0,False
3160,logic-ng/logicng,da7cf5b38709033d0f4cc1d467c13f01358cdfd0,org/logicng/predicates/DNFPredicateTest.java,28,2,2,10,0.57,16,2,1,0,0,0,0,0,0,0,0,0,1,0,0,0,0,0,0,2,0,0,False
3161,logic-ng/logicng,da7cf5b38709033d0f4cc1d467c13f01358cdfd0,org/logicng/predicates/EvaluatesToConstantPredicateTest.java,432,22,34,94,0.83,360,21,21,2,1,0,0,12,0,0,0,0,0,0,0,1,0,0,0,21,0,0,False
3162,logic-ng/logicng,da7cf5b38709033d0f4cc1d467c13f01358cdfd0,org/logicng/predicates/NNFPredicateTest.java,32,2,2,11,0.63,20,2,1,0,0,0,0,0,0,0,0,0,1,0,0,0,0,0,0,2,0,0,False
3163,logic-ng/logicng,da7cf5b38709033d0f4cc1d467c13f01358cdfd0,org/logicng/predicates/TermPredicateTest.java,47,3,3,17,0.68,32,3,3,0,0,0,0,0,0,0,0,0,1,0,0,0,0,0,0,3,0,0,False
3164,logic-ng/logicng,da7cf5b38709033d0f4cc1d467c13f01358cdfd0,org/logicng/primecomputation/PrimeCompilerTest.java,118,12,33,65,0.09,11,12,0,4,0,0,0,4,0,0,0,0,1,0,0,0,6,1,0,7,0,0,False
3165,logic-ng/logicng,da7cf5b38709033d0f4cc1d467c13f01358cdfd0,org/logicng/primecomputation/PrimeResultTest.java,75,5,5,28,0.36,27,4,3,0,1,0,0,0,0,0,0,0,1,0,0,0,0,0,0,4,0,0,False
3166,logic-ng/logicng,da7cf5b38709033d0f4cc1d467c13f01358cdfd0,org/logicng/propositions/ExtendedPropositionTest.java,56,5,11,18,0.25,14,4,4,0,1,0,0,3,0,0,0,0,1,0,0,0,0,0,0,4,0,0,False
3167,logic-ng/logicng,da7cf5b38709033d0f4cc1d467c13f01358cdfd0,org/logicng/propositions/StandardPropositionTest.java,43,5,11,18,0.35,15,4,4,0,1,0,0,3,0,0,0,0,1,0,0,0,0,0,0,4,0,0,False
3168,logic-ng/logicng,da7cf5b38709033d0f4cc1d467c13f01358cdfd0,org/logicng/pseudobooleans/PBEncoderTest.java,66,9,13,30,0.11,7,8,1,4,1,0,0,1,0,0,0,0,1,0,0,0,1,1,0,7,0,0,False
3169,logic-ng/logicng,da7cf5b38709033d0f4cc1d467c13f01358cdfd0,org/logicng/solvers/datastructures/LNGHeapTest.java,23,1,1,10,0.22,5,1,1,0,0,0,0,0,0,0,0,0,1,0,0,1,0,0,0,1,0,0,False
3170,logic-ng/logicng,da7cf5b38709033d0f4cc1d467c13f01358cdfd0,org/logicng/solvers/functions/BackboneFunctionTest.java,274,11,39,159,0.25,68,11,8,6,0,0,0,7,0,0,0,0,0,0,0,8,0,0,0,8,0,0,False
3171,logic-ng/logicng,da7cf5b38709033d0f4cc1d467c13f01358cdfd0,org/logicng/solvers/functions/OptimizationFunctionTest.java,284,23,63,200,0.14,39,23,6,5,0,0,0,11,0,0,0,0,0,0,0,1,8,3,0,14,0,0,False
3172,logic-ng/logicng,da7cf5b38709033d0f4cc1d467c13f01358cdfd0,org/logicng/solvers/functions/UnsatCoreFunctionTest.java,9,1,1,0,0.0,0,1,1,0,0,0,0,0,0,0,0,0,0,0,0,0,0,0,0,1,0,0,False
3173,logic-ng/logicng,da7cf5b38709033d0f4cc1d467c13f01358cdfd0,org/logicng/solvers/sat/MiniSatTest.java,52,7,11,26,0.25,13,7,3,0,0,0,0,1,0,0,0,0,1,0,0,1,0,0,0,5,0,0,False
3174,logic-ng/logicng,da7cf5b38709033d0f4cc1d467c13f01358cdfd0,org/logicng/solvers/sat/GlucoseSyrupTest.java,33,6,11,9,0.03,1,6,0,0,0,0,0,0,0,0,0,0,1,0,0,0,0,0,0,3,0,0,False
3175,logic-ng/logicng,da7cf5b38709033d0f4cc1d467c13f01358cdfd0,org/logicng/solvers/sat/MiniCardTest.java,84,8,12,32,0.18,15,8,3,0,0,0,0,0,0,0,0,0,1,0,0,1,0,0,0,6,0,0,False
3176,logic-ng/logicng,da7cf5b38709033d0f4cc1d467c13f01358cdfd0,org/logicng/transformations/AnonymizerTest.java,60,4,12,16,0.55,33,4,4,0,0,0,0,4,0,0,0,0,0,0,0,1,0,0,0,4,0,0,False
3177,logic-ng/logicng,da7cf5b38709033d0f4cc1d467c13f01358cdfd0,org/logicng/transformations/FormulaFactoryImporterTest.java,187,12,17,114,0.67,126,12,10,0,0,0,0,1,0,0,0,0,0,0,0,0,0,0,0,10,0,0,False
3178,logic-ng/logicng,da7cf5b38709033d0f4cc1d467c13f01358cdfd0,org/logicng/transformations/LiteralSubstitutionTest.java,42,5,14,19,0.4,17,5,3,0,0,0,0,4,0,0,0,0,0,0,0,0,0,0,0,4,0,0,False
3179,logic-ng/logicng,da7cf5b38709033d0f4cc1d467c13f01358cdfd0,org/logicng/transformations/PureExpansionTransformationTest.java,107,13,37,44,0.35,37,13,6,2,0,0,0,4,0,0,0,0,1,0,0,1,2,0,0,10,0,0,False
3180,logic-ng/logicng,da7cf5b38709033d0f4cc1d467c13f01358cdfd0,org/logicng/transformations/UnitPropagationTest.java,31,4,9,15,0.45,14,4,4,0,0,0,0,1,0,0,0,0,0,0,0,0,0,0,0,4,0,0,False
3181,logic-ng/logicng,da7cf5b38709033d0f4cc1d467c13f01358cdfd0,org/logicng/transformations/cnf/CNFEncoderTest.java,158,13,27,106,0.22,35,13,11,0,0,0,0,10,0,0,0,0,1,0,0,3,0,0,0,12,0,0,False
3182,logic-ng/logicng,da7cf5b38709033d0f4cc1d467c13f01358cdfd0,org/logicng/transformations/cnf/CNFSubsumptionTest.java,41,4,8,15,0.46,19,4,3,0,0,0,0,3,0,0,0,0,0,0,0,1,0,0,0,4,0,0,False
3183,logic-ng/logicng,da7cf5b38709033d0f4cc1d467c13f01358cdfd0,org/logicng/transformations/cnf/PlaistedGreenbaumTransformationSolverTest.java,41,5,10,11,0.02,1,5,1,2,0,0,0,1,0,0,0,0,0,0,0,1,1,0,0,3,0,0,False
3184,logic-ng/logicng,da7cf5b38709033d0f4cc1d467c13f01358cdfd0,org/logicng/transformations/dnf/DNFFactorizationTest.java,107,12,29,41,0.42,45,8,8,0,0,0,0,5,0,0,0,0,1,0,0,2,0,0,0,8,0,0,False
3185,logic-ng/logicng,da7cf5b38709033d0f4cc1d467c13f01358cdfd0,org/logicng/transformations/dnf/DNFSubsumptionTest.java,48,4,10,15,0.4,19,4,3,1,0,0,0,3,0,0,0,0,0,0,0,1,0,0,0,4,0,0,False
3186,logic-ng/logicng,da7cf5b38709033d0f4cc1d467c13f01358cdfd0,org/logicng/transformations/qmc/TermTest.java,80,3,7,21,0.21,17,3,3,0,0,0,0,1,0,0,0,0,1,0,0,0,0,0,0,3,0,0,False
3187,logic-ng/logicng,da7cf5b38709033d0f4cc1d467c13f01358cdfd0,org/logicng/transformations/qmc/TermTableTest.java,47,4,8,19,0.26,12,4,2,0,0,0,0,0,0,0,0,0,1,0,0,1,0,0,0,3,0,0,False
3188,logic-ng/logicng,da7cf5b38709033d0f4cc1d467c13f01358cdfd0,org/logicng/transformations/simplification/AdvancedSimplifierTest.java,68,10,28,37,0.12,8,10,1,4,0,0,0,5,0,0,0,0,0,0,0,0,7,1,0,8,0,0,False
3189,logic-ng/logicng,da7cf5b38709033d0f4cc1d467c13f01358cdfd0,org/logicng/transformations/simplification/BackboneSimplifierTest.java,27,2,8,8,0.41,11,2,2,0,0,0,0,2,0,0,0,0,0,0,0,0,0,0,0,2,0,0,False
3190,logic-ng/logicng,da7cf5b38709033d0f4cc1d467c13f01358cdfd0,org/logicng/transformations/simplification/DistributiveSimplifierTest.java,52,6,20,25,0.5,26,6,6,0,0,0,0,2,0,0,0,0,0,0,0,0,0,0,0,6,0,0,False
3191,logic-ng/logicng,da7cf5b38709033d0f4cc1d467c13f01358cdfd0,org/logicng/util/CollectionHelperTest.java,60,6,7,16,0.6,36,6,6,0,0,0,0,0,0,0,0,0,0,0,0,1,0,0,0,6,0,0,False
3192,logic-ng/logicng,da7cf5b38709033d0f4cc1d467c13f01358cdfd0,org/logicng/util/ComparablePairTest.java,42,5,5,18,0.52,22,5,5,0,0,0,0,0,0,0,0,0,1,0,0,0,0,0,0,5,0,0,False
3193,logic-ng/logicng,da7cf5b38709033d0f4cc1d467c13f01358cdfd0,org/logicng/util/FormulaHelperTest.java,67,9,9,35,0.63,42,9,9,0,0,0,0,0,0,0,0,0,0,0,0,0,0,0,0,9,0,0,False
3194,logic-ng/logicng,da7cf5b38709033d0f4cc1d467c13f01358cdfd0,org/logicng/util/FormulaRandomizerTest.java,414,22,60,276,0.21,86,22,19,20,0,0,0,0,0,0,0,0,0,0,0,1,0,0,0,20,0,0,False
3195,logic-ng/logicng,da7cf5b38709033d0f4cc1d467c13f01358cdfd0,org/logicng/util/PairTest.java,36,4,4,14,0.5,18,4,4,0,0,0,0,0,0,0,0,0,1,0,0,0,0,0,0,4,0,0,False
3196,logic-ng/logicng,7921ec0ffabfdd8cec93533bd02d09ee7fd6fdd9,org/logicng/backbones/BackboneTest.java,75,6,8,37,0.35,26,6,4,0,0,0,0,1,0,0,0,0,1,0,0,2,0,0,0,5,0,0,False
3197,logic-ng/logicng,7921ec0ffabfdd8cec93533bd02d09ee7fd6fdd9,org/logicng/backbones/BackboneGenerationTest.java,224,9,27,100,0.22,49,9,4,2,0,0,0,4,0,0,0,0,0,0,0,2,0,0,0,8,0,0,False
3198,logic-ng/logicng,7921ec0ffabfdd8cec93533bd02d09ee7fd6fdd9,org/logicng/collections/LNGBooleanVectorTest.java,173,11,22,75,0.34,59,11,10,9,0,0,0,0,0,0,0,0,1,0,0,7,0,0,0,11,0,0,False
3199,logic-ng/logicng,7921ec0ffabfdd8cec93533bd02d09ee7fd6fdd9,org/logicng/collections/LNGByteVectorTest.java,198,12,25,84,0.29,57,12,11,11,0,0,0,0,0,0,0,0,1,0,0,6,0,0,0,12,0,0,False
3200,logic-ng/logicng,7921ec0ffabfdd8cec93533bd02d09ee7fd6fdd9,org/logicng/collections/LNGDoublePriorityQueueTest.java,107,6,6,35,0.4,43,6,5,0,0,0,0,0,0,0,0,0,1,0,0,3,0,0,0,6,0,0,False
3201,logic-ng/logicng,7921ec0ffabfdd8cec93533bd02d09ee7fd6fdd9,org/logicng/collections/LNGDoubleVectorTest.java,195,12,25,83,0.29,56,12,11,11,0,0,0,0,0,0,0,0,1,0,0,6,0,0,0,12,0,0,False
3202,logic-ng/logicng,7921ec0ffabfdd8cec93533bd02d09ee7fd6fdd9,org/logicng/collections/LNGIntVectorTest.java,195,12,25,83,0.29,56,12,11,11,0,0,0,0,0,0,0,0,1,0,0,6,0,0,0,12,0,0,False
3203,logic-ng/logicng,7921ec0ffabfdd8cec93533bd02d09ee7fd6fdd9,org/logicng/collections/LNGLongPriorityQueueTest.java,86,5,5,28,0.42,36,5,4,0,0,0,0,0,0,0,0,0,1,0,0,3,0,0,0,5,0,0,False
3204,logic-ng/logicng,7921ec0ffabfdd8cec93533bd02d09ee7fd6fdd9,org/logicng/collections/LNGLongVectorTest.java,198,12,25,84,0.29,57,12,11,11,0,0,0,0,0,0,0,0,1,0,0,6,0,0,0,12,0,0,False
3205,logic-ng/logicng,7921ec0ffabfdd8cec93533bd02d09ee7fd6fdd9,org/logicng/collections/LNGVectorTest.java,342,22,42,135,0.29,100,21,19,20,1,0,0,0,0,0,0,0,2,0,0,9,0,0,0,21,0,0,False
3206,logic-ng/logicng,7921ec0ffabfdd8cec93533bd02d09ee7fd6fdd9,org/logicng/datastructures/AssignmentTest.java,154,14,18,87,0.47,73,14,13,0,0,0,0,2,0,0,0,0,1,0,0,6,0,0,0,14,0,0,False
3207,logic-ng/logicng,7921ec0ffabfdd8cec93533bd02d09ee7fd6fdd9,org/logicng/formulas/SubstitutionTest.java,112,13,17,50,0.35,39,12,9,0,1,0,0,4,0,0,0,0,1,0,0,2,0,0,0,12,0,0,False
3208,logic-ng/logicng,7921ec0ffabfdd8cec93533bd02d09ee7fd6fdd9,org/logicng/datastructures/ubtrees/UBNodeTest.java,33,4,4,14,0.27,9,3,2,0,1,0,0,0,0,0,0,0,1,0,0,1,0,0,0,3,0,0,False
3209,logic-ng/logicng,7921ec0ffabfdd8cec93533bd02d09ee7fd6fdd9,org/logicng/datastructures/ubtrees/UBTreeTest.java,201,8,9,57,0.62,125,8,6,0,0,0,0,0,0,0,0,0,0,0,0,1,0,0,0,7,0,0,False
3210,logic-ng/logicng,7921ec0ffabfdd8cec93533bd02d09ee7fd6fdd9,org/logicng/explanations/mus/MUSConfigTest.java,12,1,2,11,0.17,2,1,1,0,0,0,0,0,0,0,0,0,1,0,0,0,0,0,0,1,0,0,False
3211,logic-ng/logicng,7921ec0ffabfdd8cec93533bd02d09ee7fd6fdd9,org/logicng/explanations/mus/MUSGenerationTest.java,114,12,24,32,0.05,6,11,2,2,1,0,0,2,0,0,0,0,1,0,0,0,2,1,0,8,0,0,False
3212,logic-ng/logicng,7921ec0ffabfdd8cec93533bd02d09ee7fd6fdd9,org/logicng/explanations/smus/SmusComputationTest.java,95,16,38,79,0.14,13,16,0,3,0,0,0,15,0,0,0,0,0,0,0,0,5,1,0,15,0,0,False
3213,logic-ng/logicng,7921ec0ffabfdd8cec93533bd02d09ee7fd6fdd9,org/logicng/explanations/UNSATCoreTest.java,54,5,7,19,0.3,16,4,4,0,1,0,0,0,0,0,0,0,1,0,0,1,0,0,0,4,0,0,False
3214,logic-ng/logicng,7921ec0ffabfdd8cec93533bd02d09ee7fd6fdd9,org/logicng/formulas/AndTest.java,129,17,22,83,0.56,72,17,14,0,0,0,0,2,0,0,0,0,1,0,0,4,0,0,0,17,0,0,False
3215,logic-ng/logicng,7921ec0ffabfdd8cec93533bd02d09ee7fd6fdd9,org/logicng/formulas/CFalseTest.java,54,15,16,53,0.31,17,15,2,0,0,0,0,0,0,0,0,0,1,0,0,0,0,0,0,15,0,0,False
3216,logic-ng/logicng,7921ec0ffabfdd8cec93533bd02d09ee7fd6fdd9,org/logicng/formulas/CTrueTest.java,55,15,16,53,0.33,18,15,3,0,0,0,0,0,0,0,0,0,1,0,0,1,0,0,0,15,0,0,False
3217,logic-ng/logicng,7921ec0ffabfdd8cec93533bd02d09ee7fd6fdd9,org/logicng/formulas/EquivalenceTest.java,118,17,20,72,0.55,65,17,16,0,0,0,0,1,0,0,0,0,1,0,0,4,0,0,0,17,0,0,False
3218,logic-ng/logicng,7921ec0ffabfdd8cec93533bd02d09ee7fd6fdd9,org/logicng/formulas/ExtendedFormulaFactoryTest.java,199,12,21,73,0.27,54,12,7,0,0,0,0,1,0,0,0,0,0,0,0,5,2,1,0,10,0,0,False
3219,logic-ng/logicng,7921ec0ffabfdd8cec93533bd02d09ee7fd6fdd9,org/logicng/formulas/FormulaTest.java,61,8,13,44,0.28,17,6,5,0,0,0,0,0,0,0,0,0,0,0,0,0,0,0,0,6,0,0,False
3220,logic-ng/logicng,7921ec0ffabfdd8cec93533bd02d09ee7fd6fdd9,org/logicng/formulas/FormulaFactoryTest.java,184,9,14,96,0.48,89,9,6,1,0,0,0,2,0,0,0,0,2,0,0,2,0,0,0,9,0,0,False
3221,logic-ng/logicng,7921ec0ffabfdd8cec93533bd02d09ee7fd6fdd9,org/logicng/formulas/ImplicationTest.java,113,18,21,71,0.52,59,18,16,0,0,0,0,1,0,0,0,0,1,0,0,5,0,0,0,18,0,0,False
3222,logic-ng/logicng,7921ec0ffabfdd8cec93533bd02d09ee7fd6fdd9,org/logicng/formulas/LiteralTest.java,107,20,21,75,0.52,56,20,19,0,0,0,0,0,0,0,0,0,1,0,0,2,1,0,0,20,0,0,False
3223,logic-ng/logicng,7921ec0ffabfdd8cec93533bd02d09ee7fd6fdd9,org/logicng/formulas/NotTest.java,95,16,19,67,0.51,48,16,15,0,0,0,0,1,0,0,0,0,1,0,0,4,0,0,0,16,0,0,False
3224,logic-ng/logicng,7921ec0ffabfdd8cec93533bd02d09ee7fd6fdd9,org/logicng/formulas/OrTest.java,124,16,21,78,0.57,71,16,14,0,0,0,0,2,0,0,0,0,1,0,0,4,0,0,0,16,0,0,False
3225,logic-ng/logicng,7921ec0ffabfdd8cec93533bd02d09ee7fd6fdd9,org/logicng/formulas/PBConstraintTest.java,604,33,36,198,0.61,367,32,30,0,1,0,0,0,0,0,0,0,5,0,0,6,0,0,0,32,0,0,False
3226,logic-ng/logicng,7921ec0ffabfdd8cec93533bd02d09ee7fd6fdd9,org/logicng/formulas/printer/DefaultStringRepresentationTest.java,48,3,3,18,0.71,34,3,1,0,0,0,0,0,0,0,0,0,2,0,0,0,0,0,0,3,0,0,False
3227,logic-ng/logicng,7921ec0ffabfdd8cec93533bd02d09ee7fd6fdd9,org/logicng/formulas/printer/LatexStringRepresentationTest.java,46,3,3,15,0.67,31,3,2,0,0,0,0,0,0,0,0,0,2,0,0,0,0,0,0,3,0,0,False
3228,logic-ng/logicng,7921ec0ffabfdd8cec93533bd02d09ee7fd6fdd9,org/logicng/formulas/printer/SortedStringRepresentationTest.java,61,4,4,22,0.69,42,4,2,0,0,0,0,0,0,0,0,0,2,0,0,2,0,0,0,4,0,0,False
3229,logic-ng/logicng,7921ec0ffabfdd8cec93533bd02d09ee7fd6fdd9,org/logicng/formulas/printer/UTF8StringRepresentationTest.java,46,3,3,15,0.67,31,3,2,0,0,0,0,0,0,0,0,0,2,0,0,0,0,0,0,3,0,0,False
3230,logic-ng/logicng,7921ec0ffabfdd8cec93533bd02d09ee7fd6fdd9,org/logicng/functions/FormulaDepthFunctionTest.java,54,4,7,20,0.57,31,4,3,1,0,0,0,1,0,0,0,0,0,0,0,1,0,0,0,4,0,0,False
3231,logic-ng/logicng,7921ec0ffabfdd8cec93533bd02d09ee7fd6fdd9,org/logicng/graphs/algorithms/BronKerboschTest.java,44,1,4,14,0.16,7,1,1,1,0,0,0,1,0,0,0,0,0,0,0,1,0,0,0,1,0,0,False
3232,logic-ng/logicng,7921ec0ffabfdd8cec93533bd02d09ee7fd6fdd9,org/logicng/graphs/datastructures/GraphTest.java,71,5,8,39,0.27,19,5,4,0,0,0,0,0,0,0,0,0,1,0,0,1,0,0,0,4,0,0,False
3233,logic-ng/logicng,7921ec0ffabfdd8cec93533bd02d09ee7fd6fdd9,org/logicng/graphs/datastructures/HypergraphTest.java,34,2,2,12,0.21,7,2,1,0,0,0,0,0,0,0,0,0,1,0,0,1,0,0,0,2,0,0,False
3234,logic-ng/logicng,7921ec0ffabfdd8cec93533bd02d09ee7fd6fdd9,org/logicng/graphs/datastructures/HypergraphEdgeTest.java,51,4,6,20,0.22,11,4,2,0,0,0,0,2,0,0,0,0,0,0,0,2,0,0,0,4,0,0,False
3235,logic-ng/logicng,7921ec0ffabfdd8cec93533bd02d09ee7fd6fdd9,org/logicng/graphs/datastructures/HypergraphNodeTest.java,30,2,2,12,0.37,11,2,2,0,0,0,0,0,0,0,0,0,0,0,0,1,0,0,0,2,0,0,False
3236,logic-ng/logicng,7921ec0ffabfdd8cec93533bd02d09ee7fd6fdd9,org/logicng/graphs/generators/ConstraintGraphGeneratorTest.java,75,5,13,45,0.11,8,5,1,1,0,0,0,5,0,0,0,0,3,0,0,1,0,0,0,5,0,0,False
3237,logic-ng/logicng,7921ec0ffabfdd8cec93533bd02d09ee7fd6fdd9,org/logicng/graphs/generators/HypergraphGeneratorTest.java,83,3,8,26,0.28,23,3,2,0,0,0,0,3,0,0,0,0,0,0,0,2,0,0,0,3,0,0,False
3238,logic-ng/logicng,7921ec0ffabfdd8cec93533bd02d09ee7fd6fdd9,org/logicng/graphs/io/GraphDimacsFileWriterTest.java,55,6,16,19,0.13,7,6,0,1,0,0,0,3,0,0,0,0,0,0,0,0,3,1,0,3,0,0,False
3239,logic-ng/logicng,7921ec0ffabfdd8cec93533bd02d09ee7fd6fdd9,org/logicng/graphs/io/GraphDotFileWriterTest.java,33,5,11,11,0.06,2,5,0,1,0,0,0,3,0,0,0,0,0,0,0,0,3,1,0,3,0,0,False
3240,logic-ng/logicng,7921ec0ffabfdd8cec93533bd02d09ee7fd6fdd9,org/logicng/handlers/NumberOfNodesBDDHandlerTest.java,9,1,1,0,0.0,0,1,0,0,0,0,0,0,0,0,0,0,0,0,0,0,0,0,0,1,0,0,False
3241,logic-ng/logicng,7921ec0ffabfdd8cec93533bd02d09ee7fd6fdd9,org/logicng/handlers/TimeoutBDDHandlerTest.java,44,6,14,31,0.14,6,6,3,0,0,0,0,3,0,0,0,0,0,0,1,1,1,0,0,5,0,0,False
3242,logic-ng/logicng,7921ec0ffabfdd8cec93533bd02d09ee7fd6fdd9,org/logicng/handlers/TimeoutMaxSATHandlerTest.java,41,7,15,31,0.1,4,7,4,4,0,0,0,5,0,0,0,0,0,0,2,2,1,0,0,6,0,0,False
3243,logic-ng/logicng,7921ec0ffabfdd8cec93533bd02d09ee7fd6fdd9,org/logicng/handlers/TimeoutModelEnumerationHandlerTest.java,60,6,13,49,0.1,6,6,3,4,0,0,0,2,0,0,0,0,0,0,1,1,2,0,0,5,0,0,False
3244,logic-ng/logicng,7921ec0ffabfdd8cec93533bd02d09ee7fd6fdd9,org/logicng/handlers/TimeoutOptimizationHandlerTest.java,46,5,14,45,0.04,2,5,1,3,0,0,0,4,0,0,0,0,0,0,1,1,1,0,0,4,0,0,False
3245,logic-ng/logicng,7921ec0ffabfdd8cec93533bd02d09ee7fd6fdd9,org/logicng/handlers/TimeoutSATHandlerTest.java,55,6,13,37,0.11,6,6,3,4,0,0,0,2,0,0,0,0,0,0,1,1,1,0,0,5,0,0,False
3246,logic-ng/logicng,7921ec0ffabfdd8cec93533bd02d09ee7fd6fdd9,org/logicng/io/parsers/PropositionalParserTest.java,142,29,38,55,0.45,64,29,9,0,0,0,0,9,0,0,0,0,1,0,0,0,0,0,0,29,0,0,False
3247,logic-ng/logicng,7921ec0ffabfdd8cec93533bd02d09ee7fd6fdd9,org/logicng/io/parsers/PseudoBooleanParserTest.java,164,30,42,77,0.51,84,30,12,0,0,0,0,12,0,0,0,0,1,0,0,1,0,0,0,30,0,0,False
3248,logic-ng/logicng,7921ec0ffabfdd8cec93533bd02d09ee7fd6fdd9,org/logicng/io/readers/DimacsReaderTest.java,9,1,1,0,0.0,0,1,0,0,0,0,0,0,0,1,0,0,0,0,0,0,0,0,1,1,0,0,False
3249,logic-ng/logicng,7921ec0ffabfdd8cec93533bd02d09ee7fd6fdd9,org/logicng/io/writers/FormulaDimacsFileWriterTest.java,67,7,17,21,0.09,6,7,0,0,0,0,0,4,0,0,0,0,0,0,0,0,4,1,0,5,0,0,False
3250,logic-ng/logicng,7921ec0ffabfdd8cec93533bd02d09ee7fd6fdd9,org/logicng/io/writers/FormulaDotFileWriterTest.java,46,5,11,14,0.04,2,5,0,0,0,0,0,4,0,0,0,0,0,0,0,0,4,1,0,4,0,0,False
3251,logic-ng/logicng,7921ec0ffabfdd8cec93533bd02d09ee7fd6fdd9,org/logicng/knowledgecompilation/bdds/datastructures/BDDNodeTest.java,66,4,4,35,0.47,31,4,4,0,0,0,0,0,0,0,0,0,0,0,0,1,0,0,0,4,0,0,False
3252,logic-ng/logicng,7921ec0ffabfdd8cec93533bd02d09ee7fd6fdd9,org/logicng/knowledgecompilation/bdds/io/BDDDotFileWriterTest.java,29,2,5,9,0.03,1,2,0,0,0,0,0,1,0,0,0,0,0,0,0,0,1,1,0,1,0,0,False
3253,logic-ng/logicng,7921ec0ffabfdd8cec93533bd02d09ee7fd6fdd9,org/logicng/knowledgecompilation/bdds/BDDOperationsTest.java,220,11,19,60,0.68,150,11,10,0,0,0,0,3,0,0,0,0,0,0,0,0,0,0,0,10,0,0,False
3254,logic-ng/logicng,7921ec0ffabfdd8cec93533bd02d09ee7fd6fdd9,org/logicng/knowledgecompilation/bdds/jbuddy/BDDPrimeTest.java,6,1,1,3,0.33,2,1,1,0,0,0,0,0,0,0,0,0,0,0,0,0,0,0,0,1,0,0,False
3255,logic-ng/logicng,7921ec0ffabfdd8cec93533bd02d09ee7fd6fdd9,org/logicng/knowledgecompilation/bdds/BDDReorderingTest.java,201,17,42,85,0.04,8,17,3,0,0,0,0,3,0,0,0,0,0,0,0,2,4,2,0,7,0,0,False
3256,logic-ng/logicng,7921ec0ffabfdd8cec93533bd02d09ee7fd6fdd9,org/logicng/knowledgecompilation/bdds/orderings/BFSOrderingTest.java,27,2,5,11,0.37,10,2,1,0,0,0,0,2,0,0,0,0,0,0,0,0,0,0,0,2,0,0,False
3257,logic-ng/logicng,7921ec0ffabfdd8cec93533bd02d09ee7fd6fdd9,org/logicng/knowledgecompilation/bdds/orderings/DFSOrderingTest.java,27,2,5,11,0.37,10,2,1,0,0,0,0,2,0,0,0,0,0,0,0,0,0,0,0,2,0,0,False
3258,logic-ng/logicng,7921ec0ffabfdd8cec93533bd02d09ee7fd6fdd9,org/logicng/knowledgecompilation/bdds/orderings/ForceOrderingTest.java,33,3,9,17,0.21,7,3,1,0,0,0,0,3,0,0,0,0,0,0,0,0,0,0,0,3,0,0,False
3259,logic-ng/logicng,7921ec0ffabfdd8cec93533bd02d09ee7fd6fdd9,org/logicng/knowledgecompilation/dnnf/datastructures/dtree/DTreeNodeTest.java,11,1,2,4,0.09,1,1,0,0,0,0,0,1,0,0,0,0,1,0,0,0,0,0,0,1,0,0,False
3260,logic-ng/logicng,7921ec0ffabfdd8cec93533bd02d09ee7fd6fdd9,org/logicng/knowledgecompilation/dnnf/DnnfCompilerTest.java,95,7,21,38,0.03,3,7,0,1,0,0,0,5,0,0,0,0,0,0,0,0,3,1,0,5,0,0,False
3261,logic-ng/logicng,7921ec0ffabfdd8cec93533bd02d09ee7fd6fdd9,org/logicng/LogicNGVersionTest.java,15,4,4,0,0.0,0,4,4,0,0,0,0,0,0,0,0,0,0,0,0,4,0,0,0,4,0,0,False
3262,logic-ng/logicng,7921ec0ffabfdd8cec93533bd02d09ee7fd6fdd9,org/logicng/modelcounting/ModelCounterTest.java,76,14,22,53,0.17,13,14,6,4,0,0,0,3,0,0,0,0,0,0,0,1,1,1,0,10,0,0,False
3263,logic-ng/logicng,7921ec0ffabfdd8cec93533bd02d09ee7fd6fdd9,org/logicng/np/SetCoverTest.java,31,2,2,16,0.19,6,2,1,0,0,0,0,0,0,0,0,0,0,0,0,1,0,0,0,2,0,0,False
3264,logic-ng/logicng,7921ec0ffabfdd8cec93533bd02d09ee7fd6fdd9,org/logicng/predicates/CNFPredicateTest.java,30,3,3,10,0.53,16,3,1,0,0,0,0,0,0,0,0,0,1,0,0,0,0,0,0,3,0,0,False
3265,logic-ng/logicng,7921ec0ffabfdd8cec93533bd02d09ee7fd6fdd9,org/logicng/predicates/ContainsPBCPredicateTest.java,44,6,9,30,0.43,19,6,4,1,0,0,0,2,0,0,0,0,1,0,0,0,0,0,0,6,0,0,False
3266,logic-ng/logicng,7921ec0ffabfdd8cec93533bd02d09ee7fd6fdd9,org/logicng/predicates/DNFPredicateTest.java,28,2,2,10,0.57,16,2,1,0,0,0,0,0,0,0,0,0,1,0,0,0,0,0,0,2,0,0,False
3267,logic-ng/logicng,7921ec0ffabfdd8cec93533bd02d09ee7fd6fdd9,org/logicng/predicates/EvaluatesToConstantPredicateTest.java,432,22,34,94,0.83,360,21,21,2,1,0,0,12,0,0,0,0,0,0,0,1,0,0,0,21,0,0,False
3268,logic-ng/logicng,7921ec0ffabfdd8cec93533bd02d09ee7fd6fdd9,org/logicng/predicates/NNFPredicateTest.java,32,2,2,11,0.63,20,2,1,0,0,0,0,0,0,0,0,0,1,0,0,0,0,0,0,2,0,0,False
3269,logic-ng/logicng,7921ec0ffabfdd8cec93533bd02d09ee7fd6fdd9,org/logicng/primecomputation/PrimeCompilerTest.java,119,12,32,69,0.09,11,12,0,4,0,0,0,3,0,0,0,0,1,0,0,0,6,1,0,7,0,0,False
3270,logic-ng/logicng,7921ec0ffabfdd8cec93533bd02d09ee7fd6fdd9,org/logicng/primecomputation/PrimeResultTest.java,75,5,5,28,0.36,27,4,3,0,1,0,0,0,0,0,0,0,1,0,0,0,0,0,0,4,0,0,False
3271,logic-ng/logicng,7921ec0ffabfdd8cec93533bd02d09ee7fd6fdd9,org/logicng/propositions/ExtendedPropositionTest.java,56,5,11,18,0.25,14,4,4,0,1,0,0,3,0,0,0,0,1,0,0,0,0,0,0,4,0,0,False
3272,logic-ng/logicng,7921ec0ffabfdd8cec93533bd02d09ee7fd6fdd9,org/logicng/propositions/StandardPropositionTest.java,43,5,11,18,0.35,15,4,4,0,1,0,0,3,0,0,0,0,1,0,0,0,0,0,0,4,0,0,False
3273,logic-ng/logicng,7921ec0ffabfdd8cec93533bd02d09ee7fd6fdd9,org/logicng/pseudobooleans/PBEncoderTest.java,66,9,13,30,0.11,7,8,1,4,1,0,0,1,0,0,0,0,1,0,0,0,1,1,0,7,0,0,False
3274,logic-ng/logicng,7921ec0ffabfdd8cec93533bd02d09ee7fd6fdd9,org/logicng/solvers/datastructures/LNGHeapTest.java,23,1,1,10,0.22,5,1,1,0,0,0,0,0,0,0,0,0,1,0,0,1,0,0,0,1,0,0,False
3275,logic-ng/logicng,7921ec0ffabfdd8cec93533bd02d09ee7fd6fdd9,org/logicng/solvers/functions/BackboneFunctionTest.java,274,11,39,159,0.25,68,11,8,6,0,0,0,7,0,0,0,0,0,0,0,8,0,0,0,8,0,0,False
3276,logic-ng/logicng,7921ec0ffabfdd8cec93533bd02d09ee7fd6fdd9,org/logicng/solvers/functions/OptimizationFunctionTest.java,285,23,63,200,0.14,40,23,6,5,0,0,0,11,0,0,0,0,0,0,0,1,8,3,0,14,0,0,False
3277,logic-ng/logicng,7921ec0ffabfdd8cec93533bd02d09ee7fd6fdd9,org/logicng/solvers/functions/UnsatCoreFunctionTest.java,9,1,1,0,0.0,0,1,1,0,0,0,0,0,0,0,0,0,0,0,0,0,0,0,0,1,0,0,False
3278,logic-ng/logicng,7921ec0ffabfdd8cec93533bd02d09ee7fd6fdd9,org/logicng/solvers/sat/MiniSatTest.java,52,7,11,26,0.25,13,7,3,0,0,0,0,1,0,0,0,0,1,0,0,1,0,0,0,5,0,0,False
3279,logic-ng/logicng,7921ec0ffabfdd8cec93533bd02d09ee7fd6fdd9,org/logicng/solvers/sat/GlucoseSyrupTest.java,33,6,11,9,0.03,1,6,0,0,0,0,0,0,0,0,0,0,1,0,0,0,0,0,0,3,0,0,False
3280,logic-ng/logicng,7921ec0ffabfdd8cec93533bd02d09ee7fd6fdd9,org/logicng/solvers/sat/MiniCardTest.java,84,8,12,32,0.18,15,8,3,0,0,0,0,0,0,0,0,0,1,0,0,1,0,0,0,6,0,0,False
3281,logic-ng/logicng,7921ec0ffabfdd8cec93533bd02d09ee7fd6fdd9,org/logicng/transformations/AnonymizerTest.java,60,4,12,16,0.55,33,4,4,0,0,0,0,4,0,0,0,0,0,0,0,1,0,0,0,4,0,0,False
3282,logic-ng/logicng,7921ec0ffabfdd8cec93533bd02d09ee7fd6fdd9,org/logicng/transformations/FormulaFactoryImporterTest.java,187,12,17,114,0.67,126,12,10,0,0,0,0,1,0,0,0,0,0,0,0,0,0,0,0,10,0,0,False
3283,logic-ng/logicng,7921ec0ffabfdd8cec93533bd02d09ee7fd6fdd9,org/logicng/transformations/LiteralSubstitutionTest.java,42,5,14,19,0.4,17,5,3,0,0,0,0,4,0,0,0,0,0,0,0,0,0,0,0,4,0,0,False
3284,logic-ng/logicng,7921ec0ffabfdd8cec93533bd02d09ee7fd6fdd9,org/logicng/transformations/PureExpansionTransformationTest.java,107,13,37,44,0.35,37,13,6,2,0,0,0,4,0,0,0,0,1,0,0,1,2,0,0,10,0,0,False
3285,logic-ng/logicng,7921ec0ffabfdd8cec93533bd02d09ee7fd6fdd9,org/logicng/transformations/UnitPropagationTest.java,31,4,9,15,0.45,14,4,4,0,0,0,0,1,0,0,0,0,0,0,0,0,0,0,0,4,0,0,False
3286,logic-ng/logicng,7921ec0ffabfdd8cec93533bd02d09ee7fd6fdd9,org/logicng/transformations/cnf/CNFEncoderTest.java,158,13,27,106,0.22,35,13,11,0,0,0,0,10,0,0,0,0,1,0,0,3,0,0,0,12,0,0,False
3287,logic-ng/logicng,7921ec0ffabfdd8cec93533bd02d09ee7fd6fdd9,org/logicng/transformations/cnf/CNFSubsumptionTest.java,41,4,8,15,0.46,19,4,3,0,0,0,0,3,0,0,0,0,0,0,0,1,0,0,0,4,0,0,False
3288,logic-ng/logicng,7921ec0ffabfdd8cec93533bd02d09ee7fd6fdd9,org/logicng/transformations/cnf/PlaistedGreenbaumTransformationSolverTest.java,41,5,10,11,0.02,1,5,1,2,0,0,0,1,0,0,0,0,0,0,0,1,1,0,0,3,0,0,False
3289,logic-ng/logicng,7921ec0ffabfdd8cec93533bd02d09ee7fd6fdd9,org/logicng/transformations/dnf/DNFFactorizationTest.java,107,12,29,41,0.42,45,8,8,0,0,0,0,5,0,0,0,0,1,0,0,2,0,0,0,8,0,0,False
3290,logic-ng/logicng,7921ec0ffabfdd8cec93533bd02d09ee7fd6fdd9,org/logicng/transformations/dnf/DNFSubsumptionTest.java,48,4,10,15,0.4,19,4,3,1,0,0,0,3,0,0,0,0,0,0,0,1,0,0,0,4,0,0,False
3291,logic-ng/logicng,7921ec0ffabfdd8cec93533bd02d09ee7fd6fdd9,org/logicng/transformations/qmc/TermTest.java,80,3,7,21,0.21,17,3,3,0,0,0,0,1,0,0,0,0,1,0,0,0,0,0,0,3,0,0,False
3292,logic-ng/logicng,7921ec0ffabfdd8cec93533bd02d09ee7fd6fdd9,org/logicng/transformations/qmc/TermTableTest.java,47,4,8,19,0.26,12,4,2,0,0,0,0,0,0,0,0,0,1,0,0,1,0,0,0,3,0,0,False
3293,logic-ng/logicng,7921ec0ffabfdd8cec93533bd02d09ee7fd6fdd9,org/logicng/transformations/simplification/AdvancedSimplifierTest.java,69,10,27,41,0.12,8,10,1,4,0,0,0,4,0,0,0,0,0,0,0,0,7,1,0,8,0,0,False
3294,logic-ng/logicng,7921ec0ffabfdd8cec93533bd02d09ee7fd6fdd9,org/logicng/transformations/simplification/BackboneSimplifierTest.java,27,2,8,8,0.41,11,2,2,0,0,0,0,2,0,0,0,0,0,0,0,0,0,0,0,2,0,0,False
3295,logic-ng/logicng,7921ec0ffabfdd8cec93533bd02d09ee7fd6fdd9,org/logicng/transformations/simplification/DistributiveSimplifierTest.java,52,6,20,25,0.5,26,6,6,0,0,0,0,2,0,0,0,0,0,0,0,0,0,0,0,6,0,0,False
3296,logic-ng/logicng,7921ec0ffabfdd8cec93533bd02d09ee7fd6fdd9,org/logicng/util/CollectionHelperTest.java,61,5,5,21,0.62,38,5,5,0,0,0,0,0,0,0,0,0,0,0,0,1,0,0,0,5,0,0,False
3297,logic-ng/logicng,7921ec0ffabfdd8cec93533bd02d09ee7fd6fdd9,org/logicng/util/ComparablePairTest.java,42,5,5,18,0.52,22,5,5,0,0,0,0,0,0,0,0,0,1,0,0,0,0,0,0,5,0,0,False
3298,logic-ng/logicng,7921ec0ffabfdd8cec93533bd02d09ee7fd6fdd9,org/logicng/util/FormulaHelperTest.java,41,5,5,15,0.59,24,5,5,0,0,0,0,0,0,0,0,0,0,0,0,0,0,0,0,5,0,0,False
3299,logic-ng/logicng,7921ec0ffabfdd8cec93533bd02d09ee7fd6fdd9,org/logicng/util/FormulaRandomizerTest.java,414,22,60,276,0.21,86,22,19,20,0,0,0,0,0,0,0,0,0,0,0,1,0,0,0,20,0,0,False
3300,logic-ng/logicng,7921ec0ffabfdd8cec93533bd02d09ee7fd6fdd9,org/logicng/util/PairTest.java,36,4,4,14,0.5,18,4,4,0,0,0,0,0,0,0,0,0,1,0,0,0,0,0,0,4,0,0,False
3301,logic-ng/logicng,994294fbb283b7b96230da3937369bf8fc062b5f,org/logicng/backbones/BackboneTest.java,75,6,8,37,0.35,26,6,4,0,0,0,0,1,0,0,0,0,1,0,0,2,0,0,0,5,0,0,False
3302,logic-ng/logicng,994294fbb283b7b96230da3937369bf8fc062b5f,org/logicng/backbones/BackboneGenerationTest.java,214,8,24,93,0.22,47,8,3,1,0,0,0,3,0,0,0,0,0,0,0,2,0,0,0,7,0,0,False
3303,logic-ng/logicng,994294fbb283b7b96230da3937369bf8fc062b5f,org/logicng/collections/LNGBooleanVectorTest.java,173,11,22,75,0.34,59,11,10,9,0,0,0,0,0,0,0,0,1,0,0,7,0,0,0,11,0,0,False
3304,logic-ng/logicng,994294fbb283b7b96230da3937369bf8fc062b5f,org/logicng/collections/LNGByteVectorTest.java,198,12,25,84,0.29,57,12,11,11,0,0,0,0,0,0,0,0,1,0,0,6,0,0,0,12,0,0,False
3305,logic-ng/logicng,994294fbb283b7b96230da3937369bf8fc062b5f,org/logicng/collections/LNGDoublePriorityQueueTest.java,107,6,6,35,0.4,43,6,5,0,0,0,0,0,0,0,0,0,1,0,0,3,0,0,0,6,0,0,False
3306,logic-ng/logicng,994294fbb283b7b96230da3937369bf8fc062b5f,org/logicng/collections/LNGDoubleVectorTest.java,195,12,25,83,0.29,56,12,11,11,0,0,0,0,0,0,0,0,1,0,0,6,0,0,0,12,0,0,False
3307,logic-ng/logicng,994294fbb283b7b96230da3937369bf8fc062b5f,org/logicng/collections/LNGIntVectorTest.java,195,12,25,83,0.29,56,12,11,11,0,0,0,0,0,0,0,0,1,0,0,6,0,0,0,12,0,0,False
3308,logic-ng/logicng,994294fbb283b7b96230da3937369bf8fc062b5f,org/logicng/collections/LNGLongPriorityQueueTest.java,86,5,5,28,0.42,36,5,4,0,0,0,0,0,0,0,0,0,1,0,0,3,0,0,0,5,0,0,False
3309,logic-ng/logicng,994294fbb283b7b96230da3937369bf8fc062b5f,org/logicng/collections/LNGLongVectorTest.java,198,12,25,84,0.29,57,12,11,11,0,0,0,0,0,0,0,0,1,0,0,6,0,0,0,12,0,0,False
3310,logic-ng/logicng,994294fbb283b7b96230da3937369bf8fc062b5f,org/logicng/collections/LNGVectorTest.java,342,22,42,135,0.29,100,21,19,20,1,0,0,0,0,0,0,0,2,0,0,9,0,0,0,21,0,0,False
3311,logic-ng/logicng,994294fbb283b7b96230da3937369bf8fc062b5f,org/logicng/datastructures/AssignmentTest.java,154,14,18,87,0.47,73,14,13,0,0,0,0,2,0,0,0,0,1,0,0,6,0,0,0,14,0,0,False
3312,logic-ng/logicng,994294fbb283b7b96230da3937369bf8fc062b5f,org/logicng/formulas/SubstitutionTest.java,112,13,17,50,0.35,39,12,9,0,1,0,0,4,0,0,0,0,1,0,0,2,0,0,0,12,0,0,False
3313,logic-ng/logicng,994294fbb283b7b96230da3937369bf8fc062b5f,org/logicng/datastructures/ubtrees/UBNodeTest.java,33,4,4,14,0.27,9,3,2,0,1,0,0,0,0,0,0,0,1,0,0,1,0,0,0,3,0,0,False
3314,logic-ng/logicng,994294fbb283b7b96230da3937369bf8fc062b5f,org/logicng/datastructures/ubtrees/UBTreeTest.java,201,8,9,57,0.62,125,8,6,0,0,0,0,0,0,0,0,0,0,0,0,1,0,0,0,7,0,0,False
3315,logic-ng/logicng,994294fbb283b7b96230da3937369bf8fc062b5f,org/logicng/explanations/mus/MUSConfigTest.java,12,1,2,11,0.17,2,1,1,0,0,0,0,0,0,0,0,0,1,0,0,0,0,0,0,1,0,0,False
3316,logic-ng/logicng,994294fbb283b7b96230da3937369bf8fc062b5f,org/logicng/explanations/mus/MUSGenerationTest.java,110,10,20,32,0.05,6,9,0,0,1,0,0,0,0,0,0,0,1,0,0,0,2,1,0,6,0,0,False
3317,logic-ng/logicng,994294fbb283b7b96230da3937369bf8fc062b5f,org/logicng/explanations/smus/SmusComputationTest.java,52,9,18,55,0.17,9,9,0,0,0,0,0,9,0,0,0,0,0,0,0,0,0,0,0,9,0,0,False
3318,logic-ng/logicng,994294fbb283b7b96230da3937369bf8fc062b5f,org/logicng/explanations/UNSATCoreTest.java,54,5,7,19,0.3,16,4,4,0,1,0,0,0,0,0,0,0,1,0,0,1,0,0,0,4,0,0,False
3319,logic-ng/logicng,994294fbb283b7b96230da3937369bf8fc062b5f,org/logicng/formulas/AndTest.java,129,17,22,83,0.56,72,17,14,0,0,0,0,2,0,0,0,0,1,0,0,4,0,0,0,17,0,0,False
3320,logic-ng/logicng,994294fbb283b7b96230da3937369bf8fc062b5f,org/logicng/formulas/CFalseTest.java,54,15,16,53,0.31,17,15,2,0,0,0,0,0,0,0,0,0,1,0,0,0,0,0,0,15,0,0,False
3321,logic-ng/logicng,994294fbb283b7b96230da3937369bf8fc062b5f,org/logicng/formulas/CTrueTest.java,55,15,16,53,0.33,18,15,3,0,0,0,0,0,0,0,0,0,1,0,0,1,0,0,0,15,0,0,False
3322,logic-ng/logicng,994294fbb283b7b96230da3937369bf8fc062b5f,org/logicng/formulas/EquivalenceTest.java,118,17,20,72,0.55,65,17,16,0,0,0,0,1,0,0,0,0,1,0,0,4,0,0,0,17,0,0,False
3323,logic-ng/logicng,994294fbb283b7b96230da3937369bf8fc062b5f,org/logicng/formulas/ExtendedFormulaFactoryTest.java,199,12,21,73,0.27,54,12,7,0,0,0,0,1,0,0,0,0,0,0,0,5,2,1,0,10,0,0,False
3324,logic-ng/logicng,994294fbb283b7b96230da3937369bf8fc062b5f,org/logicng/formulas/FormulaTest.java,61,8,13,44,0.28,17,6,5,0,0,0,0,0,0,0,0,0,0,0,0,0,0,0,0,6,0,0,False
3325,logic-ng/logicng,994294fbb283b7b96230da3937369bf8fc062b5f,org/logicng/formulas/FormulaFactoryTest.java,184,9,14,96,0.48,89,9,6,1,0,0,0,2,0,0,0,0,2,0,0,2,0,0,0,9,0,0,False
3326,logic-ng/logicng,994294fbb283b7b96230da3937369bf8fc062b5f,org/logicng/formulas/ImplicationTest.java,113,18,21,71,0.52,59,18,16,0,0,0,0,1,0,0,0,0,1,0,0,5,0,0,0,18,0,0,False
3327,logic-ng/logicng,994294fbb283b7b96230da3937369bf8fc062b5f,org/logicng/formulas/LiteralTest.java,107,20,21,75,0.52,56,20,19,0,0,0,0,0,0,0,0,0,1,0,0,2,1,0,0,20,0,0,False
3328,logic-ng/logicng,994294fbb283b7b96230da3937369bf8fc062b5f,org/logicng/formulas/NotTest.java,95,16,19,67,0.51,48,16,15,0,0,0,0,1,0,0,0,0,1,0,0,4,0,0,0,16,0,0,False
3329,logic-ng/logicng,994294fbb283b7b96230da3937369bf8fc062b5f,org/logicng/formulas/OrTest.java,124,16,21,78,0.57,71,16,14,0,0,0,0,2,0,0,0,0,1,0,0,4,0,0,0,16,0,0,False
3330,logic-ng/logicng,994294fbb283b7b96230da3937369bf8fc062b5f,org/logicng/formulas/PBConstraintTest.java,604,33,36,198,0.61,367,32,30,0,1,0,0,0,0,0,0,0,5,0,0,6,0,0,0,32,0,0,False
3331,logic-ng/logicng,994294fbb283b7b96230da3937369bf8fc062b5f,org/logicng/formulas/printer/DefaultStringRepresentationTest.java,48,3,3,18,0.71,34,3,1,0,0,0,0,0,0,0,0,0,2,0,0,0,0,0,0,3,0,0,False
3332,logic-ng/logicng,994294fbb283b7b96230da3937369bf8fc062b5f,org/logicng/formulas/printer/LatexStringRepresentationTest.java,46,3,3,15,0.67,31,3,2,0,0,0,0,0,0,0,0,0,2,0,0,0,0,0,0,3,0,0,False
3333,logic-ng/logicng,994294fbb283b7b96230da3937369bf8fc062b5f,org/logicng/formulas/printer/SortedStringRepresentationTest.java,61,4,4,22,0.69,42,4,2,0,0,0,0,0,0,0,0,0,2,0,0,2,0,0,0,4,0,0,False
3334,logic-ng/logicng,994294fbb283b7b96230da3937369bf8fc062b5f,org/logicng/formulas/printer/UTF8StringRepresentationTest.java,46,3,3,15,0.67,31,3,2,0,0,0,0,0,0,0,0,0,2,0,0,0,0,0,0,3,0,0,False
3335,logic-ng/logicng,994294fbb283b7b96230da3937369bf8fc062b5f,org/logicng/functions/FormulaDepthFunctionTest.java,54,4,7,20,0.57,31,4,3,1,0,0,0,1,0,0,0,0,0,0,0,1,0,0,0,4,0,0,False
3336,logic-ng/logicng,994294fbb283b7b96230da3937369bf8fc062b5f,org/logicng/graphs/algorithms/BronKerboschTest.java,44,1,4,14,0.16,7,1,1,1,0,0,0,1,0,0,0,0,0,0,0,1,0,0,0,1,0,0,False
3337,logic-ng/logicng,994294fbb283b7b96230da3937369bf8fc062b5f,org/logicng/graphs/datastructures/GraphTest.java,71,5,8,39,0.27,19,5,4,0,0,0,0,0,0,0,0,0,1,0,0,1,0,0,0,4,0,0,False
3338,logic-ng/logicng,994294fbb283b7b96230da3937369bf8fc062b5f,org/logicng/graphs/datastructures/HypergraphTest.java,34,2,2,12,0.21,7,2,1,0,0,0,0,0,0,0,0,0,1,0,0,1,0,0,0,2,0,0,False
3339,logic-ng/logicng,994294fbb283b7b96230da3937369bf8fc062b5f,org/logicng/graphs/datastructures/HypergraphEdgeTest.java,51,4,6,20,0.22,11,4,2,0,0,0,0,2,0,0,0,0,0,0,0,2,0,0,0,4,0,0,False
3340,logic-ng/logicng,994294fbb283b7b96230da3937369bf8fc062b5f,org/logicng/graphs/datastructures/HypergraphNodeTest.java,30,2,2,12,0.37,11,2,2,0,0,0,0,0,0,0,0,0,0,0,0,1,0,0,0,2,0,0,False
3341,logic-ng/logicng,994294fbb283b7b96230da3937369bf8fc062b5f,org/logicng/graphs/generators/ConstraintGraphGeneratorTest.java,75,5,13,45,0.11,8,5,1,1,0,0,0,5,0,0,0,0,3,0,0,1,0,0,0,5,0,0,False
3342,logic-ng/logicng,994294fbb283b7b96230da3937369bf8fc062b5f,org/logicng/graphs/generators/HypergraphGeneratorTest.java,83,3,8,26,0.28,23,3,2,0,0,0,0,3,0,0,0,0,0,0,0,2,0,0,0,3,0,0,False
3343,logic-ng/logicng,994294fbb283b7b96230da3937369bf8fc062b5f,org/logicng/graphs/io/GraphDimacsFileWriterTest.java,55,6,16,19,0.13,7,6,0,1,0,0,0,3,0,0,0,0,0,0,0,0,3,1,0,3,0,0,False
3344,logic-ng/logicng,994294fbb283b7b96230da3937369bf8fc062b5f,org/logicng/graphs/io/GraphDotFileWriterTest.java,33,5,11,11,0.06,2,5,0,1,0,0,0,3,0,0,0,0,0,0,0,0,3,1,0,3,0,0,False
3345,logic-ng/logicng,994294fbb283b7b96230da3937369bf8fc062b5f,org/logicng/handlers/NumberOfNodesBDDHandlerTest.java,9,1,1,0,0.0,0,1,0,0,0,0,0,0,0,0,0,0,0,0,0,0,0,0,0,1,0,0,False
3346,logic-ng/logicng,994294fbb283b7b96230da3937369bf8fc062b5f,org/logicng/io/parsers/PropositionalParserTest.java,142,29,38,55,0.45,64,29,9,0,0,0,0,9,0,0,0,0,1,0,0,0,0,0,0,29,0,0,False
3347,logic-ng/logicng,994294fbb283b7b96230da3937369bf8fc062b5f,org/logicng/io/parsers/PseudoBooleanParserTest.java,164,30,42,77,0.51,84,30,12,0,0,0,0,12,0,0,0,0,1,0,0,1,0,0,0,30,0,0,False
3348,logic-ng/logicng,994294fbb283b7b96230da3937369bf8fc062b5f,org/logicng/io/readers/DimacsReaderTest.java,9,1,1,0,0.0,0,1,0,0,0,0,0,0,0,1,0,0,0,0,0,0,0,0,1,1,0,0,False
3349,logic-ng/logicng,994294fbb283b7b96230da3937369bf8fc062b5f,org/logicng/io/writers/FormulaDimacsFileWriterTest.java,67,7,17,21,0.09,6,7,0,0,0,0,0,4,0,0,0,0,0,0,0,0,4,1,0,5,0,0,False
3350,logic-ng/logicng,994294fbb283b7b96230da3937369bf8fc062b5f,org/logicng/io/writers/FormulaDotFileWriterTest.java,46,5,11,14,0.04,2,5,0,0,0,0,0,4,0,0,0,0,0,0,0,0,4,1,0,4,0,0,False
3351,logic-ng/logicng,994294fbb283b7b96230da3937369bf8fc062b5f,org/logicng/knowledgecompilation/bdds/datastructures/BDDNodeTest.java,66,4,4,35,0.47,31,4,4,0,0,0,0,0,0,0,0,0,0,0,0,1,0,0,0,4,0,0,False
3352,logic-ng/logicng,994294fbb283b7b96230da3937369bf8fc062b5f,org/logicng/knowledgecompilation/bdds/io/BDDDotFileWriterTest.java,29,2,5,9,0.03,1,2,0,0,0,0,0,1,0,0,0,0,0,0,0,0,1,1,0,1,0,0,False
3353,logic-ng/logicng,994294fbb283b7b96230da3937369bf8fc062b5f,org/logicng/knowledgecompilation/bdds/BDDOperationsTest.java,220,11,19,60,0.68,150,11,10,0,0,0,0,3,0,0,0,0,0,0,0,0,0,0,0,10,0,0,False
3354,logic-ng/logicng,994294fbb283b7b96230da3937369bf8fc062b5f,org/logicng/knowledgecompilation/bdds/jbuddy/BDDPrimeTest.java,6,1,1,3,0.33,2,1,1,0,0,0,0,0,0,0,0,0,0,0,0,0,0,0,0,1,0,0,False
3355,logic-ng/logicng,994294fbb283b7b96230da3937369bf8fc062b5f,org/logicng/knowledgecompilation/bdds/BDDReorderingTest.java,201,17,42,85,0.04,8,17,3,0,0,0,0,3,0,0,0,0,0,0,0,2,4,2,0,7,0,0,False
3356,logic-ng/logicng,994294fbb283b7b96230da3937369bf8fc062b5f,org/logicng/knowledgecompilation/bdds/orderings/BFSOrderingTest.java,27,2,5,11,0.37,10,2,1,0,0,0,0,2,0,0,0,0,0,0,0,0,0,0,0,2,0,0,False
3357,logic-ng/logicng,994294fbb283b7b96230da3937369bf8fc062b5f,org/logicng/knowledgecompilation/bdds/orderings/DFSOrderingTest.java,27,2,5,11,0.37,10,2,1,0,0,0,0,2,0,0,0,0,0,0,0,0,0,0,0,2,0,0,False
3358,logic-ng/logicng,994294fbb283b7b96230da3937369bf8fc062b5f,org/logicng/knowledgecompilation/bdds/orderings/ForceOrderingTest.java,33,3,9,17,0.21,7,3,1,0,0,0,0,3,0,0,0,0,0,0,0,0,0,0,0,3,0,0,False
3359,logic-ng/logicng,994294fbb283b7b96230da3937369bf8fc062b5f,org/logicng/knowledgecompilation/dnnf/datastructures/dtree/DTreeNodeTest.java,11,1,2,4,0.09,1,1,0,0,0,0,0,1,0,0,0,0,1,0,0,0,0,0,0,1,0,0,False
3360,logic-ng/logicng,994294fbb283b7b96230da3937369bf8fc062b5f,org/logicng/knowledgecompilation/dnnf/DnnfCompilerTest.java,95,7,21,38,0.03,3,7,0,1,0,0,0,5,0,0,0,0,0,0,0,0,3,1,0,5,0,0,False
3361,logic-ng/logicng,994294fbb283b7b96230da3937369bf8fc062b5f,org/logicng/LogicNGVersionTest.java,67,5,6,22,0.31,21,5,4,0,0,0,0,0,0,0,0,0,0,0,0,4,0,0,0,4,0,0,False
3362,logic-ng/logicng,994294fbb283b7b96230da3937369bf8fc062b5f,org/logicng/modelcounting/ModelCounterTest.java,74,13,21,53,0.18,13,13,6,3,0,0,0,3,0,0,0,0,0,0,0,1,1,1,0,9,0,0,False
3363,logic-ng/logicng,994294fbb283b7b96230da3937369bf8fc062b5f,org/logicng/np/SetCoverTest.java,31,2,2,16,0.19,6,2,1,0,0,0,0,0,0,0,0,0,0,0,0,1,0,0,0,2,0,0,False
3364,logic-ng/logicng,994294fbb283b7b96230da3937369bf8fc062b5f,org/logicng/predicates/CNFPredicateTest.java,30,3,3,10,0.53,16,3,1,0,0,0,0,0,0,0,0,0,1,0,0,0,0,0,0,3,0,0,False
3365,logic-ng/logicng,994294fbb283b7b96230da3937369bf8fc062b5f,org/logicng/predicates/ContainsPBCPredicateTest.java,44,6,9,30,0.43,19,6,4,1,0,0,0,2,0,0,0,0,1,0,0,0,0,0,0,6,0,0,False
3366,logic-ng/logicng,994294fbb283b7b96230da3937369bf8fc062b5f,org/logicng/predicates/DNFPredicateTest.java,28,2,2,10,0.57,16,2,1,0,0,0,0,0,0,0,0,0,1,0,0,0,0,0,0,2,0,0,False
3367,logic-ng/logicng,994294fbb283b7b96230da3937369bf8fc062b5f,org/logicng/predicates/EvaluatesToConstantPredicateTest.java,432,22,34,94,0.83,360,21,21,2,1,0,0,12,0,0,0,0,0,0,0,1,0,0,0,21,0,0,False
3368,logic-ng/logicng,994294fbb283b7b96230da3937369bf8fc062b5f,org/logicng/predicates/NNFPredicateTest.java,32,2,2,11,0.63,20,2,1,0,0,0,0,0,0,0,0,0,1,0,0,0,0,0,0,2,0,0,False
3369,logic-ng/logicng,994294fbb283b7b96230da3937369bf8fc062b5f,org/logicng/primecomputation/PrimeCompilerTest.java,84,8,20,42,0.1,8,8,0,1,0,0,0,1,0,0,0,0,1,0,0,0,3,0,0,4,0,0,False
3370,logic-ng/logicng,994294fbb283b7b96230da3937369bf8fc062b5f,org/logicng/primecomputation/PrimeResultTest.java,75,5,5,28,0.36,27,4,3,0,1,0,0,0,0,0,0,0,1,0,0,0,0,0,0,4,0,0,False
3371,logic-ng/logicng,994294fbb283b7b96230da3937369bf8fc062b5f,org/logicng/propositions/ExtendedPropositionTest.java,56,5,11,18,0.25,14,4,4,0,1,0,0,3,0,0,0,0,1,0,0,0,0,0,0,4,0,0,False
3372,logic-ng/logicng,994294fbb283b7b96230da3937369bf8fc062b5f,org/logicng/propositions/StandardPropositionTest.java,43,5,11,18,0.35,15,4,4,0,1,0,0,3,0,0,0,0,1,0,0,0,0,0,0,4,0,0,False
3373,logic-ng/logicng,994294fbb283b7b96230da3937369bf8fc062b5f,org/logicng/pseudobooleans/PBEncoderTest.java,66,9,13,30,0.11,7,8,1,4,1,0,0,1,0,0,0,0,1,0,0,0,1,1,0,7,0,0,False
3374,logic-ng/logicng,994294fbb283b7b96230da3937369bf8fc062b5f,org/logicng/solvers/datastructures/LNGHeapTest.java,23,1,1,10,0.22,5,1,1,0,0,0,0,0,0,0,0,0,1,0,0,1,0,0,0,1,0,0,False
3375,logic-ng/logicng,994294fbb283b7b96230da3937369bf8fc062b5f,org/logicng/solvers/functions/BackboneFunctionTest.java,274,11,39,159,0.25,68,11,8,6,0,0,0,7,0,0,0,0,0,0,0,8,0,0,0,8,0,0,False
3376,logic-ng/logicng,994294fbb283b7b96230da3937369bf8fc062b5f,org/logicng/solvers/functions/OptimizationFunctionTest.java,231,21,57,170,0.13,29,21,4,4,0,0,0,9,0,0,0,0,0,0,0,1,8,3,0,12,0,0,False
3377,logic-ng/logicng,994294fbb283b7b96230da3937369bf8fc062b5f,org/logicng/solvers/functions/UnsatCoreFunctionTest.java,9,1,1,0,0.0,0,1,1,0,0,0,0,0,0,0,0,0,0,0,0,0,0,0,0,1,0,0,False
3378,logic-ng/logicng,994294fbb283b7b96230da3937369bf8fc062b5f,org/logicng/solvers/sat/MiniSatTest.java,52,7,11,26,0.25,13,7,3,0,0,0,0,1,0,0,0,0,1,0,0,1,0,0,0,5,0,0,False
3379,logic-ng/logicng,994294fbb283b7b96230da3937369bf8fc062b5f,org/logicng/solvers/sat/GlucoseSyrupTest.java,33,6,11,9,0.03,1,6,0,0,0,0,0,0,0,0,0,0,1,0,0,0,0,0,0,3,0,0,False
3380,logic-ng/logicng,994294fbb283b7b96230da3937369bf8fc062b5f,org/logicng/solvers/sat/MiniCardTest.java,84,8,12,32,0.18,15,8,3,0,0,0,0,0,0,0,0,0,1,0,0,1,0,0,0,6,0,0,False
3381,logic-ng/logicng,994294fbb283b7b96230da3937369bf8fc062b5f,org/logicng/transformations/AnonymizerTest.java,60,4,12,16,0.55,33,4,4,0,0,0,0,4,0,0,0,0,0,0,0,1,0,0,0,4,0,0,False
3382,logic-ng/logicng,994294fbb283b7b96230da3937369bf8fc062b5f,org/logicng/transformations/FormulaFactoryImporterTest.java,187,12,17,114,0.67,126,12,10,0,0,0,0,1,0,0,0,0,0,0,0,0,0,0,0,10,0,0,False
3383,logic-ng/logicng,994294fbb283b7b96230da3937369bf8fc062b5f,org/logicng/transformations/LiteralSubstitutionTest.java,42,5,14,19,0.4,17,5,3,0,0,0,0,4,0,0,0,0,0,0,0,0,0,0,0,4,0,0,False
3384,logic-ng/logicng,994294fbb283b7b96230da3937369bf8fc062b5f,org/logicng/transformations/PureExpansionTransformationTest.java,107,13,37,44,0.35,37,13,6,2,0,0,0,4,0,0,0,0,1,0,0,1,2,0,0,10,0,0,False
3385,logic-ng/logicng,994294fbb283b7b96230da3937369bf8fc062b5f,org/logicng/transformations/UnitPropagationTest.java,31,4,9,15,0.45,14,4,4,0,0,0,0,1,0,0,0,0,0,0,0,0,0,0,0,4,0,0,False
3386,logic-ng/logicng,994294fbb283b7b96230da3937369bf8fc062b5f,org/logicng/transformations/cnf/CNFEncoderTest.java,158,13,27,106,0.22,35,13,11,0,0,0,0,10,0,0,0,0,1,0,0,3,0,0,0,12,0,0,False
3387,logic-ng/logicng,994294fbb283b7b96230da3937369bf8fc062b5f,org/logicng/transformations/cnf/CNFSubsumptionTest.java,41,4,8,15,0.46,19,4,3,0,0,0,0,3,0,0,0,0,0,0,0,1,0,0,0,4,0,0,False
3388,logic-ng/logicng,994294fbb283b7b96230da3937369bf8fc062b5f,org/logicng/transformations/cnf/PlaistedGreenbaumTransformationSolverTest.java,41,5,10,11,0.02,1,5,1,2,0,0,0,1,0,0,0,0,0,0,0,1,1,0,0,3,0,0,False
3389,logic-ng/logicng,994294fbb283b7b96230da3937369bf8fc062b5f,org/logicng/transformations/dnf/DNFFactorizationTest.java,107,12,29,41,0.42,45,8,8,0,0,0,0,5,0,0,0,0,1,0,0,2,0,0,0,8,0,0,False
3390,logic-ng/logicng,994294fbb283b7b96230da3937369bf8fc062b5f,org/logicng/transformations/dnf/DNFSubsumptionTest.java,48,4,10,15,0.4,19,4,3,1,0,0,0,3,0,0,0,0,0,0,0,1,0,0,0,4,0,0,False
3391,logic-ng/logicng,994294fbb283b7b96230da3937369bf8fc062b5f,org/logicng/transformations/qmc/TermTest.java,80,3,7,21,0.21,17,3,3,0,0,0,0,1,0,0,0,0,1,0,0,0,0,0,0,3,0,0,False
3392,logic-ng/logicng,994294fbb283b7b96230da3937369bf8fc062b5f,org/logicng/transformations/qmc/TermTableTest.java,47,4,8,19,0.26,12,4,2,0,0,0,0,0,0,0,0,0,1,0,0,1,0,0,0,3,0,0,False
3393,logic-ng/logicng,994294fbb283b7b96230da3937369bf8fc062b5f,org/logicng/transformations/simplification/BackboneSimplifierTest.java,27,2,8,8,0.41,11,2,2,0,0,0,0,2,0,0,0,0,0,0,0,0,0,0,0,2,0,0,False
3394,logic-ng/logicng,994294fbb283b7b96230da3937369bf8fc062b5f,org/logicng/transformations/simplification/DistributiveSimplifierTest.java,52,6,20,25,0.5,26,6,6,0,0,0,0,2,0,0,0,0,0,0,0,0,0,0,0,6,0,0,False
3395,logic-ng/logicng,994294fbb283b7b96230da3937369bf8fc062b5f,org/logicng/util/CollectionHelperTest.java,61,5,5,21,0.62,38,5,5,0,0,0,0,0,0,0,0,0,0,0,0,1,0,0,0,5,0,0,False
3396,logic-ng/logicng,994294fbb283b7b96230da3937369bf8fc062b5f,org/logicng/util/ComparablePairTest.java,42,5,5,18,0.52,22,5,5,0,0,0,0,0,0,0,0,0,1,0,0,0,0,0,0,5,0,0,False
3397,logic-ng/logicng,994294fbb283b7b96230da3937369bf8fc062b5f,org/logicng/util/FormulaHelperTest.java,41,5,5,15,0.59,24,5,5,0,0,0,0,0,0,0,0,0,0,0,0,0,0,0,0,5,0,0,False
3398,logic-ng/logicng,994294fbb283b7b96230da3937369bf8fc062b5f,org/logicng/util/FormulaRandomizerTest.java,414,22,60,276,0.21,86,22,19,20,0,0,0,0,0,0,0,0,0,0,0,1,0,0,0,20,0,0,False
3399,logic-ng/logicng,994294fbb283b7b96230da3937369bf8fc062b5f,org/logicng/util/PairTest.java,36,4,4,14,0.5,18,4,4,0,0,0,0,0,0,0,0,0,1,0,0,0,0,0,0,4,0,0,False
3400,logic-ng/logicng,708e7a966ed79d8ab57359d4640c3641c5372105,org/logicng/backbones/BackboneTest.java,75,6,8,37,0.35,26,6,4,0,0,0,0,1,0,0,0,0,1,0,0,2,0,0,0,5,0,0,False
3401,logic-ng/logicng,708e7a966ed79d8ab57359d4640c3641c5372105,org/logicng/backbones/BackboneGenerationTest.java,214,8,24,93,0.22,47,8,3,1,0,0,0,3,0,0,0,0,0,0,0,2,0,0,0,7,0,0,False
3402,logic-ng/logicng,708e7a966ed79d8ab57359d4640c3641c5372105,org/logicng/collections/LNGBooleanVectorTest.java,173,11,22,75,0.34,59,11,10,9,0,0,0,0,0,0,0,0,1,0,0,7,0,0,0,11,0,0,False
3403,logic-ng/logicng,708e7a966ed79d8ab57359d4640c3641c5372105,org/logicng/collections/LNGByteVectorTest.java,198,12,25,84,0.29,57,12,11,11,0,0,0,0,0,0,0,0,1,0,0,6,0,0,0,12,0,0,False
3404,logic-ng/logicng,708e7a966ed79d8ab57359d4640c3641c5372105,org/logicng/collections/LNGDoublePriorityQueueTest.java,107,6,6,35,0.4,43,6,5,0,0,0,0,0,0,0,0,0,1,0,0,3,0,0,0,6,0,0,False
3405,logic-ng/logicng,708e7a966ed79d8ab57359d4640c3641c5372105,org/logicng/collections/LNGDoubleVectorTest.java,195,12,25,83,0.29,56,12,11,11,0,0,0,0,0,0,0,0,1,0,0,6,0,0,0,12,0,0,False
3406,logic-ng/logicng,708e7a966ed79d8ab57359d4640c3641c5372105,org/logicng/collections/LNGIntVectorTest.java,195,12,25,83,0.29,56,12,11,11,0,0,0,0,0,0,0,0,1,0,0,6,0,0,0,12,0,0,False
3407,logic-ng/logicng,708e7a966ed79d8ab57359d4640c3641c5372105,org/logicng/collections/LNGLongPriorityQueueTest.java,86,5,5,28,0.42,36,5,4,0,0,0,0,0,0,0,0,0,1,0,0,3,0,0,0,5,0,0,False
3408,logic-ng/logicng,708e7a966ed79d8ab57359d4640c3641c5372105,org/logicng/collections/LNGLongVectorTest.java,198,12,25,84,0.29,57,12,11,11,0,0,0,0,0,0,0,0,1,0,0,6,0,0,0,12,0,0,False
3409,logic-ng/logicng,708e7a966ed79d8ab57359d4640c3641c5372105,org/logicng/collections/LNGVectorTest.java,342,22,42,135,0.29,100,21,19,20,1,0,0,0,0,0,0,0,2,0,0,9,0,0,0,21,0,0,False
3410,logic-ng/logicng,708e7a966ed79d8ab57359d4640c3641c5372105,org/logicng/datastructures/AssignmentTest.java,154,14,18,87,0.47,73,14,13,0,0,0,0,2,0,0,0,0,1,0,0,6,0,0,0,14,0,0,False
3411,logic-ng/logicng,708e7a966ed79d8ab57359d4640c3641c5372105,org/logicng/formulas/SubstitutionTest.java,112,13,17,50,0.35,39,12,9,0,1,0,0,4,0,0,0,0,1,0,0,2,0,0,0,12,0,0,False
3412,logic-ng/logicng,708e7a966ed79d8ab57359d4640c3641c5372105,org/logicng/datastructures/ubtrees/UBNodeTest.java,33,4,4,14,0.27,9,3,2,0,1,0,0,0,0,0,0,0,1,0,0,1,0,0,0,3,0,0,False
3413,logic-ng/logicng,708e7a966ed79d8ab57359d4640c3641c5372105,org/logicng/datastructures/ubtrees/UBTreeTest.java,201,8,9,57,0.62,125,8,6,0,0,0,0,0,0,0,0,0,0,0,0,1,0,0,0,7,0,0,False
3414,logic-ng/logicng,708e7a966ed79d8ab57359d4640c3641c5372105,org/logicng/explanations/mus/MUSConfigTest.java,12,1,2,11,0.17,2,1,1,0,0,0,0,0,0,0,0,0,1,0,0,0,0,0,0,1,0,0,False
3415,logic-ng/logicng,708e7a966ed79d8ab57359d4640c3641c5372105,org/logicng/explanations/mus/MUSGenerationTest.java,110,10,20,32,0.05,6,9,0,0,1,0,0,0,0,0,0,0,1,0,0,0,2,1,0,6,0,0,False
3416,logic-ng/logicng,708e7a966ed79d8ab57359d4640c3641c5372105,org/logicng/explanations/smus/SmusComputationTest.java,52,9,18,55,0.17,9,9,0,0,0,0,0,9,0,0,0,0,0,0,0,0,0,0,0,9,0,0,False
3417,logic-ng/logicng,708e7a966ed79d8ab57359d4640c3641c5372105,org/logicng/explanations/UNSATCoreTest.java,54,5,7,19,0.3,16,4,4,0,1,0,0,0,0,0,0,0,1,0,0,1,0,0,0,4,0,0,False
3418,logic-ng/logicng,708e7a966ed79d8ab57359d4640c3641c5372105,org/logicng/formulas/AndTest.java,129,17,22,83,0.56,72,17,14,0,0,0,0,2,0,0,0,0,1,0,0,4,0,0,0,17,0,0,False
3419,logic-ng/logicng,708e7a966ed79d8ab57359d4640c3641c5372105,org/logicng/formulas/CFalseTest.java,54,15,16,53,0.31,17,15,2,0,0,0,0,0,0,0,0,0,1,0,0,0,0,0,0,15,0,0,False
3420,logic-ng/logicng,708e7a966ed79d8ab57359d4640c3641c5372105,org/logicng/formulas/CTrueTest.java,55,15,16,53,0.33,18,15,3,0,0,0,0,0,0,0,0,0,1,0,0,1,0,0,0,15,0,0,False
3421,logic-ng/logicng,708e7a966ed79d8ab57359d4640c3641c5372105,org/logicng/formulas/EquivalenceTest.java,118,17,20,72,0.55,65,17,16,0,0,0,0,1,0,0,0,0,1,0,0,4,0,0,0,17,0,0,False
3422,logic-ng/logicng,708e7a966ed79d8ab57359d4640c3641c5372105,org/logicng/formulas/ExtendedFormulaFactoryTest.java,199,12,21,73,0.27,54,12,7,0,0,0,0,1,0,0,0,0,0,0,0,5,2,1,0,10,0,0,False
3423,logic-ng/logicng,708e7a966ed79d8ab57359d4640c3641c5372105,org/logicng/formulas/FormulaTest.java,61,8,13,44,0.28,17,6,5,0,0,0,0,0,0,0,0,0,0,0,0,0,0,0,0,6,0,0,False
3424,logic-ng/logicng,708e7a966ed79d8ab57359d4640c3641c5372105,org/logicng/formulas/FormulaFactoryTest.java,184,9,14,96,0.48,89,9,6,1,0,0,0,2,0,0,0,0,2,0,0,2,0,0,0,9,0,0,False
3425,logic-ng/logicng,708e7a966ed79d8ab57359d4640c3641c5372105,org/logicng/formulas/ImplicationTest.java,113,18,21,71,0.52,59,18,16,0,0,0,0,1,0,0,0,0,1,0,0,5,0,0,0,18,0,0,False
3426,logic-ng/logicng,708e7a966ed79d8ab57359d4640c3641c5372105,org/logicng/formulas/LiteralTest.java,107,20,21,75,0.52,56,20,19,0,0,0,0,0,0,0,0,0,1,0,0,2,1,0,0,20,0,0,False
3427,logic-ng/logicng,708e7a966ed79d8ab57359d4640c3641c5372105,org/logicng/formulas/NotTest.java,95,16,19,67,0.51,48,16,15,0,0,0,0,1,0,0,0,0,1,0,0,4,0,0,0,16,0,0,False
3428,logic-ng/logicng,708e7a966ed79d8ab57359d4640c3641c5372105,org/logicng/formulas/OrTest.java,124,16,21,78,0.57,71,16,14,0,0,0,0,2,0,0,0,0,1,0,0,4,0,0,0,16,0,0,False
3429,logic-ng/logicng,708e7a966ed79d8ab57359d4640c3641c5372105,org/logicng/formulas/PBConstraintTest.java,604,33,36,198,0.61,367,32,30,0,1,0,0,0,0,0,0,0,5,0,0,6,0,0,0,32,0,0,False
3430,logic-ng/logicng,708e7a966ed79d8ab57359d4640c3641c5372105,org/logicng/formulas/printer/DefaultStringRepresentationTest.java,48,3,3,18,0.71,34,3,1,0,0,0,0,0,0,0,0,0,2,0,0,0,0,0,0,3,0,0,False
3431,logic-ng/logicng,708e7a966ed79d8ab57359d4640c3641c5372105,org/logicng/formulas/printer/LatexStringRepresentationTest.java,46,3,3,15,0.67,31,3,2,0,0,0,0,0,0,0,0,0,2,0,0,0,0,0,0,3,0,0,False
3432,logic-ng/logicng,708e7a966ed79d8ab57359d4640c3641c5372105,org/logicng/formulas/printer/SortedStringRepresentationTest.java,61,4,4,22,0.69,42,4,2,0,0,0,0,0,0,0,0,0,2,0,0,2,0,0,0,4,0,0,False
3433,logic-ng/logicng,708e7a966ed79d8ab57359d4640c3641c5372105,org/logicng/formulas/printer/UTF8StringRepresentationTest.java,46,3,3,15,0.67,31,3,2,0,0,0,0,0,0,0,0,0,2,0,0,0,0,0,0,3,0,0,False
3434,logic-ng/logicng,708e7a966ed79d8ab57359d4640c3641c5372105,org/logicng/functions/FormulaDepthFunctionTest.java,54,4,7,20,0.57,31,4,3,1,0,0,0,1,0,0,0,0,0,0,0,1,0,0,0,4,0,0,False
3435,logic-ng/logicng,708e7a966ed79d8ab57359d4640c3641c5372105,org/logicng/graphs/algorithms/BronKerboschTest.java,44,1,4,14,0.16,7,1,1,1,0,0,0,1,0,0,0,0,0,0,0,1,0,0,0,1,0,0,False
3436,logic-ng/logicng,708e7a966ed79d8ab57359d4640c3641c5372105,org/logicng/graphs/datastructures/GraphTest.java,71,5,8,39,0.27,19,5,4,0,0,0,0,0,0,0,0,0,1,0,0,1,0,0,0,4,0,0,False
3437,logic-ng/logicng,708e7a966ed79d8ab57359d4640c3641c5372105,org/logicng/graphs/datastructures/HypergraphTest.java,34,2,2,12,0.21,7,2,1,0,0,0,0,0,0,0,0,0,1,0,0,1,0,0,0,2,0,0,False
3438,logic-ng/logicng,708e7a966ed79d8ab57359d4640c3641c5372105,org/logicng/graphs/datastructures/HypergraphEdgeTest.java,51,4,6,20,0.22,11,4,2,0,0,0,0,2,0,0,0,0,0,0,0,2,0,0,0,4,0,0,False
3439,logic-ng/logicng,708e7a966ed79d8ab57359d4640c3641c5372105,org/logicng/graphs/datastructures/HypergraphNodeTest.java,30,2,2,12,0.37,11,2,2,0,0,0,0,0,0,0,0,0,0,0,0,1,0,0,0,2,0,0,False
3440,logic-ng/logicng,708e7a966ed79d8ab57359d4640c3641c5372105,org/logicng/graphs/generators/ConstraintGraphGeneratorTest.java,75,5,13,45,0.11,8,5,1,1,0,0,0,5,0,0,0,0,3,0,0,1,0,0,0,5,0,0,False
3441,logic-ng/logicng,708e7a966ed79d8ab57359d4640c3641c5372105,org/logicng/graphs/generators/HypergraphGeneratorTest.java,83,3,8,26,0.28,23,3,2,0,0,0,0,3,0,0,0,0,0,0,0,2,0,0,0,3,0,0,False
3442,logic-ng/logicng,708e7a966ed79d8ab57359d4640c3641c5372105,org/logicng/graphs/io/GraphDimacsFileWriterTest.java,55,6,16,19,0.13,7,6,0,1,0,0,0,3,0,0,0,0,0,0,0,0,3,1,0,3,0,0,False
3443,logic-ng/logicng,708e7a966ed79d8ab57359d4640c3641c5372105,org/logicng/graphs/io/GraphDotFileWriterTest.java,33,5,11,11,0.06,2,5,0,1,0,0,0,3,0,0,0,0,0,0,0,0,3,1,0,3,0,0,False
3444,logic-ng/logicng,708e7a966ed79d8ab57359d4640c3641c5372105,org/logicng/handlers/NumberOfNodesBDDHandlerTest.java,9,1,1,0,0.0,0,1,0,0,0,0,0,0,0,0,0,0,0,0,0,0,0,0,0,1,0,0,False
3445,logic-ng/logicng,708e7a966ed79d8ab57359d4640c3641c5372105,org/logicng/io/parsers/PropositionalParserTest.java,142,29,38,55,0.45,64,29,9,0,0,0,0,9,0,0,0,0,1,0,0,0,0,0,0,29,0,0,False
3446,logic-ng/logicng,708e7a966ed79d8ab57359d4640c3641c5372105,org/logicng/io/parsers/PseudoBooleanParserTest.java,164,30,42,77,0.51,84,30,12,0,0,0,0,12,0,0,0,0,1,0,0,1,0,0,0,30,0,0,False
3447,logic-ng/logicng,708e7a966ed79d8ab57359d4640c3641c5372105,org/logicng/io/readers/DimacsReaderTest.java,9,1,1,0,0.0,0,1,0,0,0,0,0,0,0,1,0,0,0,0,0,0,0,0,1,1,0,0,False
3448,logic-ng/logicng,708e7a966ed79d8ab57359d4640c3641c5372105,org/logicng/io/writers/FormulaDimacsFileWriterTest.java,67,7,17,21,0.09,6,7,0,0,0,0,0,4,0,0,0,0,0,0,0,0,4,1,0,5,0,0,False
3449,logic-ng/logicng,708e7a966ed79d8ab57359d4640c3641c5372105,org/logicng/io/writers/FormulaDotFileWriterTest.java,46,5,11,14,0.04,2,5,0,0,0,0,0,4,0,0,0,0,0,0,0,0,4,1,0,4,0,0,False
3450,logic-ng/logicng,708e7a966ed79d8ab57359d4640c3641c5372105,org/logicng/knowledgecompilation/bdds/datastructures/BDDNodeTest.java,66,4,4,35,0.47,31,4,4,0,0,0,0,0,0,0,0,0,0,0,0,1,0,0,0,4,0,0,False
3451,logic-ng/logicng,708e7a966ed79d8ab57359d4640c3641c5372105,org/logicng/knowledgecompilation/bdds/io/BDDDotFileWriterTest.java,29,2,5,9,0.03,1,2,0,0,0,0,0,1,0,0,0,0,0,0,0,0,1,1,0,1,0,0,False
3452,logic-ng/logicng,708e7a966ed79d8ab57359d4640c3641c5372105,org/logicng/knowledgecompilation/bdds/BDDOperationsTest.java,220,11,19,60,0.68,150,11,10,0,0,0,0,3,0,0,0,0,0,0,0,0,0,0,0,10,0,0,False
3453,logic-ng/logicng,708e7a966ed79d8ab57359d4640c3641c5372105,org/logicng/knowledgecompilation/bdds/jbuddy/BDDPrimeTest.java,6,1,1,3,0.33,2,1,1,0,0,0,0,0,0,0,0,0,0,0,0,0,0,0,0,1,0,0,False
3454,logic-ng/logicng,708e7a966ed79d8ab57359d4640c3641c5372105,org/logicng/knowledgecompilation/bdds/BDDReorderingTest.java,201,17,42,85,0.04,8,17,3,0,0,0,0,3,0,0,0,0,0,0,0,2,4,2,0,7,0,0,False
3455,logic-ng/logicng,708e7a966ed79d8ab57359d4640c3641c5372105,org/logicng/knowledgecompilation/bdds/orderings/BFSOrderingTest.java,27,2,5,11,0.37,10,2,1,0,0,0,0,2,0,0,0,0,0,0,0,0,0,0,0,2,0,0,False
3456,logic-ng/logicng,708e7a966ed79d8ab57359d4640c3641c5372105,org/logicng/knowledgecompilation/bdds/orderings/DFSOrderingTest.java,27,2,5,11,0.37,10,2,1,0,0,0,0,2,0,0,0,0,0,0,0,0,0,0,0,2,0,0,False
3457,logic-ng/logicng,708e7a966ed79d8ab57359d4640c3641c5372105,org/logicng/knowledgecompilation/bdds/orderings/ForceOrderingTest.java,33,3,9,17,0.21,7,3,1,0,0,0,0,3,0,0,0,0,0,0,0,0,0,0,0,3,0,0,False
3458,logic-ng/logicng,708e7a966ed79d8ab57359d4640c3641c5372105,org/logicng/knowledgecompilation/dnnf/datastructures/dtree/DTreeNodeTest.java,11,1,2,4,0.09,1,1,0,0,0,0,0,1,0,0,0,0,1,0,0,0,0,0,0,1,0,0,False
3459,logic-ng/logicng,708e7a966ed79d8ab57359d4640c3641c5372105,org/logicng/knowledgecompilation/dnnf/DnnfCompilerTest.java,95,7,21,38,0.03,3,7,0,1,0,0,0,5,0,0,0,0,0,0,0,0,3,1,0,5,0,0,False
3460,logic-ng/logicng,708e7a966ed79d8ab57359d4640c3641c5372105,org/logicng/LogicNGVersionTest.java,67,5,6,22,0.31,21,5,4,0,0,0,0,0,0,0,0,0,0,0,0,4,0,0,0,4,0,0,False
3461,logic-ng/logicng,708e7a966ed79d8ab57359d4640c3641c5372105,org/logicng/modelcounting/ModelCounterTest.java,74,13,21,53,0.18,13,13,6,3,0,0,0,3,0,0,0,0,0,0,0,1,1,1,0,9,0,0,False
3462,logic-ng/logicng,708e7a966ed79d8ab57359d4640c3641c5372105,org/logicng/np/SetCoverTest.java,31,2,2,16,0.19,6,2,1,0,0,0,0,0,0,0,0,0,0,0,0,1,0,0,0,2,0,0,False
3463,logic-ng/logicng,708e7a966ed79d8ab57359d4640c3641c5372105,org/logicng/predicates/CNFPredicateTest.java,30,3,3,10,0.53,16,3,1,0,0,0,0,0,0,0,0,0,1,0,0,0,0,0,0,3,0,0,False
3464,logic-ng/logicng,708e7a966ed79d8ab57359d4640c3641c5372105,org/logicng/predicates/ContainsPBCPredicateTest.java,44,6,9,30,0.43,19,6,4,1,0,0,0,2,0,0,0,0,1,0,0,0,0,0,0,6,0,0,False
3465,logic-ng/logicng,708e7a966ed79d8ab57359d4640c3641c5372105,org/logicng/predicates/DNFPredicateTest.java,28,2,2,10,0.57,16,2,1,0,0,0,0,0,0,0,0,0,1,0,0,0,0,0,0,2,0,0,False
3466,logic-ng/logicng,708e7a966ed79d8ab57359d4640c3641c5372105,org/logicng/predicates/EvaluatesToConstantPredicateTest.java,432,22,34,94,0.83,360,21,21,2,1,0,0,12,0,0,0,0,0,0,0,1,0,0,0,21,0,0,False
3467,logic-ng/logicng,708e7a966ed79d8ab57359d4640c3641c5372105,org/logicng/predicates/NNFPredicateTest.java,32,2,2,11,0.63,20,2,1,0,0,0,0,0,0,0,0,0,1,0,0,0,0,0,0,2,0,0,False
3468,logic-ng/logicng,708e7a966ed79d8ab57359d4640c3641c5372105,org/logicng/primecomputation/PrimeCompilerTest.java,84,8,20,42,0.1,8,8,0,1,0,0,0,1,0,0,0,0,1,0,0,0,3,0,0,4,0,0,False
3469,logic-ng/logicng,708e7a966ed79d8ab57359d4640c3641c5372105,org/logicng/primecomputation/PrimeResultTest.java,75,5,5,28,0.36,27,4,3,0,1,0,0,0,0,0,0,0,1,0,0,0,0,0,0,4,0,0,False
3470,logic-ng/logicng,708e7a966ed79d8ab57359d4640c3641c5372105,org/logicng/propositions/ExtendedPropositionTest.java,56,5,11,18,0.25,14,4,4,0,1,0,0,3,0,0,0,0,1,0,0,0,0,0,0,4,0,0,False
3471,logic-ng/logicng,708e7a966ed79d8ab57359d4640c3641c5372105,org/logicng/propositions/StandardPropositionTest.java,43,5,11,18,0.35,15,4,4,0,1,0,0,3,0,0,0,0,1,0,0,0,0,0,0,4,0,0,False
3472,logic-ng/logicng,708e7a966ed79d8ab57359d4640c3641c5372105,org/logicng/pseudobooleans/PBEncoderTest.java,66,9,13,30,0.11,7,8,1,4,1,0,0,1,0,0,0,0,1,0,0,0,1,1,0,7,0,0,False
3473,logic-ng/logicng,708e7a966ed79d8ab57359d4640c3641c5372105,org/logicng/solvers/datastructures/LNGHeapTest.java,23,1,1,10,0.22,5,1,1,0,0,0,0,0,0,0,0,0,1,0,0,1,0,0,0,1,0,0,False
3474,logic-ng/logicng,708e7a966ed79d8ab57359d4640c3641c5372105,org/logicng/solvers/functions/BackboneFunctionTest.java,274,11,39,159,0.25,68,11,8,6,0,0,0,7,0,0,0,0,0,0,0,8,0,0,0,8,0,0,False
3475,logic-ng/logicng,708e7a966ed79d8ab57359d4640c3641c5372105,org/logicng/solvers/functions/OptimizationFunctionTest.java,231,21,57,170,0.13,29,21,4,4,0,0,0,9,0,0,0,0,0,0,0,1,8,3,0,12,0,0,False
3476,logic-ng/logicng,708e7a966ed79d8ab57359d4640c3641c5372105,org/logicng/solvers/functions/UnsatCoreFunctionTest.java,9,1,1,0,0.0,0,1,1,0,0,0,0,0,0,0,0,0,0,0,0,0,0,0,0,1,0,0,False
3477,logic-ng/logicng,708e7a966ed79d8ab57359d4640c3641c5372105,org/logicng/solvers/sat/MiniSatTest.java,52,7,11,26,0.25,13,7,3,0,0,0,0,1,0,0,0,0,1,0,0,1,0,0,0,5,0,0,False
3478,logic-ng/logicng,708e7a966ed79d8ab57359d4640c3641c5372105,org/logicng/solvers/sat/GlucoseSyrupTest.java,33,6,11,9,0.03,1,6,0,0,0,0,0,0,0,0,0,0,1,0,0,0,0,0,0,3,0,0,False
3479,logic-ng/logicng,708e7a966ed79d8ab57359d4640c3641c5372105,org/logicng/solvers/sat/MiniCardTest.java,84,8,12,32,0.18,15,8,3,0,0,0,0,0,0,0,0,0,1,0,0,1,0,0,0,6,0,0,False
3480,logic-ng/logicng,708e7a966ed79d8ab57359d4640c3641c5372105,org/logicng/transformations/AnonymizerTest.java,60,4,12,16,0.55,33,4,4,0,0,0,0,4,0,0,0,0,0,0,0,1,0,0,0,4,0,0,False
3481,logic-ng/logicng,708e7a966ed79d8ab57359d4640c3641c5372105,org/logicng/transformations/FormulaFactoryImporterTest.java,187,12,17,114,0.67,126,12,10,0,0,0,0,1,0,0,0,0,0,0,0,0,0,0,0,10,0,0,False
3482,logic-ng/logicng,708e7a966ed79d8ab57359d4640c3641c5372105,org/logicng/transformations/LiteralSubstitutionTest.java,42,5,14,19,0.4,17,5,3,0,0,0,0,4,0,0,0,0,0,0,0,0,0,0,0,4,0,0,False
3483,logic-ng/logicng,708e7a966ed79d8ab57359d4640c3641c5372105,org/logicng/transformations/PureExpansionTransformationTest.java,107,13,37,44,0.35,37,13,6,2,0,0,0,4,0,0,0,0,1,0,0,1,2,0,0,10,0,0,False
3484,logic-ng/logicng,708e7a966ed79d8ab57359d4640c3641c5372105,org/logicng/transformations/UnitPropagationTest.java,31,4,9,15,0.45,14,4,4,0,0,0,0,1,0,0,0,0,0,0,0,0,0,0,0,4,0,0,False
3485,logic-ng/logicng,708e7a966ed79d8ab57359d4640c3641c5372105,org/logicng/transformations/cnf/CNFEncoderTest.java,158,13,27,106,0.22,35,13,11,0,0,0,0,10,0,0,0,0,1,0,0,3,0,0,0,12,0,0,False
3486,logic-ng/logicng,708e7a966ed79d8ab57359d4640c3641c5372105,org/logicng/transformations/cnf/CNFSubsumptionTest.java,41,4,8,15,0.46,19,4,3,0,0,0,0,3,0,0,0,0,0,0,0,1,0,0,0,4,0,0,False
3487,logic-ng/logicng,708e7a966ed79d8ab57359d4640c3641c5372105,org/logicng/transformations/cnf/PlaistedGreenbaumTransformationSolverTest.java,41,5,10,11,0.02,1,5,1,2,0,0,0,1,0,0,0,0,0,0,0,1,1,0,0,3,0,0,False
3488,logic-ng/logicng,708e7a966ed79d8ab57359d4640c3641c5372105,org/logicng/transformations/dnf/DNFFactorizationTest.java,107,12,29,41,0.42,45,8,8,0,0,0,0,5,0,0,0,0,1,0,0,2,0,0,0,8,0,0,False
3489,logic-ng/logicng,708e7a966ed79d8ab57359d4640c3641c5372105,org/logicng/transformations/dnf/DNFSubsumptionTest.java,48,4,10,15,0.4,19,4,3,1,0,0,0,3,0,0,0,0,0,0,0,1,0,0,0,4,0,0,False
3490,logic-ng/logicng,708e7a966ed79d8ab57359d4640c3641c5372105,org/logicng/transformations/qmc/TermTest.java,80,3,7,21,0.21,17,3,3,0,0,0,0,1,0,0,0,0,1,0,0,0,0,0,0,3,0,0,False
3491,logic-ng/logicng,708e7a966ed79d8ab57359d4640c3641c5372105,org/logicng/transformations/qmc/TermTableTest.java,47,4,8,19,0.26,12,4,2,0,0,0,0,0,0,0,0,0,1,0,0,1,0,0,0,3,0,0,False
3492,logic-ng/logicng,708e7a966ed79d8ab57359d4640c3641c5372105,org/logicng/transformations/simplification/BackboneSimplifierTest.java,27,2,8,8,0.41,11,2,2,0,0,0,0,2,0,0,0,0,0,0,0,0,0,0,0,2,0,0,False
3493,logic-ng/logicng,708e7a966ed79d8ab57359d4640c3641c5372105,org/logicng/transformations/simplification/DistributiveSimplifierTest.java,52,6,20,25,0.5,26,6,6,0,0,0,0,2,0,0,0,0,0,0,0,0,0,0,0,6,0,0,False
3494,logic-ng/logicng,708e7a966ed79d8ab57359d4640c3641c5372105,org/logicng/util/CollectionHelperTest.java,61,5,5,21,0.62,38,5,5,0,0,0,0,0,0,0,0,0,0,0,0,1,0,0,0,5,0,0,False
3495,logic-ng/logicng,708e7a966ed79d8ab57359d4640c3641c5372105,org/logicng/util/ComparablePairTest.java,42,5,5,18,0.52,22,5,5,0,0,0,0,0,0,0,0,0,1,0,0,0,0,0,0,5,0,0,False
3496,logic-ng/logicng,708e7a966ed79d8ab57359d4640c3641c5372105,org/logicng/util/FormulaHelperTest.java,41,5,5,15,0.59,24,5,5,0,0,0,0,0,0,0,0,0,0,0,0,0,0,0,0,5,0,0,False
3497,logic-ng/logicng,708e7a966ed79d8ab57359d4640c3641c5372105,org/logicng/util/FormulaRandomizerTest.java,414,22,60,276,0.21,86,22,19,20,0,0,0,0,0,0,0,0,0,0,0,1,0,0,0,20,0,0,False
3498,logic-ng/logicng,708e7a966ed79d8ab57359d4640c3641c5372105,org/logicng/util/PairTest.java,36,4,4,14,0.5,18,4,4,0,0,0,0,0,0,0,0,0,1,0,0,0,0,0,0,4,0,0,False
3499,logic-ng/logicng,bb2bbe87396a51706a642897070b35d992663924,org/logicng/backbones/BackboneTest.java,75,6,8,37,0.35,26,6,4,0,0,0,0,1,0,0,0,0,1,0,0,2,0,0,0,5,0,0,False
3500,logic-ng/logicng,bb2bbe87396a51706a642897070b35d992663924,org/logicng/backbones/BackboneGenerationTest.java,214,8,24,93,0.22,47,8,3,1,0,0,0,3,0,0,0,0,0,0,0,2,0,0,0,7,0,0,False
3501,logic-ng/logicng,bb2bbe87396a51706a642897070b35d992663924,org/logicng/collections/LNGBooleanVectorTest.java,173,11,22,75,0.34,59,11,10,9,0,0,0,0,0,0,0,0,1,0,0,7,0,0,0,11,0,0,False
3502,logic-ng/logicng,bb2bbe87396a51706a642897070b35d992663924,org/logicng/collections/LNGByteVectorTest.java,198,12,25,84,0.29,57,12,11,11,0,0,0,0,0,0,0,0,1,0,0,6,0,0,0,12,0,0,False
3503,logic-ng/logicng,bb2bbe87396a51706a642897070b35d992663924,org/logicng/collections/LNGDoublePriorityQueueTest.java,107,6,6,35,0.4,43,6,5,0,0,0,0,0,0,0,0,0,1,0,0,3,0,0,0,6,0,0,False
3504,logic-ng/logicng,bb2bbe87396a51706a642897070b35d992663924,org/logicng/collections/LNGDoubleVectorTest.java,195,12,25,83,0.29,56,12,11,11,0,0,0,0,0,0,0,0,1,0,0,6,0,0,0,12,0,0,False
3505,logic-ng/logicng,bb2bbe87396a51706a642897070b35d992663924,org/logicng/collections/LNGIntVectorTest.java,195,12,25,83,0.29,56,12,11,11,0,0,0,0,0,0,0,0,1,0,0,6,0,0,0,12,0,0,False
3506,logic-ng/logicng,bb2bbe87396a51706a642897070b35d992663924,org/logicng/collections/LNGLongPriorityQueueTest.java,86,5,5,28,0.42,36,5,4,0,0,0,0,0,0,0,0,0,1,0,0,3,0,0,0,5,0,0,False
3507,logic-ng/logicng,bb2bbe87396a51706a642897070b35d992663924,org/logicng/collections/LNGLongVectorTest.java,198,12,25,84,0.29,57,12,11,11,0,0,0,0,0,0,0,0,1,0,0,6,0,0,0,12,0,0,False
3508,logic-ng/logicng,bb2bbe87396a51706a642897070b35d992663924,org/logicng/collections/LNGVectorTest.java,342,22,42,135,0.29,100,21,19,20,1,0,0,0,0,0,0,0,2,0,0,9,0,0,0,21,0,0,False
3509,logic-ng/logicng,bb2bbe87396a51706a642897070b35d992663924,org/logicng/datastructures/AssignmentTest.java,154,14,18,87,0.47,73,14,13,0,0,0,0,2,0,0,0,0,1,0,0,6,0,0,0,14,0,0,False
3510,logic-ng/logicng,bb2bbe87396a51706a642897070b35d992663924,org/logicng/formulas/SubstitutionTest.java,112,13,17,50,0.35,39,12,9,0,1,0,0,4,0,0,0,0,1,0,0,2,0,0,0,12,0,0,False
3511,logic-ng/logicng,bb2bbe87396a51706a642897070b35d992663924,org/logicng/datastructures/ubtrees/UBNodeTest.java,33,4,4,14,0.27,9,3,2,0,1,0,0,0,0,0,0,0,1,0,0,1,0,0,0,3,0,0,False
3512,logic-ng/logicng,bb2bbe87396a51706a642897070b35d992663924,org/logicng/datastructures/ubtrees/UBTreeTest.java,201,8,9,57,0.62,125,8,6,0,0,0,0,0,0,0,0,0,0,0,0,1,0,0,0,7,0,0,False
3513,logic-ng/logicng,bb2bbe87396a51706a642897070b35d992663924,org/logicng/explanations/mus/MUSConfigTest.java,12,1,2,11,0.17,2,1,1,0,0,0,0,0,0,0,0,0,1,0,0,0,0,0,0,1,0,0,False
3514,logic-ng/logicng,bb2bbe87396a51706a642897070b35d992663924,org/logicng/explanations/mus/MUSGenerationTest.java,110,10,20,32,0.05,6,9,0,0,1,0,0,0,0,0,0,0,1,0,0,0,2,1,0,6,0,0,False
3515,logic-ng/logicng,bb2bbe87396a51706a642897070b35d992663924,org/logicng/explanations/smus/SmusComputationTest.java,52,9,18,55,0.17,9,9,0,0,0,0,0,9,0,0,0,0,0,0,0,0,0,0,0,9,0,0,False
3516,logic-ng/logicng,bb2bbe87396a51706a642897070b35d992663924,org/logicng/explanations/UNSATCoreTest.java,54,5,7,19,0.3,16,4,4,0,1,0,0,0,0,0,0,0,1,0,0,1,0,0,0,4,0,0,False
3517,logic-ng/logicng,bb2bbe87396a51706a642897070b35d992663924,org/logicng/formulas/AndTest.java,129,17,22,83,0.56,72,17,14,0,0,0,0,2,0,0,0,0,1,0,0,4,0,0,0,17,0,0,False
3518,logic-ng/logicng,bb2bbe87396a51706a642897070b35d992663924,org/logicng/formulas/CFalseTest.java,54,15,16,53,0.31,17,15,2,0,0,0,0,0,0,0,0,0,1,0,0,0,0,0,0,15,0,0,False
3519,logic-ng/logicng,bb2bbe87396a51706a642897070b35d992663924,org/logicng/formulas/CTrueTest.java,55,15,16,53,0.33,18,15,3,0,0,0,0,0,0,0,0,0,1,0,0,1,0,0,0,15,0,0,False
3520,logic-ng/logicng,bb2bbe87396a51706a642897070b35d992663924,org/logicng/formulas/EquivalenceTest.java,118,17,20,72,0.55,65,17,16,0,0,0,0,1,0,0,0,0,1,0,0,4,0,0,0,17,0,0,False
3521,logic-ng/logicng,bb2bbe87396a51706a642897070b35d992663924,org/logicng/formulas/ExtendedFormulaFactoryTest.java,199,12,21,73,0.27,54,12,7,0,0,0,0,1,0,0,0,0,0,0,0,5,2,1,0,10,0,0,False
3522,logic-ng/logicng,bb2bbe87396a51706a642897070b35d992663924,org/logicng/formulas/FormulaTest.java,61,8,13,44,0.28,17,6,5,0,0,0,0,0,0,0,0,0,0,0,0,0,0,0,0,6,0,0,False
3523,logic-ng/logicng,bb2bbe87396a51706a642897070b35d992663924,org/logicng/formulas/FormulaFactoryTest.java,184,9,14,96,0.48,89,9,6,1,0,0,0,2,0,0,0,0,2,0,0,2,0,0,0,9,0,0,False
3524,logic-ng/logicng,bb2bbe87396a51706a642897070b35d992663924,org/logicng/formulas/ImplicationTest.java,113,18,21,71,0.52,59,18,16,0,0,0,0,1,0,0,0,0,1,0,0,5,0,0,0,18,0,0,False
3525,logic-ng/logicng,bb2bbe87396a51706a642897070b35d992663924,org/logicng/formulas/LiteralTest.java,107,20,21,75,0.52,56,20,19,0,0,0,0,0,0,0,0,0,1,0,0,2,1,0,0,20,0,0,False
3526,logic-ng/logicng,bb2bbe87396a51706a642897070b35d992663924,org/logicng/formulas/NotTest.java,95,16,19,67,0.51,48,16,15,0,0,0,0,1,0,0,0,0,1,0,0,4,0,0,0,16,0,0,False
3527,logic-ng/logicng,bb2bbe87396a51706a642897070b35d992663924,org/logicng/formulas/OrTest.java,124,16,21,78,0.57,71,16,14,0,0,0,0,2,0,0,0,0,1,0,0,4,0,0,0,16,0,0,False
3528,logic-ng/logicng,bb2bbe87396a51706a642897070b35d992663924,org/logicng/formulas/PBConstraintTest.java,604,33,36,198,0.61,367,32,30,0,1,0,0,0,0,0,0,0,5,0,0,6,0,0,0,32,0,0,False
3529,logic-ng/logicng,bb2bbe87396a51706a642897070b35d992663924,org/logicng/formulas/printer/DefaultStringRepresentationTest.java,48,3,3,18,0.71,34,3,1,0,0,0,0,0,0,0,0,0,2,0,0,0,0,0,0,3,0,0,False
3530,logic-ng/logicng,bb2bbe87396a51706a642897070b35d992663924,org/logicng/formulas/printer/LatexStringRepresentationTest.java,46,3,3,15,0.67,31,3,2,0,0,0,0,0,0,0,0,0,2,0,0,0,0,0,0,3,0,0,False
3531,logic-ng/logicng,bb2bbe87396a51706a642897070b35d992663924,org/logicng/formulas/printer/SortedStringRepresentationTest.java,61,4,4,22,0.69,42,4,2,0,0,0,0,0,0,0,0,0,2,0,0,2,0,0,0,4,0,0,False
3532,logic-ng/logicng,bb2bbe87396a51706a642897070b35d992663924,org/logicng/formulas/printer/UTF8StringRepresentationTest.java,46,3,3,15,0.67,31,3,2,0,0,0,0,0,0,0,0,0,2,0,0,0,0,0,0,3,0,0,False
3533,logic-ng/logicng,bb2bbe87396a51706a642897070b35d992663924,org/logicng/functions/FormulaDepthFunctionTest.java,54,4,7,20,0.57,31,4,3,1,0,0,0,1,0,0,0,0,0,0,0,1,0,0,0,4,0,0,False
3534,logic-ng/logicng,bb2bbe87396a51706a642897070b35d992663924,org/logicng/graphs/algorithms/BronKerboschTest.java,44,1,4,14,0.16,7,1,1,1,0,0,0,1,0,0,0,0,0,0,0,1,0,0,0,1,0,0,False
3535,logic-ng/logicng,bb2bbe87396a51706a642897070b35d992663924,org/logicng/graphs/datastructures/GraphTest.java,71,5,8,39,0.27,19,5,4,0,0,0,0,0,0,0,0,0,1,0,0,1,0,0,0,4,0,0,False
3536,logic-ng/logicng,bb2bbe87396a51706a642897070b35d992663924,org/logicng/graphs/datastructures/HypergraphTest.java,34,2,2,12,0.21,7,2,1,0,0,0,0,0,0,0,0,0,1,0,0,1,0,0,0,2,0,0,False
3537,logic-ng/logicng,bb2bbe87396a51706a642897070b35d992663924,org/logicng/graphs/datastructures/HypergraphEdgeTest.java,51,4,6,20,0.22,11,4,2,0,0,0,0,2,0,0,0,0,0,0,0,2,0,0,0,4,0,0,False
3538,logic-ng/logicng,bb2bbe87396a51706a642897070b35d992663924,org/logicng/graphs/datastructures/HypergraphNodeTest.java,30,2,2,12,0.37,11,2,2,0,0,0,0,0,0,0,0,0,0,0,0,1,0,0,0,2,0,0,False
3539,logic-ng/logicng,bb2bbe87396a51706a642897070b35d992663924,org/logicng/graphs/generators/ConstraintGraphGeneratorTest.java,75,5,13,45,0.11,8,5,1,1,0,0,0,5,0,0,0,0,3,0,0,1,0,0,0,5,0,0,False
3540,logic-ng/logicng,bb2bbe87396a51706a642897070b35d992663924,org/logicng/graphs/generators/HypergraphGeneratorTest.java,83,3,8,26,0.28,23,3,2,0,0,0,0,3,0,0,0,0,0,0,0,2,0,0,0,3,0,0,False
3541,logic-ng/logicng,bb2bbe87396a51706a642897070b35d992663924,org/logicng/graphs/io/GraphDimacsFileWriterTest.java,55,6,16,19,0.13,7,6,0,1,0,0,0,3,0,0,0,0,0,0,0,0,3,1,0,3,0,0,False
3542,logic-ng/logicng,bb2bbe87396a51706a642897070b35d992663924,org/logicng/graphs/io/GraphDotFileWriterTest.java,33,5,11,11,0.06,2,5,0,1,0,0,0,3,0,0,0,0,0,0,0,0,3,1,0,3,0,0,False
3543,logic-ng/logicng,bb2bbe87396a51706a642897070b35d992663924,org/logicng/handlers/NumberOfNodesBDDHandlerTest.java,9,1,1,0,0.0,0,1,0,0,0,0,0,0,0,0,0,0,0,0,0,0,0,0,0,1,0,0,False
3544,logic-ng/logicng,bb2bbe87396a51706a642897070b35d992663924,org/logicng/io/parsers/PropositionalParserTest.java,142,29,38,55,0.45,64,29,9,0,0,0,0,9,0,0,0,0,1,0,0,0,0,0,0,29,0,0,False
3545,logic-ng/logicng,bb2bbe87396a51706a642897070b35d992663924,org/logicng/io/parsers/PseudoBooleanParserTest.java,164,30,42,77,0.51,84,30,12,0,0,0,0,12,0,0,0,0,1,0,0,1,0,0,0,30,0,0,False
3546,logic-ng/logicng,bb2bbe87396a51706a642897070b35d992663924,org/logicng/io/readers/DimacsReaderTest.java,9,1,1,0,0.0,0,1,0,0,0,0,0,0,0,1,0,0,0,0,0,0,0,0,1,1,0,0,False
3547,logic-ng/logicng,bb2bbe87396a51706a642897070b35d992663924,org/logicng/io/writers/FormulaDimacsFileWriterTest.java,67,7,17,21,0.09,6,7,0,0,0,0,0,4,0,0,0,0,0,0,0,0,4,1,0,5,0,0,False
3548,logic-ng/logicng,bb2bbe87396a51706a642897070b35d992663924,org/logicng/io/writers/FormulaDotFileWriterTest.java,46,5,11,14,0.04,2,5,0,0,0,0,0,4,0,0,0,0,0,0,0,0,4,1,0,4,0,0,False
3549,logic-ng/logicng,bb2bbe87396a51706a642897070b35d992663924,org/logicng/knowledgecompilation/bdds/datastructures/BDDNodeTest.java,66,4,4,35,0.47,31,4,4,0,0,0,0,0,0,0,0,0,0,0,0,1,0,0,0,4,0,0,False
3550,logic-ng/logicng,bb2bbe87396a51706a642897070b35d992663924,org/logicng/knowledgecompilation/bdds/io/BDDDotFileWriterTest.java,29,2,5,9,0.03,1,2,0,0,0,0,0,1,0,0,0,0,0,0,0,0,1,1,0,1,0,0,False
3551,logic-ng/logicng,bb2bbe87396a51706a642897070b35d992663924,org/logicng/knowledgecompilation/bdds/BDDOperationsTest.java,220,11,19,60,0.68,150,11,10,0,0,0,0,3,0,0,0,0,0,0,0,0,0,0,0,10,0,0,False
3552,logic-ng/logicng,bb2bbe87396a51706a642897070b35d992663924,org/logicng/knowledgecompilation/bdds/jbuddy/BDDPrimeTest.java,6,1,1,3,0.33,2,1,1,0,0,0,0,0,0,0,0,0,0,0,0,0,0,0,0,1,0,0,False
3553,logic-ng/logicng,bb2bbe87396a51706a642897070b35d992663924,org/logicng/knowledgecompilation/bdds/BDDReorderingTest.java,201,17,42,85,0.04,8,17,3,0,0,0,0,3,0,0,0,0,0,0,0,2,4,2,0,7,0,0,False
3554,logic-ng/logicng,bb2bbe87396a51706a642897070b35d992663924,org/logicng/knowledgecompilation/bdds/orderings/BFSOrderingTest.java,27,2,5,11,0.37,10,2,1,0,0,0,0,2,0,0,0,0,0,0,0,0,0,0,0,2,0,0,False
3555,logic-ng/logicng,bb2bbe87396a51706a642897070b35d992663924,org/logicng/knowledgecompilation/bdds/orderings/DFSOrderingTest.java,27,2,5,11,0.37,10,2,1,0,0,0,0,2,0,0,0,0,0,0,0,0,0,0,0,2,0,0,False
3556,logic-ng/logicng,bb2bbe87396a51706a642897070b35d992663924,org/logicng/knowledgecompilation/bdds/orderings/ForceOrderingTest.java,33,3,9,17,0.21,7,3,1,0,0,0,0,3,0,0,0,0,0,0,0,0,0,0,0,3,0,0,False
3557,logic-ng/logicng,bb2bbe87396a51706a642897070b35d992663924,org/logicng/knowledgecompilation/dnnf/datastructures/dtree/DTreeNodeTest.java,11,1,2,4,0.09,1,1,0,0,0,0,0,1,0,0,0,0,1,0,0,0,0,0,0,1,0,0,False
3558,logic-ng/logicng,bb2bbe87396a51706a642897070b35d992663924,org/logicng/knowledgecompilation/dnnf/DnnfCompilerTest.java,95,7,21,38,0.03,3,7,0,1,0,0,0,5,0,0,0,0,0,0,0,0,3,1,0,5,0,0,False
3559,logic-ng/logicng,bb2bbe87396a51706a642897070b35d992663924,org/logicng/LogicNGVersionTest.java,67,5,6,22,0.31,21,5,4,0,0,0,0,0,0,0,0,0,0,0,0,4,0,0,0,4,0,0,False
3560,logic-ng/logicng,bb2bbe87396a51706a642897070b35d992663924,org/logicng/modelcounting/ModelCounterTest.java,74,13,21,53,0.18,13,13,6,3,0,0,0,3,0,0,0,0,0,0,0,1,1,1,0,9,0,0,False
3561,logic-ng/logicng,bb2bbe87396a51706a642897070b35d992663924,org/logicng/np/SetCoverTest.java,31,2,2,16,0.19,6,2,1,0,0,0,0,0,0,0,0,0,0,0,0,1,0,0,0,2,0,0,False
3562,logic-ng/logicng,bb2bbe87396a51706a642897070b35d992663924,org/logicng/predicates/CNFPredicateTest.java,30,3,3,10,0.53,16,3,1,0,0,0,0,0,0,0,0,0,1,0,0,0,0,0,0,3,0,0,False
3563,logic-ng/logicng,bb2bbe87396a51706a642897070b35d992663924,org/logicng/predicates/ContainsPBCPredicateTest.java,44,6,9,30,0.43,19,6,4,1,0,0,0,2,0,0,0,0,1,0,0,0,0,0,0,6,0,0,False
3564,logic-ng/logicng,bb2bbe87396a51706a642897070b35d992663924,org/logicng/predicates/DNFPredicateTest.java,28,2,2,10,0.57,16,2,1,0,0,0,0,0,0,0,0,0,1,0,0,0,0,0,0,2,0,0,False
3565,logic-ng/logicng,bb2bbe87396a51706a642897070b35d992663924,org/logicng/predicates/EvaluatesToConstantPredicateTest.java,432,22,34,94,0.83,360,21,21,2,1,0,0,12,0,0,0,0,0,0,0,1,0,0,0,21,0,0,False
3566,logic-ng/logicng,bb2bbe87396a51706a642897070b35d992663924,org/logicng/predicates/NNFPredicateTest.java,32,2,2,11,0.63,20,2,1,0,0,0,0,0,0,0,0,0,1,0,0,0,0,0,0,2,0,0,False
3567,logic-ng/logicng,bb2bbe87396a51706a642897070b35d992663924,org/logicng/primecomputation/PrimeCompilerTest.java,84,8,20,42,0.1,8,8,0,1,0,0,0,1,0,0,0,0,1,0,0,0,3,0,0,4,0,0,False
3568,logic-ng/logicng,bb2bbe87396a51706a642897070b35d992663924,org/logicng/primecomputation/PrimeResultTest.java,75,5,5,28,0.36,27,4,3,0,1,0,0,0,0,0,0,0,1,0,0,0,0,0,0,4,0,0,False
3569,logic-ng/logicng,bb2bbe87396a51706a642897070b35d992663924,org/logicng/propositions/ExtendedPropositionTest.java,56,5,11,18,0.25,14,4,4,0,1,0,0,3,0,0,0,0,1,0,0,0,0,0,0,4,0,0,False
3570,logic-ng/logicng,bb2bbe87396a51706a642897070b35d992663924,org/logicng/propositions/StandardPropositionTest.java,43,5,11,18,0.35,15,4,4,0,1,0,0,3,0,0,0,0,1,0,0,0,0,0,0,4,0,0,False
3571,logic-ng/logicng,bb2bbe87396a51706a642897070b35d992663924,org/logicng/pseudobooleans/PBEncoderTest.java,66,9,13,30,0.11,7,8,1,4,1,0,0,1,0,0,0,0,1,0,0,0,1,1,0,7,0,0,False
3572,logic-ng/logicng,bb2bbe87396a51706a642897070b35d992663924,org/logicng/solvers/datastructures/LNGHeapTest.java,23,1,1,10,0.22,5,1,1,0,0,0,0,0,0,0,0,0,1,0,0,1,0,0,0,1,0,0,False
3573,logic-ng/logicng,bb2bbe87396a51706a642897070b35d992663924,org/logicng/solvers/functions/BackboneFunctionTest.java,274,11,39,159,0.25,68,11,8,6,0,0,0,7,0,0,0,0,0,0,0,8,0,0,0,8,0,0,False
3574,logic-ng/logicng,bb2bbe87396a51706a642897070b35d992663924,org/logicng/solvers/functions/OptimizationFunctionTest.java,231,21,57,170,0.13,29,21,4,4,0,0,0,9,0,0,0,0,0,0,0,1,8,3,0,12,0,0,False
3575,logic-ng/logicng,bb2bbe87396a51706a642897070b35d992663924,org/logicng/solvers/functions/UnsatCoreFunctionTest.java,9,1,1,0,0.0,0,1,1,0,0,0,0,0,0,0,0,0,0,0,0,0,0,0,0,1,0,0,False
3576,logic-ng/logicng,bb2bbe87396a51706a642897070b35d992663924,org/logicng/solvers/sat/MiniSatTest.java,52,7,11,26,0.25,13,7,3,0,0,0,0,1,0,0,0,0,1,0,0,1,0,0,0,5,0,0,False
3577,logic-ng/logicng,bb2bbe87396a51706a642897070b35d992663924,org/logicng/solvers/sat/GlucoseSyrupTest.java,33,6,11,9,0.03,1,6,0,0,0,0,0,0,0,0,0,0,1,0,0,0,0,0,0,3,0,0,False
3578,logic-ng/logicng,bb2bbe87396a51706a642897070b35d992663924,org/logicng/solvers/sat/MiniCardTest.java,84,8,12,32,0.18,15,8,3,0,0,0,0,0,0,0,0,0,1,0,0,1,0,0,0,6,0,0,False
3579,logic-ng/logicng,bb2bbe87396a51706a642897070b35d992663924,org/logicng/transformations/AnonymizerTest.java,60,4,12,16,0.55,33,4,4,0,0,0,0,4,0,0,0,0,0,0,0,1,0,0,0,4,0,0,False
3580,logic-ng/logicng,bb2bbe87396a51706a642897070b35d992663924,org/logicng/transformations/FormulaFactoryImporterTest.java,187,12,17,114,0.67,126,12,10,0,0,0,0,1,0,0,0,0,0,0,0,0,0,0,0,10,0,0,False
3581,logic-ng/logicng,bb2bbe87396a51706a642897070b35d992663924,org/logicng/transformations/LiteralSubstitutionTest.java,42,5,14,19,0.4,17,5,3,0,0,0,0,4,0,0,0,0,0,0,0,0,0,0,0,4,0,0,False
3582,logic-ng/logicng,bb2bbe87396a51706a642897070b35d992663924,org/logicng/transformations/PureExpansionTransformationTest.java,107,13,37,44,0.35,37,13,6,2,0,0,0,4,0,0,0,0,1,0,0,1,2,0,0,10,0,0,False
3583,logic-ng/logicng,bb2bbe87396a51706a642897070b35d992663924,org/logicng/transformations/UnitPropagationTest.java,31,4,9,15,0.45,14,4,4,0,0,0,0,1,0,0,0,0,0,0,0,0,0,0,0,4,0,0,False
3584,logic-ng/logicng,bb2bbe87396a51706a642897070b35d992663924,org/logicng/transformations/cnf/CNFEncoderTest.java,158,13,27,106,0.22,35,13,11,0,0,0,0,10,0,0,0,0,1,0,0,3,0,0,0,12,0,0,False
3585,logic-ng/logicng,bb2bbe87396a51706a642897070b35d992663924,org/logicng/transformations/cnf/CNFSubsumptionTest.java,41,4,8,15,0.46,19,4,3,0,0,0,0,3,0,0,0,0,0,0,0,1,0,0,0,4,0,0,False
3586,logic-ng/logicng,bb2bbe87396a51706a642897070b35d992663924,org/logicng/transformations/cnf/PlaistedGreenbaumTransformationSolverTest.java,41,5,10,11,0.02,1,5,1,2,0,0,0,1,0,0,0,0,0,0,0,1,1,0,0,3,0,0,False
3587,logic-ng/logicng,bb2bbe87396a51706a642897070b35d992663924,org/logicng/transformations/dnf/DNFFactorizationTest.java,107,12,29,41,0.42,45,8,8,0,0,0,0,5,0,0,0,0,1,0,0,2,0,0,0,8,0,0,False
3588,logic-ng/logicng,bb2bbe87396a51706a642897070b35d992663924,org/logicng/transformations/dnf/DNFSubsumptionTest.java,48,4,10,15,0.4,19,4,3,1,0,0,0,3,0,0,0,0,0,0,0,1,0,0,0,4,0,0,False
3589,logic-ng/logicng,bb2bbe87396a51706a642897070b35d992663924,org/logicng/transformations/qmc/TermTest.java,80,3,7,21,0.21,17,3,3,0,0,0,0,1,0,0,0,0,1,0,0,0,0,0,0,3,0,0,False
3590,logic-ng/logicng,bb2bbe87396a51706a642897070b35d992663924,org/logicng/transformations/qmc/TermTableTest.java,47,4,8,19,0.26,12,4,2,0,0,0,0,0,0,0,0,0,1,0,0,1,0,0,0,3,0,0,False
3591,logic-ng/logicng,bb2bbe87396a51706a642897070b35d992663924,org/logicng/transformations/simplification/BackboneSimplifierTest.java,27,2,8,8,0.41,11,2,2,0,0,0,0,2,0,0,0,0,0,0,0,0,0,0,0,2,0,0,False
3592,logic-ng/logicng,bb2bbe87396a51706a642897070b35d992663924,org/logicng/transformations/simplification/DistributiveSimplifierTest.java,52,6,20,25,0.5,26,6,6,0,0,0,0,2,0,0,0,0,0,0,0,0,0,0,0,6,0,0,False
3593,logic-ng/logicng,bb2bbe87396a51706a642897070b35d992663924,org/logicng/util/CollectionHelperTest.java,61,5,5,21,0.62,38,5,5,0,0,0,0,0,0,0,0,0,0,0,0,1,0,0,0,5,0,0,False
3594,logic-ng/logicng,bb2bbe87396a51706a642897070b35d992663924,org/logicng/util/ComparablePairTest.java,42,5,5,18,0.52,22,5,5,0,0,0,0,0,0,0,0,0,1,0,0,0,0,0,0,5,0,0,False
3595,logic-ng/logicng,bb2bbe87396a51706a642897070b35d992663924,org/logicng/util/FormulaHelperTest.java,41,5,5,15,0.59,24,5,5,0,0,0,0,0,0,0,0,0,0,0,0,0,0,0,0,5,0,0,False
3596,logic-ng/logicng,bb2bbe87396a51706a642897070b35d992663924,org/logicng/util/FormulaRandomizerTest.java,414,22,60,276,0.21,86,22,19,20,0,0,0,0,0,0,0,0,0,0,0,1,0,0,0,20,0,0,False
3597,logic-ng/logicng,bb2bbe87396a51706a642897070b35d992663924,org/logicng/util/PairTest.java,36,4,4,14,0.5,18,4,4,0,0,0,0,0,0,0,0,0,1,0,0,0,0,0,0,4,0,0,False
3598,logic-ng/logicng,dfa28508241d17478b59a388618a5988a86f77e3,org/logicng/backbones/BackboneTest.java,75,6,8,37,0.35,26,6,4,0,0,0,0,1,0,0,0,0,1,0,0,2,0,0,0,5,0,0,False
3599,logic-ng/logicng,dfa28508241d17478b59a388618a5988a86f77e3,org/logicng/backbones/BackboneGenerationTest.java,215,8,24,85,0.22,47,8,3,1,0,0,0,3,0,0,0,0,0,0,0,2,0,0,0,7,0,0,False
3600,logic-ng/logicng,dfa28508241d17478b59a388618a5988a86f77e3,org/logicng/bdds/datastructures/BDDNodeTest.java,65,4,4,33,0.46,30,4,4,0,0,0,0,0,0,0,0,0,0,0,0,1,0,0,0,4,0,0,False
3601,logic-ng/logicng,dfa28508241d17478b59a388618a5988a86f77e3,org/logicng/bdds/io/BDDDotFileWriterTest.java,36,3,10,11,0.08,3,3,0,0,0,0,0,1,0,0,0,0,0,0,0,0,1,1,0,1,0,0,False
3602,logic-ng/logicng,dfa28508241d17478b59a388618a5988a86f77e3,org/logicng/bdds/orderings/BFSOrderingTest.java,27,2,5,11,0.37,10,2,1,0,0,0,0,2,0,0,0,0,0,0,0,0,0,0,0,2,0,0,False
3603,logic-ng/logicng,dfa28508241d17478b59a388618a5988a86f77e3,org/logicng/bdds/orderings/DFSOrderingTest.java,27,2,5,11,0.37,10,2,1,0,0,0,0,2,0,0,0,0,0,0,0,0,0,0,0,2,0,0,False
3604,logic-ng/logicng,dfa28508241d17478b59a388618a5988a86f77e3,org/logicng/bdds/orderings/ForceOrderingTest.java,33,3,9,17,0.21,7,3,1,0,0,0,0,3,0,0,0,0,0,0,0,0,0,0,0,3,0,0,False
3605,logic-ng/logicng,dfa28508241d17478b59a388618a5988a86f77e3,org/logicng/collections/ImmutableFormulaListTest.java,15,1,3,3,0.13,2,1,1,0,0,0,0,0,0,0,0,1,0,0,0,0,0,0,0,1,0,0,False
3606,logic-ng/logicng,dfa28508241d17478b59a388618a5988a86f77e3,org/logicng/collections/LNGBooleanVectorTest.java,148,11,23,68,0.41,60,11,9,9,0,0,0,0,0,0,0,0,1,0,0,4,0,0,0,11,0,0,False
3607,logic-ng/logicng,dfa28508241d17478b59a388618a5988a86f77e3,org/logicng/collections/LNGByteVectorTest.java,165,12,26,76,0.35,58,12,10,11,0,0,0,0,0,0,0,0,1,0,0,4,0,0,0,12,0,0,False
3608,logic-ng/logicng,dfa28508241d17478b59a388618a5988a86f77e3,org/logicng/collections/LNGDoublePriorityQueueTest.java,109,6,6,31,0.39,43,6,5,0,0,0,0,0,0,0,0,0,1,0,0,3,0,0,0,6,0,0,False
3609,logic-ng/logicng,dfa28508241d17478b59a388618a5988a86f77e3,org/logicng/collections/LNGDoubleVectorTest.java,162,12,26,75,0.35,57,12,10,11,0,0,0,0,0,0,0,0,1,0,0,5,0,0,0,12,0,0,False
3610,logic-ng/logicng,dfa28508241d17478b59a388618a5988a86f77e3,org/logicng/collections/LNGIntVectorTest.java,162,12,26,75,0.35,57,12,10,11,0,0,0,0,0,0,0,0,1,0,0,4,0,0,0,12,0,0,False
3611,logic-ng/logicng,dfa28508241d17478b59a388618a5988a86f77e3,org/logicng/collections/LNGLongPriorityQueueTest.java,88,5,5,25,0.41,36,5,4,0,0,0,0,0,0,0,0,0,1,0,0,2,0,0,0,5,0,0,False
3612,logic-ng/logicng,dfa28508241d17478b59a388618a5988a86f77e3,org/logicng/collections/LNGLongVectorTest.java,165,12,26,76,0.35,58,12,10,11,0,0,0,0,0,0,0,0,1,0,0,4,0,0,0,12,0,0,False
3613,logic-ng/logicng,dfa28508241d17478b59a388618a5988a86f77e3,org/logicng/collections/LNGVectorTest.java,295,23,49,138,0.36,105,21,18,20,1,0,0,0,0,0,0,0,2,0,0,7,0,0,0,21,0,0,False
3614,logic-ng/logicng,dfa28508241d17478b59a388618a5988a86f77e3,org/logicng/datastructures/AssignmentTest.java,155,14,17,68,0.46,71,14,13,0,0,0,0,1,0,0,0,2,2,0,0,3,0,0,0,14,0,0,False
3615,logic-ng/logicng,dfa28508241d17478b59a388618a5988a86f77e3,org/logicng/formulas/SubstitutionTest.java,113,13,17,38,0.35,40,12,9,0,1,0,0,4,0,0,0,1,1,0,0,0,0,0,0,12,0,0,False
3616,logic-ng/logicng,dfa28508241d17478b59a388618a5988a86f77e3,org/logicng/datastructures/ubtrees/UBTreeTest.java,201,8,9,57,0.62,125,8,6,0,0,0,0,0,0,0,0,0,0,0,0,1,0,0,0,7,0,0,False
3617,logic-ng/logicng,dfa28508241d17478b59a388618a5988a86f77e3,org/logicng/explanations/unsatcores/MUSConfigTest.java,12,1,2,10,0.17,2,1,1,0,0,0,0,0,0,0,0,0,1,0,0,0,0,0,0,1,0,0,False
3618,logic-ng/logicng,dfa28508241d17478b59a388618a5988a86f77e3,org/logicng/explanations/unsatcores/MUSGenerationTest.java,116,10,20,42,0.05,6,9,0,0,1,0,0,0,0,0,0,0,1,0,0,0,0,1,0,6,0,0,False
3619,logic-ng/logicng,dfa28508241d17478b59a388618a5988a86f77e3,org/logicng/explanations/unsatcores/UNSATCoreTest.java,53,5,7,13,0.28,15,4,4,0,1,0,0,0,0,0,0,2,1,0,0,0,0,0,0,4,0,0,False
3620,logic-ng/logicng,dfa28508241d17478b59a388618a5988a86f77e3,org/logicng/formulas/AndTest.java,131,17,20,62,0.57,75,17,14,0,0,0,0,2,0,0,0,1,1,0,0,3,0,0,0,17,0,0,False
3621,logic-ng/logicng,dfa28508241d17478b59a388618a5988a86f77e3,org/logicng/formulas/CFalseTest.java,55,15,16,38,0.33,18,15,0,0,0,0,0,0,0,0,0,0,1,0,0,0,0,0,0,15,0,0,False
3622,logic-ng/logicng,dfa28508241d17478b59a388618a5988a86f77e3,org/logicng/formulas/CTrueTest.java,56,15,16,38,0.34,19,15,1,0,0,0,0,0,0,0,0,0,1,0,0,1,0,0,0,15,0,0,False
3623,logic-ng/logicng,dfa28508241d17478b59a388618a5988a86f77e3,org/logicng/formulas/EquivalenceTest.java,119,17,19,52,0.57,68,17,16,0,0,0,0,1,0,0,0,1,1,0,0,4,0,0,0,17,0,0,False
3624,logic-ng/logicng,dfa28508241d17478b59a388618a5988a86f77e3,org/logicng/formulas/ExtendedFormulaFactoryTest.java,113,7,14,46,0.12,14,7,2,0,0,0,0,0,0,0,0,0,0,0,0,2,0,1,0,5,0,0,False
3625,logic-ng/logicng,dfa28508241d17478b59a388618a5988a86f77e3,org/logicng/formulas/FormulaTest.java,62,8,13,38,0.29,18,6,5,0,0,0,0,0,0,0,0,0,0,0,0,0,0,0,0,6,0,0,False
3626,logic-ng/logicng,dfa28508241d17478b59a388618a5988a86f77e3,org/logicng/formulas/FormulaFactoryTest.java,103,7,10,45,0.29,30,7,4,1,0,0,0,1,0,0,0,0,1,0,0,1,0,0,0,7,0,0,False
3627,logic-ng/logicng,dfa28508241d17478b59a388618a5988a86f77e3,org/logicng/formulas/ImplicationTest.java,115,18,20,52,0.53,61,18,16,0,0,0,0,1,0,0,0,1,1,0,0,4,0,0,0,18,0,0,False
3628,logic-ng/logicng,dfa28508241d17478b59a388618a5988a86f77e3,org/logicng/formulas/LiteralTest.java,114,20,21,56,0.55,63,20,19,0,0,0,0,0,0,0,0,1,1,0,0,2,1,0,0,20,0,0,False
3629,logic-ng/logicng,dfa28508241d17478b59a388618a5988a86f77e3,org/logicng/formulas/NotTest.java,95,16,18,48,0.52,49,16,15,0,0,0,0,1,0,0,0,1,1,0,0,3,0,0,0,16,0,0,False
3630,logic-ng/logicng,dfa28508241d17478b59a388618a5988a86f77e3,org/logicng/formulas/OrTest.java,127,16,19,57,0.58,74,16,14,0,0,0,0,2,0,0,0,1,1,0,0,3,0,0,0,16,0,0,False
3631,logic-ng/logicng,dfa28508241d17478b59a388618a5988a86f77e3,org/logicng/formulas/PBConstraintTest.java,475,30,33,151,0.53,254,29,26,0,1,0,0,0,0,0,0,2,5,0,0,3,0,0,0,29,0,0,False
3632,logic-ng/logicng,dfa28508241d17478b59a388618a5988a86f77e3,org/logicng/formulas/printer/DefaultStringRepresentationTest.java,45,2,2,13,0.73,33,2,1,0,0,0,0,0,0,0,0,0,1,0,0,0,0,0,0,2,0,0,False
3633,logic-ng/logicng,dfa28508241d17478b59a388618a5988a86f77e3,org/logicng/formulas/printer/LatexStringRepresentationTest.java,44,2,2,13,0.7,31,2,2,0,0,0,0,0,0,0,0,0,1,0,0,0,0,0,0,2,0,0,False
3634,logic-ng/logicng,dfa28508241d17478b59a388618a5988a86f77e3,org/logicng/formulas/printer/SortedStringRepresentationTest.java,59,3,4,22,0.71,42,3,2,0,0,0,0,1,0,0,0,0,1,0,0,2,0,0,0,3,0,0,False
3635,logic-ng/logicng,dfa28508241d17478b59a388618a5988a86f77e3,org/logicng/formulas/printer/UTF8StringRepresentationTest.java,44,2,2,13,0.7,31,2,2,0,0,0,0,0,0,0,0,0,1,0,0,0,0,0,0,2,0,0,False
3636,logic-ng/logicng,dfa28508241d17478b59a388618a5988a86f77e3,org/logicng/graphs/algorithms/BronKerboschTest.java,44,1,4,13,0.16,7,1,1,1,0,0,0,1,0,0,0,0,0,0,0,0,0,0,0,1,0,0,False
3637,logic-ng/logicng,dfa28508241d17478b59a388618a5988a86f77e3,org/logicng/graphs/datastructures/GraphTest.java,65,4,7,37,0.2,13,4,2,0,0,0,0,0,0,0,0,0,1,0,0,0,0,0,0,3,0,0,False
3638,logic-ng/logicng,dfa28508241d17478b59a388618a5988a86f77e3,org/logicng/graphs/datastructures/HypergraphTest.java,34,2,2,12,0.21,7,2,1,0,0,0,0,0,0,0,0,0,1,0,0,1,0,0,0,2,0,0,False
3639,logic-ng/logicng,dfa28508241d17478b59a388618a5988a86f77e3,org/logicng/graphs/datastructures/HypergraphEdgeTest.java,39,3,5,21,0.08,3,3,1,0,0,0,0,2,0,0,0,0,0,0,0,1,0,0,0,3,0,0,False
3640,logic-ng/logicng,dfa28508241d17478b59a388618a5988a86f77e3,org/logicng/graphs/datastructures/HypergraphNodeTest.java,16,1,1,6,0.19,3,1,1,0,0,0,0,0,0,0,0,0,0,0,0,0,0,0,0,1,0,0,False
3641,logic-ng/logicng,dfa28508241d17478b59a388618a5988a86f77e3,org/logicng/graphs/generators/HypergraphGeneratorTest.java,83,3,8,26,0.28,23,3,2,0,0,0,0,3,0,0,0,0,0,0,0,2,0,0,0,3,0,0,False
3642,logic-ng/logicng,dfa28508241d17478b59a388618a5988a86f77e3,org/logicng/graphs/io/GraphDimacsFileWriterTest.java,86,6,20,31,0.1,9,6,0,1,0,0,0,3,0,0,0,0,0,0,0,0,3,1,0,3,0,0,False
3643,logic-ng/logicng,dfa28508241d17478b59a388618a5988a86f77e3,org/logicng/graphs/io/GraphDotFileWriterTest.java,72,5,15,24,0.07,5,5,0,1,0,0,0,3,0,0,0,0,0,0,0,0,3,1,0,3,0,0,False
3644,logic-ng/logicng,dfa28508241d17478b59a388618a5988a86f77e3,org/logicng/io/parsers/PropositionalParserTest.java,164,29,56,67,0.39,64,29,9,0,0,0,0,27,0,0,0,0,1,0,0,0,0,0,0,29,0,0,False
3645,logic-ng/logicng,dfa28508241d17478b59a388618a5988a86f77e3,org/logicng/io/parsers/PseudoBooleanParserTest.java,178,29,57,81,0.47,84,29,12,0,0,0,0,28,0,0,0,0,1,0,0,1,0,0,0,29,0,0,False
3646,logic-ng/logicng,dfa28508241d17478b59a388618a5988a86f77e3,org/logicng/io/writers/FormulaDimacsFileWriterTest.java,61,7,18,21,0.08,5,7,0,0,0,0,0,5,0,0,0,0,0,0,0,0,0,1,0,5,0,0,False
3647,logic-ng/logicng,dfa28508241d17478b59a388618a5988a86f77e3,org/logicng/io/writers/FormulaDotFileWriterTest.java,53,6,16,16,0.08,4,6,0,0,0,0,0,4,0,0,0,0,0,0,0,0,4,1,0,4,0,0,False
3648,logic-ng/logicng,dfa28508241d17478b59a388618a5988a86f77e3,org/logicng/predicates/CNFPredicateTest.java,28,2,2,8,0.57,16,2,1,0,0,0,0,0,0,0,0,0,1,0,0,0,0,0,0,2,0,0,False
3649,logic-ng/logicng,dfa28508241d17478b59a388618a5988a86f77e3,org/logicng/predicates/DNFPredicateTest.java,28,2,2,8,0.57,16,2,1,0,0,0,0,0,0,0,0,0,1,0,0,0,0,0,0,2,0,0,False
3650,logic-ng/logicng,dfa28508241d17478b59a388618a5988a86f77e3,org/logicng/predicates/NNFPredicateTest.java,32,2,2,9,0.63,20,2,1,0,0,0,0,0,0,0,0,0,1,0,0,0,0,0,0,2,0,0,False
3651,logic-ng/logicng,dfa28508241d17478b59a388618a5988a86f77e3,org/logicng/propositions/ExtendedPropositionTest.java,78,6,14,21,0.32,25,5,5,0,1,0,0,4,0,0,0,1,1,0,0,0,0,0,0,5,0,0,False
3652,logic-ng/logicng,dfa28508241d17478b59a388618a5988a86f77e3,org/logicng/propositions/StandardPropositionTest.java,68,6,14,18,0.4,27,5,5,0,1,0,0,4,0,0,0,1,1,0,0,0,0,0,0,5,0,0,False
3653,logic-ng/logicng,dfa28508241d17478b59a388618a5988a86f77e3,org/logicng/pseudobooleans/PBEncoderTest.java,121,9,16,61,0.14,17,8,3,5,1,0,0,0,0,0,0,0,2,0,0,0,1,1,0,7,0,0,False
3654,logic-ng/logicng,dfa28508241d17478b59a388618a5988a86f77e3,org/logicng/solvers/sat/MiniSatTest.java,56,7,11,29,0.23,13,7,3,0,0,0,0,1,0,0,0,0,1,0,0,1,0,0,0,5,0,0,False
3655,logic-ng/logicng,dfa28508241d17478b59a388618a5988a86f77e3,org/logicng/solvers/datastructures/LNGHeapTest.java,23,1,1,9,0.22,5,1,1,0,0,0,0,0,0,0,0,0,1,0,0,1,0,0,0,1,0,0,False
3656,logic-ng/logicng,dfa28508241d17478b59a388618a5988a86f77e3,org/logicng/solvers/sat/GlucoseSyrupTest.java,33,6,11,10,0.03,1,6,0,0,0,0,0,0,0,0,0,0,1,0,0,0,0,0,0,3,0,0,False
3657,logic-ng/logicng,dfa28508241d17478b59a388618a5988a86f77e3,org/logicng/solvers/sat/MiniCardTest.java,86,8,12,34,0.17,15,8,3,0,0,0,0,0,0,0,0,0,1,0,0,1,0,0,0,6,0,0,False
3658,logic-ng/logicng,dfa28508241d17478b59a388618a5988a86f77e3,org/logicng/transformations/AnonymizerTest.java,60,4,12,16,0.55,33,4,4,0,0,0,0,4,0,0,0,0,0,0,0,1,0,0,0,4,0,0,False
3659,logic-ng/logicng,dfa28508241d17478b59a388618a5988a86f77e3,org/logicng/transformations/BackboneSimplifierTest.java,27,2,8,8,0.41,11,2,2,0,0,0,0,2,0,0,0,0,0,0,0,0,0,0,0,2,0,0,False
3660,logic-ng/logicng,dfa28508241d17478b59a388618a5988a86f77e3,org/logicng/transformations/DistributiveSimplifierTest.java,52,6,20,19,0.5,26,6,6,0,0,0,0,2,0,0,0,0,0,0,0,0,0,0,0,6,0,0,False
3661,logic-ng/logicng,dfa28508241d17478b59a388618a5988a86f77e3,org/logicng/transformations/FormulaFactoryImporterTest.java,187,12,17,108,0.67,126,12,10,0,0,0,0,1,0,0,0,0,0,0,0,0,0,0,0,10,0,0,False
3662,logic-ng/logicng,dfa28508241d17478b59a388618a5988a86f77e3,org/logicng/transformations/UnitPropagationTest.java,33,4,9,11,0.48,16,4,4,0,0,0,0,1,0,0,0,0,0,0,0,0,0,0,0,4,0,0,False
3663,logic-ng/logicng,dfa28508241d17478b59a388618a5988a86f77e3,org/logicng/transformations/cnf/CNFEncoderTest.java,153,13,27,88,0.23,35,13,10,0,0,0,0,10,0,0,0,0,1,0,0,1,0,0,0,12,0,0,False
3664,logic-ng/logicng,dfa28508241d17478b59a388618a5988a86f77e3,org/logicng/transformations/cnf/CNFSubsumptionTest.java,42,4,9,17,0.45,19,4,3,0,0,0,0,4,0,0,0,0,0,0,0,1,0,0,0,4,0,0,False
3665,logic-ng/logicng,dfa28508241d17478b59a388618a5988a86f77e3,org/logicng/transformations/dnf/DNFFactorizationTest.java,107,12,29,34,0.42,45,8,8,0,0,0,0,5,0,0,0,0,1,0,0,2,0,0,0,8,0,0,False
3666,logic-ng/logicng,dfa28508241d17478b59a388618a5988a86f77e3,org/logicng/transformations/dnf/DNFSubsumptionTest.java,49,4,11,17,0.39,19,4,3,1,0,0,0,4,0,0,0,0,0,0,0,1,0,0,0,4,0,0,False
3667,logic-ng/logicng,dfa28508241d17478b59a388618a5988a86f77e3,org/logicng/transformations/qmc/TermTest.java,80,3,7,21,0.21,17,3,3,0,0,0,0,1,0,0,0,0,1,0,0,0,0,0,0,3,0,0,False
3668,logic-ng/logicng,dfa28508241d17478b59a388618a5988a86f77e3,org/logicng/transformations/qmc/TermTableTest.java,47,4,8,19,0.26,12,4,2,0,0,0,0,0,0,0,0,0,1,0,0,1,0,0,0,3,0,0,False
3669,logic-ng/logicng,dfa28508241d17478b59a388618a5988a86f77e3,org/logicng/util/ComparablePairTest.java,42,5,5,13,0.52,22,5,5,0,0,0,0,0,0,0,0,1,1,0,0,0,0,0,0,5,0,0,False
3670,logic-ng/logicng,dfa28508241d17478b59a388618a5988a86f77e3,org/logicng/util/FormulaHelperTest.java,29,2,2,10,0.62,18,2,2,0,0,0,0,0,0,0,0,0,0,0,0,0,0,0,0,2,0,0,False
3671,logic-ng/logicng,dfa28508241d17478b59a388618a5988a86f77e3,org/logicng/util/PairTest.java,36,4,4,10,0.5,18,4,4,0,0,0,0,0,0,0,0,1,1,0,0,0,0,0,0,4,0,0,False
3672,logic-ng/logicng,7d852d05b0d4412a4d060c38f7388f9db1d3b171,org/logicng/backbones/BackboneTest.java,75,6,8,37,0.35,26,6,4,0,0,0,0,1,0,0,0,0,1,0,0,2,0,0,0,5,0,0,False
3673,logic-ng/logicng,7d852d05b0d4412a4d060c38f7388f9db1d3b171,org/logicng/backbones/BackboneGenerationTest.java,215,8,24,85,0.22,47,8,3,1,0,0,0,3,0,0,0,0,0,0,0,2,0,0,0,7,0,0,False
3674,logic-ng/logicng,7d852d05b0d4412a4d060c38f7388f9db1d3b171,org/logicng/bdds/datastructures/BDDNodeTest.java,65,4,4,33,0.46,30,4,4,0,0,0,0,0,0,0,0,0,0,0,0,1,0,0,0,4,0,0,False
3675,logic-ng/logicng,7d852d05b0d4412a4d060c38f7388f9db1d3b171,org/logicng/bdds/io/BDDDotFileWriterTest.java,36,3,10,11,0.08,3,3,0,0,0,0,0,1,0,0,0,0,0,0,0,0,1,1,0,1,0,0,False
3676,logic-ng/logicng,7d852d05b0d4412a4d060c38f7388f9db1d3b171,org/logicng/bdds/orderings/BFSOrderingTest.java,27,2,5,11,0.37,10,2,1,0,0,0,0,2,0,0,0,0,0,0,0,0,0,0,0,2,0,0,False
3677,logic-ng/logicng,7d852d05b0d4412a4d060c38f7388f9db1d3b171,org/logicng/bdds/orderings/DFSOrderingTest.java,27,2,5,11,0.37,10,2,1,0,0,0,0,2,0,0,0,0,0,0,0,0,0,0,0,2,0,0,False
3678,logic-ng/logicng,7d852d05b0d4412a4d060c38f7388f9db1d3b171,org/logicng/bdds/orderings/ForceOrderingTest.java,33,3,9,17,0.21,7,3,1,0,0,0,0,3,0,0,0,0,0,0,0,0,0,0,0,3,0,0,False
3679,logic-ng/logicng,7d852d05b0d4412a4d060c38f7388f9db1d3b171,org/logicng/collections/ImmutableFormulaListTest.java,15,1,3,3,0.13,2,1,1,0,0,0,0,0,0,0,0,1,0,0,0,0,0,0,0,1,0,0,False
3680,logic-ng/logicng,7d852d05b0d4412a4d060c38f7388f9db1d3b171,org/logicng/collections/LNGBooleanVectorTest.java,148,11,23,68,0.41,60,11,9,9,0,0,0,0,0,0,0,0,1,0,0,4,0,0,0,11,0,0,False
3681,logic-ng/logicng,7d852d05b0d4412a4d060c38f7388f9db1d3b171,org/logicng/collections/LNGByteVectorTest.java,165,12,26,76,0.35,58,12,10,11,0,0,0,0,0,0,0,0,1,0,0,4,0,0,0,12,0,0,False
3682,logic-ng/logicng,7d852d05b0d4412a4d060c38f7388f9db1d3b171,org/logicng/collections/LNGDoublePriorityQueueTest.java,109,6,6,31,0.39,43,6,5,0,0,0,0,0,0,0,0,0,1,0,0,3,0,0,0,6,0,0,False
3683,logic-ng/logicng,7d852d05b0d4412a4d060c38f7388f9db1d3b171,org/logicng/collections/LNGDoubleVectorTest.java,162,12,26,75,0.35,57,12,10,11,0,0,0,0,0,0,0,0,1,0,0,5,0,0,0,12,0,0,False
3684,logic-ng/logicng,7d852d05b0d4412a4d060c38f7388f9db1d3b171,org/logicng/collections/LNGIntVectorTest.java,162,12,26,75,0.35,57,12,10,11,0,0,0,0,0,0,0,0,1,0,0,4,0,0,0,12,0,0,False
3685,logic-ng/logicng,7d852d05b0d4412a4d060c38f7388f9db1d3b171,org/logicng/collections/LNGLongPriorityQueueTest.java,88,5,5,25,0.41,36,5,4,0,0,0,0,0,0,0,0,0,1,0,0,2,0,0,0,5,0,0,False
3686,logic-ng/logicng,7d852d05b0d4412a4d060c38f7388f9db1d3b171,org/logicng/collections/LNGLongVectorTest.java,165,12,26,76,0.35,58,12,10,11,0,0,0,0,0,0,0,0,1,0,0,4,0,0,0,12,0,0,False
3687,logic-ng/logicng,7d852d05b0d4412a4d060c38f7388f9db1d3b171,org/logicng/collections/LNGVectorTest.java,295,23,49,138,0.36,105,21,18,20,1,0,0,0,0,0,0,0,2,0,0,7,0,0,0,21,0,0,False
3688,logic-ng/logicng,7d852d05b0d4412a4d060c38f7388f9db1d3b171,org/logicng/datastructures/AssignmentTest.java,155,14,17,68,0.46,71,14,13,0,0,0,0,1,0,0,0,2,2,0,0,3,0,0,0,14,0,0,False
3689,logic-ng/logicng,7d852d05b0d4412a4d060c38f7388f9db1d3b171,org/logicng/formulas/SubstitutionTest.java,113,13,17,38,0.35,40,12,9,0,1,0,0,4,0,0,0,1,1,0,0,0,0,0,0,12,0,0,False
3690,logic-ng/logicng,7d852d05b0d4412a4d060c38f7388f9db1d3b171,org/logicng/datastructures/ubtrees/UBTreeTest.java,201,8,9,57,0.62,125,8,6,0,0,0,0,0,0,0,0,0,0,0,0,1,0,0,0,7,0,0,False
3691,logic-ng/logicng,7d852d05b0d4412a4d060c38f7388f9db1d3b171,org/logicng/explanations/unsatcores/MUSConfigTest.java,12,1,2,10,0.17,2,1,1,0,0,0,0,0,0,0,0,0,1,0,0,0,0,0,0,1,0,0,False
3692,logic-ng/logicng,7d852d05b0d4412a4d060c38f7388f9db1d3b171,org/logicng/explanations/unsatcores/MUSGenerationTest.java,116,10,20,42,0.05,6,9,0,0,1,0,0,0,0,0,0,0,1,0,0,0,0,1,0,6,0,0,False
3693,logic-ng/logicng,7d852d05b0d4412a4d060c38f7388f9db1d3b171,org/logicng/explanations/unsatcores/UNSATCoreTest.java,53,5,7,13,0.28,15,4,4,0,1,0,0,0,0,0,0,2,1,0,0,0,0,0,0,4,0,0,False
3694,logic-ng/logicng,7d852d05b0d4412a4d060c38f7388f9db1d3b171,org/logicng/formulas/AndTest.java,131,17,20,62,0.57,75,17,14,0,0,0,0,2,0,0,0,1,1,0,0,3,0,0,0,17,0,0,False
3695,logic-ng/logicng,7d852d05b0d4412a4d060c38f7388f9db1d3b171,org/logicng/formulas/CFalseTest.java,55,15,16,38,0.33,18,15,0,0,0,0,0,0,0,0,0,0,1,0,0,0,0,0,0,15,0,0,False
3696,logic-ng/logicng,7d852d05b0d4412a4d060c38f7388f9db1d3b171,org/logicng/formulas/CTrueTest.java,56,15,16,38,0.34,19,15,1,0,0,0,0,0,0,0,0,0,1,0,0,1,0,0,0,15,0,0,False
3697,logic-ng/logicng,7d852d05b0d4412a4d060c38f7388f9db1d3b171,org/logicng/formulas/EquivalenceTest.java,119,17,19,52,0.57,68,17,16,0,0,0,0,1,0,0,0,1,1,0,0,4,0,0,0,17,0,0,False
3698,logic-ng/logicng,7d852d05b0d4412a4d060c38f7388f9db1d3b171,org/logicng/formulas/ExtendedFormulaFactoryTest.java,113,7,14,46,0.12,14,7,2,0,0,0,0,0,0,0,0,0,0,0,0,2,0,1,0,5,0,0,False
3699,logic-ng/logicng,7d852d05b0d4412a4d060c38f7388f9db1d3b171,org/logicng/formulas/FormulaTest.java,62,8,13,38,0.29,18,6,5,0,0,0,0,0,0,0,0,0,0,0,0,0,0,0,0,6,0,0,False
3700,logic-ng/logicng,7d852d05b0d4412a4d060c38f7388f9db1d3b171,org/logicng/formulas/FormulaFactoryTest.java,103,7,10,45,0.29,30,7,4,1,0,0,0,1,0,0,0,0,1,0,0,1,0,0,0,7,0,0,False
3701,logic-ng/logicng,7d852d05b0d4412a4d060c38f7388f9db1d3b171,org/logicng/formulas/ImplicationTest.java,115,18,20,52,0.53,61,18,16,0,0,0,0,1,0,0,0,1,1,0,0,4,0,0,0,18,0,0,False
3702,logic-ng/logicng,7d852d05b0d4412a4d060c38f7388f9db1d3b171,org/logicng/formulas/LiteralTest.java,114,20,21,56,0.55,63,20,19,0,0,0,0,0,0,0,0,1,1,0,0,2,1,0,0,20,0,0,False
3703,logic-ng/logicng,7d852d05b0d4412a4d060c38f7388f9db1d3b171,org/logicng/formulas/NotTest.java,95,16,18,48,0.52,49,16,15,0,0,0,0,1,0,0,0,1,1,0,0,3,0,0,0,16,0,0,False
3704,logic-ng/logicng,7d852d05b0d4412a4d060c38f7388f9db1d3b171,org/logicng/formulas/OrTest.java,127,16,19,57,0.58,74,16,14,0,0,0,0,2,0,0,0,1,1,0,0,3,0,0,0,16,0,0,False
3705,logic-ng/logicng,7d852d05b0d4412a4d060c38f7388f9db1d3b171,org/logicng/formulas/PBConstraintTest.java,475,30,33,151,0.53,254,29,26,0,1,0,0,0,0,0,0,2,5,0,0,3,0,0,0,29,0,0,False
3706,logic-ng/logicng,7d852d05b0d4412a4d060c38f7388f9db1d3b171,org/logicng/formulas/printer/DefaultStringRepresentationTest.java,36,2,2,9,0.67,24,2,1,0,0,0,0,0,0,0,0,0,1,0,0,0,0,0,0,2,0,0,False
3707,logic-ng/logicng,7d852d05b0d4412a4d060c38f7388f9db1d3b171,org/logicng/formulas/printer/LatexStringRepresentationTest.java,35,2,2,9,0.63,22,2,2,0,0,0,0,0,0,0,0,0,1,0,0,0,0,0,0,2,0,0,False
3708,logic-ng/logicng,7d852d05b0d4412a4d060c38f7388f9db1d3b171,org/logicng/formulas/printer/SortedStringRepresentationTest.java,50,3,3,19,0.66,33,3,2,0,0,0,0,0,0,0,0,0,1,0,0,2,0,0,0,3,0,0,False
3709,logic-ng/logicng,7d852d05b0d4412a4d060c38f7388f9db1d3b171,org/logicng/formulas/printer/UTF8StringRepresentationTest.java,35,2,2,9,0.63,22,2,2,0,0,0,0,0,0,0,0,0,1,0,0,0,0,0,0,2,0,0,False
3710,logic-ng/logicng,7d852d05b0d4412a4d060c38f7388f9db1d3b171,org/logicng/graphs/algorithms/BronKerboschTest.java,44,1,4,13,0.16,7,1,1,1,0,0,0,1,0,0,0,0,0,0,0,0,0,0,0,1,0,0,False
3711,logic-ng/logicng,7d852d05b0d4412a4d060c38f7388f9db1d3b171,org/logicng/graphs/datastructures/GraphTest.java,65,4,7,37,0.2,13,4,2,0,0,0,0,0,0,0,0,0,1,0,0,0,0,0,0,3,0,0,False
3712,logic-ng/logicng,7d852d05b0d4412a4d060c38f7388f9db1d3b171,org/logicng/graphs/datastructures/HypergraphTest.java,34,2,2,12,0.21,7,2,1,0,0,0,0,0,0,0,0,0,1,0,0,1,0,0,0,2,0,0,False
3713,logic-ng/logicng,7d852d05b0d4412a4d060c38f7388f9db1d3b171,org/logicng/graphs/datastructures/HypergraphEdgeTest.java,39,3,5,21,0.08,3,3,1,0,0,0,0,2,0,0,0,0,0,0,0,1,0,0,0,3,0,0,False
3714,logic-ng/logicng,7d852d05b0d4412a4d060c38f7388f9db1d3b171,org/logicng/graphs/datastructures/HypergraphNodeTest.java,16,1,1,6,0.19,3,1,1,0,0,0,0,0,0,0,0,0,0,0,0,0,0,0,0,1,0,0,False
3715,logic-ng/logicng,7d852d05b0d4412a4d060c38f7388f9db1d3b171,org/logicng/graphs/generators/HypergraphGeneratorTest.java,83,3,8,26,0.28,23,3,2,0,0,0,0,3,0,0,0,0,0,0,0,2,0,0,0,3,0,0,False
3716,logic-ng/logicng,7d852d05b0d4412a4d060c38f7388f9db1d3b171,org/logicng/graphs/io/GraphDimacsFileWriterTest.java,86,6,20,31,0.1,9,6,0,1,0,0,0,3,0,0,0,0,0,0,0,0,3,1,0,3,0,0,False
3717,logic-ng/logicng,7d852d05b0d4412a4d060c38f7388f9db1d3b171,org/logicng/graphs/io/GraphDotFileWriterTest.java,72,5,15,24,0.07,5,5,0,1,0,0,0,3,0,0,0,0,0,0,0,0,3,1,0,3,0,0,False
3718,logic-ng/logicng,7d852d05b0d4412a4d060c38f7388f9db1d3b171,org/logicng/io/parsers/PropositionalParserTest.java,164,29,56,67,0.39,64,29,9,0,0,0,0,27,0,0,0,0,1,0,0,0,0,0,0,29,0,0,False
3719,logic-ng/logicng,7d852d05b0d4412a4d060c38f7388f9db1d3b171,org/logicng/io/parsers/PseudoBooleanParserTest.java,178,29,57,81,0.47,84,29,12,0,0,0,0,28,0,0,0,0,1,0,0,1,0,0,0,29,0,0,False
3720,logic-ng/logicng,7d852d05b0d4412a4d060c38f7388f9db1d3b171,org/logicng/io/writers/FormulaDimacsFileWriterTest.java,61,7,18,21,0.08,5,7,0,0,0,0,0,5,0,0,0,0,0,0,0,0,0,1,0,5,0,0,False
3721,logic-ng/logicng,7d852d05b0d4412a4d060c38f7388f9db1d3b171,org/logicng/io/writers/FormulaDotFileWriterTest.java,53,6,16,16,0.08,4,6,0,0,0,0,0,4,0,0,0,0,0,0,0,0,4,1,0,4,0,0,False
3722,logic-ng/logicng,7d852d05b0d4412a4d060c38f7388f9db1d3b171,org/logicng/predicates/CNFPredicateTest.java,28,2,2,8,0.57,16,2,1,0,0,0,0,0,0,0,0,0,1,0,0,0,0,0,0,2,0,0,False
3723,logic-ng/logicng,7d852d05b0d4412a4d060c38f7388f9db1d3b171,org/logicng/predicates/DNFPredicateTest.java,28,2,2,8,0.57,16,2,1,0,0,0,0,0,0,0,0,0,1,0,0,0,0,0,0,2,0,0,False
3724,logic-ng/logicng,7d852d05b0d4412a4d060c38f7388f9db1d3b171,org/logicng/predicates/NNFPredicateTest.java,32,2,2,9,0.63,20,2,1,0,0,0,0,0,0,0,0,0,1,0,0,0,0,0,0,2,0,0,False
3725,logic-ng/logicng,7d852d05b0d4412a4d060c38f7388f9db1d3b171,org/logicng/propositions/ExtendedPropositionTest.java,78,6,14,21,0.32,25,5,5,0,1,0,0,4,0,0,0,1,1,0,0,0,0,0,0,5,0,0,False
3726,logic-ng/logicng,7d852d05b0d4412a4d060c38f7388f9db1d3b171,org/logicng/propositions/StandardPropositionTest.java,68,6,14,18,0.4,27,5,5,0,1,0,0,4,0,0,0,1,1,0,0,0,0,0,0,5,0,0,False
3727,logic-ng/logicng,7d852d05b0d4412a4d060c38f7388f9db1d3b171,org/logicng/pseudobooleans/PBEncoderTest.java,121,9,16,61,0.14,17,8,3,5,1,0,0,0,0,0,0,0,2,0,0,0,1,1,0,7,0,0,False
3728,logic-ng/logicng,7d852d05b0d4412a4d060c38f7388f9db1d3b171,org/logicng/solvers/sat/MiniSatTest.java,56,7,11,29,0.23,13,7,3,0,0,0,0,1,0,0,0,0,1,0,0,1,0,0,0,5,0,0,False
3729,logic-ng/logicng,7d852d05b0d4412a4d060c38f7388f9db1d3b171,org/logicng/solvers/datastructures/LNGHeapTest.java,23,1,1,9,0.22,5,1,1,0,0,0,0,0,0,0,0,0,1,0,0,1,0,0,0,1,0,0,False
3730,logic-ng/logicng,7d852d05b0d4412a4d060c38f7388f9db1d3b171,org/logicng/solvers/sat/GlucoseSyrupTest.java,33,6,11,10,0.03,1,6,0,0,0,0,0,0,0,0,0,0,1,0,0,0,0,0,0,3,0,0,False
3731,logic-ng/logicng,7d852d05b0d4412a4d060c38f7388f9db1d3b171,org/logicng/solvers/sat/MiniCardTest.java,86,8,12,34,0.17,15,8,3,0,0,0,0,0,0,0,0,0,1,0,0,1,0,0,0,6,0,0,False
3732,logic-ng/logicng,7d852d05b0d4412a4d060c38f7388f9db1d3b171,org/logicng/transformations/AnonymizerTest.java,60,4,12,16,0.55,33,4,4,0,0,0,0,4,0,0,0,0,0,0,0,1,0,0,0,4,0,0,False
3733,logic-ng/logicng,7d852d05b0d4412a4d060c38f7388f9db1d3b171,org/logicng/transformations/BackboneSimplifierTest.java,27,2,8,8,0.41,11,2,2,0,0,0,0,2,0,0,0,0,0,0,0,0,0,0,0,2,0,0,False
3734,logic-ng/logicng,7d852d05b0d4412a4d060c38f7388f9db1d3b171,org/logicng/transformations/DistributiveSimplifierTest.java,52,6,20,19,0.5,26,6,6,0,0,0,0,2,0,0,0,0,0,0,0,0,0,0,0,6,0,0,False
3735,logic-ng/logicng,7d852d05b0d4412a4d060c38f7388f9db1d3b171,org/logicng/transformations/FormulaFactoryImporterTest.java,187,12,17,108,0.67,126,12,10,0,0,0,0,1,0,0,0,0,0,0,0,0,0,0,0,10,0,0,False
3736,logic-ng/logicng,7d852d05b0d4412a4d060c38f7388f9db1d3b171,org/logicng/transformations/UnitPropagationTest.java,33,4,9,11,0.48,16,4,4,0,0,0,0,1,0,0,0,0,0,0,0,0,0,0,0,4,0,0,False
3737,logic-ng/logicng,7d852d05b0d4412a4d060c38f7388f9db1d3b171,org/logicng/transformations/cnf/CNFEncoderTest.java,153,13,27,88,0.23,35,13,10,0,0,0,0,10,0,0,0,0,1,0,0,1,0,0,0,12,0,0,False
3738,logic-ng/logicng,7d852d05b0d4412a4d060c38f7388f9db1d3b171,org/logicng/transformations/cnf/CNFSubsumptionTest.java,42,4,9,17,0.45,19,4,3,0,0,0,0,4,0,0,0,0,0,0,0,1,0,0,0,4,0,0,False
3739,logic-ng/logicng,7d852d05b0d4412a4d060c38f7388f9db1d3b171,org/logicng/transformations/dnf/DNFFactorizationTest.java,89,10,26,29,0.47,42,8,7,0,0,0,0,5,0,0,0,0,1,0,0,1,0,0,0,8,0,0,False
3740,logic-ng/logicng,7d852d05b0d4412a4d060c38f7388f9db1d3b171,org/logicng/transformations/dnf/DNFSubsumptionTest.java,49,4,11,17,0.39,19,4,3,1,0,0,0,4,0,0,0,0,0,0,0,1,0,0,0,4,0,0,False
3741,logic-ng/logicng,7d852d05b0d4412a4d060c38f7388f9db1d3b171,org/logicng/transformations/qmc/TermTest.java,80,3,7,21,0.21,17,3,3,0,0,0,0,1,0,0,0,0,1,0,0,0,0,0,0,3,0,0,False
3742,logic-ng/logicng,7d852d05b0d4412a4d060c38f7388f9db1d3b171,org/logicng/transformations/qmc/TermTableTest.java,47,4,8,19,0.26,12,4,2,0,0,0,0,0,0,0,0,0,1,0,0,1,0,0,0,3,0,0,False
3743,logic-ng/logicng,7d852d05b0d4412a4d060c38f7388f9db1d3b171,org/logicng/util/ComparablePairTest.java,42,5,5,13,0.52,22,5,5,0,0,0,0,0,0,0,0,1,1,0,0,0,0,0,0,5,0,0,False
3744,logic-ng/logicng,7d852d05b0d4412a4d060c38f7388f9db1d3b171,org/logicng/util/FormulaHelperTest.java,29,2,2,10,0.62,18,2,2,0,0,0,0,0,0,0,0,0,0,0,0,0,0,0,0,2,0,0,False
3745,logic-ng/logicng,7d852d05b0d4412a4d060c38f7388f9db1d3b171,org/logicng/util/PairTest.java,36,4,4,10,0.5,18,4,4,0,0,0,0,0,0,0,0,1,1,0,0,0,0,0,0,4,0,0,False
3746,logic-ng/logicng,73359fd2892f53242c775d2403d329c13daf0918,org/logicng/backbones/BackboneTest.java,75,6,8,37,0.35,26,6,4,0,0,0,0,1,0,0,0,0,1,0,0,2,0,0,0,5,0,0,False
3747,logic-ng/logicng,73359fd2892f53242c775d2403d329c13daf0918,org/logicng/backbones/BackboneGenerationTest.java,212,7,23,83,0.22,47,7,3,1,0,0,0,3,0,0,0,0,0,0,0,2,0,0,0,6,0,0,False
3748,logic-ng/logicng,73359fd2892f53242c775d2403d329c13daf0918,org/logicng/bdds/datastructures/BDDNodeTest.java,65,4,4,33,0.46,30,4,4,0,0,0,0,0,0,0,0,0,0,0,0,1,0,0,0,4,0,0,False
3749,logic-ng/logicng,73359fd2892f53242c775d2403d329c13daf0918,org/logicng/bdds/io/BDDDotFileWriterTest.java,36,3,10,11,0.08,3,3,0,0,0,0,0,1,0,0,0,0,0,0,0,0,1,1,0,1,0,0,False
3750,logic-ng/logicng,73359fd2892f53242c775d2403d329c13daf0918,org/logicng/bdds/orderings/BFSOrderingTest.java,27,2,5,11,0.37,10,2,1,0,0,0,0,2,0,0,0,0,0,0,0,0,0,0,0,2,0,0,False
3751,logic-ng/logicng,73359fd2892f53242c775d2403d329c13daf0918,org/logicng/bdds/orderings/DFSOrderingTest.java,27,2,5,11,0.37,10,2,1,0,0,0,0,2,0,0,0,0,0,0,0,0,0,0,0,2,0,0,False
3752,logic-ng/logicng,73359fd2892f53242c775d2403d329c13daf0918,org/logicng/bdds/orderings/ForceOrderingTest.java,33,3,9,17,0.21,7,3,1,0,0,0,0,3,0,0,0,0,0,0,0,0,0,0,0,3,0,0,False
3753,logic-ng/logicng,73359fd2892f53242c775d2403d329c13daf0918,org/logicng/collections/ImmutableFormulaListTest.java,15,1,3,3,0.13,2,1,1,0,0,0,0,0,0,0,0,1,0,0,0,0,0,0,0,1,0,0,False
3754,logic-ng/logicng,73359fd2892f53242c775d2403d329c13daf0918,org/logicng/collections/LNGBooleanVectorTest.java,148,11,23,68,0.41,60,11,9,9,0,0,0,0,0,0,0,0,1,0,0,4,0,0,0,11,0,0,False
3755,logic-ng/logicng,73359fd2892f53242c775d2403d329c13daf0918,org/logicng/collections/LNGByteVectorTest.java,165,12,26,76,0.35,58,12,10,11,0,0,0,0,0,0,0,0,1,0,0,4,0,0,0,12,0,0,False
3756,logic-ng/logicng,73359fd2892f53242c775d2403d329c13daf0918,org/logicng/collections/LNGDoublePriorityQueueTest.java,109,6,6,31,0.39,43,6,5,0,0,0,0,0,0,0,0,0,1,0,0,3,0,0,0,6,0,0,False
3757,logic-ng/logicng,73359fd2892f53242c775d2403d329c13daf0918,org/logicng/collections/LNGDoubleVectorTest.java,162,12,26,75,0.35,57,12,10,11,0,0,0,0,0,0,0,0,1,0,0,5,0,0,0,12,0,0,False
3758,logic-ng/logicng,73359fd2892f53242c775d2403d329c13daf0918,org/logicng/collections/LNGIntVectorTest.java,162,12,26,75,0.35,57,12,10,11,0,0,0,0,0,0,0,0,1,0,0,4,0,0,0,12,0,0,False
3759,logic-ng/logicng,73359fd2892f53242c775d2403d329c13daf0918,org/logicng/collections/LNGLongPriorityQueueTest.java,88,5,5,25,0.41,36,5,4,0,0,0,0,0,0,0,0,0,1,0,0,2,0,0,0,5,0,0,False
3760,logic-ng/logicng,73359fd2892f53242c775d2403d329c13daf0918,org/logicng/collections/LNGLongVectorTest.java,165,12,26,76,0.35,58,12,10,11,0,0,0,0,0,0,0,0,1,0,0,4,0,0,0,12,0,0,False
3761,logic-ng/logicng,73359fd2892f53242c775d2403d329c13daf0918,org/logicng/collections/LNGVectorTest.java,295,23,49,138,0.36,105,21,18,20,1,0,0,0,0,0,0,0,2,0,0,7,0,0,0,21,0,0,False
3762,logic-ng/logicng,73359fd2892f53242c775d2403d329c13daf0918,org/logicng/datastructures/AssignmentTest.java,155,14,17,68,0.46,71,14,13,0,0,0,0,1,0,0,0,2,2,0,0,3,0,0,0,14,0,0,False
3763,logic-ng/logicng,73359fd2892f53242c775d2403d329c13daf0918,org/logicng/formulas/SubstitutionTest.java,113,13,17,38,0.35,40,12,9,0,1,0,0,4,0,0,0,1,1,0,0,0,0,0,0,12,0,0,False
3764,logic-ng/logicng,73359fd2892f53242c775d2403d329c13daf0918,org/logicng/datastructures/ubtrees/UBTreeTest.java,201,8,9,57,0.62,125,8,6,0,0,0,0,0,0,0,0,0,0,0,0,1,0,0,0,7,0,0,False
3765,logic-ng/logicng,73359fd2892f53242c775d2403d329c13daf0918,org/logicng/explanations/unsatcores/MUSConfigTest.java,12,1,2,10,0.17,2,1,1,0,0,0,0,0,0,0,0,0,1,0,0,0,0,0,0,1,0,0,False
3766,logic-ng/logicng,73359fd2892f53242c775d2403d329c13daf0918,org/logicng/explanations/unsatcores/MUSGenerationTest.java,102,7,17,29,0.06,6,6,0,0,1,0,0,0,0,0,0,0,1,0,0,0,2,1,0,3,0,0,False
3767,logic-ng/logicng,73359fd2892f53242c775d2403d329c13daf0918,org/logicng/explanations/unsatcores/UNSATCoreTest.java,53,5,7,13,0.28,15,4,4,0,1,0,0,0,0,0,0,2,1,0,0,0,0,0,0,4,0,0,False
3768,logic-ng/logicng,73359fd2892f53242c775d2403d329c13daf0918,org/logicng/formulas/AndTest.java,131,17,20,62,0.57,75,17,14,0,0,0,0,2,0,0,0,1,1,0,0,3,0,0,0,17,0,0,False
3769,logic-ng/logicng,73359fd2892f53242c775d2403d329c13daf0918,org/logicng/formulas/CFalseTest.java,55,15,16,38,0.33,18,15,0,0,0,0,0,0,0,0,0,0,1,0,0,0,0,0,0,15,0,0,False
3770,logic-ng/logicng,73359fd2892f53242c775d2403d329c13daf0918,org/logicng/formulas/CTrueTest.java,56,15,16,38,0.34,19,15,1,0,0,0,0,0,0,0,0,0,1,0,0,1,0,0,0,15,0,0,False
3771,logic-ng/logicng,73359fd2892f53242c775d2403d329c13daf0918,org/logicng/formulas/EquivalenceTest.java,119,17,19,52,0.57,68,17,16,0,0,0,0,1,0,0,0,1,1,0,0,4,0,0,0,17,0,0,False
3772,logic-ng/logicng,73359fd2892f53242c775d2403d329c13daf0918,org/logicng/formulas/ExtendedFormulaFactoryTest.java,113,7,14,46,0.12,14,7,2,0,0,0,0,0,0,0,0,0,0,0,0,2,0,1,0,5,0,0,False
3773,logic-ng/logicng,73359fd2892f53242c775d2403d329c13daf0918,org/logicng/formulas/FormulaTest.java,62,8,13,38,0.29,18,6,5,0,0,0,0,0,0,0,0,0,0,0,0,0,0,0,0,6,0,0,False
3774,logic-ng/logicng,73359fd2892f53242c775d2403d329c13daf0918,org/logicng/formulas/FormulaFactoryTest.java,103,7,10,45,0.29,30,7,4,1,0,0,0,1,0,0,0,0,1,0,0,1,0,0,0,7,0,0,False
3775,logic-ng/logicng,73359fd2892f53242c775d2403d329c13daf0918,org/logicng/formulas/ImplicationTest.java,115,18,20,52,0.53,61,18,16,0,0,0,0,1,0,0,0,1,1,0,0,4,0,0,0,18,0,0,False
3776,logic-ng/logicng,73359fd2892f53242c775d2403d329c13daf0918,org/logicng/formulas/LiteralTest.java,114,20,21,56,0.55,63,20,19,0,0,0,0,0,0,0,0,1,1,0,0,2,1,0,0,20,0,0,False
3777,logic-ng/logicng,73359fd2892f53242c775d2403d329c13daf0918,org/logicng/formulas/NotTest.java,95,16,18,48,0.52,49,16,15,0,0,0,0,1,0,0,0,1,1,0,0,3,0,0,0,16,0,0,False
3778,logic-ng/logicng,73359fd2892f53242c775d2403d329c13daf0918,org/logicng/formulas/OrTest.java,127,16,19,57,0.58,74,16,14,0,0,0,0,2,0,0,0,1,1,0,0,3,0,0,0,16,0,0,False
3779,logic-ng/logicng,73359fd2892f53242c775d2403d329c13daf0918,org/logicng/formulas/PBConstraintTest.java,475,30,33,151,0.53,254,29,26,0,1,0,0,0,0,0,0,2,5,0,0,3,0,0,0,29,0,0,False
3780,logic-ng/logicng,73359fd2892f53242c775d2403d329c13daf0918,org/logicng/formulas/printer/DefaultStringRepresentationTest.java,36,2,2,9,0.67,24,2,1,0,0,0,0,0,0,0,0,0,1,0,0,0,0,0,0,2,0,0,False
3781,logic-ng/logicng,73359fd2892f53242c775d2403d329c13daf0918,org/logicng/formulas/printer/LatexStringRepresentationTest.java,35,2,2,9,0.63,22,2,2,0,0,0,0,0,0,0,0,0,1,0,0,0,0,0,0,2,0,0,False
3782,logic-ng/logicng,73359fd2892f53242c775d2403d329c13daf0918,org/logicng/formulas/printer/SortedStringRepresentationTest.java,50,3,3,19,0.66,33,3,2,0,0,0,0,0,0,0,0,0,1,0,0,2,0,0,0,3,0,0,False
3783,logic-ng/logicng,73359fd2892f53242c775d2403d329c13daf0918,org/logicng/formulas/printer/UTF8StringRepresentationTest.java,35,2,2,9,0.63,22,2,2,0,0,0,0,0,0,0,0,0,1,0,0,0,0,0,0,2,0,0,False
3784,logic-ng/logicng,73359fd2892f53242c775d2403d329c13daf0918,org/logicng/graphs/algorithms/BronKerboschTest.java,44,1,4,13,0.16,7,1,1,1,0,0,0,1,0,0,0,0,0,0,0,0,0,0,0,1,0,0,False
3785,logic-ng/logicng,73359fd2892f53242c775d2403d329c13daf0918,org/logicng/graphs/datastructures/GraphTest.java,65,4,7,37,0.2,13,4,2,0,0,0,0,0,0,0,0,0,1,0,0,0,0,0,0,3,0,0,False
3786,logic-ng/logicng,73359fd2892f53242c775d2403d329c13daf0918,org/logicng/graphs/datastructures/HypergraphTest.java,34,2,2,12,0.21,7,2,1,0,0,0,0,0,0,0,0,0,1,0,0,1,0,0,0,2,0,0,False
3787,logic-ng/logicng,73359fd2892f53242c775d2403d329c13daf0918,org/logicng/graphs/datastructures/HypergraphEdgeTest.java,39,3,5,21,0.08,3,3,1,0,0,0,0,2,0,0,0,0,0,0,0,1,0,0,0,3,0,0,False
3788,logic-ng/logicng,73359fd2892f53242c775d2403d329c13daf0918,org/logicng/graphs/datastructures/HypergraphNodeTest.java,16,1,1,6,0.19,3,1,1,0,0,0,0,0,0,0,0,0,0,0,0,0,0,0,0,1,0,0,False
3789,logic-ng/logicng,73359fd2892f53242c775d2403d329c13daf0918,org/logicng/graphs/generators/HypergraphGeneratorTest.java,83,3,8,26,0.28,23,3,2,0,0,0,0,3,0,0,0,0,0,0,0,2,0,0,0,3,0,0,False
3790,logic-ng/logicng,73359fd2892f53242c775d2403d329c13daf0918,org/logicng/graphs/io/GraphDimacsFileWriterTest.java,86,6,20,31,0.1,9,6,0,1,0,0,0,3,0,0,0,0,0,0,0,0,3,1,0,3,0,0,False
3791,logic-ng/logicng,73359fd2892f53242c775d2403d329c13daf0918,org/logicng/graphs/io/GraphDotFileWriterTest.java,72,5,15,24,0.07,5,5,0,1,0,0,0,3,0,0,0,0,0,0,0,0,3,1,0,3,0,0,False
3792,logic-ng/logicng,73359fd2892f53242c775d2403d329c13daf0918,org/logicng/io/parsers/PropositionalParserTest.java,164,29,56,67,0.39,64,29,9,0,0,0,0,27,0,0,0,0,1,0,0,0,0,0,0,29,0,0,False
3793,logic-ng/logicng,73359fd2892f53242c775d2403d329c13daf0918,org/logicng/io/parsers/PseudoBooleanParserTest.java,178,29,57,81,0.47,84,29,12,0,0,0,0,28,0,0,0,0,1,0,0,1,0,0,0,29,0,0,False
3794,logic-ng/logicng,73359fd2892f53242c775d2403d329c13daf0918,org/logicng/io/writers/FormulaDimacsFileWriterTest.java,58,6,16,20,0.09,5,6,0,0,0,0,0,4,0,0,0,0,0,0,0,0,4,1,0,4,0,0,False
3795,logic-ng/logicng,73359fd2892f53242c775d2403d329c13daf0918,org/logicng/io/writers/FormulaDotFileWriterTest.java,53,6,16,16,0.08,4,6,0,0,0,0,0,4,0,0,0,0,0,0,0,0,4,1,0,4,0,0,False
3796,logic-ng/logicng,73359fd2892f53242c775d2403d329c13daf0918,org/logicng/predicates/CNFPredicateTest.java,28,2,2,8,0.57,16,2,1,0,0,0,0,0,0,0,0,0,1,0,0,0,0,0,0,2,0,0,False
3797,logic-ng/logicng,73359fd2892f53242c775d2403d329c13daf0918,org/logicng/predicates/DNFPredicateTest.java,28,2,2,8,0.57,16,2,1,0,0,0,0,0,0,0,0,0,1,0,0,0,0,0,0,2,0,0,False
3798,logic-ng/logicng,73359fd2892f53242c775d2403d329c13daf0918,org/logicng/predicates/NNFPredicateTest.java,32,2,2,9,0.63,20,2,1,0,0,0,0,0,0,0,0,0,1,0,0,0,0,0,0,2,0,0,False
3799,logic-ng/logicng,73359fd2892f53242c775d2403d329c13daf0918,org/logicng/propositions/ExtendedPropositionTest.java,78,6,14,21,0.32,25,5,5,0,1,0,0,4,0,0,0,1,1,0,0,0,0,0,0,5,0,0,False
3800,logic-ng/logicng,73359fd2892f53242c775d2403d329c13daf0918,org/logicng/propositions/StandardPropositionTest.java,68,6,14,18,0.4,27,5,5,0,1,0,0,4,0,0,0,1,1,0,0,0,0,0,0,5,0,0,False
3801,logic-ng/logicng,73359fd2892f53242c775d2403d329c13daf0918,org/logicng/pseudobooleans/PBEncoderTest.java,121,9,16,61,0.14,17,8,3,5,1,0,0,0,0,0,0,0,2,0,0,0,1,1,0,7,0,0,False
3802,logic-ng/logicng,73359fd2892f53242c775d2403d329c13daf0918,org/logicng/solvers/sat/MiniSatTest.java,56,7,11,29,0.23,13,7,3,0,0,0,0,1,0,0,0,0,1,0,0,1,0,0,0,5,0,0,False
3803,logic-ng/logicng,73359fd2892f53242c775d2403d329c13daf0918,org/logicng/solvers/datastructures/LNGHeapTest.java,23,1,1,9,0.22,5,1,1,0,0,0,0,0,0,0,0,0,1,0,0,1,0,0,0,1,0,0,False
3804,logic-ng/logicng,73359fd2892f53242c775d2403d329c13daf0918,org/logicng/solvers/sat/GlucoseSyrupTest.java,33,6,11,10,0.03,1,6,0,0,0,0,0,0,0,0,0,0,1,0,0,0,0,0,0,3,0,0,False
3805,logic-ng/logicng,73359fd2892f53242c775d2403d329c13daf0918,org/logicng/solvers/sat/MiniCardTest.java,86,8,12,34,0.17,15,8,3,0,0,0,0,0,0,0,0,0,1,0,0,1,0,0,0,6,0,0,False
3806,logic-ng/logicng,73359fd2892f53242c775d2403d329c13daf0918,org/logicng/transformations/AnonymizerTest.java,60,4,12,16,0.55,33,4,4,0,0,0,0,4,0,0,0,0,0,0,0,1,0,0,0,4,0,0,False
3807,logic-ng/logicng,73359fd2892f53242c775d2403d329c13daf0918,org/logicng/transformations/BackboneSimplifierTest.java,27,2,8,8,0.41,11,2,2,0,0,0,0,2,0,0,0,0,0,0,0,0,0,0,0,2,0,0,False
3808,logic-ng/logicng,73359fd2892f53242c775d2403d329c13daf0918,org/logicng/transformations/DistributiveSimplifierTest.java,52,6,20,19,0.5,26,6,6,0,0,0,0,2,0,0,0,0,0,0,0,0,0,0,0,6,0,0,False
3809,logic-ng/logicng,73359fd2892f53242c775d2403d329c13daf0918,org/logicng/transformations/FormulaFactoryImporterTest.java,187,12,17,108,0.67,126,12,10,0,0,0,0,1,0,0,0,0,0,0,0,0,0,0,0,10,0,0,False
3810,logic-ng/logicng,73359fd2892f53242c775d2403d329c13daf0918,org/logicng/transformations/UnitPropagationTest.java,33,4,9,11,0.48,16,4,4,0,0,0,0,1,0,0,0,0,0,0,0,0,0,0,0,4,0,0,False
3811,logic-ng/logicng,73359fd2892f53242c775d2403d329c13daf0918,org/logicng/transformations/cnf/CNFEncoderTest.java,124,11,21,72,0.23,29,11,9,0,0,0,0,9,0,0,0,0,1,0,0,1,0,0,0,11,0,0,False
3812,logic-ng/logicng,73359fd2892f53242c775d2403d329c13daf0918,org/logicng/transformations/cnf/CNFSubsumptionTest.java,42,4,9,17,0.45,19,4,3,0,0,0,0,4,0,0,0,0,0,0,0,1,0,0,0,4,0,0,False
3813,logic-ng/logicng,73359fd2892f53242c775d2403d329c13daf0918,org/logicng/transformations/dnf/DNFFactorizationTest.java,89,10,26,29,0.47,42,8,7,0,0,0,0,5,0,0,0,0,1,0,0,1,0,0,0,8,0,0,False
3814,logic-ng/logicng,73359fd2892f53242c775d2403d329c13daf0918,org/logicng/transformations/dnf/DNFSubsumptionTest.java,49,4,11,17,0.39,19,4,3,1,0,0,0,4,0,0,0,0,0,0,0,1,0,0,0,4,0,0,False
3815,logic-ng/logicng,73359fd2892f53242c775d2403d329c13daf0918,org/logicng/transformations/qmc/TermTest.java,80,3,7,21,0.21,17,3,3,0,0,0,0,1,0,0,0,0,1,0,0,0,0,0,0,3,0,0,False
3816,logic-ng/logicng,73359fd2892f53242c775d2403d329c13daf0918,org/logicng/transformations/qmc/TermTableTest.java,47,4,8,19,0.26,12,4,2,0,0,0,0,0,0,0,0,0,1,0,0,1,0,0,0,3,0,0,False
3817,logic-ng/logicng,73359fd2892f53242c775d2403d329c13daf0918,org/logicng/util/ComparablePairTest.java,42,5,5,13,0.52,22,5,5,0,0,0,0,0,0,0,0,1,1,0,0,0,0,0,0,5,0,0,False
3818,logic-ng/logicng,73359fd2892f53242c775d2403d329c13daf0918,org/logicng/util/FormulaHelperTest.java,29,2,2,10,0.62,18,2,2,0,0,0,0,0,0,0,0,0,0,0,0,0,0,0,0,2,0,0,False
3819,logic-ng/logicng,73359fd2892f53242c775d2403d329c13daf0918,org/logicng/util/PairTest.java,36,4,4,10,0.5,18,4,4,0,0,0,0,0,0,0,0,1,1,0,0,0,0,0,0,4,0,0,False
3820,logic-ng/logicng,7bd498c3fa7de922629802f907f92d1f9ff251b2,org/logicng/backbones/BackboneTest.java,75,6,8,37,0.35,26,6,4,0,0,0,0,1,0,0,0,0,1,0,0,2,0,0,0,5,0,0,False
3821,logic-ng/logicng,7bd498c3fa7de922629802f907f92d1f9ff251b2,org/logicng/backbones/BackboneGenerationTest.java,223,8,25,89,0.23,51,8,4,1,0,0,0,3,0,0,0,0,1,0,0,4,0,0,0,7,0,0,False
3822,logic-ng/logicng,7bd498c3fa7de922629802f907f92d1f9ff251b2,org/logicng/bdds/datastructures/BDDNodeTest.java,65,4,4,33,0.46,30,4,4,0,0,0,0,0,0,0,0,0,0,0,0,1,0,0,0,4,0,0,False
3823,logic-ng/logicng,7bd498c3fa7de922629802f907f92d1f9ff251b2,org/logicng/bdds/io/BDDDotFileWriterTest.java,36,3,10,11,0.08,3,3,0,0,0,0,0,1,0,0,0,0,0,0,0,0,1,1,0,1,0,0,False
3824,logic-ng/logicng,7bd498c3fa7de922629802f907f92d1f9ff251b2,org/logicng/bdds/orderings/BFSOrderingTest.java,27,2,5,11,0.37,10,2,1,0,0,0,0,2,0,0,0,0,0,0,0,0,0,0,0,2,0,0,False
3825,logic-ng/logicng,7bd498c3fa7de922629802f907f92d1f9ff251b2,org/logicng/bdds/orderings/DFSOrderingTest.java,27,2,5,11,0.37,10,2,1,0,0,0,0,2,0,0,0,0,0,0,0,0,0,0,0,2,0,0,False
3826,logic-ng/logicng,7bd498c3fa7de922629802f907f92d1f9ff251b2,org/logicng/bdds/orderings/ForceOrderingTest.java,33,3,9,17,0.21,7,3,1,0,0,0,0,3,0,0,0,0,0,0,0,0,0,0,0,3,0,0,False
3827,logic-ng/logicng,7bd498c3fa7de922629802f907f92d1f9ff251b2,org/logicng/collections/ImmutableFormulaListTest.java,15,1,3,3,0.13,2,1,1,0,0,0,0,0,0,0,0,1,0,0,0,0,0,0,0,1,0,0,False
3828,logic-ng/logicng,7bd498c3fa7de922629802f907f92d1f9ff251b2,org/logicng/collections/LNGBooleanVectorTest.java,148,11,23,68,0.41,60,11,9,9,0,0,0,0,0,0,0,0,1,0,0,4,0,0,0,11,0,0,False
3829,logic-ng/logicng,7bd498c3fa7de922629802f907f92d1f9ff251b2,org/logicng/collections/LNGByteVectorTest.java,165,12,26,76,0.35,58,12,10,11,0,0,0,0,0,0,0,0,1,0,0,4,0,0,0,12,0,0,False
3830,logic-ng/logicng,7bd498c3fa7de922629802f907f92d1f9ff251b2,org/logicng/collections/LNGDoublePriorityQueueTest.java,109,6,6,31,0.39,43,6,5,0,0,0,0,0,0,0,0,0,1,0,0,3,0,0,0,6,0,0,False
3831,logic-ng/logicng,7bd498c3fa7de922629802f907f92d1f9ff251b2,org/logicng/collections/LNGDoubleVectorTest.java,162,12,26,75,0.35,57,12,10,11,0,0,0,0,0,0,0,0,1,0,0,5,0,0,0,12,0,0,False
3832,logic-ng/logicng,7bd498c3fa7de922629802f907f92d1f9ff251b2,org/logicng/collections/LNGIntVectorTest.java,162,12,26,75,0.35,57,12,10,11,0,0,0,0,0,0,0,0,1,0,0,4,0,0,0,12,0,0,False
3833,logic-ng/logicng,7bd498c3fa7de922629802f907f92d1f9ff251b2,org/logicng/collections/LNGLongPriorityQueueTest.java,88,5,5,25,0.41,36,5,4,0,0,0,0,0,0,0,0,0,1,0,0,2,0,0,0,5,0,0,False
3834,logic-ng/logicng,7bd498c3fa7de922629802f907f92d1f9ff251b2,org/logicng/collections/LNGLongVectorTest.java,165,12,26,76,0.35,58,12,10,11,0,0,0,0,0,0,0,0,1,0,0,4,0,0,0,12,0,0,False
3835,logic-ng/logicng,7bd498c3fa7de922629802f907f92d1f9ff251b2,org/logicng/collections/LNGVectorTest.java,295,23,49,138,0.36,105,21,18,20,1,0,0,0,0,0,0,0,2,0,0,7,0,0,0,21,0,0,False
3836,logic-ng/logicng,7bd498c3fa7de922629802f907f92d1f9ff251b2,org/logicng/datastructures/AssignmentTest.java,155,14,17,68,0.46,71,14,13,0,0,0,0,1,0,0,0,2,2,0,0,3,0,0,0,14,0,0,False
3837,logic-ng/logicng,7bd498c3fa7de922629802f907f92d1f9ff251b2,org/logicng/formulas/SubstitutionTest.java,113,13,17,38,0.35,40,12,9,0,1,0,0,4,0,0,0,1,1,0,0,0,0,0,0,12,0,0,False
3838,logic-ng/logicng,7bd498c3fa7de922629802f907f92d1f9ff251b2,org/logicng/datastructures/ubtrees/UBTreeTest.java,201,8,9,57,0.62,125,8,6,0,0,0,0,0,0,0,0,0,0,0,0,1,0,0,0,7,0,0,False
3839,logic-ng/logicng,7bd498c3fa7de922629802f907f92d1f9ff251b2,org/logicng/explanations/unsatcores/MUSConfigTest.java,12,1,2,10,0.17,2,1,1,0,0,0,0,0,0,0,0,0,1,0,0,0,0,0,0,1,0,0,False
3840,logic-ng/logicng,7bd498c3fa7de922629802f907f92d1f9ff251b2,org/logicng/explanations/unsatcores/MUSGenerationTest.java,102,7,17,29,0.06,6,6,0,0,1,0,0,0,0,0,0,0,1,0,0,0,2,1,0,3,0,0,False
3841,logic-ng/logicng,7bd498c3fa7de922629802f907f92d1f9ff251b2,org/logicng/explanations/unsatcores/UNSATCoreTest.java,53,5,7,13,0.28,15,4,4,0,1,0,0,0,0,0,0,2,1,0,0,0,0,0,0,4,0,0,False
3842,logic-ng/logicng,7bd498c3fa7de922629802f907f92d1f9ff251b2,org/logicng/formulas/AndTest.java,131,17,20,62,0.57,75,17,14,0,0,0,0,2,0,0,0,1,1,0,0,3,0,0,0,17,0,0,False
3843,logic-ng/logicng,7bd498c3fa7de922629802f907f92d1f9ff251b2,org/logicng/formulas/CFalseTest.java,55,15,16,38,0.33,18,15,0,0,0,0,0,0,0,0,0,0,1,0,0,0,0,0,0,15,0,0,False
3844,logic-ng/logicng,7bd498c3fa7de922629802f907f92d1f9ff251b2,org/logicng/formulas/CTrueTest.java,56,15,16,38,0.34,19,15,1,0,0,0,0,0,0,0,0,0,1,0,0,1,0,0,0,15,0,0,False
3845,logic-ng/logicng,7bd498c3fa7de922629802f907f92d1f9ff251b2,org/logicng/formulas/EquivalenceTest.java,119,17,19,52,0.57,68,17,16,0,0,0,0,1,0,0,0,1,1,0,0,4,0,0,0,17,0,0,False
3846,logic-ng/logicng,7bd498c3fa7de922629802f907f92d1f9ff251b2,org/logicng/formulas/ExtendedFormulaFactoryTest.java,113,7,14,46,0.12,14,7,2,0,0,0,0,0,0,0,0,0,0,0,0,2,0,1,0,5,0,0,False
3847,logic-ng/logicng,7bd498c3fa7de922629802f907f92d1f9ff251b2,org/logicng/formulas/FormulaTest.java,62,8,13,38,0.29,18,6,5,0,0,0,0,0,0,0,0,0,0,0,0,0,0,0,0,6,0,0,False
3848,logic-ng/logicng,7bd498c3fa7de922629802f907f92d1f9ff251b2,org/logicng/formulas/FormulaFactoryTest.java,103,7,10,45,0.29,30,7,4,1,0,0,0,1,0,0,0,0,1,0,0,1,0,0,0,7,0,0,False
3849,logic-ng/logicng,7bd498c3fa7de922629802f907f92d1f9ff251b2,org/logicng/formulas/ImplicationTest.java,115,18,20,52,0.53,61,18,16,0,0,0,0,1,0,0,0,1,1,0,0,4,0,0,0,18,0,0,False
3850,logic-ng/logicng,7bd498c3fa7de922629802f907f92d1f9ff251b2,org/logicng/formulas/LiteralTest.java,114,20,21,56,0.55,63,20,19,0,0,0,0,0,0,0,0,1,1,0,0,2,1,0,0,20,0,0,False
3851,logic-ng/logicng,7bd498c3fa7de922629802f907f92d1f9ff251b2,org/logicng/formulas/NotTest.java,95,16,18,48,0.52,49,16,15,0,0,0,0,1,0,0,0,1,1,0,0,3,0,0,0,16,0,0,False
3852,logic-ng/logicng,7bd498c3fa7de922629802f907f92d1f9ff251b2,org/logicng/formulas/OrTest.java,127,16,19,57,0.58,74,16,14,0,0,0,0,2,0,0,0,1,1,0,0,3,0,0,0,16,0,0,False
3853,logic-ng/logicng,7bd498c3fa7de922629802f907f92d1f9ff251b2,org/logicng/formulas/PBConstraintTest.java,475,30,33,151,0.53,254,29,26,0,1,0,0,0,0,0,0,2,5,0,0,3,0,0,0,29,0,0,False
3854,logic-ng/logicng,7bd498c3fa7de922629802f907f92d1f9ff251b2,org/logicng/formulas/printer/DefaultStringRepresentationTest.java,36,2,2,9,0.67,24,2,1,0,0,0,0,0,0,0,0,0,1,0,0,0,0,0,0,2,0,0,False
3855,logic-ng/logicng,7bd498c3fa7de922629802f907f92d1f9ff251b2,org/logicng/formulas/printer/LatexStringRepresentationTest.java,35,2,2,9,0.63,22,2,2,0,0,0,0,0,0,0,0,0,1,0,0,0,0,0,0,2,0,0,False
3856,logic-ng/logicng,7bd498c3fa7de922629802f907f92d1f9ff251b2,org/logicng/formulas/printer/SortedStringRepresentationTest.java,50,3,3,19,0.66,33,3,2,0,0,0,0,0,0,0,0,0,1,0,0,2,0,0,0,3,0,0,False
3857,logic-ng/logicng,7bd498c3fa7de922629802f907f92d1f9ff251b2,org/logicng/formulas/printer/UTF8StringRepresentationTest.java,35,2,2,9,0.63,22,2,2,0,0,0,0,0,0,0,0,0,1,0,0,0,0,0,0,2,0,0,False
3858,logic-ng/logicng,7bd498c3fa7de922629802f907f92d1f9ff251b2,org/logicng/graphs/algorithms/BronKerboschTest.java,44,1,4,13,0.16,7,1,1,1,0,0,0,1,0,0,0,0,0,0,0,0,0,0,0,1,0,0,False
3859,logic-ng/logicng,7bd498c3fa7de922629802f907f92d1f9ff251b2,org/logicng/graphs/datastructures/GraphTest.java,65,4,7,37,0.2,13,4,2,0,0,0,0,0,0,0,0,0,1,0,0,0,0,0,0,3,0,0,False
3860,logic-ng/logicng,7bd498c3fa7de922629802f907f92d1f9ff251b2,org/logicng/graphs/datastructures/HypergraphTest.java,34,2,2,12,0.21,7,2,1,0,0,0,0,0,0,0,0,0,1,0,0,1,0,0,0,2,0,0,False
3861,logic-ng/logicng,7bd498c3fa7de922629802f907f92d1f9ff251b2,org/logicng/graphs/datastructures/HypergraphEdgeTest.java,39,3,5,21,0.08,3,3,1,0,0,0,0,2,0,0,0,0,0,0,0,1,0,0,0,3,0,0,False
3862,logic-ng/logicng,7bd498c3fa7de922629802f907f92d1f9ff251b2,org/logicng/graphs/datastructures/HypergraphNodeTest.java,16,1,1,6,0.19,3,1,1,0,0,0,0,0,0,0,0,0,0,0,0,0,0,0,0,1,0,0,False
3863,logic-ng/logicng,7bd498c3fa7de922629802f907f92d1f9ff251b2,org/logicng/graphs/generators/HypergraphGeneratorTest.java,83,3,8,26,0.28,23,3,2,0,0,0,0,3,0,0,0,0,0,0,0,2,0,0,0,3,0,0,False
3864,logic-ng/logicng,7bd498c3fa7de922629802f907f92d1f9ff251b2,org/logicng/graphs/io/GraphDimacsFileWriterTest.java,86,6,20,31,0.1,9,6,0,1,0,0,0,3,0,0,0,0,0,0,0,0,3,1,0,3,0,0,False
3865,logic-ng/logicng,7bd498c3fa7de922629802f907f92d1f9ff251b2,org/logicng/graphs/io/GraphDotFileWriterTest.java,72,5,15,24,0.07,5,5,0,1,0,0,0,3,0,0,0,0,0,0,0,0,3,1,0,3,0,0,False
3866,logic-ng/logicng,7bd498c3fa7de922629802f907f92d1f9ff251b2,org/logicng/io/parsers/PropositionalParserTest.java,164,29,56,67,0.39,64,29,9,0,0,0,0,27,0,0,0,0,1,0,0,0,0,0,0,29,0,0,False
3867,logic-ng/logicng,7bd498c3fa7de922629802f907f92d1f9ff251b2,org/logicng/io/parsers/PseudoBooleanParserTest.java,178,29,57,81,0.47,84,29,12,0,0,0,0,28,0,0,0,0,1,0,0,1,0,0,0,29,0,0,False
3868,logic-ng/logicng,7bd498c3fa7de922629802f907f92d1f9ff251b2,org/logicng/io/writers/FormulaDimacsFileWriterTest.java,58,6,16,20,0.09,5,6,0,0,0,0,0,4,0,0,0,0,0,0,0,0,4,1,0,4,0,0,False
3869,logic-ng/logicng,7bd498c3fa7de922629802f907f92d1f9ff251b2,org/logicng/io/writers/FormulaDotFileWriterTest.java,53,6,16,16,0.08,4,6,0,0,0,0,0,4,0,0,0,0,0,0,0,0,4,1,0,4,0,0,False
3870,logic-ng/logicng,7bd498c3fa7de922629802f907f92d1f9ff251b2,org/logicng/predicates/CNFPredicateTest.java,28,2,2,8,0.57,16,2,1,0,0,0,0,0,0,0,0,0,1,0,0,0,0,0,0,2,0,0,False
3871,logic-ng/logicng,7bd498c3fa7de922629802f907f92d1f9ff251b2,org/logicng/predicates/DNFPredicateTest.java,28,2,2,8,0.57,16,2,1,0,0,0,0,0,0,0,0,0,1,0,0,0,0,0,0,2,0,0,False
3872,logic-ng/logicng,7bd498c3fa7de922629802f907f92d1f9ff251b2,org/logicng/predicates/NNFPredicateTest.java,32,2,2,9,0.63,20,2,1,0,0,0,0,0,0,0,0,0,1,0,0,0,0,0,0,2,0,0,False
3873,logic-ng/logicng,7bd498c3fa7de922629802f907f92d1f9ff251b2,org/logicng/propositions/ExtendedPropositionTest.java,78,6,14,21,0.32,25,5,5,0,1,0,0,4,0,0,0,1,1,0,0,0,0,0,0,5,0,0,False
3874,logic-ng/logicng,7bd498c3fa7de922629802f907f92d1f9ff251b2,org/logicng/propositions/StandardPropositionTest.java,68,6,14,18,0.4,27,5,5,0,1,0,0,4,0,0,0,1,1,0,0,0,0,0,0,5,0,0,False
3875,logic-ng/logicng,7bd498c3fa7de922629802f907f92d1f9ff251b2,org/logicng/pseudobooleans/PBEncoderTest.java,121,9,16,61,0.14,17,8,3,5,1,0,0,0,0,0,0,0,2,0,0,0,1,1,0,7,0,0,False
3876,logic-ng/logicng,7bd498c3fa7de922629802f907f92d1f9ff251b2,org/logicng/solvers/sat/MiniSatTest.java,56,7,11,29,0.23,13,7,3,0,0,0,0,1,0,0,0,0,1,0,0,1,0,0,0,5,0,0,False
3877,logic-ng/logicng,7bd498c3fa7de922629802f907f92d1f9ff251b2,org/logicng/solvers/datastructures/LNGHeapTest.java,23,1,1,9,0.22,5,1,1,0,0,0,0,0,0,0,0,0,1,0,0,1,0,0,0,1,0,0,False
3878,logic-ng/logicng,7bd498c3fa7de922629802f907f92d1f9ff251b2,org/logicng/solvers/sat/GlucoseSyrupTest.java,33,6,11,10,0.03,1,6,0,0,0,0,0,0,0,0,0,0,1,0,0,0,0,0,0,3,0,0,False
3879,logic-ng/logicng,7bd498c3fa7de922629802f907f92d1f9ff251b2,org/logicng/solvers/sat/MiniCardTest.java,86,8,12,34,0.17,15,8,3,0,0,0,0,0,0,0,0,0,1,0,0,1,0,0,0,6,0,0,False
3880,logic-ng/logicng,7bd498c3fa7de922629802f907f92d1f9ff251b2,org/logicng/transformations/AnonymizerTest.java,60,4,12,16,0.55,33,4,4,0,0,0,0,4,0,0,0,0,0,0,0,1,0,0,0,4,0,0,False
3881,logic-ng/logicng,7bd498c3fa7de922629802f907f92d1f9ff251b2,org/logicng/transformations/BackboneSimplifierTest.java,27,2,8,8,0.41,11,2,2,0,0,0,0,2,0,0,0,0,0,0,0,0,0,0,0,2,0,0,False
3882,logic-ng/logicng,7bd498c3fa7de922629802f907f92d1f9ff251b2,org/logicng/transformations/DistributiveSimplifierTest.java,52,6,20,19,0.5,26,6,6,0,0,0,0,2,0,0,0,0,0,0,0,0,0,0,0,6,0,0,False
3883,logic-ng/logicng,7bd498c3fa7de922629802f907f92d1f9ff251b2,org/logicng/transformations/FormulaFactoryImporterTest.java,187,12,17,108,0.67,126,12,10,0,0,0,0,1,0,0,0,0,0,0,0,0,0,0,0,10,0,0,False
3884,logic-ng/logicng,7bd498c3fa7de922629802f907f92d1f9ff251b2,org/logicng/transformations/UnitPropagationTest.java,33,4,9,11,0.48,16,4,4,0,0,0,0,1,0,0,0,0,0,0,0,0,0,0,0,4,0,0,False
3885,logic-ng/logicng,7bd498c3fa7de922629802f907f92d1f9ff251b2,org/logicng/transformations/cnf/CNFEncoderTest.java,124,11,21,72,0.23,29,11,9,0,0,0,0,9,0,0,0,0,1,0,0,1,0,0,0,11,0,0,False
3886,logic-ng/logicng,7bd498c3fa7de922629802f907f92d1f9ff251b2,org/logicng/transformations/cnf/CNFSubsumptionTest.java,42,4,9,17,0.45,19,4,3,0,0,0,0,4,0,0,0,0,0,0,0,1,0,0,0,4,0,0,False
3887,logic-ng/logicng,7bd498c3fa7de922629802f907f92d1f9ff251b2,org/logicng/transformations/dnf/DNFFactorizationTest.java,89,10,26,29,0.47,42,8,7,0,0,0,0,5,0,0,0,0,1,0,0,1,0,0,0,8,0,0,False
3888,logic-ng/logicng,7bd498c3fa7de922629802f907f92d1f9ff251b2,org/logicng/transformations/dnf/DNFSubsumptionTest.java,49,4,11,17,0.39,19,4,3,1,0,0,0,4,0,0,0,0,0,0,0,1,0,0,0,4,0,0,False
3889,logic-ng/logicng,7bd498c3fa7de922629802f907f92d1f9ff251b2,org/logicng/transformations/qmc/TermTest.java,80,3,7,21,0.21,17,3,3,0,0,0,0,1,0,0,0,0,1,0,0,0,0,0,0,3,0,0,False
3890,logic-ng/logicng,7bd498c3fa7de922629802f907f92d1f9ff251b2,org/logicng/transformations/qmc/TermTableTest.java,47,4,8,19,0.26,12,4,2,0,0,0,0,0,0,0,0,0,1,0,0,1,0,0,0,3,0,0,False
3891,logic-ng/logicng,7bd498c3fa7de922629802f907f92d1f9ff251b2,org/logicng/util/ComparablePairTest.java,42,5,5,13,0.52,22,5,5,0,0,0,0,0,0,0,0,1,1,0,0,0,0,0,0,5,0,0,False
3892,logic-ng/logicng,7bd498c3fa7de922629802f907f92d1f9ff251b2,org/logicng/util/FormulaHelperTest.java,29,2,2,10,0.62,18,2,2,0,0,0,0,0,0,0,0,0,0,0,0,0,0,0,0,2,0,0,False
3893,logic-ng/logicng,7bd498c3fa7de922629802f907f92d1f9ff251b2,org/logicng/util/PairTest.java,36,4,4,10,0.5,18,4,4,0,0,0,0,0,0,0,0,1,1,0,0,0,0,0,0,4,0,0,False
3894,logic-ng/logicng,ae79302c73515202df5a2565b7493783a5f96593,org/logicng/backbones/BackboneTest.java,66,5,7,22,0.3,20,5,3,0,0,0,0,1,0,0,0,0,1,0,0,2,0,0,0,4,0,0,False
3895,logic-ng/logicng,ae79302c73515202df5a2565b7493783a5f96593,org/logicng/backbones/BackboneGenerationTest.java,223,8,25,89,0.23,51,8,4,1,0,0,0,3,0,0,0,0,1,0,0,4,0,0,0,7,0,0,False
3896,logic-ng/logicng,ae79302c73515202df5a2565b7493783a5f96593,org/logicng/bdds/datastructures/BDDNodeTest.java,65,4,4,33,0.46,30,4,4,0,0,0,0,0,0,0,0,0,0,0,0,1,0,0,0,4,0,0,False
3897,logic-ng/logicng,ae79302c73515202df5a2565b7493783a5f96593,org/logicng/bdds/io/BDDDotFileWriterTest.java,36,3,10,11,0.08,3,3,0,0,0,0,0,1,0,0,0,0,0,0,0,0,1,1,0,1,0,0,False
3898,logic-ng/logicng,ae79302c73515202df5a2565b7493783a5f96593,org/logicng/bdds/orderings/BFSOrderingTest.java,27,2,5,11,0.37,10,2,1,0,0,0,0,2,0,0,0,0,0,0,0,0,0,0,0,2,0,0,False
3899,logic-ng/logicng,ae79302c73515202df5a2565b7493783a5f96593,org/logicng/bdds/orderings/DFSOrderingTest.java,27,2,5,11,0.37,10,2,1,0,0,0,0,2,0,0,0,0,0,0,0,0,0,0,0,2,0,0,False
3900,logic-ng/logicng,ae79302c73515202df5a2565b7493783a5f96593,org/logicng/bdds/orderings/ForceOrderingTest.java,33,3,9,17,0.21,7,3,1,0,0,0,0,3,0,0,0,0,0,0,0,0,0,0,0,3,0,0,False
3901,logic-ng/logicng,ae79302c73515202df5a2565b7493783a5f96593,org/logicng/collections/ImmutableFormulaListTest.java,15,1,3,3,0.13,2,1,1,0,0,0,0,0,0,0,0,1,0,0,0,0,0,0,0,1,0,0,False
3902,logic-ng/logicng,ae79302c73515202df5a2565b7493783a5f96593,org/logicng/collections/LNGBooleanVectorTest.java,148,11,23,68,0.41,60,11,9,9,0,0,0,0,0,0,0,0,1,0,0,4,0,0,0,11,0,0,False
3903,logic-ng/logicng,ae79302c73515202df5a2565b7493783a5f96593,org/logicng/collections/LNGByteVectorTest.java,165,12,26,76,0.35,58,12,10,11,0,0,0,0,0,0,0,0,1,0,0,4,0,0,0,12,0,0,False
3904,logic-ng/logicng,ae79302c73515202df5a2565b7493783a5f96593,org/logicng/collections/LNGDoublePriorityQueueTest.java,109,6,6,31,0.39,43,6,5,0,0,0,0,0,0,0,0,0,1,0,0,3,0,0,0,6,0,0,False
3905,logic-ng/logicng,ae79302c73515202df5a2565b7493783a5f96593,org/logicng/collections/LNGDoubleVectorTest.java,162,12,26,75,0.35,57,12,10,11,0,0,0,0,0,0,0,0,1,0,0,5,0,0,0,12,0,0,False
3906,logic-ng/logicng,ae79302c73515202df5a2565b7493783a5f96593,org/logicng/collections/LNGIntVectorTest.java,162,12,26,75,0.35,57,12,10,11,0,0,0,0,0,0,0,0,1,0,0,4,0,0,0,12,0,0,False
3907,logic-ng/logicng,ae79302c73515202df5a2565b7493783a5f96593,org/logicng/collections/LNGLongPriorityQueueTest.java,88,5,5,25,0.41,36,5,4,0,0,0,0,0,0,0,0,0,1,0,0,2,0,0,0,5,0,0,False
3908,logic-ng/logicng,ae79302c73515202df5a2565b7493783a5f96593,org/logicng/collections/LNGLongVectorTest.java,165,12,26,76,0.35,58,12,10,11,0,0,0,0,0,0,0,0,1,0,0,4,0,0,0,12,0,0,False
3909,logic-ng/logicng,ae79302c73515202df5a2565b7493783a5f96593,org/logicng/collections/LNGVectorTest.java,295,23,49,138,0.36,105,21,18,20,1,0,0,0,0,0,0,0,2,0,0,7,0,0,0,21,0,0,False
3910,logic-ng/logicng,ae79302c73515202df5a2565b7493783a5f96593,org/logicng/datastructures/AssignmentTest.java,155,14,17,68,0.46,71,14,13,0,0,0,0,1,0,0,0,2,2,0,0,3,0,0,0,14,0,0,False
3911,logic-ng/logicng,ae79302c73515202df5a2565b7493783a5f96593,org/logicng/formulas/SubstitutionTest.java,113,13,17,38,0.35,40,12,9,0,1,0,0,4,0,0,0,1,1,0,0,0,0,0,0,12,0,0,False
3912,logic-ng/logicng,ae79302c73515202df5a2565b7493783a5f96593,org/logicng/datastructures/ubtrees/UBTreeTest.java,201,8,9,57,0.62,125,8,6,0,0,0,0,0,0,0,0,0,0,0,0,1,0,0,0,7,0,0,False
3913,logic-ng/logicng,ae79302c73515202df5a2565b7493783a5f96593,org/logicng/explanations/unsatcores/MUSConfigTest.java,12,1,2,10,0.17,2,1,1,0,0,0,0,0,0,0,0,0,1,0,0,0,0,0,0,1,0,0,False
3914,logic-ng/logicng,ae79302c73515202df5a2565b7493783a5f96593,org/logicng/explanations/unsatcores/MUSGenerationTest.java,102,7,17,29,0.06,6,6,0,0,1,0,0,0,0,0,0,0,1,0,0,0,2,1,0,3,0,0,False
3915,logic-ng/logicng,ae79302c73515202df5a2565b7493783a5f96593,org/logicng/explanations/unsatcores/UNSATCoreTest.java,53,5,7,13,0.28,15,4,4,0,1,0,0,0,0,0,0,2,1,0,0,0,0,0,0,4,0,0,False
3916,logic-ng/logicng,ae79302c73515202df5a2565b7493783a5f96593,org/logicng/formulas/AndTest.java,131,17,20,62,0.57,75,17,14,0,0,0,0,2,0,0,0,1,1,0,0,3,0,0,0,17,0,0,False
3917,logic-ng/logicng,ae79302c73515202df5a2565b7493783a5f96593,org/logicng/formulas/CFalseTest.java,55,15,16,38,0.33,18,15,0,0,0,0,0,0,0,0,0,0,1,0,0,0,0,0,0,15,0,0,False
3918,logic-ng/logicng,ae79302c73515202df5a2565b7493783a5f96593,org/logicng/formulas/CTrueTest.java,56,15,16,38,0.34,19,15,1,0,0,0,0,0,0,0,0,0,1,0,0,1,0,0,0,15,0,0,False
3919,logic-ng/logicng,ae79302c73515202df5a2565b7493783a5f96593,org/logicng/formulas/EquivalenceTest.java,119,17,19,52,0.57,68,17,16,0,0,0,0,1,0,0,0,1,1,0,0,4,0,0,0,17,0,0,False
3920,logic-ng/logicng,ae79302c73515202df5a2565b7493783a5f96593,org/logicng/formulas/ExtendedFormulaFactoryTest.java,113,7,14,46,0.12,14,7,2,0,0,0,0,0,0,0,0,0,0,0,0,2,0,1,0,5,0,0,False
3921,logic-ng/logicng,ae79302c73515202df5a2565b7493783a5f96593,org/logicng/formulas/FormulaTest.java,62,8,13,38,0.29,18,6,5,0,0,0,0,0,0,0,0,0,0,0,0,0,0,0,0,6,0,0,False
3922,logic-ng/logicng,ae79302c73515202df5a2565b7493783a5f96593,org/logicng/formulas/FormulaFactoryTest.java,103,7,10,45,0.29,30,7,4,1,0,0,0,1,0,0,0,0,1,0,0,1,0,0,0,7,0,0,False
3923,logic-ng/logicng,ae79302c73515202df5a2565b7493783a5f96593,org/logicng/formulas/ImplicationTest.java,115,18,20,52,0.53,61,18,16,0,0,0,0,1,0,0,0,1,1,0,0,4,0,0,0,18,0,0,False
3924,logic-ng/logicng,ae79302c73515202df5a2565b7493783a5f96593,org/logicng/formulas/LiteralTest.java,114,20,21,56,0.55,63,20,19,0,0,0,0,0,0,0,0,1,1,0,0,2,1,0,0,20,0,0,False
3925,logic-ng/logicng,ae79302c73515202df5a2565b7493783a5f96593,org/logicng/formulas/NotTest.java,95,16,18,48,0.52,49,16,15,0,0,0,0,1,0,0,0,1,1,0,0,3,0,0,0,16,0,0,False
3926,logic-ng/logicng,ae79302c73515202df5a2565b7493783a5f96593,org/logicng/formulas/OrTest.java,127,16,19,57,0.58,74,16,14,0,0,0,0,2,0,0,0,1,1,0,0,3,0,0,0,16,0,0,False
3927,logic-ng/logicng,ae79302c73515202df5a2565b7493783a5f96593,org/logicng/formulas/PBConstraintTest.java,475,30,33,151,0.53,254,29,26,0,1,0,0,0,0,0,0,2,5,0,0,3,0,0,0,29,0,0,False
3928,logic-ng/logicng,ae79302c73515202df5a2565b7493783a5f96593,org/logicng/formulas/printer/DefaultStringRepresentationTest.java,36,2,2,9,0.67,24,2,1,0,0,0,0,0,0,0,0,0,1,0,0,0,0,0,0,2,0,0,False
3929,logic-ng/logicng,ae79302c73515202df5a2565b7493783a5f96593,org/logicng/formulas/printer/LatexStringRepresentationTest.java,35,2,2,9,0.63,22,2,2,0,0,0,0,0,0,0,0,0,1,0,0,0,0,0,0,2,0,0,False
3930,logic-ng/logicng,ae79302c73515202df5a2565b7493783a5f96593,org/logicng/formulas/printer/SortedStringRepresentationTest.java,50,3,3,19,0.66,33,3,2,0,0,0,0,0,0,0,0,0,1,0,0,2,0,0,0,3,0,0,False
3931,logic-ng/logicng,ae79302c73515202df5a2565b7493783a5f96593,org/logicng/formulas/printer/UTF8StringRepresentationTest.java,35,2,2,9,0.63,22,2,2,0,0,0,0,0,0,0,0,0,1,0,0,0,0,0,0,2,0,0,False
3932,logic-ng/logicng,ae79302c73515202df5a2565b7493783a5f96593,org/logicng/graphs/algorithms/BronKerboschTest.java,44,1,4,13,0.16,7,1,1,1,0,0,0,1,0,0,0,0,0,0,0,0,0,0,0,1,0,0,False
3933,logic-ng/logicng,ae79302c73515202df5a2565b7493783a5f96593,org/logicng/graphs/datastructures/GraphTest.java,65,4,7,37,0.2,13,4,2,0,0,0,0,0,0,0,0,0,1,0,0,0,0,0,0,3,0,0,False
3934,logic-ng/logicng,ae79302c73515202df5a2565b7493783a5f96593,org/logicng/graphs/datastructures/HypergraphTest.java,34,2,2,12,0.21,7,2,1,0,0,0,0,0,0,0,0,0,1,0,0,1,0,0,0,2,0,0,False
3935,logic-ng/logicng,ae79302c73515202df5a2565b7493783a5f96593,org/logicng/graphs/datastructures/HypergraphEdgeTest.java,39,3,5,21,0.08,3,3,1,0,0,0,0,2,0,0,0,0,0,0,0,1,0,0,0,3,0,0,False
3936,logic-ng/logicng,ae79302c73515202df5a2565b7493783a5f96593,org/logicng/graphs/datastructures/HypergraphNodeTest.java,16,1,1,6,0.19,3,1,1,0,0,0,0,0,0,0,0,0,0,0,0,0,0,0,0,1,0,0,False
3937,logic-ng/logicng,ae79302c73515202df5a2565b7493783a5f96593,org/logicng/graphs/generators/HypergraphGeneratorTest.java,83,3,8,26,0.28,23,3,2,0,0,0,0,3,0,0,0,0,0,0,0,2,0,0,0,3,0,0,False
3938,logic-ng/logicng,ae79302c73515202df5a2565b7493783a5f96593,org/logicng/graphs/io/GraphDimacsFileWriterTest.java,86,6,20,31,0.1,9,6,0,1,0,0,0,3,0,0,0,0,0,0,0,0,3,1,0,3,0,0,False
3939,logic-ng/logicng,ae79302c73515202df5a2565b7493783a5f96593,org/logicng/graphs/io/GraphDotFileWriterTest.java,72,5,15,24,0.07,5,5,0,1,0,0,0,3,0,0,0,0,0,0,0,0,3,1,0,3,0,0,False
3940,logic-ng/logicng,ae79302c73515202df5a2565b7493783a5f96593,org/logicng/io/parsers/PropositionalParserTest.java,164,29,56,67,0.39,64,29,9,0,0,0,0,27,0,0,0,0,1,0,0,0,0,0,0,29,0,0,False
3941,logic-ng/logicng,ae79302c73515202df5a2565b7493783a5f96593,org/logicng/io/parsers/PseudoBooleanParserTest.java,178,29,57,81,0.47,84,29,12,0,0,0,0,28,0,0,0,0,1,0,0,1,0,0,0,29,0,0,False
3942,logic-ng/logicng,ae79302c73515202df5a2565b7493783a5f96593,org/logicng/io/writers/FormulaDimacsFileWriterTest.java,58,6,16,20,0.09,5,6,0,0,0,0,0,4,0,0,0,0,0,0,0,0,4,1,0,4,0,0,False
3943,logic-ng/logicng,ae79302c73515202df5a2565b7493783a5f96593,org/logicng/io/writers/FormulaDotFileWriterTest.java,53,6,16,16,0.08,4,6,0,0,0,0,0,4,0,0,0,0,0,0,0,0,4,1,0,4,0,0,False
3944,logic-ng/logicng,ae79302c73515202df5a2565b7493783a5f96593,org/logicng/predicates/CNFPredicateTest.java,28,2,2,8,0.57,16,2,1,0,0,0,0,0,0,0,0,0,1,0,0,0,0,0,0,2,0,0,False
3945,logic-ng/logicng,ae79302c73515202df5a2565b7493783a5f96593,org/logicng/predicates/DNFPredicateTest.java,28,2,2,8,0.57,16,2,1,0,0,0,0,0,0,0,0,0,1,0,0,0,0,0,0,2,0,0,False
3946,logic-ng/logicng,ae79302c73515202df5a2565b7493783a5f96593,org/logicng/predicates/NNFPredicateTest.java,32,2,2,9,0.63,20,2,1,0,0,0,0,0,0,0,0,0,1,0,0,0,0,0,0,2,0,0,False
3947,logic-ng/logicng,ae79302c73515202df5a2565b7493783a5f96593,org/logicng/propositions/ExtendedPropositionTest.java,78,6,14,21,0.32,25,5,5,0,1,0,0,4,0,0,0,1,1,0,0,0,0,0,0,5,0,0,False
3948,logic-ng/logicng,ae79302c73515202df5a2565b7493783a5f96593,org/logicng/propositions/StandardPropositionTest.java,68,6,14,18,0.4,27,5,5,0,1,0,0,4,0,0,0,1,1,0,0,0,0,0,0,5,0,0,False
3949,logic-ng/logicng,ae79302c73515202df5a2565b7493783a5f96593,org/logicng/pseudobooleans/PBEncoderTest.java,121,9,16,61,0.14,17,8,3,5,1,0,0,0,0,0,0,0,2,0,0,0,1,1,0,7,0,0,False
3950,logic-ng/logicng,ae79302c73515202df5a2565b7493783a5f96593,org/logicng/solvers/sat/MiniSatTest.java,40,6,9,22,0.1,4,6,2,0,0,0,0,0,0,0,0,0,1,0,0,0,0,0,0,4,0,0,False
3951,logic-ng/logicng,ae79302c73515202df5a2565b7493783a5f96593,org/logicng/solvers/datastructures/LNGHeapTest.java,23,1,1,9,0.22,5,1,1,0,0,0,0,0,0,0,0,0,1,0,0,1,0,0,0,1,0,0,False
3952,logic-ng/logicng,ae79302c73515202df5a2565b7493783a5f96593,org/logicng/solvers/sat/GlucoseSyrupTest.java,33,6,11,10,0.03,1,6,0,0,0,0,0,0,0,0,0,0,1,0,0,0,0,0,0,3,0,0,False
3953,logic-ng/logicng,ae79302c73515202df5a2565b7493783a5f96593,org/logicng/solvers/sat/MiniCardTest.java,86,8,12,34,0.17,15,8,3,0,0,0,0,0,0,0,0,0,1,0,0,1,0,0,0,6,0,0,False
3954,logic-ng/logicng,ae79302c73515202df5a2565b7493783a5f96593,org/logicng/transformations/AnonymizerTest.java,60,4,12,16,0.55,33,4,4,0,0,0,0,4,0,0,0,0,0,0,0,1,0,0,0,4,0,0,False
3955,logic-ng/logicng,ae79302c73515202df5a2565b7493783a5f96593,org/logicng/transformations/BackboneSimplifierTest.java,27,2,8,8,0.41,11,2,2,0,0,0,0,2,0,0,0,0,0,0,0,0,0,0,0,2,0,0,False
3956,logic-ng/logicng,ae79302c73515202df5a2565b7493783a5f96593,org/logicng/transformations/DistributiveSimplifierTest.java,52,6,20,19,0.5,26,6,6,0,0,0,0,2,0,0,0,0,0,0,0,0,0,0,0,6,0,0,False
3957,logic-ng/logicng,ae79302c73515202df5a2565b7493783a5f96593,org/logicng/transformations/FormulaFactoryImporterTest.java,187,12,17,108,0.67,126,12,10,0,0,0,0,1,0,0,0,0,0,0,0,0,0,0,0,10,0,0,False
3958,logic-ng/logicng,ae79302c73515202df5a2565b7493783a5f96593,org/logicng/transformations/UnitPropagationTest.java,33,4,9,11,0.48,16,4,4,0,0,0,0,1,0,0,0,0,0,0,0,0,0,0,0,4,0,0,False
3959,logic-ng/logicng,ae79302c73515202df5a2565b7493783a5f96593,org/logicng/transformations/cnf/CNFEncoderTest.java,124,11,21,72,0.23,29,11,9,0,0,0,0,9,0,0,0,0,1,0,0,1,0,0,0,11,0,0,False
3960,logic-ng/logicng,ae79302c73515202df5a2565b7493783a5f96593,org/logicng/transformations/cnf/CNFSubsumptionTest.java,42,4,9,17,0.45,19,4,3,0,0,0,0,4,0,0,0,0,0,0,0,1,0,0,0,4,0,0,False
3961,logic-ng/logicng,ae79302c73515202df5a2565b7493783a5f96593,org/logicng/transformations/dnf/DNFFactorizationTest.java,89,10,26,29,0.47,42,8,7,0,0,0,0,5,0,0,0,0,1,0,0,1,0,0,0,8,0,0,False
3962,logic-ng/logicng,ae79302c73515202df5a2565b7493783a5f96593,org/logicng/transformations/dnf/DNFSubsumptionTest.java,49,4,11,17,0.39,19,4,3,1,0,0,0,4,0,0,0,0,0,0,0,1,0,0,0,4,0,0,False
3963,logic-ng/logicng,ae79302c73515202df5a2565b7493783a5f96593,org/logicng/transformations/qmc/TermTest.java,80,3,7,21,0.21,17,3,3,0,0,0,0,1,0,0,0,0,1,0,0,0,0,0,0,3,0,0,False
3964,logic-ng/logicng,ae79302c73515202df5a2565b7493783a5f96593,org/logicng/transformations/qmc/TermTableTest.java,47,4,8,19,0.26,12,4,2,0,0,0,0,0,0,0,0,0,1,0,0,1,0,0,0,3,0,0,False
3965,logic-ng/logicng,ae79302c73515202df5a2565b7493783a5f96593,org/logicng/util/ComparablePairTest.java,42,5,5,13,0.52,22,5,5,0,0,0,0,0,0,0,0,1,1,0,0,0,0,0,0,5,0,0,False
3966,logic-ng/logicng,ae79302c73515202df5a2565b7493783a5f96593,org/logicng/util/FormulaHelperTest.java,29,2,2,10,0.62,18,2,2,0,0,0,0,0,0,0,0,0,0,0,0,0,0,0,0,2,0,0,False
3967,logic-ng/logicng,ae79302c73515202df5a2565b7493783a5f96593,org/logicng/util/PairTest.java,36,4,4,10,0.5,18,4,4,0,0,0,0,0,0,0,0,1,1,0,0,0,0,0,0,4,0,0,False
3968,logic-ng/logicng,bb9eb88a768be4be8e02a76cfc4a59e6c3fb7f2e,org/logicng/backbones/BackboneTest.java,66,5,7,22,0.3,20,5,3,0,0,0,0,1,0,0,0,0,1,0,0,2,0,0,0,4,0,0,False
3969,logic-ng/logicng,bb9eb88a768be4be8e02a76cfc4a59e6c3fb7f2e,org/logicng/backbones/BackboneGenerationTest.java,223,8,25,89,0.23,51,8,4,1,0,0,0,3,0,0,0,0,1,0,0,4,0,0,0,7,0,0,False
3970,logic-ng/logicng,bb9eb88a768be4be8e02a76cfc4a59e6c3fb7f2e,org/logicng/bdds/datastructures/BDDNodeTest.java,65,4,4,33,0.46,30,4,4,0,0,0,0,0,0,0,0,0,0,0,0,1,0,0,0,4,0,0,False
3971,logic-ng/logicng,bb9eb88a768be4be8e02a76cfc4a59e6c3fb7f2e,org/logicng/bdds/io/BDDDotFileWriterTest.java,36,3,10,11,0.08,3,3,0,0,0,0,0,1,0,0,0,0,0,0,0,0,1,1,0,1,0,0,False
3972,logic-ng/logicng,bb9eb88a768be4be8e02a76cfc4a59e6c3fb7f2e,org/logicng/bdds/orderings/BFSOrderingTest.java,27,2,5,11,0.37,10,2,1,0,0,0,0,2,0,0,0,0,0,0,0,0,0,0,0,2,0,0,False
3973,logic-ng/logicng,bb9eb88a768be4be8e02a76cfc4a59e6c3fb7f2e,org/logicng/bdds/orderings/DFSOrderingTest.java,27,2,5,11,0.37,10,2,1,0,0,0,0,2,0,0,0,0,0,0,0,0,0,0,0,2,0,0,False
3974,logic-ng/logicng,bb9eb88a768be4be8e02a76cfc4a59e6c3fb7f2e,org/logicng/bdds/orderings/ForceOrderingTest.java,33,3,9,17,0.21,7,3,1,0,0,0,0,3,0,0,0,0,0,0,0,0,0,0,0,3,0,0,False
3975,logic-ng/logicng,bb9eb88a768be4be8e02a76cfc4a59e6c3fb7f2e,org/logicng/collections/ImmutableFormulaListTest.java,15,1,3,3,0.13,2,1,1,0,0,0,0,0,0,0,0,1,0,0,0,0,0,0,0,1,0,0,False
3976,logic-ng/logicng,bb9eb88a768be4be8e02a76cfc4a59e6c3fb7f2e,org/logicng/collections/LNGBooleanVectorTest.java,148,11,23,68,0.41,60,11,9,9,0,0,0,0,0,0,0,0,1,0,0,4,0,0,0,11,0,0,False
3977,logic-ng/logicng,bb9eb88a768be4be8e02a76cfc4a59e6c3fb7f2e,org/logicng/collections/LNGByteVectorTest.java,165,12,26,76,0.35,58,12,10,11,0,0,0,0,0,0,0,0,1,0,0,4,0,0,0,12,0,0,False
3978,logic-ng/logicng,bb9eb88a768be4be8e02a76cfc4a59e6c3fb7f2e,org/logicng/collections/LNGDoublePriorityQueueTest.java,109,6,6,31,0.39,43,6,5,0,0,0,0,0,0,0,0,0,1,0,0,3,0,0,0,6,0,0,False
3979,logic-ng/logicng,bb9eb88a768be4be8e02a76cfc4a59e6c3fb7f2e,org/logicng/collections/LNGDoubleVectorTest.java,162,12,26,75,0.35,57,12,10,11,0,0,0,0,0,0,0,0,1,0,0,5,0,0,0,12,0,0,False
3980,logic-ng/logicng,bb9eb88a768be4be8e02a76cfc4a59e6c3fb7f2e,org/logicng/collections/LNGIntVectorTest.java,162,12,26,75,0.35,57,12,10,11,0,0,0,0,0,0,0,0,1,0,0,4,0,0,0,12,0,0,False
3981,logic-ng/logicng,bb9eb88a768be4be8e02a76cfc4a59e6c3fb7f2e,org/logicng/collections/LNGLongPriorityQueueTest.java,88,5,5,25,0.41,36,5,4,0,0,0,0,0,0,0,0,0,1,0,0,2,0,0,0,5,0,0,False
3982,logic-ng/logicng,bb9eb88a768be4be8e02a76cfc4a59e6c3fb7f2e,org/logicng/collections/LNGLongVectorTest.java,165,12,26,76,0.35,58,12,10,11,0,0,0,0,0,0,0,0,1,0,0,4,0,0,0,12,0,0,False
3983,logic-ng/logicng,bb9eb88a768be4be8e02a76cfc4a59e6c3fb7f2e,org/logicng/collections/LNGVectorTest.java,295,23,49,138,0.36,105,21,18,20,1,0,0,0,0,0,0,0,2,0,0,7,0,0,0,21,0,0,False
3984,logic-ng/logicng,bb9eb88a768be4be8e02a76cfc4a59e6c3fb7f2e,org/logicng/datastructures/AssignmentTest.java,155,14,17,68,0.46,71,14,13,0,0,0,0,1,0,0,0,2,2,0,0,3,0,0,0,14,0,0,False
3985,logic-ng/logicng,bb9eb88a768be4be8e02a76cfc4a59e6c3fb7f2e,org/logicng/formulas/SubstitutionTest.java,113,13,17,38,0.35,40,12,9,0,1,0,0,4,0,0,0,1,1,0,0,0,0,0,0,12,0,0,False
3986,logic-ng/logicng,bb9eb88a768be4be8e02a76cfc4a59e6c3fb7f2e,org/logicng/datastructures/ubtrees/UBTreeTest.java,201,8,9,57,0.62,125,8,6,0,0,0,0,0,0,0,0,0,0,0,0,1,0,0,0,7,0,0,False
3987,logic-ng/logicng,bb9eb88a768be4be8e02a76cfc4a59e6c3fb7f2e,org/logicng/explanations/unsatcores/MUSConfigTest.java,12,1,2,10,0.17,2,1,1,0,0,0,0,0,0,0,0,0,1,0,0,0,0,0,0,1,0,0,False
3988,logic-ng/logicng,bb9eb88a768be4be8e02a76cfc4a59e6c3fb7f2e,org/logicng/explanations/unsatcores/MUSGenerationTest.java,102,7,17,29,0.06,6,6,0,0,1,0,0,0,0,0,0,0,1,0,0,0,2,1,0,3,0,0,False
3989,logic-ng/logicng,bb9eb88a768be4be8e02a76cfc4a59e6c3fb7f2e,org/logicng/explanations/unsatcores/UNSATCoreTest.java,53,5,7,13,0.28,15,4,4,0,1,0,0,0,0,0,0,2,1,0,0,0,0,0,0,4,0,0,False
3990,logic-ng/logicng,bb9eb88a768be4be8e02a76cfc4a59e6c3fb7f2e,org/logicng/formulas/AndTest.java,131,17,20,62,0.57,75,17,14,0,0,0,0,2,0,0,0,1,1,0,0,3,0,0,0,17,0,0,False
3991,logic-ng/logicng,bb9eb88a768be4be8e02a76cfc4a59e6c3fb7f2e,org/logicng/formulas/CFalseTest.java,55,15,16,38,0.33,18,15,0,0,0,0,0,0,0,0,0,0,1,0,0,0,0,0,0,15,0,0,False
3992,logic-ng/logicng,bb9eb88a768be4be8e02a76cfc4a59e6c3fb7f2e,org/logicng/formulas/CTrueTest.java,56,15,16,38,0.34,19,15,1,0,0,0,0,0,0,0,0,0,1,0,0,1,0,0,0,15,0,0,False
3993,logic-ng/logicng,bb9eb88a768be4be8e02a76cfc4a59e6c3fb7f2e,org/logicng/formulas/EquivalenceTest.java,119,17,19,52,0.57,68,17,16,0,0,0,0,1,0,0,0,1,1,0,0,4,0,0,0,17,0,0,False
3994,logic-ng/logicng,bb9eb88a768be4be8e02a76cfc4a59e6c3fb7f2e,org/logicng/formulas/ExtendedFormulaFactoryTest.java,113,7,14,46,0.12,14,7,2,0,0,0,0,0,0,0,0,0,0,0,0,2,0,1,0,5,0,0,False
3995,logic-ng/logicng,bb9eb88a768be4be8e02a76cfc4a59e6c3fb7f2e,org/logicng/formulas/FormulaTest.java,62,8,13,38,0.29,18,6,5,0,0,0,0,0,0,0,0,0,0,0,0,0,0,0,0,6,0,0,False
3996,logic-ng/logicng,bb9eb88a768be4be8e02a76cfc4a59e6c3fb7f2e,org/logicng/formulas/FormulaFactoryTest.java,103,7,10,45,0.29,30,7,4,1,0,0,0,1,0,0,0,0,1,0,0,1,0,0,0,7,0,0,False
3997,logic-ng/logicng,bb9eb88a768be4be8e02a76cfc4a59e6c3fb7f2e,org/logicng/formulas/ImplicationTest.java,115,18,20,52,0.53,61,18,16,0,0,0,0,1,0,0,0,1,1,0,0,4,0,0,0,18,0,0,False
3998,logic-ng/logicng,bb9eb88a768be4be8e02a76cfc4a59e6c3fb7f2e,org/logicng/formulas/LiteralTest.java,114,20,21,56,0.55,63,20,19,0,0,0,0,0,0,0,0,1,1,0,0,2,1,0,0,20,0,0,False
3999,logic-ng/logicng,bb9eb88a768be4be8e02a76cfc4a59e6c3fb7f2e,org/logicng/formulas/NotTest.java,95,16,18,48,0.52,49,16,15,0,0,0,0,1,0,0,0,1,1,0,0,3,0,0,0,16,0,0,False
4000,logic-ng/logicng,bb9eb88a768be4be8e02a76cfc4a59e6c3fb7f2e,org/logicng/formulas/OrTest.java,127,16,19,57,0.58,74,16,14,0,0,0,0,2,0,0,0,1,1,0,0,3,0,0,0,16,0,0,False
4001,logic-ng/logicng,bb9eb88a768be4be8e02a76cfc4a59e6c3fb7f2e,org/logicng/formulas/PBConstraintTest.java,475,30,33,151,0.53,254,29,26,0,1,0,0,0,0,0,0,2,5,0,0,3,0,0,0,29,0,0,False
4002,logic-ng/logicng,bb9eb88a768be4be8e02a76cfc4a59e6c3fb7f2e,org/logicng/formulas/printer/DefaultStringRepresentationTest.java,36,2,2,9,0.67,24,2,1,0,0,0,0,0,0,0,0,0,1,0,0,0,0,0,0,2,0,0,False
4003,logic-ng/logicng,bb9eb88a768be4be8e02a76cfc4a59e6c3fb7f2e,org/logicng/formulas/printer/LatexStringRepresentationTest.java,35,2,2,9,0.63,22,2,2,0,0,0,0,0,0,0,0,0,1,0,0,0,0,0,0,2,0,0,False
4004,logic-ng/logicng,bb9eb88a768be4be8e02a76cfc4a59e6c3fb7f2e,org/logicng/formulas/printer/SortedStringRepresentationTest.java,50,3,3,19,0.66,33,3,2,0,0,0,0,0,0,0,0,0,1,0,0,2,0,0,0,3,0,0,False
4005,logic-ng/logicng,bb9eb88a768be4be8e02a76cfc4a59e6c3fb7f2e,org/logicng/formulas/printer/UTF8StringRepresentationTest.java,35,2,2,9,0.63,22,2,2,0,0,0,0,0,0,0,0,0,1,0,0,0,0,0,0,2,0,0,False
4006,logic-ng/logicng,bb9eb88a768be4be8e02a76cfc4a59e6c3fb7f2e,org/logicng/graphs/algorithms/BronKerboschTest.java,44,1,4,13,0.16,7,1,1,1,0,0,0,1,0,0,0,0,0,0,0,0,0,0,0,1,0,0,False
4007,logic-ng/logicng,bb9eb88a768be4be8e02a76cfc4a59e6c3fb7f2e,org/logicng/graphs/datastructures/GraphTest.java,65,4,7,37,0.2,13,4,2,0,0,0,0,0,0,0,0,0,1,0,0,0,0,0,0,3,0,0,False
4008,logic-ng/logicng,bb9eb88a768be4be8e02a76cfc4a59e6c3fb7f2e,org/logicng/graphs/datastructures/HypergraphTest.java,34,2,2,12,0.21,7,2,1,0,0,0,0,0,0,0,0,0,1,0,0,1,0,0,0,2,0,0,False
4009,logic-ng/logicng,bb9eb88a768be4be8e02a76cfc4a59e6c3fb7f2e,org/logicng/graphs/datastructures/HypergraphEdgeTest.java,39,3,5,21,0.08,3,3,1,0,0,0,0,2,0,0,0,0,0,0,0,1,0,0,0,3,0,0,False
4010,logic-ng/logicng,bb9eb88a768be4be8e02a76cfc4a59e6c3fb7f2e,org/logicng/graphs/datastructures/HypergraphNodeTest.java,16,1,1,6,0.19,3,1,1,0,0,0,0,0,0,0,0,0,0,0,0,0,0,0,0,1,0,0,False
4011,logic-ng/logicng,bb9eb88a768be4be8e02a76cfc4a59e6c3fb7f2e,org/logicng/graphs/generators/HypergraphGeneratorTest.java,83,3,8,26,0.28,23,3,2,0,0,0,0,3,0,0,0,0,0,0,0,2,0,0,0,3,0,0,False
4012,logic-ng/logicng,bb9eb88a768be4be8e02a76cfc4a59e6c3fb7f2e,org/logicng/graphs/io/GraphDimacsFileWriterTest.java,86,6,20,31,0.1,9,6,0,1,0,0,0,3,0,0,0,0,0,0,0,0,3,1,0,3,0,0,False
4013,logic-ng/logicng,bb9eb88a768be4be8e02a76cfc4a59e6c3fb7f2e,org/logicng/graphs/io/GraphDotFileWriterTest.java,72,5,15,24,0.07,5,5,0,1,0,0,0,3,0,0,0,0,0,0,0,0,3,1,0,3,0,0,False
4014,logic-ng/logicng,bb9eb88a768be4be8e02a76cfc4a59e6c3fb7f2e,org/logicng/io/parsers/PropositionalParserTest.java,164,29,56,67,0.39,64,29,9,0,0,0,0,27,0,0,0,0,1,0,0,0,0,0,0,29,0,0,False
4015,logic-ng/logicng,bb9eb88a768be4be8e02a76cfc4a59e6c3fb7f2e,org/logicng/io/parsers/PseudoBooleanParserTest.java,178,29,57,81,0.47,84,29,12,0,0,0,0,28,0,0,0,0,1,0,0,1,0,0,0,29,0,0,False
4016,logic-ng/logicng,bb9eb88a768be4be8e02a76cfc4a59e6c3fb7f2e,org/logicng/io/writers/FormulaDimacsFileWriterTest.java,58,6,16,20,0.09,5,6,0,0,0,0,0,4,0,0,0,0,0,0,0,0,4,1,0,4,0,0,False
4017,logic-ng/logicng,bb9eb88a768be4be8e02a76cfc4a59e6c3fb7f2e,org/logicng/io/writers/FormulaDotFileWriterTest.java,53,6,16,16,0.08,4,6,0,0,0,0,0,4,0,0,0,0,0,0,0,0,4,1,0,4,0,0,False
4018,logic-ng/logicng,bb9eb88a768be4be8e02a76cfc4a59e6c3fb7f2e,org/logicng/predicates/CNFPredicateTest.java,28,2,2,8,0.57,16,2,1,0,0,0,0,0,0,0,0,0,1,0,0,0,0,0,0,2,0,0,False
4019,logic-ng/logicng,bb9eb88a768be4be8e02a76cfc4a59e6c3fb7f2e,org/logicng/predicates/DNFPredicateTest.java,28,2,2,8,0.57,16,2,1,0,0,0,0,0,0,0,0,0,1,0,0,0,0,0,0,2,0,0,False
4020,logic-ng/logicng,bb9eb88a768be4be8e02a76cfc4a59e6c3fb7f2e,org/logicng/propositions/ExtendedPropositionTest.java,78,6,14,21,0.32,25,5,5,0,1,0,0,4,0,0,0,1,1,0,0,0,0,0,0,5,0,0,False
4021,logic-ng/logicng,bb9eb88a768be4be8e02a76cfc4a59e6c3fb7f2e,org/logicng/propositions/StandardPropositionTest.java,68,6,14,18,0.4,27,5,5,0,1,0,0,4,0,0,0,1,1,0,0,0,0,0,0,5,0,0,False
4022,logic-ng/logicng,bb9eb88a768be4be8e02a76cfc4a59e6c3fb7f2e,org/logicng/pseudobooleans/PBEncoderTest.java,121,9,16,61,0.14,17,8,3,5,1,0,0,0,0,0,0,0,2,0,0,0,1,1,0,7,0,0,False
4023,logic-ng/logicng,bb9eb88a768be4be8e02a76cfc4a59e6c3fb7f2e,org/logicng/solvers/sat/MiniSatTest.java,40,6,9,22,0.1,4,6,2,0,0,0,0,0,0,0,0,0,1,0,0,0,0,0,0,4,0,0,False
4024,logic-ng/logicng,bb9eb88a768be4be8e02a76cfc4a59e6c3fb7f2e,org/logicng/solvers/datastructures/LNGHeapTest.java,23,1,1,9,0.22,5,1,1,0,0,0,0,0,0,0,0,0,1,0,0,1,0,0,0,1,0,0,False
4025,logic-ng/logicng,bb9eb88a768be4be8e02a76cfc4a59e6c3fb7f2e,org/logicng/solvers/sat/GlucoseSyrupTest.java,33,6,11,10,0.03,1,6,0,0,0,0,0,0,0,0,0,0,1,0,0,0,0,0,0,3,0,0,False
4026,logic-ng/logicng,bb9eb88a768be4be8e02a76cfc4a59e6c3fb7f2e,org/logicng/solvers/sat/MiniCardTest.java,86,8,12,34,0.17,15,8,3,0,0,0,0,0,0,0,0,0,1,0,0,1,0,0,0,6,0,0,False
4027,logic-ng/logicng,bb9eb88a768be4be8e02a76cfc4a59e6c3fb7f2e,org/logicng/transformations/AnonymizerTest.java,60,4,12,16,0.55,33,4,4,0,0,0,0,4,0,0,0,0,0,0,0,1,0,0,0,4,0,0,False
4028,logic-ng/logicng,bb9eb88a768be4be8e02a76cfc4a59e6c3fb7f2e,org/logicng/transformations/BackboneSimplifierTest.java,27,2,8,8,0.41,11,2,2,0,0,0,0,2,0,0,0,0,0,0,0,0,0,0,0,2,0,0,False
4029,logic-ng/logicng,bb9eb88a768be4be8e02a76cfc4a59e6c3fb7f2e,org/logicng/transformations/DistributiveSimplifierTest.java,52,6,20,19,0.5,26,6,6,0,0,0,0,2,0,0,0,0,0,0,0,0,0,0,0,6,0,0,False
4030,logic-ng/logicng,bb9eb88a768be4be8e02a76cfc4a59e6c3fb7f2e,org/logicng/transformations/FormulaFactoryImporterTest.java,187,12,17,108,0.67,126,12,10,0,0,0,0,1,0,0,0,0,0,0,0,0,0,0,0,10,0,0,False
4031,logic-ng/logicng,bb9eb88a768be4be8e02a76cfc4a59e6c3fb7f2e,org/logicng/transformations/UnitPropagationTest.java,33,4,9,11,0.48,16,4,4,0,0,0,0,1,0,0,0,0,0,0,0,0,0,0,0,4,0,0,False
4032,logic-ng/logicng,bb9eb88a768be4be8e02a76cfc4a59e6c3fb7f2e,org/logicng/transformations/cnf/CNFEncoderTest.java,124,11,21,72,0.23,29,11,9,0,0,0,0,9,0,0,0,0,1,0,0,1,0,0,0,11,0,0,False
4033,logic-ng/logicng,bb9eb88a768be4be8e02a76cfc4a59e6c3fb7f2e,org/logicng/transformations/cnf/CNFSubsumptionTest.java,42,4,9,17,0.45,19,4,3,0,0,0,0,4,0,0,0,0,0,0,0,1,0,0,0,4,0,0,False
4034,logic-ng/logicng,bb9eb88a768be4be8e02a76cfc4a59e6c3fb7f2e,org/logicng/transformations/dnf/DNFFactorizationTest.java,89,10,26,29,0.47,42,8,7,0,0,0,0,5,0,0,0,0,1,0,0,1,0,0,0,8,0,0,False
4035,logic-ng/logicng,bb9eb88a768be4be8e02a76cfc4a59e6c3fb7f2e,org/logicng/transformations/dnf/DNFSubsumptionTest.java,49,4,11,17,0.39,19,4,3,1,0,0,0,4,0,0,0,0,0,0,0,1,0,0,0,4,0,0,False
4036,logic-ng/logicng,bb9eb88a768be4be8e02a76cfc4a59e6c3fb7f2e,org/logicng/transformations/qmc/TermTest.java,80,3,7,21,0.21,17,3,3,0,0,0,0,1,0,0,0,0,1,0,0,0,0,0,0,3,0,0,False
4037,logic-ng/logicng,bb9eb88a768be4be8e02a76cfc4a59e6c3fb7f2e,org/logicng/transformations/qmc/TermTableTest.java,47,4,8,19,0.26,12,4,2,0,0,0,0,0,0,0,0,0,1,0,0,1,0,0,0,3,0,0,False
4038,logic-ng/logicng,bb9eb88a768be4be8e02a76cfc4a59e6c3fb7f2e,org/logicng/util/ComparablePairTest.java,42,5,5,13,0.52,22,5,5,0,0,0,0,0,0,0,0,1,1,0,0,0,0,0,0,5,0,0,False
4039,logic-ng/logicng,bb9eb88a768be4be8e02a76cfc4a59e6c3fb7f2e,org/logicng/util/PairTest.java,36,4,4,10,0.5,18,4,4,0,0,0,0,0,0,0,0,1,1,0,0,0,0,0,0,4,0,0,False
4040,logic-ng/logicng,5017ba1eb0240d81a645872e3a36d13f4bdba43b,org/logicng/bdds/datastructures/BDDNodeTest.java,65,4,4,33,0.46,30,4,4,0,0,0,0,0,0,0,0,0,0,0,0,1,0,0,0,4,0,0,False
4041,logic-ng/logicng,5017ba1eb0240d81a645872e3a36d13f4bdba43b,org/logicng/bdds/io/BDDDotFileWriterTest.java,36,3,10,11,0.08,3,3,0,0,0,0,0,1,0,0,0,0,0,0,0,0,1,1,0,1,0,0,False
4042,logic-ng/logicng,5017ba1eb0240d81a645872e3a36d13f4bdba43b,org/logicng/bdds/orderings/BFSOrderingTest.java,27,2,5,11,0.37,10,2,1,0,0,0,0,2,0,0,0,0,0,0,0,0,0,0,0,2,0,0,False
4043,logic-ng/logicng,5017ba1eb0240d81a645872e3a36d13f4bdba43b,org/logicng/bdds/orderings/DFSOrderingTest.java,27,2,5,11,0.37,10,2,1,0,0,0,0,2,0,0,0,0,0,0,0,0,0,0,0,2,0,0,False
4044,logic-ng/logicng,5017ba1eb0240d81a645872e3a36d13f4bdba43b,org/logicng/bdds/orderings/ForceOrderingTest.java,33,3,9,17,0.21,7,3,1,0,0,0,0,3,0,0,0,0,0,0,0,0,0,0,0,3,0,0,False
4045,logic-ng/logicng,5017ba1eb0240d81a645872e3a36d13f4bdba43b,org/logicng/collections/ImmutableFormulaListTest.java,15,1,3,3,0.13,2,1,1,0,0,0,0,0,0,0,0,1,0,0,0,0,0,0,0,1,0,0,False
4046,logic-ng/logicng,5017ba1eb0240d81a645872e3a36d13f4bdba43b,org/logicng/collections/LNGBooleanVectorTest.java,148,11,23,68,0.41,60,11,9,9,0,0,0,0,0,0,0,0,1,0,0,4,0,0,0,11,0,0,False
4047,logic-ng/logicng,5017ba1eb0240d81a645872e3a36d13f4bdba43b,org/logicng/collections/LNGByteVectorTest.java,165,12,26,76,0.35,58,12,10,11,0,0,0,0,0,0,0,0,1,0,0,4,0,0,0,12,0,0,False
4048,logic-ng/logicng,5017ba1eb0240d81a645872e3a36d13f4bdba43b,org/logicng/collections/LNGDoublePriorityQueueTest.java,109,6,6,31,0.39,43,6,5,0,0,0,0,0,0,0,0,0,1,0,0,3,0,0,0,6,0,0,False
4049,logic-ng/logicng,5017ba1eb0240d81a645872e3a36d13f4bdba43b,org/logicng/collections/LNGDoubleVectorTest.java,162,12,26,75,0.35,57,12,10,11,0,0,0,0,0,0,0,0,1,0,0,5,0,0,0,12,0,0,False
4050,logic-ng/logicng,5017ba1eb0240d81a645872e3a36d13f4bdba43b,org/logicng/collections/LNGIntVectorTest.java,162,12,26,75,0.35,57,12,10,11,0,0,0,0,0,0,0,0,1,0,0,4,0,0,0,12,0,0,False
4051,logic-ng/logicng,5017ba1eb0240d81a645872e3a36d13f4bdba43b,org/logicng/collections/LNGLongPriorityQueueTest.java,88,5,5,25,0.41,36,5,4,0,0,0,0,0,0,0,0,0,1,0,0,2,0,0,0,5,0,0,False
4052,logic-ng/logicng,5017ba1eb0240d81a645872e3a36d13f4bdba43b,org/logicng/collections/LNGLongVectorTest.java,165,12,26,76,0.35,58,12,10,11,0,0,0,0,0,0,0,0,1,0,0,4,0,0,0,12,0,0,False
4053,logic-ng/logicng,5017ba1eb0240d81a645872e3a36d13f4bdba43b,org/logicng/collections/LNGVectorTest.java,295,23,49,138,0.36,105,21,18,20,1,0,0,0,0,0,0,0,2,0,0,7,0,0,0,21,0,0,False
4054,logic-ng/logicng,5017ba1eb0240d81a645872e3a36d13f4bdba43b,org/logicng/datastructures/AssignmentTest.java,149,14,17,68,0.45,67,14,13,0,0,0,0,1,0,0,0,2,2,0,0,3,0,0,0,14,0,0,False
4055,logic-ng/logicng,5017ba1eb0240d81a645872e3a36d13f4bdba43b,org/logicng/formulas/SubstitutionTest.java,113,13,17,38,0.35,40,12,9,0,1,0,0,4,0,0,0,1,1,0,0,0,0,0,0,12,0,0,False
4056,logic-ng/logicng,5017ba1eb0240d81a645872e3a36d13f4bdba43b,org/logicng/explanations/unsatcores/MUSConfigTest.java,12,1,2,10,0.17,2,1,1,0,0,0,0,0,0,0,0,0,1,0,0,0,0,0,0,1,0,0,False
4057,logic-ng/logicng,5017ba1eb0240d81a645872e3a36d13f4bdba43b,org/logicng/explanations/unsatcores/MUSGenerationTest.java,102,7,17,29,0.06,6,6,0,0,1,0,0,0,0,0,0,0,1,0,0,0,2,1,0,3,0,0,False
4058,logic-ng/logicng,5017ba1eb0240d81a645872e3a36d13f4bdba43b,org/logicng/explanations/unsatcores/UNSATCoreTest.java,53,5,7,13,0.28,15,4,4,0,1,0,0,0,0,0,0,2,1,0,0,0,0,0,0,4,0,0,False
4059,logic-ng/logicng,5017ba1eb0240d81a645872e3a36d13f4bdba43b,org/logicng/formulas/AndTest.java,127,16,19,60,0.57,73,16,13,0,0,0,0,2,0,0,0,1,1,0,0,3,0,0,0,16,0,0,False
4060,logic-ng/logicng,5017ba1eb0240d81a645872e3a36d13f4bdba43b,org/logicng/formulas/CFalseTest.java,52,14,15,36,0.33,17,14,0,0,0,0,0,0,0,0,0,0,1,0,0,0,0,0,0,14,0,0,False
4061,logic-ng/logicng,5017ba1eb0240d81a645872e3a36d13f4bdba43b,org/logicng/formulas/CTrueTest.java,53,14,15,36,0.34,18,14,1,0,0,0,0,0,0,0,0,0,1,0,0,1,0,0,0,14,0,0,False
4062,logic-ng/logicng,5017ba1eb0240d81a645872e3a36d13f4bdba43b,org/logicng/formulas/EquivalenceTest.java,113,16,18,50,0.57,64,16,15,0,0,0,0,1,0,0,0,1,1,0,0,4,0,0,0,16,0,0,False
4063,logic-ng/logicng,5017ba1eb0240d81a645872e3a36d13f4bdba43b,org/logicng/formulas/ExtendedFormulaFactoryTest.java,113,7,14,46,0.12,14,7,2,0,0,0,0,0,0,0,0,0,0,0,0,2,0,1,0,5,0,0,False
4064,logic-ng/logicng,5017ba1eb0240d81a645872e3a36d13f4bdba43b,org/logicng/formulas/FormulaTest.java,62,8,13,38,0.29,18,6,5,0,0,0,0,0,0,0,0,0,0,0,0,0,0,0,0,6,0,0,False
4065,logic-ng/logicng,5017ba1eb0240d81a645872e3a36d13f4bdba43b,org/logicng/formulas/FormulaFactoryTest.java,103,7,10,45,0.29,30,7,4,1,0,0,0,1,0,0,0,0,1,0,0,1,0,0,0,7,0,0,False
4066,logic-ng/logicng,5017ba1eb0240d81a645872e3a36d13f4bdba43b,org/logicng/formulas/ImplicationTest.java,109,17,19,50,0.52,57,17,15,0,0,0,0,1,0,0,0,1,1,0,0,4,0,0,0,17,0,0,False
4067,logic-ng/logicng,5017ba1eb0240d81a645872e3a36d13f4bdba43b,org/logicng/formulas/LiteralTest.java,110,19,20,54,0.55,61,19,18,0,0,0,0,0,0,0,0,1,1,0,0,2,1,0,0,19,0,0,False
4068,logic-ng/logicng,5017ba1eb0240d81a645872e3a36d13f4bdba43b,org/logicng/formulas/NotTest.java,91,15,17,46,0.52,47,15,14,0,0,0,0,1,0,0,0,1,1,0,0,3,0,0,0,15,0,0,False
4069,logic-ng/logicng,5017ba1eb0240d81a645872e3a36d13f4bdba43b,org/logicng/formulas/OrTest.java,123,15,18,55,0.59,72,15,13,0,0,0,0,2,0,0,0,1,1,0,0,3,0,0,0,15,0,0,False
4070,logic-ng/logicng,5017ba1eb0240d81a645872e3a36d13f4bdba43b,org/logicng/formulas/PBConstraintTest.java,468,30,34,153,0.53,247,29,26,0,1,0,0,1,0,0,0,2,5,0,0,3,0,0,0,29,0,0,False
4071,logic-ng/logicng,5017ba1eb0240d81a645872e3a36d13f4bdba43b,org/logicng/formulas/printer/DefaultStringRepresentationTest.java,33,2,2,7,0.64,21,2,1,0,0,0,0,0,0,0,0,0,1,0,0,0,0,0,0,2,0,0,False
4072,logic-ng/logicng,5017ba1eb0240d81a645872e3a36d13f4bdba43b,org/logicng/formulas/printer/LatexStringRepresentationTest.java,35,2,2,9,0.63,22,2,2,0,0,0,0,0,0,0,0,0,1,0,0,0,0,0,0,2,0,0,False
4073,logic-ng/logicng,5017ba1eb0240d81a645872e3a36d13f4bdba43b,org/logicng/formulas/printer/UTF8StringRepresentationTest.java,35,2,2,9,0.63,22,2,2,0,0,0,0,0,0,0,0,0,1,0,0,0,0,0,0,2,0,0,False
4074,logic-ng/logicng,5017ba1eb0240d81a645872e3a36d13f4bdba43b,org/logicng/graphs/algorithms/BronKerboschTest.java,44,1,4,13,0.16,7,1,1,1,0,0,0,1,0,0,0,0,0,0,0,0,0,0,0,1,0,0,False
4075,logic-ng/logicng,5017ba1eb0240d81a645872e3a36d13f4bdba43b,org/logicng/graphs/datastructures/GraphTest.java,65,4,7,37,0.2,13,4,2,0,0,0,0,0,0,0,0,0,1,0,0,0,0,0,0,3,0,0,False
4076,logic-ng/logicng,5017ba1eb0240d81a645872e3a36d13f4bdba43b,org/logicng/graphs/datastructures/HypergraphTest.java,34,2,2,12,0.21,7,2,1,0,0,0,0,0,0,0,0,0,1,0,0,1,0,0,0,2,0,0,False
4077,logic-ng/logicng,5017ba1eb0240d81a645872e3a36d13f4bdba43b,org/logicng/graphs/datastructures/HypergraphEdgeTest.java,39,3,5,21,0.08,3,3,1,0,0,0,0,2,0,0,0,0,0,0,0,1,0,0,0,3,0,0,False
4078,logic-ng/logicng,5017ba1eb0240d81a645872e3a36d13f4bdba43b,org/logicng/graphs/datastructures/HypergraphNodeTest.java,16,1,1,6,0.19,3,1,1,0,0,0,0,0,0,0,0,0,0,0,0,0,0,0,0,1,0,0,False
4079,logic-ng/logicng,5017ba1eb0240d81a645872e3a36d13f4bdba43b,org/logicng/graphs/generators/HypergraphGeneratorTest.java,83,3,8,26,0.28,23,3,2,0,0,0,0,3,0,0,0,0,0,0,0,2,0,0,0,3,0,0,False
4080,logic-ng/logicng,5017ba1eb0240d81a645872e3a36d13f4bdba43b,org/logicng/graphs/io/GraphDimacsFileWriterTest.java,86,6,20,31,0.1,9,6,0,1,0,0,0,3,0,0,0,0,0,0,0,0,3,1,0,3,0,0,False
4081,logic-ng/logicng,5017ba1eb0240d81a645872e3a36d13f4bdba43b,org/logicng/graphs/io/GraphDotFileWriterTest.java,72,5,15,24,0.07,5,5,0,1,0,0,0,3,0,0,0,0,0,0,0,0,3,1,0,3,0,0,False
4082,logic-ng/logicng,5017ba1eb0240d81a645872e3a36d13f4bdba43b,org/logicng/io/parsers/PropositionalParserTest.java,164,29,56,67,0.39,64,29,9,0,0,0,0,27,0,0,0,0,1,0,0,0,0,0,0,29,0,0,False
4083,logic-ng/logicng,5017ba1eb0240d81a645872e3a36d13f4bdba43b,org/logicng/io/parsers/PseudoBooleanParserTest.java,178,29,57,81,0.47,84,29,12,0,0,0,0,28,0,0,0,0,1,0,0,1,0,0,0,29,0,0,False
4084,logic-ng/logicng,5017ba1eb0240d81a645872e3a36d13f4bdba43b,org/logicng/io/writers/FormulaDimacsFileWriterTest.java,58,6,16,20,0.09,5,6,0,0,0,0,0,4,0,0,0,0,0,0,0,0,4,1,0,4,0,0,False
4085,logic-ng/logicng,5017ba1eb0240d81a645872e3a36d13f4bdba43b,org/logicng/io/writers/FormulaDotFileWriterTest.java,53,6,16,16,0.08,4,6,0,0,0,0,0,4,0,0,0,0,0,0,0,0,4,1,0,4,0,0,False
4086,logic-ng/logicng,5017ba1eb0240d81a645872e3a36d13f4bdba43b,org/logicng/predicates/CNFPredicateTest.java,28,2,2,8,0.57,16,2,1,0,0,0,0,0,0,0,0,0,1,0,0,0,0,0,0,2,0,0,False
4087,logic-ng/logicng,5017ba1eb0240d81a645872e3a36d13f4bdba43b,org/logicng/predicates/DNFPredicateTest.java,28,2,2,8,0.57,16,2,1,0,0,0,0,0,0,0,0,0,1,0,0,0,0,0,0,2,0,0,False
4088,logic-ng/logicng,5017ba1eb0240d81a645872e3a36d13f4bdba43b,org/logicng/propositions/ExtendedPropositionTest.java,78,6,14,21,0.32,25,5,5,0,1,0,0,4,0,0,0,1,1,0,0,0,0,0,0,5,0,0,False
4089,logic-ng/logicng,5017ba1eb0240d81a645872e3a36d13f4bdba43b,org/logicng/propositions/StandardPropositionTest.java,68,6,14,18,0.4,27,5,5,0,1,0,0,4,0,0,0,1,1,0,0,0,0,0,0,5,0,0,False
4090,logic-ng/logicng,5017ba1eb0240d81a645872e3a36d13f4bdba43b,org/logicng/pseudobooleans/PBEncoderTest.java,121,9,16,61,0.14,17,8,3,5,1,0,0,0,0,0,0,0,2,0,0,0,1,1,0,7,0,0,False
4091,logic-ng/logicng,5017ba1eb0240d81a645872e3a36d13f4bdba43b,org/logicng/solvers/sat/MiniSatTest.java,40,6,9,22,0.1,4,6,2,0,0,0,0,0,0,0,0,0,1,0,0,0,0,0,0,4,0,0,False
4092,logic-ng/logicng,5017ba1eb0240d81a645872e3a36d13f4bdba43b,org/logicng/solvers/datastructures/LNGHeapTest.java,23,1,1,9,0.22,5,1,1,0,0,0,0,0,0,0,0,0,1,0,0,1,0,0,0,1,0,0,False
4093,logic-ng/logicng,5017ba1eb0240d81a645872e3a36d13f4bdba43b,org/logicng/solvers/sat/GlucoseSyrupTest.java,33,6,11,10,0.03,1,6,0,0,0,0,0,0,0,0,0,0,1,0,0,0,0,0,0,3,0,0,False
4094,logic-ng/logicng,5017ba1eb0240d81a645872e3a36d13f4bdba43b,org/logicng/solvers/sat/MiniCardTest.java,86,8,12,34,0.17,15,8,3,0,0,0,0,0,0,0,0,0,1,0,0,1,0,0,0,6,0,0,False
4095,logic-ng/logicng,5017ba1eb0240d81a645872e3a36d13f4bdba43b,org/logicng/transformations/AnonymizerTest.java,60,4,12,16,0.55,33,4,4,0,0,0,0,4,0,0,0,0,0,0,0,1,0,0,0,4,0,0,False
4096,logic-ng/logicng,5017ba1eb0240d81a645872e3a36d13f4bdba43b,org/logicng/transformations/DistributiveSimplifierTest.java,52,6,20,19,0.5,26,6,6,0,0,0,0,2,0,0,0,0,0,0,0,0,0,0,0,6,0,0,False
4097,logic-ng/logicng,5017ba1eb0240d81a645872e3a36d13f4bdba43b,org/logicng/transformations/FormulaFactoryImporterTest.java,187,12,17,108,0.67,126,12,10,0,0,0,0,1,0,0,0,0,0,0,0,0,0,0,0,10,0,0,False
4098,logic-ng/logicng,5017ba1eb0240d81a645872e3a36d13f4bdba43b,org/logicng/transformations/UnitPropagationTest.java,33,4,9,11,0.48,16,4,4,0,0,0,0,1,0,0,0,0,0,0,0,0,0,0,0,4,0,0,False
4099,logic-ng/logicng,5017ba1eb0240d81a645872e3a36d13f4bdba43b,org/logicng/transformations/cnf/CNFEncoderTest.java,124,11,21,72,0.23,29,11,9,0,0,0,0,9,0,0,0,0,1,0,0,1,0,0,0,11,0,0,False
4100,logic-ng/logicng,5017ba1eb0240d81a645872e3a36d13f4bdba43b,org/logicng/transformations/dnf/DNFFactorizationTest.java,89,10,26,29,0.47,42,8,7,0,0,0,0,5,0,0,0,0,1,0,0,1,0,0,0,8,0,0,False
4101,logic-ng/logicng,5017ba1eb0240d81a645872e3a36d13f4bdba43b,org/logicng/transformations/qmc/TermTest.java,80,3,7,21,0.21,17,3,3,0,0,0,0,1,0,0,0,0,1,0,0,0,0,0,0,3,0,0,False
4102,logic-ng/logicng,5017ba1eb0240d81a645872e3a36d13f4bdba43b,org/logicng/transformations/qmc/TermTableTest.java,47,4,8,19,0.26,12,4,2,0,0,0,0,0,0,0,0,0,1,0,0,1,0,0,0,3,0,0,False
4103,logic-ng/logicng,5017ba1eb0240d81a645872e3a36d13f4bdba43b,org/logicng/util/ComparablePairTest.java,42,5,5,13,0.52,22,5,5,0,0,0,0,0,0,0,0,1,1,0,0,0,0,0,0,5,0,0,False
4104,logic-ng/logicng,5017ba1eb0240d81a645872e3a36d13f4bdba43b,org/logicng/util/PairTest.java,36,4,4,10,0.5,18,4,4,0,0,0,0,0,0,0,0,1,1,0,0,0,0,0,0,4,0,0,False
4105,logic-ng/logicng,976c57f376630c30dbe7a73010cef0c9672caf09,org/logicng/bdds/datastructures/BDDNodeTest.java,65,4,4,33,0.46,30,4,4,0,0,0,0,0,0,0,0,0,0,0,0,1,0,0,0,4,0,0,False
4106,logic-ng/logicng,976c57f376630c30dbe7a73010cef0c9672caf09,org/logicng/bdds/io/BDDDotFileWriterTest.java,36,3,10,11,0.08,3,3,0,0,0,0,0,1,0,0,0,0,0,0,0,0,1,1,0,1,0,0,False
4107,logic-ng/logicng,976c57f376630c30dbe7a73010cef0c9672caf09,org/logicng/bdds/orderings/BFSOrderingTest.java,27,2,5,11,0.37,10,2,1,0,0,0,0,2,0,0,0,0,0,0,0,0,0,0,0,2,0,0,False
4108,logic-ng/logicng,976c57f376630c30dbe7a73010cef0c9672caf09,org/logicng/bdds/orderings/DFSOrderingTest.java,27,2,5,11,0.37,10,2,1,0,0,0,0,2,0,0,0,0,0,0,0,0,0,0,0,2,0,0,False
4109,logic-ng/logicng,976c57f376630c30dbe7a73010cef0c9672caf09,org/logicng/bdds/orderings/ForceOrderingTest.java,33,3,9,17,0.21,7,3,1,0,0,0,0,3,0,0,0,0,0,0,0,0,0,0,0,3,0,0,False
4110,logic-ng/logicng,976c57f376630c30dbe7a73010cef0c9672caf09,org/logicng/collections/ImmutableFormulaListTest.java,15,1,3,3,0.13,2,1,1,0,0,0,0,0,0,0,0,1,0,0,0,0,0,0,0,1,0,0,False
4111,logic-ng/logicng,976c57f376630c30dbe7a73010cef0c9672caf09,org/logicng/collections/LNGBooleanVectorTest.java,148,11,23,68,0.41,60,11,9,9,0,0,0,0,0,0,0,0,1,0,0,4,0,0,0,11,0,0,False
4112,logic-ng/logicng,976c57f376630c30dbe7a73010cef0c9672caf09,org/logicng/collections/LNGByteVectorTest.java,165,12,26,76,0.35,58,12,10,11,0,0,0,0,0,0,0,0,1,0,0,4,0,0,0,12,0,0,False
4113,logic-ng/logicng,976c57f376630c30dbe7a73010cef0c9672caf09,org/logicng/collections/LNGDoublePriorityQueueTest.java,109,6,6,31,0.39,43,6,5,0,0,0,0,0,0,0,0,0,1,0,0,3,0,0,0,6,0,0,False
4114,logic-ng/logicng,976c57f376630c30dbe7a73010cef0c9672caf09,org/logicng/collections/LNGDoubleVectorTest.java,162,12,26,75,0.35,57,12,10,11,0,0,0,0,0,0,0,0,1,0,0,5,0,0,0,12,0,0,False
4115,logic-ng/logicng,976c57f376630c30dbe7a73010cef0c9672caf09,org/logicng/collections/LNGIntVectorTest.java,162,12,26,75,0.35,57,12,10,11,0,0,0,0,0,0,0,0,1,0,0,4,0,0,0,12,0,0,False
4116,logic-ng/logicng,976c57f376630c30dbe7a73010cef0c9672caf09,org/logicng/collections/LNGLongPriorityQueueTest.java,88,5,5,25,0.41,36,5,4,0,0,0,0,0,0,0,0,0,1,0,0,2,0,0,0,5,0,0,False
4117,logic-ng/logicng,976c57f376630c30dbe7a73010cef0c9672caf09,org/logicng/collections/LNGLongVectorTest.java,165,12,26,76,0.35,58,12,10,11,0,0,0,0,0,0,0,0,1,0,0,4,0,0,0,12,0,0,False
4118,logic-ng/logicng,976c57f376630c30dbe7a73010cef0c9672caf09,org/logicng/collections/LNGVectorTest.java,295,23,49,138,0.36,105,21,18,20,1,0,0,0,0,0,0,0,2,0,0,7,0,0,0,21,0,0,False
4119,logic-ng/logicng,976c57f376630c30dbe7a73010cef0c9672caf09,org/logicng/datastructures/AssignmentTest.java,149,14,17,68,0.45,67,14,13,0,0,0,0,1,0,0,0,2,2,0,0,3,0,0,0,14,0,0,False
4120,logic-ng/logicng,976c57f376630c30dbe7a73010cef0c9672caf09,org/logicng/formulas/SubstitutionTest.java,113,13,17,38,0.35,40,12,9,0,1,0,0,4,0,0,0,1,1,0,0,0,0,0,0,12,0,0,False
4121,logic-ng/logicng,976c57f376630c30dbe7a73010cef0c9672caf09,org/logicng/explanations/unsatcores/MUSConfigTest.java,12,1,1,9,0.17,2,1,1,0,0,0,0,0,0,0,0,0,1,0,0,0,0,0,0,1,0,0,False
4122,logic-ng/logicng,976c57f376630c30dbe7a73010cef0c9672caf09,org/logicng/explanations/unsatcores/MUSGenerationTest.java,102,7,19,29,0.06,6,6,0,0,1,0,0,2,0,0,0,0,1,0,0,0,2,1,0,3,0,0,False
4123,logic-ng/logicng,976c57f376630c30dbe7a73010cef0c9672caf09,org/logicng/explanations/unsatcores/UNSATCoreTest.java,53,5,7,13,0.28,15,4,4,0,1,0,0,0,0,0,0,2,1,0,0,0,0,0,0,4,0,0,False
4124,logic-ng/logicng,976c57f376630c30dbe7a73010cef0c9672caf09,org/logicng/formulas/AndTest.java,127,16,19,60,0.57,73,16,13,0,0,0,0,2,0,0,0,1,1,0,0,3,0,0,0,16,0,0,False
4125,logic-ng/logicng,976c57f376630c30dbe7a73010cef0c9672caf09,org/logicng/formulas/CFalseTest.java,52,14,16,36,0.33,17,14,0,0,0,0,0,1,0,0,0,0,1,0,0,0,0,0,0,14,0,0,False
4126,logic-ng/logicng,976c57f376630c30dbe7a73010cef0c9672caf09,org/logicng/formulas/CTrueTest.java,53,14,16,36,0.34,18,14,1,0,0,0,0,1,0,0,0,0,1,0,0,1,0,0,0,14,0,0,False
4127,logic-ng/logicng,976c57f376630c30dbe7a73010cef0c9672caf09,org/logicng/formulas/EquivalenceTest.java,113,16,18,50,0.57,64,16,15,0,0,0,0,1,0,0,0,1,1,0,0,4,0,0,0,16,0,0,False
4128,logic-ng/logicng,976c57f376630c30dbe7a73010cef0c9672caf09,org/logicng/formulas/ExtendedFormulaFactoryTest.java,113,7,14,46,0.12,14,7,2,0,0,0,0,0,0,0,0,0,0,0,0,2,0,1,0,5,0,0,False
4129,logic-ng/logicng,976c57f376630c30dbe7a73010cef0c9672caf09,org/logicng/formulas/FormulaTest.java,62,8,13,38,0.29,18,6,5,0,0,0,0,0,0,0,0,0,0,0,0,0,0,0,0,6,0,0,False
4130,logic-ng/logicng,976c57f376630c30dbe7a73010cef0c9672caf09,org/logicng/formulas/FormulaFactoryTest.java,98,6,8,40,0.29,28,6,3,1,0,0,0,1,0,0,0,0,1,0,0,1,0,0,0,6,0,0,False
4131,logic-ng/logicng,976c57f376630c30dbe7a73010cef0c9672caf09,org/logicng/formulas/ImplicationTest.java,109,17,19,50,0.52,57,17,15,0,0,0,0,1,0,0,0,1,1,0,0,4,0,0,0,17,0,0,False
4132,logic-ng/logicng,976c57f376630c30dbe7a73010cef0c9672caf09,org/logicng/formulas/LiteralTest.java,110,19,20,54,0.55,61,19,18,0,0,0,0,0,0,0,0,1,1,0,0,2,1,0,0,19,0,0,False
4133,logic-ng/logicng,976c57f376630c30dbe7a73010cef0c9672caf09,org/logicng/formulas/NotTest.java,91,15,17,46,0.52,47,15,14,0,0,0,0,1,0,0,0,1,1,0,0,3,0,0,0,15,0,0,False
4134,logic-ng/logicng,976c57f376630c30dbe7a73010cef0c9672caf09,org/logicng/formulas/OrTest.java,123,15,18,55,0.59,72,15,13,0,0,0,0,2,0,0,0,1,1,0,0,3,0,0,0,15,0,0,False
4135,logic-ng/logicng,976c57f376630c30dbe7a73010cef0c9672caf09,org/logicng/formulas/PBConstraintTest.java,468,30,34,153,0.53,247,29,26,0,1,0,0,1,0,0,0,2,5,0,0,3,0,0,0,29,0,0,False
4136,logic-ng/logicng,976c57f376630c30dbe7a73010cef0c9672caf09,org/logicng/formulas/printer/DefaultStringRepresentationTest.java,33,2,2,7,0.64,21,2,1,0,0,0,0,0,0,0,0,0,1,0,0,0,0,0,0,2,0,0,False
4137,logic-ng/logicng,976c57f376630c30dbe7a73010cef0c9672caf09,org/logicng/formulas/printer/LatexStringRepresentationTest.java,35,2,2,9,0.63,22,2,2,0,0,0,0,0,0,0,0,0,1,0,0,0,0,0,0,2,0,0,False
4138,logic-ng/logicng,976c57f376630c30dbe7a73010cef0c9672caf09,org/logicng/formulas/printer/UTF8StringRepresentationTest.java,35,2,2,9,0.63,22,2,2,0,0,0,0,0,0,0,0,0,1,0,0,0,0,0,0,2,0,0,False
4139,logic-ng/logicng,976c57f376630c30dbe7a73010cef0c9672caf09,org/logicng/graphs/algorithms/BronKerboschTest.java,44,1,4,13,0.16,7,1,1,1,0,0,0,1,0,0,0,0,0,0,0,0,0,0,0,1,0,0,False
4140,logic-ng/logicng,976c57f376630c30dbe7a73010cef0c9672caf09,org/logicng/graphs/datastructures/GraphTest.java,65,4,7,37,0.2,13,4,2,0,0,0,0,0,0,0,0,0,1,0,0,0,0,0,0,3,0,0,False
4141,logic-ng/logicng,976c57f376630c30dbe7a73010cef0c9672caf09,org/logicng/graphs/datastructures/HypergraphTest.java,34,2,2,12,0.21,7,2,1,0,0,0,0,0,0,0,0,0,1,0,0,1,0,0,0,2,0,0,False
4142,logic-ng/logicng,976c57f376630c30dbe7a73010cef0c9672caf09,org/logicng/graphs/datastructures/HypergraphEdgeTest.java,39,3,5,21,0.08,3,3,1,0,0,0,0,2,0,0,0,0,0,0,0,1,0,0,0,3,0,0,False
4143,logic-ng/logicng,976c57f376630c30dbe7a73010cef0c9672caf09,org/logicng/graphs/datastructures/HypergraphNodeTest.java,16,1,1,6,0.19,3,1,1,0,0,0,0,0,0,0,0,0,0,0,0,0,0,0,0,1,0,0,False
4144,logic-ng/logicng,976c57f376630c30dbe7a73010cef0c9672caf09,org/logicng/graphs/generators/HypergraphGeneratorTest.java,83,3,8,26,0.28,23,3,2,0,0,0,0,3,0,0,0,0,0,0,0,2,0,0,0,3,0,0,False
4145,logic-ng/logicng,976c57f376630c30dbe7a73010cef0c9672caf09,org/logicng/graphs/io/GraphDimacsFileWriterTest.java,86,6,20,31,0.1,9,6,0,1,0,0,0,3,0,0,0,0,0,0,0,0,3,1,0,3,0,0,False
4146,logic-ng/logicng,976c57f376630c30dbe7a73010cef0c9672caf09,org/logicng/graphs/io/GraphDotFileWriterTest.java,72,5,15,24,0.07,5,5,0,1,0,0,0,3,0,0,0,0,0,0,0,0,3,1,0,3,0,0,False
4147,logic-ng/logicng,976c57f376630c30dbe7a73010cef0c9672caf09,org/logicng/io/parsers/PropositionalParserTest.java,164,29,56,67,0.39,64,29,9,0,0,0,0,27,0,0,0,0,1,0,0,0,0,0,0,29,0,0,False
4148,logic-ng/logicng,976c57f376630c30dbe7a73010cef0c9672caf09,org/logicng/io/parsers/PseudoBooleanParserTest.java,178,29,57,81,0.47,84,29,12,0,0,0,0,28,0,0,0,0,1,0,0,1,0,0,0,29,0,0,False
4149,logic-ng/logicng,976c57f376630c30dbe7a73010cef0c9672caf09,org/logicng/io/writers/FormulaDimacsFileWriterTest.java,58,6,16,20,0.09,5,6,0,0,0,0,0,4,0,0,0,0,0,0,0,0,4,1,0,4,0,0,False
4150,logic-ng/logicng,976c57f376630c30dbe7a73010cef0c9672caf09,org/logicng/io/writers/FormulaDotFileWriterTest.java,53,6,16,16,0.08,4,6,0,0,0,0,0,4,0,0,0,0,0,0,0,0,4,1,0,4,0,0,False
4151,logic-ng/logicng,976c57f376630c30dbe7a73010cef0c9672caf09,org/logicng/predicates/CNFPredicateTest.java,28,2,2,8,0.57,16,2,1,0,0,0,0,0,0,0,0,0,1,0,0,0,0,0,0,2,0,0,False
4152,logic-ng/logicng,976c57f376630c30dbe7a73010cef0c9672caf09,org/logicng/predicates/DNFPredicateTest.java,28,2,2,8,0.57,16,2,1,0,0,0,0,0,0,0,0,0,1,0,0,0,0,0,0,2,0,0,False
4153,logic-ng/logicng,976c57f376630c30dbe7a73010cef0c9672caf09,org/logicng/propositions/ExtendedPropositionTest.java,78,6,14,21,0.32,25,5,5,0,1,0,0,4,0,0,0,1,1,0,0,0,0,0,0,5,0,0,False
4154,logic-ng/logicng,976c57f376630c30dbe7a73010cef0c9672caf09,org/logicng/propositions/StandardPropositionTest.java,68,6,14,18,0.4,27,5,5,0,1,0,0,4,0,0,0,1,1,0,0,0,0,0,0,5,0,0,False
4155,logic-ng/logicng,976c57f376630c30dbe7a73010cef0c9672caf09,org/logicng/pseudobooleans/PBEncoderTest.java,121,9,15,60,0.14,17,8,3,5,1,0,0,0,0,0,0,0,2,0,0,0,1,1,0,7,0,0,False
4156,logic-ng/logicng,976c57f376630c30dbe7a73010cef0c9672caf09,org/logicng/solvers/sat/MiniSatTest.java,40,6,9,22,0.1,4,6,2,0,0,0,0,0,0,0,0,0,1,0,0,0,0,0,0,4,0,0,False
4157,logic-ng/logicng,976c57f376630c30dbe7a73010cef0c9672caf09,org/logicng/solvers/datastructures/LNGHeapTest.java,23,1,1,9,0.22,5,1,1,0,0,0,0,0,0,0,0,0,1,0,0,1,0,0,0,1,0,0,False
4158,logic-ng/logicng,976c57f376630c30dbe7a73010cef0c9672caf09,org/logicng/solvers/sat/GlucoseSyrupTest.java,33,6,10,9,0.03,1,6,0,0,0,0,0,0,0,0,0,0,1,0,0,0,0,0,0,3,0,0,False
4159,logic-ng/logicng,976c57f376630c30dbe7a73010cef0c9672caf09,org/logicng/solvers/sat/MiniCardTest.java,86,8,11,33,0.17,15,8,3,0,0,0,0,0,0,0,0,0,1,0,0,1,0,0,0,6,0,0,False
4160,logic-ng/logicng,976c57f376630c30dbe7a73010cef0c9672caf09,org/logicng/transformations/AnonymizerTest.java,60,4,12,16,0.55,33,4,4,0,0,0,0,4,0,0,0,0,0,0,0,1,0,0,0,4,0,0,False
4161,logic-ng/logicng,976c57f376630c30dbe7a73010cef0c9672caf09,org/logicng/transformations/DistributiveSimplifierTest.java,52,6,20,19,0.5,26,6,6,0,0,0,0,2,0,0,0,0,0,0,0,0,0,0,0,6,0,0,False
4162,logic-ng/logicng,976c57f376630c30dbe7a73010cef0c9672caf09,org/logicng/transformations/FormulaFactoryImporterTest.java,165,11,14,95,0.75,123,11,9,0,0,0,0,0,0,0,0,0,0,0,0,0,0,0,0,9,0,0,False
4163,logic-ng/logicng,976c57f376630c30dbe7a73010cef0c9672caf09,org/logicng/transformations/UnitPropagationTest.java,33,4,9,11,0.48,16,4,4,0,0,0,0,1,0,0,0,0,0,0,0,0,0,0,0,4,0,0,False
4164,logic-ng/logicng,976c57f376630c30dbe7a73010cef0c9672caf09,org/logicng/transformations/cnf/CNFEncoderTest.java,124,11,20,71,0.23,29,11,9,0,0,0,0,9,0,0,0,0,1,0,0,1,0,0,0,11,0,0,False
4165,logic-ng/logicng,976c57f376630c30dbe7a73010cef0c9672caf09,org/logicng/transformations/dnf/DNFFactorizationTest.java,89,10,26,29,0.47,42,8,7,0,0,0,0,5,0,0,0,0,1,0,0,1,0,0,0,8,0,0,False
4166,logic-ng/logicng,976c57f376630c30dbe7a73010cef0c9672caf09,org/logicng/transformations/qmc/TermTest.java,80,3,7,21,0.21,17,3,3,0,0,0,0,1,0,0,0,0,1,0,0,0,0,0,0,3,0,0,False
4167,logic-ng/logicng,976c57f376630c30dbe7a73010cef0c9672caf09,org/logicng/transformations/qmc/TermTableTest.java,47,4,7,18,0.26,12,4,2,0,0,0,0,0,0,0,0,0,1,0,0,1,0,0,0,3,0,0,False
4168,logic-ng/logicng,976c57f376630c30dbe7a73010cef0c9672caf09,org/logicng/util/ComparablePairTest.java,42,5,5,13,0.52,22,5,5,0,0,0,0,0,0,0,0,1,1,0,0,0,0,0,0,5,0,0,False
4169,logic-ng/logicng,976c57f376630c30dbe7a73010cef0c9672caf09,org/logicng/util/PairTest.java,36,4,4,10,0.5,18,4,4,0,0,0,0,0,0,0,0,1,1,0,0,0,0,0,0,4,0,0,False
4170,logic-ng/logicng,651ec94b0182fc342a55ace616e81e8525243813,org/logicng/collections/ImmutableFormulaListTest.java,15,1,3,3,0.13,2,1,1,0,0,0,0,0,0,0,0,1,0,0,0,0,0,0,0,1,0,0,False
4171,logic-ng/logicng,651ec94b0182fc342a55ace616e81e8525243813,org/logicng/collections/LNGBooleanVectorTest.java,148,11,23,68,0.41,60,11,9,9,0,0,0,0,0,0,0,0,1,0,0,4,0,0,0,11,0,0,False
4172,logic-ng/logicng,651ec94b0182fc342a55ace616e81e8525243813,org/logicng/collections/LNGByteVectorTest.java,165,12,26,76,0.35,58,12,10,11,0,0,0,0,0,0,0,0,1,0,0,4,0,0,0,12,0,0,False
4173,logic-ng/logicng,651ec94b0182fc342a55ace616e81e8525243813,org/logicng/collections/LNGDoublePriorityQueueTest.java,109,6,6,31,0.39,43,6,5,0,0,0,0,0,0,0,0,0,1,0,0,3,0,0,0,6,0,0,False
4174,logic-ng/logicng,651ec94b0182fc342a55ace616e81e8525243813,org/logicng/collections/LNGDoubleVectorTest.java,162,12,26,75,0.35,57,12,10,11,0,0,0,0,0,0,0,0,1,0,0,5,0,0,0,12,0,0,False
4175,logic-ng/logicng,651ec94b0182fc342a55ace616e81e8525243813,org/logicng/collections/LNGIntVectorTest.java,162,12,26,75,0.35,57,12,10,11,0,0,0,0,0,0,0,0,1,0,0,4,0,0,0,12,0,0,False
4176,logic-ng/logicng,651ec94b0182fc342a55ace616e81e8525243813,org/logicng/collections/LNGLongPriorityQueueTest.java,88,5,5,25,0.41,36,5,4,0,0,0,0,0,0,0,0,0,1,0,0,2,0,0,0,5,0,0,False
4177,logic-ng/logicng,651ec94b0182fc342a55ace616e81e8525243813,org/logicng/collections/LNGLongVectorTest.java,165,12,26,76,0.35,58,12,10,11,0,0,0,0,0,0,0,0,1,0,0,4,0,0,0,12,0,0,False
4178,logic-ng/logicng,651ec94b0182fc342a55ace616e81e8525243813,org/logicng/collections/LNGVectorTest.java,295,23,49,138,0.36,105,21,18,20,1,0,0,0,0,0,0,0,2,0,0,7,0,0,0,21,0,0,False
4179,logic-ng/logicng,651ec94b0182fc342a55ace616e81e8525243813,org/logicng/datastructures/AssignmentTest.java,149,14,17,68,0.45,67,14,13,0,0,0,0,1,0,0,0,2,2,0,0,3,0,0,0,14,0,0,False
4180,logic-ng/logicng,651ec94b0182fc342a55ace616e81e8525243813,org/logicng/formulas/SubstitutionTest.java,113,13,17,38,0.35,40,12,9,0,1,0,0,4,0,0,0,1,1,0,0,0,0,0,0,12,0,0,False
4181,logic-ng/logicng,651ec94b0182fc342a55ace616e81e8525243813,org/logicng/explanations/unsatcores/MUSConfigTest.java,12,1,1,9,0.17,2,1,1,0,0,0,0,0,0,0,0,0,1,0,0,0,0,0,0,1,0,0,False
4182,logic-ng/logicng,651ec94b0182fc342a55ace616e81e8525243813,org/logicng/explanations/unsatcores/MUSGenerationTest.java,102,7,19,29,0.06,6,6,0,0,1,0,0,2,0,0,0,0,1,0,0,0,2,1,0,3,0,0,False
4183,logic-ng/logicng,651ec94b0182fc342a55ace616e81e8525243813,org/logicng/explanations/unsatcores/UNSATCoreTest.java,53,5,7,13,0.28,15,4,4,0,1,0,0,0,0,0,0,2,1,0,0,0,0,0,0,4,0,0,False
4184,logic-ng/logicng,651ec94b0182fc342a55ace616e81e8525243813,org/logicng/formulas/AndTest.java,127,16,19,60,0.57,73,16,13,0,0,0,0,2,0,0,0,1,1,0,0,3,0,0,0,16,0,0,False
4185,logic-ng/logicng,651ec94b0182fc342a55ace616e81e8525243813,org/logicng/formulas/CFalseTest.java,52,14,16,36,0.33,17,14,0,0,0,0,0,1,0,0,0,0,1,0,0,0,0,0,0,14,0,0,False
4186,logic-ng/logicng,651ec94b0182fc342a55ace616e81e8525243813,org/logicng/formulas/CTrueTest.java,53,14,16,36,0.34,18,14,1,0,0,0,0,1,0,0,0,0,1,0,0,1,0,0,0,14,0,0,False
4187,logic-ng/logicng,651ec94b0182fc342a55ace616e81e8525243813,org/logicng/formulas/EquivalenceTest.java,113,16,18,50,0.57,64,16,15,0,0,0,0,1,0,0,0,1,1,0,0,4,0,0,0,16,0,0,False
4188,logic-ng/logicng,651ec94b0182fc342a55ace616e81e8525243813,org/logicng/formulas/ExtendedFormulaFactoryTest.java,113,7,14,46,0.12,14,7,2,0,0,0,0,0,0,0,0,0,0,0,0,2,0,1,0,5,0,0,False
4189,logic-ng/logicng,651ec94b0182fc342a55ace616e81e8525243813,org/logicng/formulas/FormulaTest.java,62,8,13,38,0.29,18,6,5,0,0,0,0,0,0,0,0,0,0,0,0,0,0,0,0,6,0,0,False
4190,logic-ng/logicng,651ec94b0182fc342a55ace616e81e8525243813,org/logicng/formulas/FormulaFactoryTest.java,98,6,8,40,0.29,28,6,3,1,0,0,0,1,0,0,0,0,1,0,0,1,0,0,0,6,0,0,False
4191,logic-ng/logicng,651ec94b0182fc342a55ace616e81e8525243813,org/logicng/formulas/ImplicationTest.java,109,17,19,50,0.52,57,17,15,0,0,0,0,1,0,0,0,1,1,0,0,4,0,0,0,17,0,0,False
4192,logic-ng/logicng,651ec94b0182fc342a55ace616e81e8525243813,org/logicng/formulas/LiteralTest.java,110,19,20,54,0.55,61,19,18,0,0,0,0,0,0,0,0,1,1,0,0,2,1,0,0,19,0,0,False
4193,logic-ng/logicng,651ec94b0182fc342a55ace616e81e8525243813,org/logicng/formulas/NotTest.java,91,15,17,46,0.52,47,15,14,0,0,0,0,1,0,0,0,1,1,0,0,3,0,0,0,15,0,0,False
4194,logic-ng/logicng,651ec94b0182fc342a55ace616e81e8525243813,org/logicng/formulas/OrTest.java,123,15,18,55,0.59,72,15,13,0,0,0,0,2,0,0,0,1,1,0,0,3,0,0,0,15,0,0,False
4195,logic-ng/logicng,651ec94b0182fc342a55ace616e81e8525243813,org/logicng/formulas/PBConstraintTest.java,468,30,34,153,0.53,247,29,26,0,1,0,0,1,0,0,0,2,5,0,0,3,0,0,0,29,0,0,False
4196,logic-ng/logicng,651ec94b0182fc342a55ace616e81e8525243813,org/logicng/formulas/printer/DefaultStringRepresentationTest.java,33,2,2,7,0.64,21,2,1,0,0,0,0,0,0,0,0,0,1,0,0,0,0,0,0,2,0,0,False
4197,logic-ng/logicng,651ec94b0182fc342a55ace616e81e8525243813,org/logicng/formulas/printer/LatexStringRepresentationTest.java,35,2,2,9,0.63,22,2,2,0,0,0,0,0,0,0,0,0,1,0,0,0,0,0,0,2,0,0,False
4198,logic-ng/logicng,651ec94b0182fc342a55ace616e81e8525243813,org/logicng/formulas/printer/UTF8StringRepresentationTest.java,35,2,2,9,0.63,22,2,2,0,0,0,0,0,0,0,0,0,1,0,0,0,0,0,0,2,0,0,False
4199,logic-ng/logicng,651ec94b0182fc342a55ace616e81e8525243813,org/logicng/graphs/algorithms/BronKerboschTest.java,44,1,4,13,0.16,7,1,1,1,0,0,0,1,0,0,0,0,0,0,0,0,0,0,0,1,0,0,False
4200,logic-ng/logicng,651ec94b0182fc342a55ace616e81e8525243813,org/logicng/graphs/datastructures/GraphTest.java,65,4,7,37,0.2,13,4,2,0,0,0,0,0,0,0,0,0,1,0,0,0,0,0,0,3,0,0,False
4201,logic-ng/logicng,651ec94b0182fc342a55ace616e81e8525243813,org/logicng/graphs/io/GraphDimacsFileWriterTest.java,86,6,20,31,0.1,9,6,0,1,0,0,0,3,0,0,0,0,0,0,0,0,3,1,0,3,0,0,False
4202,logic-ng/logicng,651ec94b0182fc342a55ace616e81e8525243813,org/logicng/graphs/io/GraphDotFileWriterTest.java,72,5,15,24,0.07,5,5,0,1,0,0,0,3,0,0,0,0,0,0,0,0,3,1,0,3,0,0,False
4203,logic-ng/logicng,651ec94b0182fc342a55ace616e81e8525243813,org/logicng/io/parsers/PropositionalParserTest.java,138,24,47,51,0.43,59,24,7,0,0,0,0,23,0,0,0,0,1,0,0,0,0,0,0,24,0,0,False
4204,logic-ng/logicng,651ec94b0182fc342a55ace616e81e8525243813,org/logicng/io/parsers/PseudoBooleanParserTest.java,176,30,59,76,0.45,80,30,11,0,0,0,0,29,0,0,0,0,1,0,0,1,0,0,0,30,0,0,False
4205,logic-ng/logicng,651ec94b0182fc342a55ace616e81e8525243813,org/logicng/io/writers/FormulaDimacsFileWriterTest.java,58,6,16,20,0.09,5,6,0,0,0,0,0,4,0,0,0,0,0,0,0,0,4,1,0,4,0,0,False
4206,logic-ng/logicng,651ec94b0182fc342a55ace616e81e8525243813,org/logicng/io/writers/FormulaDotFileWriterTest.java,53,6,16,16,0.08,4,6,0,0,0,0,0,4,0,0,0,0,0,0,0,0,4,1,0,4,0,0,False
4207,logic-ng/logicng,651ec94b0182fc342a55ace616e81e8525243813,org/logicng/predicates/CNFPredicateTest.java,28,2,2,8,0.57,16,2,1,0,0,0,0,0,0,0,0,0,1,0,0,0,0,0,0,2,0,0,False
4208,logic-ng/logicng,651ec94b0182fc342a55ace616e81e8525243813,org/logicng/predicates/DNFPredicateTest.java,28,2,2,8,0.57,16,2,1,0,0,0,0,0,0,0,0,0,1,0,0,0,0,0,0,2,0,0,False
4209,logic-ng/logicng,651ec94b0182fc342a55ace616e81e8525243813,org/logicng/propositions/ExtendedPropositionTest.java,78,6,14,21,0.32,25,5,5,0,1,0,0,4,0,0,0,1,1,0,0,0,0,0,0,5,0,0,False
4210,logic-ng/logicng,651ec94b0182fc342a55ace616e81e8525243813,org/logicng/propositions/StandardPropositionTest.java,68,6,14,18,0.4,27,5,5,0,1,0,0,4,0,0,0,1,1,0,0,0,0,0,0,5,0,0,False
4211,logic-ng/logicng,651ec94b0182fc342a55ace616e81e8525243813,org/logicng/pseudobooleans/PBEncoderTest.java,121,9,15,60,0.14,17,8,3,5,1,0,0,0,0,0,0,0,2,0,0,0,1,1,0,7,0,0,False
4212,logic-ng/logicng,651ec94b0182fc342a55ace616e81e8525243813,org/logicng/solvers/sat/MiniSatTest.java,40,6,9,22,0.1,4,6,2,0,0,0,0,0,0,0,0,0,1,0,0,0,0,0,0,4,0,0,False
4213,logic-ng/logicng,651ec94b0182fc342a55ace616e81e8525243813,org/logicng/solvers/datastructures/LNGHeapTest.java,23,1,1,9,0.22,5,1,1,0,0,0,0,0,0,0,0,0,1,0,0,1,0,0,0,1,0,0,False
4214,logic-ng/logicng,651ec94b0182fc342a55ace616e81e8525243813,org/logicng/solvers/sat/GlucoseSyrupTest.java,33,6,10,9,0.03,1,6,0,0,0,0,0,0,0,0,0,0,1,0,0,0,0,0,0,3,0,0,False
4215,logic-ng/logicng,651ec94b0182fc342a55ace616e81e8525243813,org/logicng/solvers/sat/MiniCardTest.java,86,8,11,33,0.17,15,8,3,0,0,0,0,0,0,0,0,0,1,0,0,1,0,0,0,6,0,0,False
4216,logic-ng/logicng,651ec94b0182fc342a55ace616e81e8525243813,org/logicng/transformations/DistributiveSimplifierTest.java,52,6,20,19,0.5,26,6,6,0,0,0,0,2,0,0,0,0,0,0,0,0,0,0,0,6,0,0,False
4217,logic-ng/logicng,651ec94b0182fc342a55ace616e81e8525243813,org/logicng/transformations/FormulaFactoryImporterTest.java,165,11,14,95,0.75,123,11,9,0,0,0,0,0,0,0,0,0,0,0,0,0,0,0,0,9,0,0,False
4218,logic-ng/logicng,651ec94b0182fc342a55ace616e81e8525243813,org/logicng/transformations/UnitPropagationTest.java,33,4,9,11,0.48,16,4,4,0,0,0,0,1,0,0,0,0,0,0,0,0,0,0,0,4,0,0,False
4219,logic-ng/logicng,651ec94b0182fc342a55ace616e81e8525243813,org/logicng/transformations/cnf/CNFEncoderTest.java,124,11,20,71,0.23,29,11,9,0,0,0,0,9,0,0,0,0,1,0,0,1,0,0,0,11,0,0,False
4220,logic-ng/logicng,651ec94b0182fc342a55ace616e81e8525243813,org/logicng/util/ComparablePairTest.java,42,5,5,13,0.52,22,5,5,0,0,0,0,0,0,0,0,1,1,0,0,0,0,0,0,5,0,0,False
4221,logic-ng/logicng,651ec94b0182fc342a55ace616e81e8525243813,org/logicng/util/PairTest.java,36,4,4,10,0.5,18,4,4,0,0,0,0,0,0,0,0,1,1,0,0,0,0,0,0,4,0,0,False
4222,logic-ng/logicng,056a86aaa5548661940b9395030c3ffb448b11e5,org/logicng/collections/ImmutableFormulaListTest.java,15,1,3,3,0.13,2,1,1,0,0,0,0,0,0,0,0,1,0,0,0,0,0,0,0,1,0,0,False
4223,logic-ng/logicng,056a86aaa5548661940b9395030c3ffb448b11e5,org/logicng/collections/LNGBooleanVectorTest.java,148,11,23,68,0.41,60,11,9,9,0,0,0,0,0,0,0,0,1,0,0,4,0,0,0,11,0,0,False
4224,logic-ng/logicng,056a86aaa5548661940b9395030c3ffb448b11e5,org/logicng/collections/LNGByteVectorTest.java,165,12,26,76,0.35,58,12,10,11,0,0,0,0,0,0,0,0,1,0,0,4,0,0,0,12,0,0,False
4225,logic-ng/logicng,056a86aaa5548661940b9395030c3ffb448b11e5,org/logicng/collections/LNGDoublePriorityQueueTest.java,109,6,6,31,0.39,43,6,5,0,0,0,0,0,0,0,0,0,1,0,0,3,0,0,0,6,0,0,False
4226,logic-ng/logicng,056a86aaa5548661940b9395030c3ffb448b11e5,org/logicng/collections/LNGDoubleVectorTest.java,162,12,26,75,0.35,57,12,10,11,0,0,0,0,0,0,0,0,1,0,0,5,0,0,0,12,0,0,False
4227,logic-ng/logicng,056a86aaa5548661940b9395030c3ffb448b11e5,org/logicng/collections/LNGIntVectorTest.java,162,12,26,75,0.35,57,12,10,11,0,0,0,0,0,0,0,0,1,0,0,4,0,0,0,12,0,0,False
4228,logic-ng/logicng,056a86aaa5548661940b9395030c3ffb448b11e5,org/logicng/collections/LNGLongPriorityQueueTest.java,88,5,5,25,0.41,36,5,4,0,0,0,0,0,0,0,0,0,1,0,0,2,0,0,0,5,0,0,False
4229,logic-ng/logicng,056a86aaa5548661940b9395030c3ffb448b11e5,org/logicng/collections/LNGLongVectorTest.java,165,12,26,76,0.35,58,12,10,11,0,0,0,0,0,0,0,0,1,0,0,4,0,0,0,12,0,0,False
4230,logic-ng/logicng,056a86aaa5548661940b9395030c3ffb448b11e5,org/logicng/collections/LNGVectorTest.java,295,23,49,138,0.36,105,21,18,20,1,0,0,0,0,0,0,0,2,0,0,7,0,0,0,21,0,0,False
4231,logic-ng/logicng,056a86aaa5548661940b9395030c3ffb448b11e5,org/logicng/datastructures/AssignmentTest.java,149,14,17,68,0.45,67,14,13,0,0,0,0,1,0,0,0,2,2,0,0,3,0,0,0,14,0,0,False
4232,logic-ng/logicng,056a86aaa5548661940b9395030c3ffb448b11e5,org/logicng/formulas/SubstitutionTest.java,113,13,17,38,0.35,40,12,9,0,1,0,0,4,0,0,0,1,1,0,0,0,0,0,0,12,0,0,False
4233,logic-ng/logicng,056a86aaa5548661940b9395030c3ffb448b11e5,org/logicng/explanations/unsatcores/MUSConfigTest.java,12,1,1,9,0.17,2,1,1,0,0,0,0,0,0,0,0,0,1,0,0,0,0,0,0,1,0,0,False
4234,logic-ng/logicng,056a86aaa5548661940b9395030c3ffb448b11e5,org/logicng/explanations/unsatcores/MUSGenerationTest.java,102,7,19,29,0.06,6,6,0,0,1,0,0,2,0,0,0,0,1,0,0,0,2,1,0,3,0,0,False
4235,logic-ng/logicng,056a86aaa5548661940b9395030c3ffb448b11e5,org/logicng/explanations/unsatcores/UNSATCoreTest.java,53,5,7,13,0.28,15,4,4,0,1,0,0,0,0,0,0,2,1,0,0,0,0,0,0,4,0,0,False
4236,logic-ng/logicng,056a86aaa5548661940b9395030c3ffb448b11e5,org/logicng/formulas/AndTest.java,127,16,19,60,0.57,73,16,13,0,0,0,0,2,0,0,0,1,1,0,0,3,0,0,0,16,0,0,False
4237,logic-ng/logicng,056a86aaa5548661940b9395030c3ffb448b11e5,org/logicng/formulas/CFalseTest.java,52,14,16,36,0.33,17,14,0,0,0,0,0,1,0,0,0,0,1,0,0,0,0,0,0,14,0,0,False
4238,logic-ng/logicng,056a86aaa5548661940b9395030c3ffb448b11e5,org/logicng/formulas/CTrueTest.java,53,14,16,36,0.34,18,14,1,0,0,0,0,1,0,0,0,0,1,0,0,1,0,0,0,14,0,0,False
4239,logic-ng/logicng,056a86aaa5548661940b9395030c3ffb448b11e5,org/logicng/formulas/EquivalenceTest.java,113,16,18,50,0.57,64,16,15,0,0,0,0,1,0,0,0,1,1,0,0,4,0,0,0,16,0,0,False
4240,logic-ng/logicng,056a86aaa5548661940b9395030c3ffb448b11e5,org/logicng/formulas/ExtendedFormulaFactoryTest.java,113,7,14,46,0.12,14,7,2,0,0,0,0,0,0,0,0,0,0,0,0,2,0,1,0,5,0,0,False
4241,logic-ng/logicng,056a86aaa5548661940b9395030c3ffb448b11e5,org/logicng/formulas/FormulaTest.java,62,8,13,38,0.29,18,6,5,0,0,0,0,0,0,0,0,0,0,0,0,0,0,0,0,6,0,0,False
4242,logic-ng/logicng,056a86aaa5548661940b9395030c3ffb448b11e5,org/logicng/formulas/FormulaFactoryTest.java,80,5,5,31,0.28,22,5,2,0,0,0,0,0,0,0,0,0,1,0,0,1,0,0,0,5,0,0,False
4243,logic-ng/logicng,056a86aaa5548661940b9395030c3ffb448b11e5,org/logicng/formulas/ImplicationTest.java,109,17,19,50,0.52,57,17,15,0,0,0,0,1,0,0,0,1,1,0,0,4,0,0,0,17,0,0,False
4244,logic-ng/logicng,056a86aaa5548661940b9395030c3ffb448b11e5,org/logicng/formulas/LiteralTest.java,110,19,20,54,0.55,61,19,18,0,0,0,0,0,0,0,0,1,1,0,0,2,1,0,0,19,0,0,False
4245,logic-ng/logicng,056a86aaa5548661940b9395030c3ffb448b11e5,org/logicng/formulas/NotTest.java,91,15,17,46,0.52,47,15,14,0,0,0,0,1,0,0,0,1,1,0,0,3,0,0,0,15,0,0,False
4246,logic-ng/logicng,056a86aaa5548661940b9395030c3ffb448b11e5,org/logicng/formulas/OrTest.java,123,15,18,55,0.59,72,15,13,0,0,0,0,2,0,0,0,1,1,0,0,3,0,0,0,15,0,0,False
4247,logic-ng/logicng,056a86aaa5548661940b9395030c3ffb448b11e5,org/logicng/formulas/PBConstraintTest.java,468,30,34,153,0.53,247,29,26,0,1,0,0,1,0,0,0,2,5,0,0,3,0,0,0,29,0,0,False
4248,logic-ng/logicng,056a86aaa5548661940b9395030c3ffb448b11e5,org/logicng/formulas/printer/DefaultStringRepresentationTest.java,33,2,2,7,0.64,21,2,1,0,0,0,0,0,0,0,0,0,1,0,0,0,0,0,0,2,0,0,False
4249,logic-ng/logicng,056a86aaa5548661940b9395030c3ffb448b11e5,org/logicng/formulas/printer/LatexStringRepresentationTest.java,35,2,2,9,0.63,22,2,2,0,0,0,0,0,0,0,0,0,1,0,0,0,0,0,0,2,0,0,False
4250,logic-ng/logicng,056a86aaa5548661940b9395030c3ffb448b11e5,org/logicng/formulas/printer/UTF8StringRepresentationTest.java,35,2,2,9,0.63,22,2,2,0,0,0,0,0,0,0,0,0,1,0,0,0,0,0,0,2,0,0,False
4251,logic-ng/logicng,056a86aaa5548661940b9395030c3ffb448b11e5,org/logicng/graphs/algorithms/BronKerboschTest.java,44,1,4,13,0.16,7,1,1,1,0,0,0,1,0,0,0,0,0,0,0,0,0,0,0,1,0,0,False
4252,logic-ng/logicng,056a86aaa5548661940b9395030c3ffb448b11e5,org/logicng/graphs/datastructures/GraphTest.java,65,4,7,37,0.2,13,4,2,0,0,0,0,0,0,0,0,0,1,0,0,0,0,0,0,3,0,0,False
4253,logic-ng/logicng,056a86aaa5548661940b9395030c3ffb448b11e5,org/logicng/graphs/io/GraphDimacsFileWriterTest.java,86,6,20,31,0.1,9,6,0,1,0,0,0,3,0,0,0,0,0,0,0,0,3,1,0,3,0,0,False
4254,logic-ng/logicng,056a86aaa5548661940b9395030c3ffb448b11e5,org/logicng/graphs/io/GraphDotFileWriterTest.java,72,5,15,24,0.07,5,5,0,1,0,0,0,3,0,0,0,0,0,0,0,0,3,1,0,3,0,0,False
4255,logic-ng/logicng,056a86aaa5548661940b9395030c3ffb448b11e5,org/logicng/io/parsers/PropositionalParserTest.java,138,24,47,51,0.43,59,24,7,0,0,0,0,23,0,0,0,0,1,0,0,0,0,0,0,24,0,0,False
4256,logic-ng/logicng,056a86aaa5548661940b9395030c3ffb448b11e5,org/logicng/io/parsers/PseudoBooleanParserTest.java,176,30,59,76,0.45,80,30,11,0,0,0,0,29,0,0,0,0,1,0,0,1,0,0,0,30,0,0,False
4257,logic-ng/logicng,056a86aaa5548661940b9395030c3ffb448b11e5,org/logicng/io/writers/FormulaDimacsFileWriterTest.java,58,6,16,20,0.09,5,6,0,0,0,0,0,4,0,0,0,0,0,0,0,0,4,1,0,4,0,0,False
4258,logic-ng/logicng,056a86aaa5548661940b9395030c3ffb448b11e5,org/logicng/io/writers/FormulaDotFileWriterTest.java,53,6,16,16,0.08,4,6,0,0,0,0,0,4,0,0,0,0,0,0,0,0,4,1,0,4,0,0,False
4259,logic-ng/logicng,056a86aaa5548661940b9395030c3ffb448b11e5,org/logicng/predicates/CNFPredicateTest.java,28,2,2,8,0.57,16,2,1,0,0,0,0,0,0,0,0,0,1,0,0,0,0,0,0,2,0,0,False
4260,logic-ng/logicng,056a86aaa5548661940b9395030c3ffb448b11e5,org/logicng/predicates/DNFPredicateTest.java,28,2,2,8,0.57,16,2,1,0,0,0,0,0,0,0,0,0,1,0,0,0,0,0,0,2,0,0,False
4261,logic-ng/logicng,056a86aaa5548661940b9395030c3ffb448b11e5,org/logicng/propositions/ExtendedPropositionTest.java,78,6,14,21,0.32,25,5,5,0,1,0,0,4,0,0,0,1,1,0,0,0,0,0,0,5,0,0,False
4262,logic-ng/logicng,056a86aaa5548661940b9395030c3ffb448b11e5,org/logicng/propositions/StandardPropositionTest.java,68,6,14,18,0.4,27,5,5,0,1,0,0,4,0,0,0,1,1,0,0,0,0,0,0,5,0,0,False
4263,logic-ng/logicng,056a86aaa5548661940b9395030c3ffb448b11e5,org/logicng/pseudobooleans/PBEncoderTest.java,121,9,15,60,0.14,17,8,3,5,1,0,0,0,0,0,0,0,2,0,0,0,1,1,0,7,0,0,False
4264,logic-ng/logicng,056a86aaa5548661940b9395030c3ffb448b11e5,org/logicng/solvers/sat/MiniSatTest.java,40,6,9,22,0.1,4,6,2,0,0,0,0,0,0,0,0,0,1,0,0,0,0,0,0,4,0,0,False
4265,logic-ng/logicng,056a86aaa5548661940b9395030c3ffb448b11e5,org/logicng/solvers/datastructures/LNGHeapTest.java,23,1,1,9,0.22,5,1,1,0,0,0,0,0,0,0,0,0,1,0,0,1,0,0,0,1,0,0,False
4266,logic-ng/logicng,056a86aaa5548661940b9395030c3ffb448b11e5,org/logicng/solvers/sat/GlucoseSyrupTest.java,33,6,10,9,0.03,1,6,0,0,0,0,0,0,0,0,0,0,1,0,0,0,0,0,0,3,0,0,False
4267,logic-ng/logicng,056a86aaa5548661940b9395030c3ffb448b11e5,org/logicng/solvers/sat/MiniCardTest.java,86,8,11,33,0.17,15,8,3,0,0,0,0,0,0,0,0,0,1,0,0,1,0,0,0,6,0,0,False
4268,logic-ng/logicng,056a86aaa5548661940b9395030c3ffb448b11e5,org/logicng/transformations/DistributiveSimplifierTest.java,52,6,20,19,0.5,26,6,6,0,0,0,0,2,0,0,0,0,0,0,0,0,0,0,0,6,0,0,False
4269,logic-ng/logicng,056a86aaa5548661940b9395030c3ffb448b11e5,org/logicng/transformations/UnitPropagationTest.java,33,4,9,11,0.48,16,4,4,0,0,0,0,1,0,0,0,0,0,0,0,0,0,0,0,4,0,0,False
4270,logic-ng/logicng,056a86aaa5548661940b9395030c3ffb448b11e5,org/logicng/transformations/cnf/CNFEncoderTest.java,124,11,20,71,0.23,29,11,9,0,0,0,0,9,0,0,0,0,1,0,0,1,0,0,0,11,0,0,False
4271,logic-ng/logicng,056a86aaa5548661940b9395030c3ffb448b11e5,org/logicng/util/ComparablePairTest.java,42,5,5,13,0.52,22,5,5,0,0,0,0,0,0,0,0,1,1,0,0,0,0,0,0,5,0,0,False
4272,logic-ng/logicng,056a86aaa5548661940b9395030c3ffb448b11e5,org/logicng/util/PairTest.java,36,4,4,10,0.5,18,4,4,0,0,0,0,0,0,0,0,1,1,0,0,0,0,0,0,4,0,0,False
4273,logic-ng/logicng,295ff7d0dd0b49218404b1ca804263dbcd16b873,org/logicng/collections/ImmutableFormulaListTest.java,15,1,3,3,0.13,2,1,1,0,0,0,0,0,0,0,0,1,0,0,0,0,0,0,0,1,0,0,False
4274,logic-ng/logicng,295ff7d0dd0b49218404b1ca804263dbcd16b873,org/logicng/collections/LNGBooleanVectorTest.java,148,11,23,68,0.41,60,11,9,9,0,0,0,0,0,0,0,0,1,0,0,4,0,0,0,11,0,0,False
4275,logic-ng/logicng,295ff7d0dd0b49218404b1ca804263dbcd16b873,org/logicng/collections/LNGByteVectorTest.java,165,12,26,76,0.35,58,12,10,11,0,0,0,0,0,0,0,0,1,0,0,4,0,0,0,12,0,0,False
4276,logic-ng/logicng,295ff7d0dd0b49218404b1ca804263dbcd16b873,org/logicng/collections/LNGDoublePriorityQueueTest.java,109,6,6,31,0.39,43,6,5,0,0,0,0,0,0,0,0,0,1,0,0,3,0,0,0,6,0,0,False
4277,logic-ng/logicng,295ff7d0dd0b49218404b1ca804263dbcd16b873,org/logicng/collections/LNGDoubleVectorTest.java,162,12,26,75,0.35,57,12,10,11,0,0,0,0,0,0,0,0,1,0,0,5,0,0,0,12,0,0,False
4278,logic-ng/logicng,295ff7d0dd0b49218404b1ca804263dbcd16b873,org/logicng/collections/LNGIntVectorTest.java,162,12,26,75,0.35,57,12,10,11,0,0,0,0,0,0,0,0,1,0,0,4,0,0,0,12,0,0,False
4279,logic-ng/logicng,295ff7d0dd0b49218404b1ca804263dbcd16b873,org/logicng/collections/LNGLongPriorityQueueTest.java,88,5,5,25,0.41,36,5,4,0,0,0,0,0,0,0,0,0,1,0,0,2,0,0,0,5,0,0,False
4280,logic-ng/logicng,295ff7d0dd0b49218404b1ca804263dbcd16b873,org/logicng/collections/LNGLongVectorTest.java,165,12,26,76,0.35,58,12,10,11,0,0,0,0,0,0,0,0,1,0,0,4,0,0,0,12,0,0,False
4281,logic-ng/logicng,295ff7d0dd0b49218404b1ca804263dbcd16b873,org/logicng/collections/LNGVectorTest.java,295,23,49,138,0.36,105,21,18,20,1,0,0,0,0,0,0,0,2,0,0,7,0,0,0,21,0,0,False
4282,logic-ng/logicng,295ff7d0dd0b49218404b1ca804263dbcd16b873,org/logicng/datastructures/AssignmentTest.java,149,14,17,68,0.45,67,14,13,0,0,0,0,1,0,0,0,2,2,0,0,3,0,0,0,14,0,0,False
4283,logic-ng/logicng,295ff7d0dd0b49218404b1ca804263dbcd16b873,org/logicng/formulas/SubstitutionTest.java,113,13,17,38,0.35,40,12,9,0,1,0,0,4,0,0,0,1,1,0,0,0,0,0,0,12,0,0,False
4284,logic-ng/logicng,295ff7d0dd0b49218404b1ca804263dbcd16b873,org/logicng/explanations/unsatcores/MUSConfigTest.java,12,1,1,9,0.17,2,1,1,0,0,0,0,0,0,0,0,0,1,0,0,0,0,0,0,1,0,0,False
4285,logic-ng/logicng,295ff7d0dd0b49218404b1ca804263dbcd16b873,org/logicng/explanations/unsatcores/MUSGenerationTest.java,102,7,19,29,0.06,6,6,0,0,1,0,0,2,0,0,0,0,1,0,0,0,2,1,0,3,0,0,False
4286,logic-ng/logicng,295ff7d0dd0b49218404b1ca804263dbcd16b873,org/logicng/explanations/unsatcores/UNSATCoreTest.java,53,5,7,13,0.28,15,4,4,0,1,0,0,0,0,0,0,2,1,0,0,0,0,0,0,4,0,0,False
4287,logic-ng/logicng,295ff7d0dd0b49218404b1ca804263dbcd16b873,org/logicng/formulas/AndTest.java,127,16,19,60,0.57,73,16,13,0,0,0,0,2,0,0,0,1,1,0,0,3,0,0,0,16,0,0,False
4288,logic-ng/logicng,295ff7d0dd0b49218404b1ca804263dbcd16b873,org/logicng/formulas/CFalseTest.java,52,14,16,36,0.33,17,14,0,0,0,0,0,1,0,0,0,0,1,0,0,0,0,0,0,14,0,0,False
4289,logic-ng/logicng,295ff7d0dd0b49218404b1ca804263dbcd16b873,org/logicng/formulas/CTrueTest.java,53,14,16,36,0.34,18,14,1,0,0,0,0,1,0,0,0,0,1,0,0,1,0,0,0,14,0,0,False
4290,logic-ng/logicng,295ff7d0dd0b49218404b1ca804263dbcd16b873,org/logicng/formulas/EquivalenceTest.java,113,16,18,50,0.57,64,16,15,0,0,0,0,1,0,0,0,1,1,0,0,4,0,0,0,16,0,0,False
4291,logic-ng/logicng,295ff7d0dd0b49218404b1ca804263dbcd16b873,org/logicng/formulas/ExtendedFormulaFactoryTest.java,112,7,14,45,0.12,13,7,2,0,0,0,0,0,0,0,0,0,0,0,0,2,0,1,0,5,0,0,False
4292,logic-ng/logicng,295ff7d0dd0b49218404b1ca804263dbcd16b873,org/logicng/formulas/FormulaTest.java,60,8,13,38,0.3,18,6,5,0,0,0,0,0,0,0,0,0,0,0,0,0,0,0,0,6,0,0,False
4293,logic-ng/logicng,295ff7d0dd0b49218404b1ca804263dbcd16b873,org/logicng/formulas/FormulaFactoryTest.java,80,5,5,31,0.28,22,5,2,0,0,0,0,0,0,0,0,0,1,0,0,1,0,0,0,5,0,0,False
4294,logic-ng/logicng,295ff7d0dd0b49218404b1ca804263dbcd16b873,org/logicng/formulas/ImplicationTest.java,109,17,19,50,0.52,57,17,15,0,0,0,0,1,0,0,0,1,1,0,0,4,0,0,0,17,0,0,False
4295,logic-ng/logicng,295ff7d0dd0b49218404b1ca804263dbcd16b873,org/logicng/formulas/LiteralTest.java,110,19,20,54,0.55,61,19,18,0,0,0,0,0,0,0,0,1,1,0,0,2,1,0,0,19,0,0,False
4296,logic-ng/logicng,295ff7d0dd0b49218404b1ca804263dbcd16b873,org/logicng/formulas/NotTest.java,91,15,17,46,0.52,47,15,14,0,0,0,0,1,0,0,0,1,1,0,0,3,0,0,0,15,0,0,False
4297,logic-ng/logicng,295ff7d0dd0b49218404b1ca804263dbcd16b873,org/logicng/formulas/OrTest.java,123,15,18,55,0.59,72,15,13,0,0,0,0,2,0,0,0,1,1,0,0,3,0,0,0,15,0,0,False
4298,logic-ng/logicng,295ff7d0dd0b49218404b1ca804263dbcd16b873,org/logicng/formulas/PBConstraintTest.java,417,27,30,142,0.48,202,26,23,0,1,0,0,1,0,0,0,2,4,0,0,3,0,0,0,26,0,0,False
4299,logic-ng/logicng,295ff7d0dd0b49218404b1ca804263dbcd16b873,org/logicng/formulas/printer/DefaultStringRepresentationTest.java,33,2,2,7,0.64,21,2,1,0,0,0,0,0,0,0,0,0,1,0,0,0,0,0,0,2,0,0,False
4300,logic-ng/logicng,295ff7d0dd0b49218404b1ca804263dbcd16b873,org/logicng/formulas/printer/LatexStringRepresentationTest.java,35,2,2,9,0.63,22,2,2,0,0,0,0,0,0,0,0,0,1,0,0,0,0,0,0,2,0,0,False
4301,logic-ng/logicng,295ff7d0dd0b49218404b1ca804263dbcd16b873,org/logicng/formulas/printer/UTF8StringRepresentationTest.java,35,2,2,9,0.63,22,2,2,0,0,0,0,0,0,0,0,0,1,0,0,0,0,0,0,2,0,0,False
4302,logic-ng/logicng,295ff7d0dd0b49218404b1ca804263dbcd16b873,org/logicng/graphs/algorithms/BronKerboschTest.java,44,1,4,13,0.16,7,1,1,1,0,0,0,1,0,0,0,0,0,0,0,0,0,0,0,1,0,0,False
4303,logic-ng/logicng,295ff7d0dd0b49218404b1ca804263dbcd16b873,org/logicng/graphs/datastructures/GraphTest.java,65,4,7,37,0.2,13,4,2,0,0,0,0,0,0,0,0,0,1,0,0,0,0,0,0,3,0,0,False
4304,logic-ng/logicng,295ff7d0dd0b49218404b1ca804263dbcd16b873,org/logicng/graphs/io/GraphDimacsFileWriterTest.java,86,6,20,31,0.1,9,6,0,1,0,0,0,3,0,0,0,0,0,0,0,0,3,1,0,3,0,0,False
4305,logic-ng/logicng,295ff7d0dd0b49218404b1ca804263dbcd16b873,org/logicng/graphs/io/GraphDotFileWriterTest.java,72,5,15,24,0.07,5,5,0,1,0,0,0,3,0,0,0,0,0,0,0,0,3,1,0,3,0,0,False
4306,logic-ng/logicng,295ff7d0dd0b49218404b1ca804263dbcd16b873,org/logicng/io/parsers/PropositionalParserTest.java,138,24,47,51,0.43,59,24,7,0,0,0,0,23,0,0,0,0,1,0,0,0,0,0,0,24,0,0,False
4307,logic-ng/logicng,295ff7d0dd0b49218404b1ca804263dbcd16b873,org/logicng/io/parsers/PseudoBooleanParserTest.java,176,30,59,76,0.45,80,30,11,0,0,0,0,29,0,0,0,0,1,0,0,1,0,0,0,30,0,0,False
4308,logic-ng/logicng,295ff7d0dd0b49218404b1ca804263dbcd16b873,org/logicng/io/writers/FormulaDimacsFileWriterTest.java,58,6,16,20,0.09,5,6,0,0,0,0,0,4,0,0,0,0,0,0,0,0,4,1,0,4,0,0,False
4309,logic-ng/logicng,295ff7d0dd0b49218404b1ca804263dbcd16b873,org/logicng/io/writers/FormulaDotFileWriterTest.java,53,6,16,16,0.08,4,6,0,0,0,0,0,4,0,0,0,0,0,0,0,0,4,1,0,4,0,0,False
4310,logic-ng/logicng,295ff7d0dd0b49218404b1ca804263dbcd16b873,org/logicng/predicates/CNFPredicateTest.java,28,2,2,8,0.57,16,2,1,0,0,0,0,0,0,0,0,0,1,0,0,0,0,0,0,2,0,0,False
4311,logic-ng/logicng,295ff7d0dd0b49218404b1ca804263dbcd16b873,org/logicng/predicates/DNFPredicateTest.java,28,2,2,8,0.57,16,2,1,0,0,0,0,0,0,0,0,0,1,0,0,0,0,0,0,2,0,0,False
4312,logic-ng/logicng,295ff7d0dd0b49218404b1ca804263dbcd16b873,org/logicng/propositions/ExtendedPropositionTest.java,78,6,14,21,0.32,25,5,5,0,1,0,0,4,0,0,0,1,1,0,0,0,0,0,0,5,0,0,False
4313,logic-ng/logicng,295ff7d0dd0b49218404b1ca804263dbcd16b873,org/logicng/propositions/StandardPropositionTest.java,68,6,14,18,0.4,27,5,5,0,1,0,0,4,0,0,0,1,1,0,0,0,0,0,0,5,0,0,False
4314,logic-ng/logicng,295ff7d0dd0b49218404b1ca804263dbcd16b873,org/logicng/pseudobooleans/PBEncoderTest.java,121,9,15,60,0.14,17,8,3,5,1,0,0,0,0,0,0,0,2,0,0,0,1,1,0,7,0,0,False
4315,logic-ng/logicng,295ff7d0dd0b49218404b1ca804263dbcd16b873,org/logicng/solvers/sat/MiniSatTest.java,40,6,9,22,0.1,4,6,2,0,0,0,0,0,0,0,0,0,1,0,0,0,0,0,0,4,0,0,False
4316,logic-ng/logicng,295ff7d0dd0b49218404b1ca804263dbcd16b873,org/logicng/solvers/datastructures/LNGHeapTest.java,23,1,1,9,0.22,5,1,1,0,0,0,0,0,0,0,0,0,1,0,0,1,0,0,0,1,0,0,False
4317,logic-ng/logicng,295ff7d0dd0b49218404b1ca804263dbcd16b873,org/logicng/solvers/sat/GlucoseSyrupTest.java,33,6,10,9,0.03,1,6,0,0,0,0,0,0,0,0,0,0,1,0,0,0,0,0,0,3,0,0,False
4318,logic-ng/logicng,295ff7d0dd0b49218404b1ca804263dbcd16b873,org/logicng/solvers/sat/MiniCardTest.java,86,8,11,33,0.17,15,8,3,0,0,0,0,0,0,0,0,0,1,0,0,1,0,0,0,6,0,0,False
4319,logic-ng/logicng,295ff7d0dd0b49218404b1ca804263dbcd16b873,org/logicng/transformations/UnitPropagationTest.java,33,4,9,11,0.48,16,4,4,0,0,0,0,1,0,0,0,0,0,0,0,0,0,0,0,4,0,0,False
4320,logic-ng/logicng,295ff7d0dd0b49218404b1ca804263dbcd16b873,org/logicng/transformations/cnf/CNFEncoderTest.java,124,11,20,71,0.23,29,11,9,0,0,0,0,9,0,0,0,0,1,0,0,1,0,0,0,11,0,0,False
4321,logic-ng/logicng,295ff7d0dd0b49218404b1ca804263dbcd16b873,org/logicng/util/ComparablePairTest.java,42,5,5,13,0.52,22,5,5,0,0,0,0,0,0,0,0,1,1,0,0,0,0,0,0,5,0,0,False
4322,logic-ng/logicng,295ff7d0dd0b49218404b1ca804263dbcd16b873,org/logicng/util/PairTest.java,36,4,4,10,0.5,18,4,4,0,0,0,0,0,0,0,0,1,1,0,0,0,0,0,0,4,0,0,False
4323,logic-ng/logicng,ca506d190d9f030be7e904f34c97a2c43ba8173b,org/logicng/collections/ImmutableFormulaListTest.java,15,1,3,3,0.13,2,1,1,0,0,0,0,0,0,0,0,1,0,0,0,0,0,0,0,1,0,0,False
4324,logic-ng/logicng,ca506d190d9f030be7e904f34c97a2c43ba8173b,org/logicng/collections/LNGBooleanVectorTest.java,148,11,23,68,0.41,60,11,9,9,0,0,0,0,0,0,0,0,1,0,0,4,0,0,0,11,0,0,False
4325,logic-ng/logicng,ca506d190d9f030be7e904f34c97a2c43ba8173b,org/logicng/collections/LNGByteVectorTest.java,165,12,26,76,0.35,58,12,10,11,0,0,0,0,0,0,0,0,1,0,0,4,0,0,0,12,0,0,False
4326,logic-ng/logicng,ca506d190d9f030be7e904f34c97a2c43ba8173b,org/logicng/collections/LNGDoublePriorityQueueTest.java,109,6,6,31,0.39,43,6,5,0,0,0,0,0,0,0,0,0,1,0,0,3,0,0,0,6,0,0,False
4327,logic-ng/logicng,ca506d190d9f030be7e904f34c97a2c43ba8173b,org/logicng/collections/LNGDoubleVectorTest.java,162,12,26,75,0.35,57,12,10,11,0,0,0,0,0,0,0,0,1,0,0,5,0,0,0,12,0,0,False
4328,logic-ng/logicng,ca506d190d9f030be7e904f34c97a2c43ba8173b,org/logicng/collections/LNGIntVectorTest.java,162,12,26,75,0.35,57,12,10,11,0,0,0,0,0,0,0,0,1,0,0,4,0,0,0,12,0,0,False
4329,logic-ng/logicng,ca506d190d9f030be7e904f34c97a2c43ba8173b,org/logicng/collections/LNGLongPriorityQueueTest.java,88,5,5,25,0.41,36,5,4,0,0,0,0,0,0,0,0,0,1,0,0,2,0,0,0,5,0,0,False
4330,logic-ng/logicng,ca506d190d9f030be7e904f34c97a2c43ba8173b,org/logicng/collections/LNGLongVectorTest.java,165,12,26,76,0.35,58,12,10,11,0,0,0,0,0,0,0,0,1,0,0,4,0,0,0,12,0,0,False
4331,logic-ng/logicng,ca506d190d9f030be7e904f34c97a2c43ba8173b,org/logicng/collections/LNGVectorTest.java,295,23,49,138,0.36,105,21,18,20,1,0,0,0,0,0,0,0,2,0,0,7,0,0,0,21,0,0,False
4332,logic-ng/logicng,ca506d190d9f030be7e904f34c97a2c43ba8173b,org/logicng/datastructures/AssignmentTest.java,149,14,17,68,0.45,67,14,13,0,0,0,0,1,0,0,0,2,2,0,0,3,0,0,0,14,0,0,False
4333,logic-ng/logicng,ca506d190d9f030be7e904f34c97a2c43ba8173b,org/logicng/formulas/SubstitutionTest.java,113,13,17,38,0.35,40,12,9,0,1,0,0,4,0,0,0,1,1,0,0,0,0,0,0,12,0,0,False
4334,logic-ng/logicng,ca506d190d9f030be7e904f34c97a2c43ba8173b,org/logicng/explanations/unsatcores/MUSConfigTest.java,12,1,1,9,0.17,2,1,1,0,0,0,0,0,0,0,0,0,1,0,0,0,0,0,0,1,0,0,False
4335,logic-ng/logicng,ca506d190d9f030be7e904f34c97a2c43ba8173b,org/logicng/explanations/unsatcores/MUSGenerationTest.java,102,7,19,29,0.06,6,6,0,0,1,0,0,2,0,0,0,0,1,0,0,0,2,1,0,3,0,0,False
4336,logic-ng/logicng,ca506d190d9f030be7e904f34c97a2c43ba8173b,org/logicng/explanations/unsatcores/UNSATCoreTest.java,53,5,7,13,0.28,15,4,4,0,1,0,0,0,0,0,0,2,1,0,0,0,0,0,0,4,0,0,False
4337,logic-ng/logicng,ca506d190d9f030be7e904f34c97a2c43ba8173b,org/logicng/formulas/AndTest.java,127,16,19,60,0.57,73,16,13,0,0,0,0,2,0,0,0,1,1,0,0,3,0,0,0,16,0,0,False
4338,logic-ng/logicng,ca506d190d9f030be7e904f34c97a2c43ba8173b,org/logicng/formulas/CFalseTest.java,52,14,16,36,0.33,17,14,0,0,0,0,0,1,0,0,0,0,1,0,0,0,0,0,0,14,0,0,False
4339,logic-ng/logicng,ca506d190d9f030be7e904f34c97a2c43ba8173b,org/logicng/formulas/CTrueTest.java,53,14,16,36,0.34,18,14,1,0,0,0,0,1,0,0,0,0,1,0,0,1,0,0,0,14,0,0,False
4340,logic-ng/logicng,ca506d190d9f030be7e904f34c97a2c43ba8173b,org/logicng/formulas/EquivalenceTest.java,113,16,18,50,0.57,64,16,15,0,0,0,0,1,0,0,0,1,1,0,0,4,0,0,0,16,0,0,False
4341,logic-ng/logicng,ca506d190d9f030be7e904f34c97a2c43ba8173b,org/logicng/formulas/FormulaTest.java,60,8,13,38,0.3,18,6,5,0,0,0,0,0,0,0,0,0,0,0,0,0,0,0,0,6,0,0,False
4342,logic-ng/logicng,ca506d190d9f030be7e904f34c97a2c43ba8173b,org/logicng/formulas/FormulaFactoryTest.java,80,5,5,31,0.28,22,5,2,0,0,0,0,0,0,0,0,0,1,0,0,1,0,0,0,5,0,0,False
4343,logic-ng/logicng,ca506d190d9f030be7e904f34c97a2c43ba8173b,org/logicng/formulas/ImplicationTest.java,109,17,19,50,0.52,57,17,15,0,0,0,0,1,0,0,0,1,1,0,0,4,0,0,0,17,0,0,False
4344,logic-ng/logicng,ca506d190d9f030be7e904f34c97a2c43ba8173b,org/logicng/formulas/LiteralTest.java,110,19,20,54,0.55,61,19,18,0,0,0,0,0,0,0,0,1,1,0,0,2,1,0,0,19,0,0,False
4345,logic-ng/logicng,ca506d190d9f030be7e904f34c97a2c43ba8173b,org/logicng/formulas/NotTest.java,91,15,17,46,0.52,47,15,14,0,0,0,0,1,0,0,0,1,1,0,0,3,0,0,0,15,0,0,False
4346,logic-ng/logicng,ca506d190d9f030be7e904f34c97a2c43ba8173b,org/logicng/formulas/OrTest.java,123,15,18,55,0.59,72,15,13,0,0,0,0,2,0,0,0,1,1,0,0,3,0,0,0,15,0,0,False
4347,logic-ng/logicng,ca506d190d9f030be7e904f34c97a2c43ba8173b,org/logicng/formulas/PBConstraintTest.java,369,25,28,131,0.47,173,24,21,0,1,0,0,1,0,0,0,2,4,0,0,3,0,0,0,24,0,0,False
4348,logic-ng/logicng,ca506d190d9f030be7e904f34c97a2c43ba8173b,org/logicng/formulas/printer/DefaultStringRepresentationTest.java,33,2,2,7,0.64,21,2,1,0,0,0,0,0,0,0,0,0,1,0,0,0,0,0,0,2,0,0,False
4349,logic-ng/logicng,ca506d190d9f030be7e904f34c97a2c43ba8173b,org/logicng/formulas/printer/LatexStringRepresentationTest.java,35,2,2,9,0.63,22,2,2,0,0,0,0,0,0,0,0,0,1,0,0,0,0,0,0,2,0,0,False
4350,logic-ng/logicng,ca506d190d9f030be7e904f34c97a2c43ba8173b,org/logicng/formulas/printer/UTF8StringRepresentationTest.java,35,2,2,9,0.63,22,2,2,0,0,0,0,0,0,0,0,0,1,0,0,0,0,0,0,2,0,0,False
4351,logic-ng/logicng,ca506d190d9f030be7e904f34c97a2c43ba8173b,org/logicng/io/parsers/PropositionalParserTest.java,143,25,49,53,0.41,59,25,7,0,0,0,0,24,0,0,0,0,1,0,0,0,0,0,0,25,0,0,False
4352,logic-ng/logicng,ca506d190d9f030be7e904f34c97a2c43ba8173b,org/logicng/io/parsers/PseudoBooleanParserTest.java,181,31,61,78,0.44,80,31,11,0,0,0,0,30,0,0,0,0,1,0,0,1,0,0,0,31,0,0,False
4353,logic-ng/logicng,ca506d190d9f030be7e904f34c97a2c43ba8173b,org/logicng/io/writers/FormulaDotFileWriterTest.java,53,6,16,16,0.08,4,6,0,0,0,0,0,4,0,0,0,0,0,0,0,0,4,1,0,4,0,0,False
4354,logic-ng/logicng,ca506d190d9f030be7e904f34c97a2c43ba8173b,org/logicng/predicates/CNFPredicateTest.java,28,2,2,8,0.57,16,2,1,0,0,0,0,0,0,0,0,0,1,0,0,0,0,0,0,2,0,0,False
4355,logic-ng/logicng,ca506d190d9f030be7e904f34c97a2c43ba8173b,org/logicng/predicates/DNFPredicateTest.java,28,2,2,8,0.57,16,2,1,0,0,0,0,0,0,0,0,0,1,0,0,0,0,0,0,2,0,0,False
4356,logic-ng/logicng,ca506d190d9f030be7e904f34c97a2c43ba8173b,org/logicng/propositions/ExtendedPropositionTest.java,78,6,14,21,0.32,25,5,5,0,1,0,0,4,0,0,0,1,1,0,0,0,0,0,0,5,0,0,False
4357,logic-ng/logicng,ca506d190d9f030be7e904f34c97a2c43ba8173b,org/logicng/propositions/StandardPropositionTest.java,68,6,14,18,0.4,27,5,5,0,1,0,0,4,0,0,0,1,1,0,0,0,0,0,0,5,0,0,False
4358,logic-ng/logicng,ca506d190d9f030be7e904f34c97a2c43ba8173b,org/logicng/pseudobooleans/PBEncoderTest.java,121,9,15,60,0.14,17,8,3,5,1,0,0,0,0,0,0,0,2,0,0,0,1,1,0,7,0,0,False
4359,logic-ng/logicng,ca506d190d9f030be7e904f34c97a2c43ba8173b,org/logicng/solvers/sat/MiniSatTest.java,40,6,9,22,0.1,4,6,2,0,0,0,0,0,0,0,0,0,1,0,0,0,0,0,0,4,0,0,False
4360,logic-ng/logicng,ca506d190d9f030be7e904f34c97a2c43ba8173b,org/logicng/solvers/datastructures/LNGHeapTest.java,23,1,1,9,0.22,5,1,1,0,0,0,0,0,0,0,0,0,1,0,0,1,0,0,0,1,0,0,False
4361,logic-ng/logicng,ca506d190d9f030be7e904f34c97a2c43ba8173b,org/logicng/solvers/sat/GlucoseSyrupTest.java,33,6,10,9,0.03,1,6,0,0,0,0,0,0,0,0,0,0,1,0,0,0,0,0,0,3,0,0,False
4362,logic-ng/logicng,ca506d190d9f030be7e904f34c97a2c43ba8173b,org/logicng/solvers/sat/MiniCardTest.java,86,8,11,33,0.17,15,8,3,0,0,0,0,0,0,0,0,0,1,0,0,1,0,0,0,6,0,0,False
4363,logic-ng/logicng,ca506d190d9f030be7e904f34c97a2c43ba8173b,org/logicng/transformations/cnf/CNFEncoderTest.java,124,11,20,71,0.23,29,11,9,0,0,0,0,9,0,0,0,0,1,0,0,1,0,0,0,11,0,0,False
4364,logic-ng/logicng,ca506d190d9f030be7e904f34c97a2c43ba8173b,org/logicng/util/PairTest.java,36,4,4,10,0.5,18,4,4,0,0,0,0,0,0,0,0,1,1,0,0,0,0,0,0,4,0,0,False
4365,logic-ng/logicng,8b62ddd2a47c655afe753f3a5bea16cd25b73548,org/logicng/cardinalityconstraints/CCALKTotalizerTest.java,64,5,10,26,0.13,8,5,1,2,0,0,0,0,0,0,0,0,0,0,0,0,1,1,0,4,0,0,False
4366,logic-ng/logicng,8b62ddd2a47c655afe753f3a5bea16cd25b73548,org/logicng/cardinalityconstraints/CCAMKTotalizerTest.java,78,5,9,33,0.12,9,5,2,3,0,0,0,0,0,0,0,0,0,0,0,0,1,1,0,4,0,0,False
4367,logic-ng/logicng,8b62ddd2a47c655afe753f3a5bea16cd25b73548,org/logicng/collections/LNGBooleanVectorTest.java,133,10,22,63,0.39,52,10,8,9,0,0,0,0,0,0,0,0,1,0,0,4,0,0,0,10,0,0,False
4368,logic-ng/logicng,8b62ddd2a47c655afe753f3a5bea16cd25b73548,org/logicng/collections/LNGByteVectorTest.java,162,12,26,75,0.35,57,12,10,11,0,0,0,0,0,0,0,0,1,0,0,4,0,0,0,12,0,0,False
4369,logic-ng/logicng,8b62ddd2a47c655afe753f3a5bea16cd25b73548,org/logicng/collections/LNGDoublePriorityQueueTest.java,107,6,6,31,0.39,42,6,5,0,0,0,0,0,0,0,0,0,1,0,0,3,0,0,0,6,0,0,False
4370,logic-ng/logicng,8b62ddd2a47c655afe753f3a5bea16cd25b73548,org/logicng/collections/LNGDoubleVectorTest.java,162,12,26,75,0.35,57,12,10,11,0,0,0,0,0,0,0,0,1,0,0,5,0,0,0,12,0,0,False
4371,logic-ng/logicng,8b62ddd2a47c655afe753f3a5bea16cd25b73548,org/logicng/collections/LNGIntVectorTest.java,162,12,26,75,0.35,57,12,10,11,0,0,0,0,0,0,0,0,1,0,0,4,0,0,0,12,0,0,False
4372,logic-ng/logicng,8b62ddd2a47c655afe753f3a5bea16cd25b73548,org/logicng/collections/LNGLongPriorityQueueTest.java,88,5,5,25,0.41,36,5,4,0,0,0,0,0,0,0,0,0,1,0,0,2,0,0,0,5,0,0,False
4373,logic-ng/logicng,8b62ddd2a47c655afe753f3a5bea16cd25b73548,org/logicng/collections/LNGLongVectorTest.java,162,12,26,75,0.35,57,12,10,11,0,0,0,0,0,0,0,0,1,0,0,4,0,0,0,12,0,0,False
4374,logic-ng/logicng,8b62ddd2a47c655afe753f3a5bea16cd25b73548,org/logicng/collections/LNGVectorTest.java,292,23,49,137,0.36,104,21,18,20,1,0,0,0,0,0,0,0,2,0,0,7,0,0,0,21,0,0,False
4375,logic-ng/logicng,8b62ddd2a47c655afe753f3a5bea16cd25b73548,org/logicng/datastructures/AssignmentTest.java,133,13,16,60,0.48,64,13,12,0,0,0,0,1,0,0,0,2,1,0,0,3,0,0,0,13,0,0,False
4376,logic-ng/logicng,8b62ddd2a47c655afe753f3a5bea16cd25b73548,org/logicng/formulas/SubstitutionTest.java,113,13,17,38,0.35,40,12,9,0,1,0,0,4,0,0,0,1,1,0,0,0,0,0,0,12,0,0,False
4377,logic-ng/logicng,8b62ddd2a47c655afe753f3a5bea16cd25b73548,org/logicng/formulas/AndTest.java,124,16,18,58,0.58,72,16,13,0,0,0,0,1,0,0,0,1,1,0,0,3,0,0,0,16,0,0,False
4378,logic-ng/logicng,8b62ddd2a47c655afe753f3a5bea16cd25b73548,org/logicng/formulas/CFalseTest.java,52,14,16,36,0.33,17,14,0,0,0,0,0,1,0,0,0,0,1,0,0,0,0,0,0,14,0,0,False
4379,logic-ng/logicng,8b62ddd2a47c655afe753f3a5bea16cd25b73548,org/logicng/formulas/CTrueTest.java,53,14,16,36,0.34,18,14,1,0,0,0,0,1,0,0,0,0,1,0,0,1,0,0,0,14,0,0,False
4380,logic-ng/logicng,8b62ddd2a47c655afe753f3a5bea16cd25b73548,org/logicng/formulas/EquivalenceTest.java,111,16,18,49,0.56,62,16,15,0,0,0,0,1,0,0,0,1,1,0,0,4,0,0,0,16,0,0,False
4381,logic-ng/logicng,8b62ddd2a47c655afe753f3a5bea16cd25b73548,org/logicng/formulas/FormulaTest.java,48,6,11,26,0.21,10,4,3,0,0,0,0,0,0,0,0,0,0,0,0,0,0,0,0,4,0,0,False
4382,logic-ng/logicng,8b62ddd2a47c655afe753f3a5bea16cd25b73548,org/logicng/formulas/FormulaFactoryTest.java,59,4,4,23,0.34,20,4,2,0,0,0,0,0,0,0,0,0,1,0,0,1,0,0,0,4,0,0,False
4383,logic-ng/logicng,8b62ddd2a47c655afe753f3a5bea16cd25b73548,org/logicng/formulas/ImplicationTest.java,109,17,19,50,0.52,57,17,15,0,0,0,0,1,0,0,0,1,1,0,0,4,0,0,0,17,0,0,False
4384,logic-ng/logicng,8b62ddd2a47c655afe753f3a5bea16cd25b73548,org/logicng/formulas/LiteralTest.java,110,19,20,54,0.55,61,19,18,0,0,0,0,0,0,0,0,1,1,0,0,2,1,0,0,19,0,0,False
4385,logic-ng/logicng,8b62ddd2a47c655afe753f3a5bea16cd25b73548,org/logicng/formulas/NotTest.java,90,15,17,46,0.51,46,15,14,0,0,0,0,1,0,0,0,1,1,0,0,3,0,0,0,15,0,0,False
4386,logic-ng/logicng,8b62ddd2a47c655afe753f3a5bea16cd25b73548,org/logicng/formulas/OrTest.java,120,15,17,53,0.59,71,15,13,0,0,0,0,1,0,0,0,1,1,0,0,3,0,0,0,15,0,0,False
4387,logic-ng/logicng,8b62ddd2a47c655afe753f3a5bea16cd25b73548,org/logicng/formulas/PBConstraintTest.java,365,25,28,130,0.46,169,24,21,0,1,0,0,1,0,0,0,2,4,0,0,2,0,0,0,24,0,0,False
4388,logic-ng/logicng,8b62ddd2a47c655afe753f3a5bea16cd25b73548,org/logicng/formulas/printer/LatexStringRepresentationTest.java,30,1,1,5,0.67,20,1,1,0,0,0,0,0,0,0,0,0,0,0,0,0,0,0,0,1,0,0,False
4389,logic-ng/logicng,8b62ddd2a47c655afe753f3a5bea16cd25b73548,org/logicng/formulas/printer/UTF8StringRepresentationTest.java,30,1,1,5,0.67,20,1,1,0,0,0,0,0,0,0,0,0,0,0,0,0,0,0,0,1,0,0,False
4390,logic-ng/logicng,8b62ddd2a47c655afe753f3a5bea16cd25b73548,org/logicng/io/parsers/PropositionalParserTest.java,137,24,47,50,0.42,57,24,6,0,0,0,0,23,0,0,0,0,1,0,0,0,0,0,0,24,0,0,False
4391,logic-ng/logicng,8b62ddd2a47c655afe753f3a5bea16cd25b73548,org/logicng/io/parsers/PseudoBooleanParserTest.java,170,30,59,74,0.42,72,30,10,0,0,0,0,29,0,0,0,0,1,0,0,1,0,0,0,30,0,0,False
4392,logic-ng/logicng,8b62ddd2a47c655afe753f3a5bea16cd25b73548,org/logicng/io/writers/FormulaDotFileWriterTest.java,47,5,14,14,0.09,4,5,0,0,0,0,0,3,0,0,0,0,0,0,0,0,3,1,0,3,0,0,False
4393,logic-ng/logicng,8b62ddd2a47c655afe753f3a5bea16cd25b73548,org/logicng/predicates/CNFPredicateTest.java,25,1,1,6,0.6,15,1,1,0,0,0,0,0,0,0,0,0,0,0,0,0,0,0,0,1,0,0,False
4394,logic-ng/logicng,8b62ddd2a47c655afe753f3a5bea16cd25b73548,org/logicng/predicates/DNFPredicateTest.java,25,1,1,6,0.6,15,1,1,0,0,0,0,0,0,0,0,0,0,0,0,0,0,0,0,1,0,0,False
4395,logic-ng/logicng,8b62ddd2a47c655afe753f3a5bea16cd25b73548,org/logicng/propositions/ExtendedPropositionTest.java,73,5,11,17,0.32,23,4,4,0,1,0,0,3,0,0,0,1,1,0,0,0,0,0,0,4,0,0,False
4396,logic-ng/logicng,8b62ddd2a47c655afe753f3a5bea16cd25b73548,org/logicng/propositions/StandardPropositionTest.java,60,5,11,15,0.4,24,4,4,0,1,0,0,3,0,0,0,1,1,0,0,0,0,0,0,4,0,0,False
4397,logic-ng/logicng,8b62ddd2a47c655afe753f3a5bea16cd25b73548,org/logicng/pseudobooleans/PBSWCTest.java,77,4,7,31,0.12,9,4,2,2,0,0,0,0,0,0,0,0,0,0,0,0,1,1,0,3,0,0,False
4398,logic-ng/logicng,8b62ddd2a47c655afe753f3a5bea16cd25b73548,org/logicng/solvers/sat/MiniSatTest.java,36,5,8,13,0.06,2,5,1,0,0,0,0,0,0,0,0,0,0,0,0,0,0,0,0,3,0,0,False
4399,logic-ng/logicng,8b62ddd2a47c655afe753f3a5bea16cd25b73548,org/logicng/solvers/sat/MiniCardTest.java,75,7,10,27,0.19,14,7,3,0,0,0,0,0,0,0,0,0,0,0,0,1,0,0,0,5,0,0,False
4400,logic-ng/logicng,8b62ddd2a47c655afe753f3a5bea16cd25b73548,org/logicng/util/PairTest.java,36,4,4,10,0.5,18,4,4,0,0,0,0,0,0,0,0,1,1,0,0,0,0,0,0,4,0,0,False
4401,logic-ng/logicng,1c7f6c144fcebb4ce4b313f54e57fb91878b4bbe,org/logicng/cardinalityconstraints/CCALKTotalizerTest.java,64,5,10,26,0.13,8,5,1,2,0,0,0,0,0,0,0,0,0,0,0,0,1,1,0,4,0,0,False
4402,logic-ng/logicng,1c7f6c144fcebb4ce4b313f54e57fb91878b4bbe,org/logicng/cardinalityconstraints/CCAMKTotalizerTest.java,78,5,9,33,0.12,9,5,2,3,0,0,0,0,0,0,0,0,0,0,0,0,1,1,0,4,0,0,False
4403,logic-ng/logicng,1c7f6c144fcebb4ce4b313f54e57fb91878b4bbe,org/logicng/collections/LNGBooleanVectorTest.java,133,10,22,63,0.39,52,10,8,9,0,0,0,0,0,0,0,0,1,0,0,4,0,0,0,10,0,0,False
4404,logic-ng/logicng,1c7f6c144fcebb4ce4b313f54e57fb91878b4bbe,org/logicng/collections/LNGByteVectorTest.java,162,12,26,75,0.35,57,12,10,11,0,0,0,0,0,0,0,0,1,0,0,4,0,0,0,12,0,0,False
4405,logic-ng/logicng,1c7f6c144fcebb4ce4b313f54e57fb91878b4bbe,org/logicng/collections/LNGDoublePriorityQueueTest.java,107,6,6,31,0.39,42,6,5,0,0,0,0,0,0,0,0,0,1,0,0,3,0,0,0,6,0,0,False
4406,logic-ng/logicng,1c7f6c144fcebb4ce4b313f54e57fb91878b4bbe,org/logicng/collections/LNGDoubleVectorTest.java,162,12,26,75,0.35,57,12,10,11,0,0,0,0,0,0,0,0,1,0,0,5,0,0,0,12,0,0,False
4407,logic-ng/logicng,1c7f6c144fcebb4ce4b313f54e57fb91878b4bbe,org/logicng/collections/LNGIntVectorTest.java,162,12,26,75,0.35,57,12,10,11,0,0,0,0,0,0,0,0,1,0,0,4,0,0,0,12,0,0,False
4408,logic-ng/logicng,1c7f6c144fcebb4ce4b313f54e57fb91878b4bbe,org/logicng/collections/LNGLongPriorityQueueTest.java,88,5,5,25,0.41,36,5,4,0,0,0,0,0,0,0,0,0,1,0,0,2,0,0,0,5,0,0,False
4409,logic-ng/logicng,1c7f6c144fcebb4ce4b313f54e57fb91878b4bbe,org/logicng/collections/LNGLongVectorTest.java,162,12,26,75,0.35,57,12,10,11,0,0,0,0,0,0,0,0,1,0,0,4,0,0,0,12,0,0,False
4410,logic-ng/logicng,1c7f6c144fcebb4ce4b313f54e57fb91878b4bbe,org/logicng/collections/LNGVectorTest.java,292,23,49,137,0.36,104,21,18,20,1,0,0,0,0,0,0,0,2,0,0,7,0,0,0,21,0,0,False
4411,logic-ng/logicng,1c7f6c144fcebb4ce4b313f54e57fb91878b4bbe,org/logicng/datastructures/AssignmentTest.java,133,13,16,60,0.48,64,13,12,0,0,0,0,1,0,0,0,2,1,0,0,3,0,0,0,13,0,0,False
4412,logic-ng/logicng,1c7f6c144fcebb4ce4b313f54e57fb91878b4bbe,org/logicng/formulas/SubstitutionTest.java,113,13,17,38,0.35,40,12,9,0,1,0,0,4,0,0,0,1,1,0,0,0,0,0,0,12,0,0,False
4413,logic-ng/logicng,1c7f6c144fcebb4ce4b313f54e57fb91878b4bbe,org/logicng/formulas/AndTest.java,124,16,18,58,0.58,72,16,13,0,0,0,0,1,0,0,0,1,1,0,0,3,0,0,0,16,0,0,False
4414,logic-ng/logicng,1c7f6c144fcebb4ce4b313f54e57fb91878b4bbe,org/logicng/formulas/CFalseTest.java,52,14,16,36,0.33,17,14,0,0,0,0,0,1,0,0,0,0,1,0,0,0,0,0,0,14,0,0,False
4415,logic-ng/logicng,1c7f6c144fcebb4ce4b313f54e57fb91878b4bbe,org/logicng/formulas/CTrueTest.java,53,14,16,36,0.34,18,14,1,0,0,0,0,1,0,0,0,0,1,0,0,1,0,0,0,14,0,0,False
4416,logic-ng/logicng,1c7f6c144fcebb4ce4b313f54e57fb91878b4bbe,org/logicng/formulas/EquivalenceTest.java,111,16,18,49,0.56,62,16,15,0,0,0,0,1,0,0,0,1,1,0,0,4,0,0,0,16,0,0,False
4417,logic-ng/logicng,1c7f6c144fcebb4ce4b313f54e57fb91878b4bbe,org/logicng/formulas/FormulaTest.java,48,6,11,26,0.21,10,4,3,0,0,0,0,0,0,0,0,0,0,0,0,0,0,0,0,4,0,0,False
4418,logic-ng/logicng,1c7f6c144fcebb4ce4b313f54e57fb91878b4bbe,org/logicng/formulas/FormulaFactoryTest.java,59,4,4,23,0.34,20,4,2,0,0,0,0,0,0,0,0,0,1,0,0,1,0,0,0,4,0,0,False
4419,logic-ng/logicng,1c7f6c144fcebb4ce4b313f54e57fb91878b4bbe,org/logicng/formulas/ImplicationTest.java,109,17,19,50,0.52,57,17,15,0,0,0,0,1,0,0,0,1,1,0,0,4,0,0,0,17,0,0,False
4420,logic-ng/logicng,1c7f6c144fcebb4ce4b313f54e57fb91878b4bbe,org/logicng/formulas/LiteralTest.java,110,19,20,54,0.55,61,19,18,0,0,0,0,0,0,0,0,1,1,0,0,2,1,0,0,19,0,0,False
4421,logic-ng/logicng,1c7f6c144fcebb4ce4b313f54e57fb91878b4bbe,org/logicng/formulas/NotTest.java,90,15,17,46,0.51,46,15,14,0,0,0,0,1,0,0,0,1,1,0,0,3,0,0,0,15,0,0,False
4422,logic-ng/logicng,1c7f6c144fcebb4ce4b313f54e57fb91878b4bbe,org/logicng/formulas/OrTest.java,120,15,17,53,0.59,71,15,13,0,0,0,0,1,0,0,0,1,1,0,0,3,0,0,0,15,0,0,False
4423,logic-ng/logicng,1c7f6c144fcebb4ce4b313f54e57fb91878b4bbe,org/logicng/formulas/PBConstraintTest.java,365,25,28,130,0.46,169,24,21,0,1,0,0,1,0,0,0,2,4,0,0,2,0,0,0,24,0,0,False
4424,logic-ng/logicng,1c7f6c144fcebb4ce4b313f54e57fb91878b4bbe,org/logicng/formulas/printer/LatexStringRepresentationTest.java,30,1,1,5,0.67,20,1,1,0,0,0,0,0,0,0,0,0,0,0,0,0,0,0,0,1,0,0,False
4425,logic-ng/logicng,1c7f6c144fcebb4ce4b313f54e57fb91878b4bbe,org/logicng/formulas/printer/UTF8StringRepresentationTest.java,30,1,1,5,0.67,20,1,1,0,0,0,0,0,0,0,0,0,0,0,0,0,0,0,0,1,0,0,False
4426,logic-ng/logicng,1c7f6c144fcebb4ce4b313f54e57fb91878b4bbe,org/logicng/io/parsers/PropositionalParserTest.java,137,24,47,50,0.42,57,24,6,0,0,0,0,23,0,0,0,0,1,0,0,0,0,0,0,24,0,0,False
4427,logic-ng/logicng,1c7f6c144fcebb4ce4b313f54e57fb91878b4bbe,org/logicng/io/parsers/PseudoBooleanParserTest.java,170,30,59,74,0.42,72,30,10,0,0,0,0,29,0,0,0,0,1,0,0,1,0,0,0,30,0,0,False
4428,logic-ng/logicng,1c7f6c144fcebb4ce4b313f54e57fb91878b4bbe,org/logicng/io/writers/FormulaDotFileWriterTest.java,47,5,14,14,0.09,4,5,0,0,0,0,0,3,0,0,0,0,0,0,0,0,3,1,0,3,0,0,False
4429,logic-ng/logicng,1c7f6c144fcebb4ce4b313f54e57fb91878b4bbe,org/logicng/predicates/CNFPredicateTest.java,25,1,1,6,0.6,15,1,1,0,0,0,0,0,0,0,0,0,0,0,0,0,0,0,0,1,0,0,False
4430,logic-ng/logicng,1c7f6c144fcebb4ce4b313f54e57fb91878b4bbe,org/logicng/predicates/DNFPredicateTest.java,25,1,1,6,0.6,15,1,1,0,0,0,0,0,0,0,0,0,0,0,0,0,0,0,0,1,0,0,False
4431,logic-ng/logicng,1c7f6c144fcebb4ce4b313f54e57fb91878b4bbe,org/logicng/propositions/ExtendedPropositionTest.java,73,5,11,17,0.32,23,4,4,0,1,0,0,3,0,0,0,1,1,0,0,0,0,0,0,4,0,0,False
4432,logic-ng/logicng,1c7f6c144fcebb4ce4b313f54e57fb91878b4bbe,org/logicng/propositions/StandardPropositionTest.java,60,5,11,15,0.4,24,4,4,0,1,0,0,3,0,0,0,1,1,0,0,0,0,0,0,4,0,0,False
4433,logic-ng/logicng,1c7f6c144fcebb4ce4b313f54e57fb91878b4bbe,org/logicng/pseudobooleans/PBSWCTest.java,77,4,7,31,0.12,9,4,2,2,0,0,0,0,0,0,0,0,0,0,0,0,1,1,0,3,0,0,False
4434,logic-ng/logicng,1c7f6c144fcebb4ce4b313f54e57fb91878b4bbe,org/logicng/solvers/sat/MiniSatTest.java,36,5,8,13,0.06,2,5,1,0,0,0,0,0,0,0,0,0,0,0,0,0,0,0,0,3,0,0,False
4435,logic-ng/logicng,1c7f6c144fcebb4ce4b313f54e57fb91878b4bbe,org/logicng/solvers/sat/MiniCardTest.java,75,7,10,27,0.19,14,7,3,0,0,0,0,0,0,0,0,0,0,0,0,1,0,0,0,5,0,0,False
4436,logic-ng/logicng,1c7f6c144fcebb4ce4b313f54e57fb91878b4bbe,org/logicng/util/PairTest.java,36,4,4,10,0.5,18,4,4,0,0,0,0,0,0,0,0,1,1,0,0,0,0,0,0,4,0,0,False
4437,logic-ng/logicng,4d21492f577b97c35e3f087604a231b6bd8ed85a,org/logicng/cardinalityconstraints/CCALKTotalizerTest.java,64,5,10,26,0.13,8,5,1,2,0,0,0,0,0,0,0,0,0,0,0,0,1,1,0,4,0,0,False
4438,logic-ng/logicng,4d21492f577b97c35e3f087604a231b6bd8ed85a,org/logicng/cardinalityconstraints/CCAMKTotalizerTest.java,78,5,9,33,0.12,9,5,2,3,0,0,0,0,0,0,0,0,0,0,0,0,1,1,0,4,0,0,False
4439,logic-ng/logicng,4d21492f577b97c35e3f087604a231b6bd8ed85a,org/logicng/collections/LNGBooleanVectorTest.java,133,10,22,63,0.39,52,10,8,9,0,0,0,0,0,0,0,0,1,0,0,4,0,0,0,10,0,0,False
4440,logic-ng/logicng,4d21492f577b97c35e3f087604a231b6bd8ed85a,org/logicng/collections/LNGByteVectorTest.java,162,12,26,75,0.35,57,12,10,11,0,0,0,0,0,0,0,0,1,0,0,4,0,0,0,12,0,0,False
4441,logic-ng/logicng,4d21492f577b97c35e3f087604a231b6bd8ed85a,org/logicng/collections/LNGDoublePriorityQueueTest.java,107,6,6,31,0.39,42,6,5,0,0,0,0,0,0,0,0,0,1,0,0,3,0,0,0,6,0,0,False
4442,logic-ng/logicng,4d21492f577b97c35e3f087604a231b6bd8ed85a,org/logicng/collections/LNGDoubleVectorTest.java,162,12,26,75,0.35,57,12,10,11,0,0,0,0,0,0,0,0,1,0,0,5,0,0,0,12,0,0,False
4443,logic-ng/logicng,4d21492f577b97c35e3f087604a231b6bd8ed85a,org/logicng/collections/LNGIntVectorTest.java,162,12,26,75,0.35,57,12,10,11,0,0,0,0,0,0,0,0,1,0,0,4,0,0,0,12,0,0,False
4444,logic-ng/logicng,4d21492f577b97c35e3f087604a231b6bd8ed85a,org/logicng/collections/LNGLongPriorityQueueTest.java,88,5,5,25,0.41,36,5,4,0,0,0,0,0,0,0,0,0,1,0,0,2,0,0,0,5,0,0,False
4445,logic-ng/logicng,4d21492f577b97c35e3f087604a231b6bd8ed85a,org/logicng/collections/LNGLongVectorTest.java,162,12,26,75,0.35,57,12,10,11,0,0,0,0,0,0,0,0,1,0,0,4,0,0,0,12,0,0,False
4446,logic-ng/logicng,4d21492f577b97c35e3f087604a231b6bd8ed85a,org/logicng/collections/LNGVectorTest.java,292,23,49,137,0.36,104,21,18,20,1,0,0,0,0,0,0,0,2,0,0,7,0,0,0,21,0,0,False
4447,logic-ng/logicng,4d21492f577b97c35e3f087604a231b6bd8ed85a,org/logicng/datastructures/AssignmentTest.java,133,13,16,60,0.48,64,13,12,0,0,0,0,1,0,0,0,2,1,0,0,3,0,0,0,13,0,0,False
4448,logic-ng/logicng,4d21492f577b97c35e3f087604a231b6bd8ed85a,org/logicng/formulas/SubstitutionTest.java,113,13,17,38,0.35,40,12,9,0,1,0,0,4,0,0,0,1,1,0,0,0,0,0,0,12,0,0,False
4449,logic-ng/logicng,4d21492f577b97c35e3f087604a231b6bd8ed85a,org/logicng/formulas/AndTest.java,124,16,18,58,0.58,72,16,13,0,0,0,0,1,0,0,0,1,1,0,0,3,0,0,0,16,0,0,False
4450,logic-ng/logicng,4d21492f577b97c35e3f087604a231b6bd8ed85a,org/logicng/formulas/CFalseTest.java,52,14,16,36,0.33,17,14,0,0,0,0,0,1,0,0,0,0,1,0,0,0,0,0,0,14,0,0,False
4451,logic-ng/logicng,4d21492f577b97c35e3f087604a231b6bd8ed85a,org/logicng/formulas/CTrueTest.java,53,14,16,36,0.34,18,14,1,0,0,0,0,1,0,0,0,0,1,0,0,1,0,0,0,14,0,0,False
4452,logic-ng/logicng,4d21492f577b97c35e3f087604a231b6bd8ed85a,org/logicng/formulas/EquivalenceTest.java,111,16,18,49,0.56,62,16,15,0,0,0,0,1,0,0,0,1,1,0,0,4,0,0,0,16,0,0,False
4453,logic-ng/logicng,4d21492f577b97c35e3f087604a231b6bd8ed85a,org/logicng/formulas/FormulaTest.java,48,6,11,26,0.21,10,4,3,0,0,0,0,0,0,0,0,0,0,0,0,0,0,0,0,4,0,0,False
4454,logic-ng/logicng,4d21492f577b97c35e3f087604a231b6bd8ed85a,org/logicng/formulas/FormulaFactoryTest.java,59,4,4,23,0.34,20,4,2,0,0,0,0,0,0,0,0,0,1,0,0,1,0,0,0,4,0,0,False
4455,logic-ng/logicng,4d21492f577b97c35e3f087604a231b6bd8ed85a,org/logicng/formulas/ImplicationTest.java,109,17,19,50,0.52,57,17,15,0,0,0,0,1,0,0,0,1,1,0,0,4,0,0,0,17,0,0,False
4456,logic-ng/logicng,4d21492f577b97c35e3f087604a231b6bd8ed85a,org/logicng/formulas/LiteralTest.java,110,19,20,54,0.55,61,19,18,0,0,0,0,0,0,0,0,1,1,0,0,2,1,0,0,19,0,0,False
4457,logic-ng/logicng,4d21492f577b97c35e3f087604a231b6bd8ed85a,org/logicng/formulas/NotTest.java,90,15,17,46,0.51,46,15,14,0,0,0,0,1,0,0,0,1,1,0,0,3,0,0,0,15,0,0,False
4458,logic-ng/logicng,4d21492f577b97c35e3f087604a231b6bd8ed85a,org/logicng/formulas/OrTest.java,120,15,17,53,0.59,71,15,13,0,0,0,0,1,0,0,0,1,1,0,0,3,0,0,0,15,0,0,False
4459,logic-ng/logicng,4d21492f577b97c35e3f087604a231b6bd8ed85a,org/logicng/formulas/PBConstraintTest.java,365,25,28,130,0.46,169,24,21,0,1,0,0,1,0,0,0,2,4,0,0,2,0,0,0,24,0,0,False
4460,logic-ng/logicng,4d21492f577b97c35e3f087604a231b6bd8ed85a,org/logicng/formulas/printer/LatexStringRepresentationTest.java,30,1,1,5,0.67,20,1,1,0,0,0,0,0,0,0,0,0,0,0,0,0,0,0,0,1,0,0,False
4461,logic-ng/logicng,4d21492f577b97c35e3f087604a231b6bd8ed85a,org/logicng/formulas/printer/UTF8StringRepresentationTest.java,30,1,1,5,0.67,20,1,1,0,0,0,0,0,0,0,0,0,0,0,0,0,0,0,0,1,0,0,False
4462,logic-ng/logicng,4d21492f577b97c35e3f087604a231b6bd8ed85a,org/logicng/io/parsers/PropositionalParserTest.java,137,24,47,50,0.42,57,24,6,0,0,0,0,23,0,0,0,0,1,0,0,0,0,0,0,24,0,0,False
4463,logic-ng/logicng,4d21492f577b97c35e3f087604a231b6bd8ed85a,org/logicng/io/parsers/PseudoBooleanParserTest.java,170,30,59,74,0.42,72,30,10,0,0,0,0,29,0,0,0,0,1,0,0,1,0,0,0,30,0,0,False
4464,logic-ng/logicng,4d21492f577b97c35e3f087604a231b6bd8ed85a,org/logicng/io/writers/FormulaDotFileWriterTest.java,47,5,14,14,0.09,4,5,0,0,0,0,0,3,0,0,0,0,0,0,0,0,3,1,0,3,0,0,False
4465,logic-ng/logicng,4d21492f577b97c35e3f087604a231b6bd8ed85a,org/logicng/predicates/CNFPredicateTest.java,25,1,1,6,0.6,15,1,1,0,0,0,0,0,0,0,0,0,0,0,0,0,0,0,0,1,0,0,False
4466,logic-ng/logicng,4d21492f577b97c35e3f087604a231b6bd8ed85a,org/logicng/predicates/DNFPredicateTest.java,25,1,1,6,0.6,15,1,1,0,0,0,0,0,0,0,0,0,0,0,0,0,0,0,0,1,0,0,False
4467,logic-ng/logicng,4d21492f577b97c35e3f087604a231b6bd8ed85a,org/logicng/propositions/ExtendedPropositionTest.java,73,5,11,17,0.32,23,4,4,0,1,0,0,3,0,0,0,1,1,0,0,0,0,0,0,4,0,0,False
4468,logic-ng/logicng,4d21492f577b97c35e3f087604a231b6bd8ed85a,org/logicng/propositions/StandardPropositionTest.java,60,5,11,15,0.4,24,4,4,0,1,0,0,3,0,0,0,1,1,0,0,0,0,0,0,4,0,0,False
4469,logic-ng/logicng,4d21492f577b97c35e3f087604a231b6bd8ed85a,org/logicng/pseudobooleans/PBSWCTest.java,77,4,7,31,0.12,9,4,2,2,0,0,0,0,0,0,0,0,0,0,0,0,1,1,0,3,0,0,False
4470,logic-ng/logicng,4d21492f577b97c35e3f087604a231b6bd8ed85a,org/logicng/solvers/sat/MiniSatTest.java,36,5,8,13,0.06,2,5,1,0,0,0,0,0,0,0,0,0,0,0,0,0,0,0,0,3,0,0,False
4471,logic-ng/logicng,4d21492f577b97c35e3f087604a231b6bd8ed85a,org/logicng/solvers/sat/MiniCardTest.java,75,7,10,27,0.19,14,7,3,0,0,0,0,0,0,0,0,0,0,0,0,1,0,0,0,5,0,0,False
4472,logic-ng/logicng,4d21492f577b97c35e3f087604a231b6bd8ed85a,org/logicng/util/PairTest.java,36,4,4,10,0.5,18,4,4,0,0,0,0,0,0,0,0,1,1,0,0,0,0,0,0,4,0,0,False
4473,logic-ng/logicng,3f7c38a5a142206a453af1e1b54074b02b172620,org/logicng/cardinalityconstraints/CCALKTotalizerTest.java,65,5,10,26,0.12,8,5,1,2,0,0,0,0,0,0,0,0,0,0,0,0,1,1,0,4,0,0,False
4474,logic-ng/logicng,3f7c38a5a142206a453af1e1b54074b02b172620,org/logicng/cardinalityconstraints/CCAMKTotalizerTest.java,79,5,9,33,0.11,9,5,2,3,0,0,0,0,0,0,0,0,0,0,0,0,1,1,0,4,0,0,False
4475,logic-ng/logicng,3f7c38a5a142206a453af1e1b54074b02b172620,org/logicng/collections/LNGBooleanVectorTest.java,134,10,22,63,0.39,52,10,8,9,0,0,0,0,0,0,0,0,1,0,0,4,0,0,0,10,0,0,False
4476,logic-ng/logicng,3f7c38a5a142206a453af1e1b54074b02b172620,org/logicng/collections/LNGByteVectorTest.java,163,12,26,75,0.35,57,12,10,11,0,0,0,0,0,0,0,0,1,0,0,4,0,0,0,12,0,0,False
4477,logic-ng/logicng,3f7c38a5a142206a453af1e1b54074b02b172620,org/logicng/collections/LNGDoublePriorityQueueTest.java,108,6,6,31,0.39,42,6,5,0,0,0,0,0,0,0,0,0,1,0,0,3,0,0,0,6,0,0,False
4478,logic-ng/logicng,3f7c38a5a142206a453af1e1b54074b02b172620,org/logicng/collections/LNGDoubleVectorTest.java,163,12,26,75,0.35,57,12,10,11,0,0,0,0,0,0,0,0,1,0,0,5,0,0,0,12,0,0,False
4479,logic-ng/logicng,3f7c38a5a142206a453af1e1b54074b02b172620,org/logicng/collections/LNGIntVectorTest.java,163,12,26,75,0.35,57,12,10,11,0,0,0,0,0,0,0,0,1,0,0,4,0,0,0,12,0,0,False
4480,logic-ng/logicng,3f7c38a5a142206a453af1e1b54074b02b172620,org/logicng/collections/LNGLongPriorityQueueTest.java,89,5,5,25,0.4,36,5,4,0,0,0,0,0,0,0,0,0,1,0,0,2,0,0,0,5,0,0,False
4481,logic-ng/logicng,3f7c38a5a142206a453af1e1b54074b02b172620,org/logicng/collections/LNGLongVectorTest.java,163,12,26,75,0.35,57,12,10,11,0,0,0,0,0,0,0,0,1,0,0,4,0,0,0,12,0,0,False
4482,logic-ng/logicng,3f7c38a5a142206a453af1e1b54074b02b172620,org/logicng/collections/LNGVectorTest.java,293,23,49,137,0.35,104,21,18,20,1,0,0,0,0,0,0,0,2,0,0,7,0,0,0,21,0,0,False
4483,logic-ng/logicng,3f7c38a5a142206a453af1e1b54074b02b172620,org/logicng/datastructures/AssignmentTest.java,134,13,16,60,0.48,64,13,12,0,0,0,0,1,0,0,0,2,1,0,0,3,0,0,0,13,0,0,False
4484,logic-ng/logicng,3f7c38a5a142206a453af1e1b54074b02b172620,org/logicng/formulas/SubstitutionTest.java,114,13,17,38,0.35,40,12,9,0,1,0,0,4,0,0,0,1,1,0,0,0,0,0,0,12,0,0,False
4485,logic-ng/logicng,3f7c38a5a142206a453af1e1b54074b02b172620,org/logicng/formulas/AndTest.java,125,16,18,58,0.58,72,16,13,0,0,0,0,1,0,0,0,1,1,0,0,3,0,0,0,16,0,0,False
4486,logic-ng/logicng,3f7c38a5a142206a453af1e1b54074b02b172620,org/logicng/formulas/CFalseTest.java,53,14,16,36,0.32,17,14,0,0,0,0,0,1,0,0,0,0,1,0,0,0,0,0,0,14,0,0,False
4487,logic-ng/logicng,3f7c38a5a142206a453af1e1b54074b02b172620,org/logicng/formulas/CTrueTest.java,54,14,16,36,0.33,18,14,1,0,0,0,0,1,0,0,0,0,1,0,0,1,0,0,0,14,0,0,False
4488,logic-ng/logicng,3f7c38a5a142206a453af1e1b54074b02b172620,org/logicng/formulas/EquivalenceTest.java,112,16,18,49,0.55,62,16,15,0,0,0,0,1,0,0,0,1,1,0,0,4,0,0,0,16,0,0,False
4489,logic-ng/logicng,3f7c38a5a142206a453af1e1b54074b02b172620,org/logicng/formulas/FormulaTest.java,49,6,11,26,0.2,10,4,3,0,0,0,0,0,0,0,0,0,0,0,0,0,0,0,0,4,0,0,False
4490,logic-ng/logicng,3f7c38a5a142206a453af1e1b54074b02b172620,org/logicng/formulas/FormulaFactoryTest.java,60,4,4,23,0.33,20,4,2,0,0,0,0,0,0,0,0,0,1,0,0,1,0,0,0,4,0,0,False
4491,logic-ng/logicng,3f7c38a5a142206a453af1e1b54074b02b172620,org/logicng/formulas/ImplicationTest.java,110,17,19,50,0.52,57,17,15,0,0,0,0,1,0,0,0,1,1,0,0,4,0,0,0,17,0,0,False
4492,logic-ng/logicng,3f7c38a5a142206a453af1e1b54074b02b172620,org/logicng/formulas/LiteralTest.java,111,19,20,54,0.55,61,19,18,0,0,0,0,0,0,0,0,1,1,0,0,2,1,0,0,19,0,0,False
4493,logic-ng/logicng,3f7c38a5a142206a453af1e1b54074b02b172620,org/logicng/formulas/NotTest.java,91,15,17,46,0.51,46,15,14,0,0,0,0,1,0,0,0,1,1,0,0,3,0,0,0,15,0,0,False
4494,logic-ng/logicng,3f7c38a5a142206a453af1e1b54074b02b172620,org/logicng/formulas/OrTest.java,121,15,17,53,0.59,71,15,13,0,0,0,0,1,0,0,0,1,1,0,0,3,0,0,0,15,0,0,False
4495,logic-ng/logicng,3f7c38a5a142206a453af1e1b54074b02b172620,org/logicng/formulas/PBConstraintTest.java,366,25,28,130,0.46,169,24,21,0,1,0,0,1,0,0,0,2,4,0,0,2,0,0,0,24,0,0,False
4496,logic-ng/logicng,3f7c38a5a142206a453af1e1b54074b02b172620,org/logicng/formulas/printer/LatexStringRepresentationTest.java,31,1,1,5,0.65,20,1,1,0,0,0,0,0,0,0,0,0,0,0,0,0,0,0,0,1,0,0,False
4497,logic-ng/logicng,3f7c38a5a142206a453af1e1b54074b02b172620,org/logicng/formulas/printer/UTF8StringRepresentationTest.java,31,1,1,5,0.65,20,1,1,0,0,0,0,0,0,0,0,0,0,0,0,0,0,0,0,1,0,0,False
4498,logic-ng/logicng,3f7c38a5a142206a453af1e1b54074b02b172620,org/logicng/io/parsers/PropositionalParserTest.java,138,24,47,50,0.41,57,24,6,0,0,0,0,23,0,0,0,0,1,0,0,0,0,0,0,24,0,0,False
4499,logic-ng/logicng,3f7c38a5a142206a453af1e1b54074b02b172620,org/logicng/io/parsers/PseudoBooleanParserTest.java,171,30,59,74,0.42,72,30,10,0,0,0,0,29,0,0,0,0,1,0,0,1,0,0,0,30,0,0,False
4500,logic-ng/logicng,3f7c38a5a142206a453af1e1b54074b02b172620,org/logicng/io/writers/FormulaDotFileWriterTest.java,48,5,14,14,0.08,4,5,0,0,0,0,0,3,0,0,0,0,0,0,0,0,3,1,0,3,0,0,False
4501,logic-ng/logicng,3f7c38a5a142206a453af1e1b54074b02b172620,org/logicng/predicates/CNFPredicateTest.java,26,1,1,6,0.58,15,1,1,0,0,0,0,0,0,0,0,0,0,0,0,0,0,0,0,1,0,0,False
4502,logic-ng/logicng,3f7c38a5a142206a453af1e1b54074b02b172620,org/logicng/predicates/DNFPredicateTest.java,26,1,1,6,0.58,15,1,1,0,0,0,0,0,0,0,0,0,0,0,0,0,0,0,0,1,0,0,False
4503,logic-ng/logicng,3f7c38a5a142206a453af1e1b54074b02b172620,org/logicng/propositions/ExtendedPropositionTest.java,74,5,11,17,0.31,23,4,4,0,1,0,0,3,0,0,0,1,1,0,0,0,0,0,0,4,0,0,False
4504,logic-ng/logicng,3f7c38a5a142206a453af1e1b54074b02b172620,org/logicng/propositions/StandardPropositionTest.java,61,5,11,15,0.39,24,4,4,0,1,0,0,3,0,0,0,1,1,0,0,0,0,0,0,4,0,0,False
4505,logic-ng/logicng,3f7c38a5a142206a453af1e1b54074b02b172620,org/logicng/pseudobooleans/PBSWCTest.java,78,4,7,31,0.12,9,4,2,2,0,0,0,0,0,0,0,0,0,0,0,0,1,1,0,3,0,0,False
4506,logic-ng/logicng,3f7c38a5a142206a453af1e1b54074b02b172620,org/logicng/solvers/sat/MiniSatTest.java,37,5,8,13,0.05,2,5,1,0,0,0,0,0,0,0,0,0,0,0,0,0,0,0,0,3,0,0,False
4507,logic-ng/logicng,3f7c38a5a142206a453af1e1b54074b02b172620,org/logicng/solvers/sat/MiniCardTest.java,76,7,10,27,0.18,14,7,3,0,0,0,0,0,0,0,0,0,0,0,0,1,0,0,0,5,0,0,False
4508,logic-ng/logicng,3f7c38a5a142206a453af1e1b54074b02b172620,org/logicng/util/PairTest.java,37,4,4,10,0.49,18,4,4,0,0,0,0,0,0,0,0,1,1,0,0,0,0,0,0,4,0,0,False
4509,logic-ng/logicng,ca89698aab46e5083c06176f1a89f23b054e346a,org/logicng/cardinalityconstraints/CCALKTotalizerTest.java,65,5,10,26,0.12,8,5,1,2,0,0,0,0,0,0,0,0,0,0,0,0,1,1,0,4,0,0,False
4510,logic-ng/logicng,ca89698aab46e5083c06176f1a89f23b054e346a,org/logicng/cardinalityconstraints/CCAMKTotalizerTest.java,79,5,9,33,0.11,9,5,2,3,0,0,0,0,0,0,0,0,0,0,0,0,1,1,0,4,0,0,False
4511,logic-ng/logicng,ca89698aab46e5083c06176f1a89f23b054e346a,org/logicng/collections/LNGBooleanVectorTest.java,134,10,22,63,0.39,52,10,8,9,0,0,0,0,0,0,0,0,1,0,0,4,0,0,0,10,0,0,False
4512,logic-ng/logicng,ca89698aab46e5083c06176f1a89f23b054e346a,org/logicng/collections/LNGByteVectorTest.java,163,12,26,75,0.35,57,12,10,11,0,0,0,0,0,0,0,0,1,0,0,4,0,0,0,12,0,0,False
4513,logic-ng/logicng,ca89698aab46e5083c06176f1a89f23b054e346a,org/logicng/collections/LNGDoublePriorityQueueTest.java,108,6,6,31,0.39,42,6,5,0,0,0,0,0,0,0,0,0,1,0,0,3,0,0,0,6,0,0,False
4514,logic-ng/logicng,ca89698aab46e5083c06176f1a89f23b054e346a,org/logicng/collections/LNGDoubleVectorTest.java,163,12,26,75,0.35,57,12,10,11,0,0,0,0,0,0,0,0,1,0,0,5,0,0,0,12,0,0,False
4515,logic-ng/logicng,ca89698aab46e5083c06176f1a89f23b054e346a,org/logicng/collections/LNGIntVectorTest.java,163,12,26,75,0.35,57,12,10,11,0,0,0,0,0,0,0,0,1,0,0,4,0,0,0,12,0,0,False
4516,logic-ng/logicng,ca89698aab46e5083c06176f1a89f23b054e346a,org/logicng/collections/LNGLongPriorityQueueTest.java,89,5,5,25,0.4,36,5,4,0,0,0,0,0,0,0,0,0,1,0,0,2,0,0,0,5,0,0,False
4517,logic-ng/logicng,ca89698aab46e5083c06176f1a89f23b054e346a,org/logicng/collections/LNGLongVectorTest.java,163,12,26,75,0.35,57,12,10,11,0,0,0,0,0,0,0,0,1,0,0,4,0,0,0,12,0,0,False
4518,logic-ng/logicng,ca89698aab46e5083c06176f1a89f23b054e346a,org/logicng/collections/LNGVectorTest.java,293,23,49,137,0.35,104,21,18,20,1,0,0,0,0,0,0,0,2,0,0,7,0,0,0,21,0,0,False
4519,logic-ng/logicng,ca89698aab46e5083c06176f1a89f23b054e346a,org/logicng/datastructures/AssignmentTest.java,134,13,16,60,0.48,64,13,12,0,0,0,0,1,0,0,0,2,1,0,0,3,0,0,0,13,0,0,False
4520,logic-ng/logicng,ca89698aab46e5083c06176f1a89f23b054e346a,org/logicng/formulas/SubstitutionTest.java,114,13,17,38,0.35,40,12,9,0,1,0,0,4,0,0,0,1,1,0,0,0,0,0,0,12,0,0,False
4521,logic-ng/logicng,ca89698aab46e5083c06176f1a89f23b054e346a,org/logicng/formulas/AndTest.java,125,16,18,58,0.58,72,16,13,0,0,0,0,1,0,0,0,1,1,0,0,3,0,0,0,16,0,0,False
4522,logic-ng/logicng,ca89698aab46e5083c06176f1a89f23b054e346a,org/logicng/formulas/CFalseTest.java,53,14,16,36,0.32,17,14,0,0,0,0,0,1,0,0,0,0,1,0,0,0,0,0,0,14,0,0,False
4523,logic-ng/logicng,ca89698aab46e5083c06176f1a89f23b054e346a,org/logicng/formulas/CTrueTest.java,54,14,16,36,0.33,18,14,1,0,0,0,0,1,0,0,0,0,1,0,0,1,0,0,0,14,0,0,False
4524,logic-ng/logicng,ca89698aab46e5083c06176f1a89f23b054e346a,org/logicng/formulas/EquivalenceTest.java,112,16,18,49,0.55,62,16,15,0,0,0,0,1,0,0,0,1,1,0,0,4,0,0,0,16,0,0,False
4525,logic-ng/logicng,ca89698aab46e5083c06176f1a89f23b054e346a,org/logicng/formulas/FormulaTest.java,49,6,11,26,0.2,10,4,3,0,0,0,0,0,0,0,0,0,0,0,0,0,0,0,0,4,0,0,False
4526,logic-ng/logicng,ca89698aab46e5083c06176f1a89f23b054e346a,org/logicng/formulas/FormulaFactoryTest.java,60,4,4,23,0.33,20,4,2,0,0,0,0,0,0,0,0,0,1,0,0,1,0,0,0,4,0,0,False
4527,logic-ng/logicng,ca89698aab46e5083c06176f1a89f23b054e346a,org/logicng/formulas/ImplicationTest.java,110,17,19,50,0.52,57,17,15,0,0,0,0,1,0,0,0,1,1,0,0,4,0,0,0,17,0,0,False
4528,logic-ng/logicng,ca89698aab46e5083c06176f1a89f23b054e346a,org/logicng/formulas/LiteralTest.java,111,19,20,54,0.55,61,19,18,0,0,0,0,0,0,0,0,1,1,0,0,2,1,0,0,19,0,0,False
4529,logic-ng/logicng,ca89698aab46e5083c06176f1a89f23b054e346a,org/logicng/formulas/NotTest.java,91,15,17,46,0.51,46,15,14,0,0,0,0,1,0,0,0,1,1,0,0,3,0,0,0,15,0,0,False
4530,logic-ng/logicng,ca89698aab46e5083c06176f1a89f23b054e346a,org/logicng/formulas/OrTest.java,121,15,17,53,0.59,71,15,13,0,0,0,0,1,0,0,0,1,1,0,0,3,0,0,0,15,0,0,False
4531,logic-ng/logicng,ca89698aab46e5083c06176f1a89f23b054e346a,org/logicng/formulas/PBConstraintTest.java,366,25,28,130,0.46,169,24,21,0,1,0,0,1,0,0,0,2,4,0,0,2,0,0,0,24,0,0,False
4532,logic-ng/logicng,ca89698aab46e5083c06176f1a89f23b054e346a,org/logicng/formulas/printer/LatexStringRepresentationTest.java,31,1,1,5,0.65,20,1,1,0,0,0,0,0,0,0,0,0,0,0,0,0,0,0,0,1,0,0,False
4533,logic-ng/logicng,ca89698aab46e5083c06176f1a89f23b054e346a,org/logicng/formulas/printer/UTF8StringRepresentationTest.java,31,1,1,5,0.65,20,1,1,0,0,0,0,0,0,0,0,0,0,0,0,0,0,0,0,1,0,0,False
4534,logic-ng/logicng,ca89698aab46e5083c06176f1a89f23b054e346a,org/logicng/io/parsers/PropositionalParserTest.java,128,23,45,47,0.39,50,23,5,0,0,0,0,22,0,0,0,0,1,0,0,0,0,0,0,23,0,0,False
4535,logic-ng/logicng,ca89698aab46e5083c06176f1a89f23b054e346a,org/logicng/io/parsers/PseudoBooleanParserTest.java,157,28,55,70,0.41,64,28,9,0,0,0,0,27,0,0,0,0,1,0,0,1,0,0,0,28,0,0,False
4536,logic-ng/logicng,ca89698aab46e5083c06176f1a89f23b054e346a,org/logicng/io/writers/FormulaDotFileWriterTest.java,48,5,14,14,0.08,4,5,0,0,0,0,0,3,0,0,0,0,0,0,0,0,3,1,0,3,0,0,False
4537,logic-ng/logicng,ca89698aab46e5083c06176f1a89f23b054e346a,org/logicng/predicates/CNFPredicateTest.java,26,1,1,6,0.58,15,1,1,0,0,0,0,0,0,0,0,0,0,0,0,0,0,0,0,1,0,0,False
4538,logic-ng/logicng,ca89698aab46e5083c06176f1a89f23b054e346a,org/logicng/predicates/DNFPredicateTest.java,26,1,1,6,0.58,15,1,1,0,0,0,0,0,0,0,0,0,0,0,0,0,0,0,0,1,0,0,False
4539,logic-ng/logicng,ca89698aab46e5083c06176f1a89f23b054e346a,org/logicng/propositions/ExtendedPropositionTest.java,74,5,11,17,0.31,23,4,4,0,1,0,0,3,0,0,0,1,1,0,0,0,0,0,0,4,0,0,False
4540,logic-ng/logicng,ca89698aab46e5083c06176f1a89f23b054e346a,org/logicng/propositions/StandardPropositionTest.java,61,5,11,15,0.39,24,4,4,0,1,0,0,3,0,0,0,1,1,0,0,0,0,0,0,4,0,0,False
4541,logic-ng/logicng,ca89698aab46e5083c06176f1a89f23b054e346a,org/logicng/pseudobooleans/PBSWCTest.java,78,4,7,31,0.12,9,4,2,2,0,0,0,0,0,0,0,0,0,0,0,0,1,1,0,3,0,0,False
4542,logic-ng/logicng,ca89698aab46e5083c06176f1a89f23b054e346a,org/logicng/solvers/sat/MiniSatTest.java,37,5,8,13,0.05,2,5,1,0,0,0,0,0,0,0,0,0,0,0,0,0,0,0,0,3,0,0,False
4543,logic-ng/logicng,ca89698aab46e5083c06176f1a89f23b054e346a,org/logicng/solvers/sat/MiniCardTest.java,76,7,10,27,0.18,14,7,3,0,0,0,0,0,0,0,0,0,0,0,0,1,0,0,0,5,0,0,False
4544,logic-ng/logicng,ca89698aab46e5083c06176f1a89f23b054e346a,org/logicng/util/PairTest.java,37,4,4,10,0.49,18,4,4,0,0,0,0,0,0,0,0,1,1,0,0,0,0,0,0,4,0,0,False
4545,logic-ng/logicng,fc5de39caa66cbf44c7fefec14d0d5ddd6625b6e,org/logicng/cardinalityconstraints/CCALKTotalizerTest.java,65,5,10,26,0.12,8,5,1,2,0,0,0,0,0,0,0,0,0,0,0,0,1,1,0,4,0,0,False
4546,logic-ng/logicng,fc5de39caa66cbf44c7fefec14d0d5ddd6625b6e,org/logicng/cardinalityconstraints/CCAMKTotalizerTest.java,79,5,9,33,0.11,9,5,2,3,0,0,0,0,0,0,0,0,0,0,0,0,1,1,0,4,0,0,False
4547,logic-ng/logicng,fc5de39caa66cbf44c7fefec14d0d5ddd6625b6e,org/logicng/collections/LNGBooleanVectorTest.java,134,10,22,63,0.39,52,10,8,9,0,0,0,0,0,0,0,0,1,0,0,4,0,0,0,10,0,0,False
4548,logic-ng/logicng,fc5de39caa66cbf44c7fefec14d0d5ddd6625b6e,org/logicng/collections/LNGByteVectorTest.java,163,12,26,75,0.35,57,12,10,11,0,0,0,0,0,0,0,0,1,0,0,4,0,0,0,12,0,0,False
4549,logic-ng/logicng,fc5de39caa66cbf44c7fefec14d0d5ddd6625b6e,org/logicng/collections/LNGDoublePriorityQueueTest.java,108,6,6,31,0.39,42,6,5,0,0,0,0,0,0,0,0,0,1,0,0,3,0,0,0,6,0,0,False
4550,logic-ng/logicng,fc5de39caa66cbf44c7fefec14d0d5ddd6625b6e,org/logicng/collections/LNGDoubleVectorTest.java,163,12,26,75,0.35,57,12,10,11,0,0,0,0,0,0,0,0,1,0,0,5,0,0,0,12,0,0,False
4551,logic-ng/logicng,fc5de39caa66cbf44c7fefec14d0d5ddd6625b6e,org/logicng/collections/LNGIntVectorTest.java,163,12,26,75,0.35,57,12,10,11,0,0,0,0,0,0,0,0,1,0,0,4,0,0,0,12,0,0,False
4552,logic-ng/logicng,fc5de39caa66cbf44c7fefec14d0d5ddd6625b6e,org/logicng/collections/LNGLongPriorityQueueTest.java,89,5,5,25,0.4,36,5,4,0,0,0,0,0,0,0,0,0,1,0,0,2,0,0,0,5,0,0,False
4553,logic-ng/logicng,fc5de39caa66cbf44c7fefec14d0d5ddd6625b6e,org/logicng/collections/LNGLongVectorTest.java,163,12,26,75,0.35,57,12,10,11,0,0,0,0,0,0,0,0,1,0,0,4,0,0,0,12,0,0,False
4554,logic-ng/logicng,fc5de39caa66cbf44c7fefec14d0d5ddd6625b6e,org/logicng/collections/LNGVectorTest.java,293,23,49,137,0.35,104,21,18,20,1,0,0,0,0,0,0,0,2,0,0,7,0,0,0,21,0,0,False
4555,logic-ng/logicng,fc5de39caa66cbf44c7fefec14d0d5ddd6625b6e,org/logicng/datastructures/AssignmentTest.java,134,13,16,60,0.48,64,13,12,0,0,0,0,1,0,0,0,2,1,0,0,3,0,0,0,13,0,0,False
4556,logic-ng/logicng,fc5de39caa66cbf44c7fefec14d0d5ddd6625b6e,org/logicng/formulas/SubstitutionTest.java,123,14,18,39,0.35,43,13,9,0,1,0,0,4,0,0,0,1,1,0,0,0,0,0,0,13,0,0,False
4557,logic-ng/logicng,fc5de39caa66cbf44c7fefec14d0d5ddd6625b6e,org/logicng/formulas/AndTest.java,125,16,18,56,0.58,72,16,13,0,0,0,0,1,0,0,0,1,1,0,0,3,0,0,0,16,0,0,False
4558,logic-ng/logicng,fc5de39caa66cbf44c7fefec14d0d5ddd6625b6e,org/logicng/formulas/CFalseTest.java,53,14,16,36,0.32,17,14,0,0,0,0,0,1,0,0,0,0,1,0,0,0,0,0,0,14,0,0,False
4559,logic-ng/logicng,fc5de39caa66cbf44c7fefec14d0d5ddd6625b6e,org/logicng/formulas/CTrueTest.java,54,14,16,36,0.33,18,14,1,0,0,0,0,1,0,0,0,0,1,0,0,1,0,0,0,14,0,0,False
4560,logic-ng/logicng,fc5de39caa66cbf44c7fefec14d0d5ddd6625b6e,org/logicng/formulas/EquivalenceTest.java,112,16,18,48,0.55,62,16,15,0,0,0,0,1,0,0,0,1,1,0,0,4,0,0,0,16,0,0,False
4561,logic-ng/logicng,fc5de39caa66cbf44c7fefec14d0d5ddd6625b6e,org/logicng/formulas/FormulaTest.java,49,6,11,25,0.2,10,4,3,0,0,0,0,0,0,0,0,0,0,0,0,0,0,0,0,4,0,0,False
4562,logic-ng/logicng,fc5de39caa66cbf44c7fefec14d0d5ddd6625b6e,org/logicng/formulas/FormulaFactoryTest.java,41,3,3,18,0.22,9,3,2,0,0,0,0,0,0,0,0,0,1,0,0,0,0,0,0,3,0,0,False
4563,logic-ng/logicng,fc5de39caa66cbf44c7fefec14d0d5ddd6625b6e,org/logicng/formulas/ImplicationTest.java,110,17,19,49,0.52,57,17,15,0,0,0,0,1,0,0,0,1,1,0,0,4,0,0,0,17,0,0,False
4564,logic-ng/logicng,fc5de39caa66cbf44c7fefec14d0d5ddd6625b6e,org/logicng/formulas/LiteralTest.java,105,18,19,49,0.54,57,18,17,0,0,0,0,0,0,0,0,1,1,0,0,2,1,0,0,18,0,0,False
4565,logic-ng/logicng,fc5de39caa66cbf44c7fefec14d0d5ddd6625b6e,org/logicng/formulas/NotTest.java,91,15,17,46,0.51,46,15,14,0,0,0,0,1,0,0,0,1,1,0,0,3,0,0,0,15,0,0,False
4566,logic-ng/logicng,fc5de39caa66cbf44c7fefec14d0d5ddd6625b6e,org/logicng/formulas/OrTest.java,121,15,17,52,0.59,71,15,13,0,0,0,0,1,0,0,0,1,1,0,0,3,0,0,0,15,0,0,False
4567,logic-ng/logicng,fc5de39caa66cbf44c7fefec14d0d5ddd6625b6e,org/logicng/formulas/PBConstraintTest.java,381,28,31,125,0.45,172,27,21,0,1,0,0,1,0,0,0,2,4,0,0,2,0,0,0,27,0,0,False
4568,logic-ng/logicng,fc5de39caa66cbf44c7fefec14d0d5ddd6625b6e,org/logicng/formulas/printer/LatexStringRepresentationTest.java,31,1,1,5,0.65,20,1,1,0,0,0,0,0,0,0,0,0,0,0,0,0,0,0,0,1,0,0,False
4569,logic-ng/logicng,fc5de39caa66cbf44c7fefec14d0d5ddd6625b6e,org/logicng/formulas/printer/UTF8StringRepresentationTest.java,31,1,1,5,0.65,20,1,1,0,0,0,0,0,0,0,0,0,0,0,0,0,0,0,0,1,0,0,False
4570,logic-ng/logicng,fc5de39caa66cbf44c7fefec14d0d5ddd6625b6e,org/logicng/io/parsers/PropositionalParserTest.java,128,23,45,45,0.39,50,23,5,0,0,0,0,22,0,0,0,0,1,0,0,0,0,0,0,23,0,0,False
4571,logic-ng/logicng,fc5de39caa66cbf44c7fefec14d0d5ddd6625b6e,org/logicng/io/parsers/PseudoBooleanParserTest.java,157,28,55,65,0.41,64,28,9,0,0,0,0,27,0,0,0,0,1,0,0,1,0,0,0,28,0,0,False
4572,logic-ng/logicng,fc5de39caa66cbf44c7fefec14d0d5ddd6625b6e,org/logicng/io/writers/FormulaDotFileWriterTest.java,41,4,9,9,0.05,2,4,0,0,0,0,0,3,0,0,0,0,0,0,0,0,3,1,0,3,0,0,False
4573,logic-ng/logicng,fc5de39caa66cbf44c7fefec14d0d5ddd6625b6e,org/logicng/predicates/CNFPredicateTest.java,26,1,1,6,0.58,15,1,1,0,0,0,0,0,0,0,0,0,0,0,0,0,0,0,0,1,0,0,False
4574,logic-ng/logicng,fc5de39caa66cbf44c7fefec14d0d5ddd6625b6e,org/logicng/predicates/DNFPredicateTest.java,26,1,1,6,0.58,15,1,1,0,0,0,0,0,0,0,0,0,0,0,0,0,0,0,0,1,0,0,False
4575,logic-ng/logicng,fc5de39caa66cbf44c7fefec14d0d5ddd6625b6e,org/logicng/propositions/ExtendedPropositionTest.java,74,5,11,17,0.31,23,4,4,0,1,0,0,3,0,0,0,1,1,0,0,0,0,0,0,4,0,0,False
4576,logic-ng/logicng,fc5de39caa66cbf44c7fefec14d0d5ddd6625b6e,org/logicng/propositions/StandardPropositionTest.java,61,5,11,15,0.39,24,4,4,0,1,0,0,3,0,0,0,1,1,0,0,0,0,0,0,4,0,0,False
4577,logic-ng/logicng,fc5de39caa66cbf44c7fefec14d0d5ddd6625b6e,org/logicng/pseudobooleans/PBSWCTest.java,78,4,7,31,0.12,9,4,2,2,0,0,0,0,0,0,0,0,0,0,0,0,1,1,0,3,0,0,False
4578,logic-ng/logicng,fc5de39caa66cbf44c7fefec14d0d5ddd6625b6e,org/logicng/solvers/sat/MiniSatTest.java,37,5,8,13,0.05,2,5,1,0,0,0,0,0,0,0,0,0,0,0,0,0,0,0,0,3,0,0,False
4579,logic-ng/logicng,fc5de39caa66cbf44c7fefec14d0d5ddd6625b6e,org/logicng/solvers/sat/MiniCardTest.java,76,7,10,27,0.18,14,7,3,0,0,0,0,0,0,0,0,0,0,0,0,1,0,0,0,5,0,0,False
4580,logic-ng/logicng,fc5de39caa66cbf44c7fefec14d0d5ddd6625b6e,org/logicng/util/PairTest.java,37,4,4,10,0.49,18,4,4,0,0,0,0,0,0,0,0,1,1,0,0,0,0,0,0,4,0,0,False
4581,logic-ng/logicng,0188080e0c29d6564dcf971163a8a86d60034ac2,org/logicng/cardinalityconstraints/CCALKTotalizerTest.java,65,5,10,26,0.12,8,5,1,2,0,0,0,0,0,0,0,0,0,0,0,0,1,1,0,4,0,0,False
4582,logic-ng/logicng,0188080e0c29d6564dcf971163a8a86d60034ac2,org/logicng/cardinalityconstraints/CCAMKTotalizerTest.java,79,5,9,33,0.11,9,5,2,3,0,0,0,0,0,0,0,0,0,0,0,0,1,1,0,4,0,0,False
4583,logic-ng/logicng,0188080e0c29d6564dcf971163a8a86d60034ac2,org/logicng/collections/LNGBooleanVectorTest.java,134,10,22,63,0.39,52,10,8,9,0,0,0,0,0,0,0,0,1,0,0,4,0,0,0,10,0,0,False
4584,logic-ng/logicng,0188080e0c29d6564dcf971163a8a86d60034ac2,org/logicng/collections/LNGByteVectorTest.java,163,12,26,75,0.35,57,12,10,11,0,0,0,0,0,0,0,0,1,0,0,4,0,0,0,12,0,0,False
4585,logic-ng/logicng,0188080e0c29d6564dcf971163a8a86d60034ac2,org/logicng/collections/LNGDoublePriorityQueueTest.java,108,6,6,31,0.39,42,6,5,0,0,0,0,0,0,0,0,0,1,0,0,3,0,0,0,6,0,0,False
4586,logic-ng/logicng,0188080e0c29d6564dcf971163a8a86d60034ac2,org/logicng/collections/LNGDoubleVectorTest.java,163,12,26,75,0.35,57,12,10,11,0,0,0,0,0,0,0,0,1,0,0,5,0,0,0,12,0,0,False
4587,logic-ng/logicng,0188080e0c29d6564dcf971163a8a86d60034ac2,org/logicng/collections/LNGIntVectorTest.java,163,12,26,75,0.35,57,12,10,11,0,0,0,0,0,0,0,0,1,0,0,4,0,0,0,12,0,0,False
4588,logic-ng/logicng,0188080e0c29d6564dcf971163a8a86d60034ac2,org/logicng/collections/LNGLongPriorityQueueTest.java,89,5,5,25,0.4,36,5,4,0,0,0,0,0,0,0,0,0,1,0,0,2,0,0,0,5,0,0,False
4589,logic-ng/logicng,0188080e0c29d6564dcf971163a8a86d60034ac2,org/logicng/collections/LNGLongVectorTest.java,163,12,26,75,0.35,57,12,10,11,0,0,0,0,0,0,0,0,1,0,0,4,0,0,0,12,0,0,False
4590,logic-ng/logicng,0188080e0c29d6564dcf971163a8a86d60034ac2,org/logicng/collections/LNGVectorTest.java,293,23,49,137,0.35,104,21,18,20,1,0,0,0,0,0,0,0,2,0,0,7,0,0,0,21,0,0,False
4591,logic-ng/logicng,0188080e0c29d6564dcf971163a8a86d60034ac2,org/logicng/datastructures/AssignmentTest.java,102,11,13,42,0.45,46,11,10,0,0,0,0,1,0,0,0,2,1,0,0,2,0,0,0,11,0,0,False
4592,logic-ng/logicng,0188080e0c29d6564dcf971163a8a86d60034ac2,org/logicng/formulas/SubstitutionTest.java,123,14,18,39,0.35,43,13,9,0,1,0,0,4,0,0,0,1,1,0,0,0,0,0,0,13,0,0,False
4593,logic-ng/logicng,0188080e0c29d6564dcf971163a8a86d60034ac2,org/logicng/formulas/AndTest.java,110,14,15,48,0.55,61,14,11,0,0,0,0,1,0,0,0,1,1,0,0,3,0,0,0,14,0,0,False
4594,logic-ng/logicng,0188080e0c29d6564dcf971163a8a86d60034ac2,org/logicng/formulas/CFalseTest.java,47,12,13,28,0.32,15,12,2,0,0,0,0,1,0,0,0,1,1,0,0,2,0,0,0,12,0,0,False
4595,logic-ng/logicng,0188080e0c29d6564dcf971163a8a86d60034ac2,org/logicng/formulas/CTrueTest.java,47,12,13,28,0.32,15,12,2,0,0,0,0,1,0,0,0,1,1,0,0,2,0,0,0,12,0,0,False
4596,logic-ng/logicng,0188080e0c29d6564dcf971163a8a86d60034ac2,org/logicng/formulas/EquivalenceTest.java,99,14,15,42,0.54,53,14,13,0,0,0,0,1,0,0,0,1,1,0,0,4,0,0,0,14,0,0,False
4597,logic-ng/logicng,0188080e0c29d6564dcf971163a8a86d60034ac2,org/logicng/formulas/FormulaTest.java,49,6,11,25,0.2,10,4,3,0,0,0,0,0,0,0,0,0,0,0,0,0,0,0,0,4,0,0,False
4598,logic-ng/logicng,0188080e0c29d6564dcf971163a8a86d60034ac2,org/logicng/formulas/FormulaFactoryTest.java,41,3,3,18,0.22,9,3,2,0,0,0,0,0,0,0,0,0,1,0,0,0,0,0,0,3,0,0,False
4599,logic-ng/logicng,0188080e0c29d6564dcf971163a8a86d60034ac2,org/logicng/formulas/ImplicationTest.java,97,15,16,43,0.49,48,15,13,0,0,0,0,1,0,0,0,1,1,0,0,4,0,0,0,15,0,0,False
4600,logic-ng/logicng,0188080e0c29d6564dcf971163a8a86d60034ac2,org/logicng/formulas/LiteralTest.java,94,16,17,43,0.53,50,16,15,0,0,0,0,1,0,0,0,1,1,0,0,2,1,0,0,16,0,0,False
4601,logic-ng/logicng,0188080e0c29d6564dcf971163a8a86d60034ac2,org/logicng/formulas/NotTest.java,81,13,14,38,0.49,40,13,12,0,0,0,0,1,0,0,0,1,1,0,0,3,0,0,0,13,0,0,False
4602,logic-ng/logicng,0188080e0c29d6564dcf971163a8a86d60034ac2,org/logicng/formulas/OrTest.java,106,13,14,44,0.57,60,13,11,0,0,0,0,1,0,0,0,1,1,0,0,3,0,0,0,13,0,0,False
4603,logic-ng/logicng,0188080e0c29d6564dcf971163a8a86d60034ac2,org/logicng/formulas/PBConstraintTest.java,377,27,30,123,0.45,170,26,20,0,1,0,0,1,0,0,0,2,4,0,0,2,0,0,0,26,0,0,False
4604,logic-ng/logicng,0188080e0c29d6564dcf971163a8a86d60034ac2,org/logicng/formulas/printer/LatexStringRepresentationTest.java,26,1,1,5,0.58,15,1,1,0,0,0,0,0,0,0,0,0,0,0,0,0,0,0,0,1,0,0,False
4605,logic-ng/logicng,0188080e0c29d6564dcf971163a8a86d60034ac2,org/logicng/formulas/printer/UTF8StringRepresentationTest.java,26,1,1,5,0.58,15,1,1,0,0,0,0,0,0,0,0,0,0,0,0,0,0,0,0,1,0,0,False
4606,logic-ng/logicng,0188080e0c29d6564dcf971163a8a86d60034ac2,org/logicng/io/parsers/PropositionalParserTest.java,115,20,40,38,0.41,47,20,4,0,0,0,0,20,0,0,0,0,0,0,0,0,0,0,0,20,0,0,False
4607,logic-ng/logicng,0188080e0c29d6564dcf971163a8a86d60034ac2,org/logicng/io/parsers/PseudoBooleanParserTest.java,140,24,48,54,0.42,59,24,7,0,0,0,0,24,0,0,0,0,0,0,0,1,0,0,0,24,0,0,False
4608,logic-ng/logicng,0188080e0c29d6564dcf971163a8a86d60034ac2,org/logicng/io/writers/FormulaDotFileWriterTest.java,41,4,9,9,0.05,2,4,0,0,0,0,0,3,0,0,0,0,0,0,0,0,3,1,0,3,0,0,False
4609,logic-ng/logicng,0188080e0c29d6564dcf971163a8a86d60034ac2,org/logicng/propositions/ExtendedPropositionTest.java,74,5,11,17,0.31,23,4,4,0,1,0,0,3,0,0,0,1,1,0,0,0,0,0,0,4,0,0,False
4610,logic-ng/logicng,0188080e0c29d6564dcf971163a8a86d60034ac2,org/logicng/propositions/StandardPropositionTest.java,61,5,11,15,0.39,24,4,4,0,1,0,0,3,0,0,0,1,1,0,0,0,0,0,0,4,0,0,False
4611,logic-ng/logicng,0188080e0c29d6564dcf971163a8a86d60034ac2,org/logicng/pseudobooleans/PBSWCTest.java,78,4,7,31,0.12,9,4,2,2,0,0,0,0,0,0,0,0,0,0,0,0,1,1,0,3,0,0,False
4612,logic-ng/logicng,0188080e0c29d6564dcf971163a8a86d60034ac2,org/logicng/util/PairTest.java,37,4,4,10,0.49,18,4,4,0,0,0,0,0,0,0,0,1,1,0,0,0,0,0,0,4,0,0,False
4613,logic-ng/logicng,98d77b261c3c85efd355b0be6dbf62b812666470,org/logicng/cardinalityconstraints/CCALKTotalizerTest.java,65,5,10,26,0.12,8,5,1,2,0,0,0,0,0,0,0,0,0,0,0,0,1,1,0,4,0,0,False
4614,logic-ng/logicng,98d77b261c3c85efd355b0be6dbf62b812666470,org/logicng/cardinalityconstraints/CCAMKTotalizerTest.java,79,5,9,33,0.11,9,5,2,3,0,0,0,0,0,0,0,0,0,0,0,0,1,1,0,4,0,0,False
4615,logic-ng/logicng,98d77b261c3c85efd355b0be6dbf62b812666470,org/logicng/collections/LNGBooleanVectorTest.java,134,10,22,63,0.39,52,10,8,9,0,0,0,0,0,0,0,0,1,0,0,4,0,0,0,10,0,0,False
4616,logic-ng/logicng,98d77b261c3c85efd355b0be6dbf62b812666470,org/logicng/collections/LNGByteVectorTest.java,163,12,26,75,0.35,57,12,10,11,0,0,0,0,0,0,0,0,1,0,0,4,0,0,0,12,0,0,False
4617,logic-ng/logicng,98d77b261c3c85efd355b0be6dbf62b812666470,org/logicng/collections/LNGDoublePriorityQueueTest.java,108,6,6,31,0.39,42,6,5,0,0,0,0,0,0,0,0,0,1,0,0,3,0,0,0,6,0,0,False
4618,logic-ng/logicng,98d77b261c3c85efd355b0be6dbf62b812666470,org/logicng/collections/LNGDoubleVectorTest.java,163,12,26,75,0.35,57,12,10,11,0,0,0,0,0,0,0,0,1,0,0,5,0,0,0,12,0,0,False
4619,logic-ng/logicng,98d77b261c3c85efd355b0be6dbf62b812666470,org/logicng/collections/LNGIntVectorTest.java,163,12,26,75,0.35,57,12,10,11,0,0,0,0,0,0,0,0,1,0,0,4,0,0,0,12,0,0,False
4620,logic-ng/logicng,98d77b261c3c85efd355b0be6dbf62b812666470,org/logicng/collections/LNGLongPriorityQueueTest.java,89,5,5,25,0.4,36,5,4,0,0,0,0,0,0,0,0,0,1,0,0,2,0,0,0,5,0,0,False
4621,logic-ng/logicng,98d77b261c3c85efd355b0be6dbf62b812666470,org/logicng/collections/LNGLongVectorTest.java,163,12,26,75,0.35,57,12,10,11,0,0,0,0,0,0,0,0,1,0,0,4,0,0,0,12,0,0,False
4622,logic-ng/logicng,98d77b261c3c85efd355b0be6dbf62b812666470,org/logicng/collections/LNGVectorTest.java,293,23,49,137,0.35,104,21,18,20,1,0,0,0,0,0,0,0,2,0,0,7,0,0,0,21,0,0,False
4623,logic-ng/logicng,98d77b261c3c85efd355b0be6dbf62b812666470,org/logicng/datastructures/AssignmentTest.java,102,11,13,42,0.45,46,11,10,0,0,0,0,1,0,0,0,2,1,0,0,2,0,0,0,11,0,0,False
4624,logic-ng/logicng,98d77b261c3c85efd355b0be6dbf62b812666470,org/logicng/formulas/SubstitutionTest.java,123,14,18,39,0.35,43,13,9,0,1,0,0,4,0,0,0,1,1,0,0,0,0,0,0,13,0,0,False
4625,logic-ng/logicng,98d77b261c3c85efd355b0be6dbf62b812666470,org/logicng/formulas/AndTest.java,90,10,10,37,0.57,51,10,8,0,0,0,0,0,0,0,0,1,1,0,0,1,0,0,0,10,0,0,False
4626,logic-ng/logicng,98d77b261c3c85efd355b0be6dbf62b812666470,org/logicng/formulas/CFalseTest.java,33,8,8,19,0.27,9,8,0,0,0,0,0,0,0,0,0,1,1,0,0,0,0,0,0,8,0,0,False
4627,logic-ng/logicng,98d77b261c3c85efd355b0be6dbf62b812666470,org/logicng/formulas/CTrueTest.java,33,8,8,19,0.27,9,8,0,0,0,0,0,0,0,0,0,1,1,0,0,0,0,0,0,8,0,0,False
4628,logic-ng/logicng,98d77b261c3c85efd355b0be6dbf62b812666470,org/logicng/formulas/EquivalenceTest.java,80,10,10,31,0.54,43,10,9,0,0,0,0,0,0,0,0,1,1,0,0,2,0,0,0,10,0,0,False
4629,logic-ng/logicng,98d77b261c3c85efd355b0be6dbf62b812666470,org/logicng/formulas/ImplicationTest.java,78,11,11,32,0.49,38,11,9,0,0,0,0,0,0,0,0,1,1,0,0,2,0,0,0,11,0,0,False
4630,logic-ng/logicng,98d77b261c3c85efd355b0be6dbf62b812666470,org/logicng/formulas/LiteralTest.java,74,12,12,33,0.51,38,12,11,0,0,0,0,0,0,0,0,1,1,0,0,0,1,0,0,12,0,0,False
4631,logic-ng/logicng,98d77b261c3c85efd355b0be6dbf62b812666470,org/logicng/formulas/NotTest.java,62,9,9,27,0.48,30,9,8,0,0,0,0,0,0,0,0,1,1,0,0,1,0,0,0,9,0,0,False
4632,logic-ng/logicng,98d77b261c3c85efd355b0be6dbf62b812666470,org/logicng/formulas/OrTest.java,86,9,9,33,0.58,50,9,8,0,0,0,0,0,0,0,0,1,1,0,0,1,0,0,0,9,0,0,False
4633,logic-ng/logicng,98d77b261c3c85efd355b0be6dbf62b812666470,org/logicng/formulas/PBConstraintTest.java,403,27,30,128,0.44,179,26,22,0,1,0,0,0,0,0,0,2,4,0,0,0,0,0,0,26,0,0,False
4634,logic-ng/logicng,98d77b261c3c85efd355b0be6dbf62b812666470,org/logicng/formulas/printer/LatexStringRepresentationTest.java,26,1,1,5,0.58,15,1,1,0,0,0,0,0,0,0,0,0,0,0,0,0,0,0,0,1,0,0,False
4635,logic-ng/logicng,98d77b261c3c85efd355b0be6dbf62b812666470,org/logicng/formulas/printer/UTF8StringRepresentationTest.java,26,1,1,5,0.58,15,1,1,0,0,0,0,0,0,0,0,0,0,0,0,0,0,0,0,1,0,0,False
4636,logic-ng/logicng,98d77b261c3c85efd355b0be6dbf62b812666470,org/logicng/io/parser/PropositionalParserTest.java,115,20,40,38,0.41,47,20,4,0,0,0,0,20,0,0,0,0,0,0,0,0,0,0,0,20,0,0,False
4637,logic-ng/logicng,98d77b261c3c85efd355b0be6dbf62b812666470,org/logicng/io/parser/PseudoBooleanParserTest.java,140,24,48,54,0.42,59,24,7,0,0,0,0,24,0,0,0,0,0,0,0,1,0,0,0,24,0,0,False
4638,logic-ng/logicng,98d77b261c3c85efd355b0be6dbf62b812666470,org/logicng/propositions/ExtendedPropositionTest.java,74,5,11,17,0.31,23,4,4,0,1,0,0,3,0,0,0,1,1,0,0,0,0,0,0,4,0,0,False
4639,logic-ng/logicng,98d77b261c3c85efd355b0be6dbf62b812666470,org/logicng/propositions/StandardPropositionTest.java,61,5,11,15,0.39,24,4,4,0,1,0,0,3,0,0,0,1,1,0,0,0,0,0,0,4,0,0,False
4640,logic-ng/logicng,98d77b261c3c85efd355b0be6dbf62b812666470,org/logicng/pseudobooleans/PBSWCTest.java,78,4,7,31,0.12,9,4,2,2,0,0,0,0,0,0,0,0,0,0,0,0,1,1,0,3,0,0,False
4641,logic-ng/logicng,98d77b261c3c85efd355b0be6dbf62b812666470,org/logicng/util/PairTest.java,37,4,4,10,0.49,18,4,4,0,0,0,0,0,0,0,0,1,1,0,0,0,0,0,0,4,0,0,False
4642,logic-ng/logicng,b20e782b8710b9d62dbd25110fbb6c545a673867,org/logicng/backbones/BackboneTest.java,78,6,8,39,0.35,27,6,4,0,0,0,0,1,0,0,0,0,1,0,0,2,0,0,0,5,0,0,False
4643,logic-ng/logicng,b20e782b8710b9d62dbd25110fbb6c545a673867,org/logicng/backbones/BackboneGenerationTest.java,224,9,27,100,0.22,49,9,4,2,0,0,0,4,0,0,0,0,0,0,0,2,0,0,0,8,0,0,False
4644,logic-ng/logicng,b20e782b8710b9d62dbd25110fbb6c545a673867,org/logicng/collections/LNGBooleanVectorTest.java,173,11,22,75,0.34,59,11,10,9,0,0,0,0,0,0,0,0,1,0,0,7,0,0,0,11,0,0,False
4645,logic-ng/logicng,b20e782b8710b9d62dbd25110fbb6c545a673867,org/logicng/collections/LNGByteVectorTest.java,198,12,25,84,0.29,57,12,11,11,0,0,0,0,0,0,0,0,1,0,0,6,0,0,0,12,0,0,False
4646,logic-ng/logicng,b20e782b8710b9d62dbd25110fbb6c545a673867,org/logicng/collections/LNGDoublePriorityQueueTest.java,107,6,6,35,0.4,43,6,5,0,0,0,0,0,0,0,0,0,1,0,0,3,0,0,0,6,0,0,False
4647,logic-ng/logicng,b20e782b8710b9d62dbd25110fbb6c545a673867,org/logicng/collections/LNGDoubleVectorTest.java,195,12,25,83,0.29,56,12,11,11,0,0,0,0,0,0,0,0,1,0,0,6,0,0,0,12,0,0,False
4648,logic-ng/logicng,b20e782b8710b9d62dbd25110fbb6c545a673867,org/logicng/collections/LNGIntVectorTest.java,195,12,25,83,0.29,56,12,11,11,0,0,0,0,0,0,0,0,1,0,0,6,0,0,0,12,0,0,False
4649,logic-ng/logicng,b20e782b8710b9d62dbd25110fbb6c545a673867,org/logicng/collections/LNGLongPriorityQueueTest.java,86,5,5,28,0.42,36,5,4,0,0,0,0,0,0,0,0,0,1,0,0,3,0,0,0,5,0,0,False
4650,logic-ng/logicng,b20e782b8710b9d62dbd25110fbb6c545a673867,org/logicng/collections/LNGLongVectorTest.java,198,12,25,84,0.29,57,12,11,11,0,0,0,0,0,0,0,0,1,0,0,6,0,0,0,12,0,0,False
4651,logic-ng/logicng,b20e782b8710b9d62dbd25110fbb6c545a673867,org/logicng/collections/LNGVectorTest.java,342,22,42,135,0.29,100,21,19,20,1,0,0,0,0,0,0,0,2,0,0,9,0,0,0,21,0,0,False
4652,logic-ng/logicng,b20e782b8710b9d62dbd25110fbb6c545a673867,org/logicng/datastructures/AssignmentTest.java,163,14,18,88,0.47,77,14,13,0,0,0,0,2,0,0,0,0,1,0,0,6,0,0,0,14,0,0,False
4653,logic-ng/logicng,b20e782b8710b9d62dbd25110fbb6c545a673867,org/logicng/formulas/SubstitutionTest.java,153,16,20,70,0.36,55,15,12,0,1,0,0,4,0,0,0,0,1,0,0,4,0,0,0,15,0,0,False
4654,logic-ng/logicng,b20e782b8710b9d62dbd25110fbb6c545a673867,org/logicng/datastructures/ubtrees/UBNodeTest.java,33,4,4,14,0.27,9,3,2,0,1,0,0,0,0,0,0,0,1,0,0,1,0,0,0,3,0,0,False
4655,logic-ng/logicng,b20e782b8710b9d62dbd25110fbb6c545a673867,org/logicng/datastructures/ubtrees/UBTreeTest.java,201,8,9,57,0.62,125,8,6,0,0,0,0,0,0,0,0,0,0,0,0,1,0,0,0,7,0,0,False
4656,logic-ng/logicng,b20e782b8710b9d62dbd25110fbb6c545a673867,org/logicng/explanations/mus/MUSConfigTest.java,12,1,2,11,0.17,2,1,1,0,0,0,0,0,0,0,0,0,1,0,0,0,0,0,0,1,0,0,False
4657,logic-ng/logicng,b20e782b8710b9d62dbd25110fbb6c545a673867,org/logicng/explanations/mus/MUSGenerationTest.java,114,12,24,32,0.05,6,11,2,2,1,0,0,2,0,0,0,0,1,0,0,0,2,1,0,8,0,0,False
4658,logic-ng/logicng,b20e782b8710b9d62dbd25110fbb6c545a673867,org/logicng/explanations/smus/SmusComputationTest.java,96,16,38,82,0.14,13,16,0,3,0,0,0,15,0,0,0,0,0,0,0,0,5,1,0,15,0,0,False
4659,logic-ng/logicng,b20e782b8710b9d62dbd25110fbb6c545a673867,org/logicng/explanations/UNSATCoreTest.java,54,5,7,19,0.3,16,4,4,0,1,0,0,0,0,0,0,0,1,0,0,1,0,0,0,4,0,0,False
4660,logic-ng/logicng,b20e782b8710b9d62dbd25110fbb6c545a673867,org/logicng/formulas/AndTest.java,144,20,25,93,0.56,81,20,17,0,0,0,0,2,0,0,0,0,1,0,0,4,0,0,0,20,0,0,False
4661,logic-ng/logicng,b20e782b8710b9d62dbd25110fbb6c545a673867,org/logicng/formulas/CFalseTest.java,63,18,19,62,0.32,20,18,2,0,0,0,0,0,0,0,0,0,1,0,0,0,0,0,0,18,0,0,False
4662,logic-ng/logicng,b20e782b8710b9d62dbd25110fbb6c545a673867,org/logicng/formulas/CTrueTest.java,64,18,19,62,0.33,21,18,3,0,0,0,0,0,0,0,0,0,1,0,0,1,0,0,0,18,0,0,False
4663,logic-ng/logicng,b20e782b8710b9d62dbd25110fbb6c545a673867,org/logicng/formulas/EquivalenceTest.java,136,20,23,81,0.57,77,20,19,0,0,0,0,1,0,0,0,0,1,0,0,4,0,0,0,20,0,0,False
4664,logic-ng/logicng,b20e782b8710b9d62dbd25110fbb6c545a673867,org/logicng/formulas/ExtendedFormulaFactoryTest.java,219,13,23,82,0.25,55,13,7,1,0,0,0,1,0,0,0,0,0,0,0,5,2,1,0,11,0,0,False
4665,logic-ng/logicng,b20e782b8710b9d62dbd25110fbb6c545a673867,org/logicng/formulas/FormulaTest.java,122,14,26,81,0.37,45,12,11,0,0,0,0,6,0,0,0,0,0,0,0,0,0,0,0,12,0,0,False
4666,logic-ng/logicng,b20e782b8710b9d62dbd25110fbb6c545a673867,org/logicng/formulas/FormulaFactoryTest.java,184,9,13,96,0.48,89,9,6,1,0,0,0,1,0,0,0,0,2,0,0,2,0,0,0,9,0,0,False
4667,logic-ng/logicng,b20e782b8710b9d62dbd25110fbb6c545a673867,org/logicng/formulas/ImplicationTest.java,131,21,24,80,0.54,71,21,19,0,0,0,0,1,0,0,0,0,1,0,0,5,0,0,0,21,0,0,False
4668,logic-ng/logicng,b20e782b8710b9d62dbd25110fbb6c545a673867,org/logicng/formulas/LiteralTest.java,119,23,24,85,0.52,62,23,22,0,0,0,0,0,0,0,0,0,1,0,0,2,1,0,0,23,0,0,False
4669,logic-ng/logicng,b20e782b8710b9d62dbd25110fbb6c545a673867,org/logicng/formulas/NotTest.java,107,19,22,76,0.5,54,19,18,0,0,0,0,1,0,0,0,0,1,0,0,4,0,0,0,19,0,0,False
4670,logic-ng/logicng,b20e782b8710b9d62dbd25110fbb6c545a673867,org/logicng/formulas/OrTest.java,139,19,24,88,0.58,80,19,17,0,0,0,0,2,0,0,0,0,1,0,0,4,0,0,0,19,0,0,False
4671,logic-ng/logicng,b20e782b8710b9d62dbd25110fbb6c545a673867,org/logicng/formulas/PBConstraintTest.java,619,36,39,207,0.61,376,35,33,0,1,0,0,0,0,0,0,0,5,0,0,6,0,0,0,35,0,0,False
4672,logic-ng/logicng,b20e782b8710b9d62dbd25110fbb6c545a673867,org/logicng/formulas/printer/DefaultStringRepresentationTest.java,48,3,3,18,0.71,34,3,1,0,0,0,0,0,0,0,0,0,2,0,0,0,0,0,0,3,0,0,False
4673,logic-ng/logicng,b20e782b8710b9d62dbd25110fbb6c545a673867,org/logicng/formulas/printer/LatexStringRepresentationTest.java,46,3,3,15,0.67,31,3,2,0,0,0,0,0,0,0,0,0,2,0,0,0,0,0,0,3,0,0,False
4674,logic-ng/logicng,b20e782b8710b9d62dbd25110fbb6c545a673867,org/logicng/formulas/printer/SortedStringRepresentationTest.java,61,4,4,22,0.69,42,4,2,0,0,0,0,0,0,0,0,0,2,0,0,2,0,0,0,4,0,0,False
4675,logic-ng/logicng,b20e782b8710b9d62dbd25110fbb6c545a673867,org/logicng/formulas/printer/UTF8StringRepresentationTest.java,46,3,3,15,0.67,31,3,2,0,0,0,0,0,0,0,0,0,2,0,0,0,0,0,0,3,0,0,False
4676,logic-ng/logicng,b20e782b8710b9d62dbd25110fbb6c545a673867,org/logicng/functions/FormulaDepthFunctionTest.java,54,4,7,24,0.57,31,4,3,1,0,0,0,1,0,0,0,0,0,0,0,1,0,0,0,4,0,0,False
4677,logic-ng/logicng,b20e782b8710b9d62dbd25110fbb6c545a673867,org/logicng/graphs/algorithms/BronKerboschTest.java,44,1,4,14,0.16,7,1,1,1,0,0,0,1,0,0,0,0,0,0,0,1,0,0,0,1,0,0,False
4678,logic-ng/logicng,b20e782b8710b9d62dbd25110fbb6c545a673867,org/logicng/graphs/datastructures/GraphTest.java,71,5,8,39,0.27,19,5,4,0,0,0,0,0,0,0,0,0,1,0,0,1,0,0,0,4,0,0,False
4679,logic-ng/logicng,b20e782b8710b9d62dbd25110fbb6c545a673867,org/logicng/graphs/datastructures/HypergraphTest.java,34,2,2,12,0.21,7,2,1,0,0,0,0,0,0,0,0,0,1,0,0,1,0,0,0,2,0,0,False
4680,logic-ng/logicng,b20e782b8710b9d62dbd25110fbb6c545a673867,org/logicng/graphs/datastructures/HypergraphEdgeTest.java,51,4,6,20,0.22,11,4,2,0,0,0,0,2,0,0,0,0,0,0,0,2,0,0,0,4,0,0,False
4681,logic-ng/logicng,b20e782b8710b9d62dbd25110fbb6c545a673867,org/logicng/graphs/datastructures/HypergraphNodeTest.java,30,2,2,12,0.37,11,2,2,0,0,0,0,0,0,0,0,0,0,0,0,1,0,0,0,2,0,0,False
4682,logic-ng/logicng,b20e782b8710b9d62dbd25110fbb6c545a673867,org/logicng/graphs/generators/ConstraintGraphGeneratorTest.java,75,5,13,45,0.11,8,5,1,1,0,0,0,5,0,0,0,0,3,0,0,1,0,0,0,5,0,0,False
4683,logic-ng/logicng,b20e782b8710b9d62dbd25110fbb6c545a673867,org/logicng/graphs/generators/HypergraphGeneratorTest.java,83,3,8,26,0.28,23,3,2,0,0,0,0,3,0,0,0,0,0,0,0,2,0,0,0,3,0,0,False
4684,logic-ng/logicng,b20e782b8710b9d62dbd25110fbb6c545a673867,org/logicng/graphs/io/GraphDimacsFileWriterTest.java,55,6,16,19,0.13,7,6,0,1,0,0,0,3,0,0,0,0,0,0,0,0,3,1,0,3,0,0,False
4685,logic-ng/logicng,b20e782b8710b9d62dbd25110fbb6c545a673867,org/logicng/handlers/NumberOfNodesBDDHandlerTest.java,9,1,1,0,0.0,0,1,0,0,0,0,0,0,0,0,0,0,0,0,0,0,0,0,0,1,0,0,False
4686,logic-ng/logicng,b20e782b8710b9d62dbd25110fbb6c545a673867,org/logicng/handlers/TimeoutBDDHandlerTest.java,44,6,14,31,0.14,6,6,3,0,0,0,0,3,0,0,0,0,0,0,1,1,1,0,0,5,0,0,False
4687,logic-ng/logicng,b20e782b8710b9d62dbd25110fbb6c545a673867,org/logicng/handlers/TimeoutMaxSATHandlerTest.java,41,7,15,32,0.1,4,7,4,4,0,0,0,5,0,0,0,0,0,0,2,2,1,0,0,6,0,0,False
4688,logic-ng/logicng,b20e782b8710b9d62dbd25110fbb6c545a673867,org/logicng/handlers/TimeoutModelEnumerationHandlerTest.java,60,6,13,49,0.1,6,6,3,4,0,0,0,2,0,0,0,0,0,0,1,1,2,0,0,5,0,0,False
4689,logic-ng/logicng,b20e782b8710b9d62dbd25110fbb6c545a673867,org/logicng/handlers/TimeoutOptimizationHandlerTest.java,46,5,14,45,0.04,2,5,1,3,0,0,0,4,0,0,0,0,0,0,1,1,1,0,0,4,0,0,False
4690,logic-ng/logicng,b20e782b8710b9d62dbd25110fbb6c545a673867,org/logicng/handlers/TimeoutSATHandlerTest.java,55,6,13,37,0.11,6,6,3,4,0,0,0,2,0,0,0,0,0,0,1,1,1,0,0,5,0,0,False
4691,logic-ng/logicng,b20e782b8710b9d62dbd25110fbb6c545a673867,org/logicng/io/graphical/generators/BddGraphicalGeneratorTest.java,117,4,11,39,0.01,1,4,0,0,0,0,0,3,0,0,0,0,0,0,0,0,3,1,0,3,0,0,False
4692,logic-ng/logicng,b20e782b8710b9d62dbd25110fbb6c545a673867,org/logicng/io/graphical/generators/FormulaAstGraphicalGeneratorTest.java,61,10,21,34,0.03,2,10,0,2,0,0,0,8,0,0,0,0,0,0,0,0,8,1,0,8,0,0,False
4693,logic-ng/logicng,b20e782b8710b9d62dbd25110fbb6c545a673867,org/logicng/io/graphical/generators/FormulaDagGraphicalGeneratorTest.java,59,9,19,34,0.03,2,9,0,2,0,0,0,7,0,0,0,0,0,0,0,0,7,1,0,7,0,0,False
4694,logic-ng/logicng,b20e782b8710b9d62dbd25110fbb6c545a673867,org/logicng/io/graphical/generators/GraphGraphicalGeneratorTest.java,45,6,13,32,0.04,2,6,0,2,0,0,0,5,0,0,0,0,0,0,0,0,5,1,0,5,0,0,False
4695,logic-ng/logicng,b20e782b8710b9d62dbd25110fbb6c545a673867,org/logicng/io/graphical/GraphicalEdgeTest.java,60,5,6,22,0.4,24,5,4,0,0,0,0,0,0,0,0,0,0,0,0,4,0,0,0,4,0,0,False
4696,logic-ng/logicng,b20e782b8710b9d62dbd25110fbb6c545a673867,org/logicng/io/graphical/GraphicalNodeTest.java,64,9,10,42,0.38,24,9,8,0,0,0,0,0,0,0,0,0,0,0,0,8,0,0,0,8,0,0,False
4697,logic-ng/logicng,b20e782b8710b9d62dbd25110fbb6c545a673867,org/logicng/io/parsers/PropositionalParserTest.java,149,29,38,55,0.48,71,29,9,0,0,0,0,9,0,0,0,0,1,0,0,1,0,0,0,29,0,0,False
4698,logic-ng/logicng,b20e782b8710b9d62dbd25110fbb6c545a673867,org/logicng/io/parsers/PseudoBooleanParserTest.java,171,30,42,77,0.53,91,30,12,0,0,0,0,12,0,0,0,0,1,0,0,2,0,0,0,30,0,0,False
4699,logic-ng/logicng,b20e782b8710b9d62dbd25110fbb6c545a673867,org/logicng/io/readers/DimacsReaderTest.java,9,1,1,0,0.0,0,1,0,0,0,0,0,0,0,1,0,0,0,0,0,0,0,0,1,1,0,0,False
4700,logic-ng/logicng,b20e782b8710b9d62dbd25110fbb6c545a673867,org/logicng/io/writers/FormulaDimacsFileWriterTest.java,67,7,17,21,0.09,6,7,0,0,0,0,0,4,0,0,0,0,0,0,0,0,4,1,0,5,0,0,False
4701,logic-ng/logicng,b20e782b8710b9d62dbd25110fbb6c545a673867,org/logicng/knowledgecompilation/bdds/datastructures/BDDNodeTest.java,66,4,4,35,0.47,31,4,4,0,0,0,0,0,0,0,0,0,0,0,0,1,0,0,0,4,0,0,False
4702,logic-ng/logicng,b20e782b8710b9d62dbd25110fbb6c545a673867,org/logicng/knowledgecompilation/bdds/BDDOperationsTest.java,256,16,29,85,0.63,161,16,12,1,0,0,0,5,0,0,0,0,0,0,0,0,1,0,0,13,0,0,False
4703,logic-ng/logicng,b20e782b8710b9d62dbd25110fbb6c545a673867,org/logicng/knowledgecompilation/bdds/jbuddy/BDDPrimeTest.java,6,1,1,3,0.33,2,1,1,0,0,0,0,0,0,0,0,0,0,0,0,0,0,0,0,1,0,0,False
4704,logic-ng/logicng,b20e782b8710b9d62dbd25110fbb6c545a673867,org/logicng/knowledgecompilation/bdds/BDDReorderingTest.java,192,16,38,81,0.04,8,16,3,0,0,0,0,2,0,0,0,0,0,0,0,2,4,2,0,7,0,0,False
4705,logic-ng/logicng,b20e782b8710b9d62dbd25110fbb6c545a673867,org/logicng/knowledgecompilation/bdds/orderings/BFSOrderingTest.java,27,2,5,11,0.37,10,2,1,0,0,0,0,2,0,0,0,0,0,0,0,0,0,0,0,2,0,0,False
4706,logic-ng/logicng,b20e782b8710b9d62dbd25110fbb6c545a673867,org/logicng/knowledgecompilation/bdds/orderings/DFSOrderingTest.java,27,2,5,11,0.37,10,2,1,0,0,0,0,2,0,0,0,0,0,0,0,0,0,0,0,2,0,0,False
4707,logic-ng/logicng,b20e782b8710b9d62dbd25110fbb6c545a673867,org/logicng/knowledgecompilation/bdds/orderings/ForceOrderingTest.java,33,3,9,17,0.21,7,3,1,0,0,0,0,3,0,0,0,0,0,0,0,0,0,0,0,3,0,0,False
4708,logic-ng/logicng,b20e782b8710b9d62dbd25110fbb6c545a673867,org/logicng/knowledgecompilation/dnnf/datastructures/dtree/DTreeNodeTest.java,11,1,2,4,0.09,1,1,0,0,0,0,0,1,0,0,0,0,1,0,0,0,0,0,0,1,0,0,False
4709,logic-ng/logicng,b20e782b8710b9d62dbd25110fbb6c545a673867,org/logicng/knowledgecompilation/dnnf/DnnfCompilerTest.java,95,7,21,38,0.03,3,7,0,1,0,0,0,5,0,0,0,0,0,0,0,0,3,1,0,5,0,0,False
4710,logic-ng/logicng,b20e782b8710b9d62dbd25110fbb6c545a673867,org/logicng/LogicNGVersionTest.java,15,4,4,0,0.0,0,4,4,0,0,0,0,0,0,0,0,0,0,0,0,4,0,0,0,4,0,0,False
4711,logic-ng/logicng,b20e782b8710b9d62dbd25110fbb6c545a673867,org/logicng/modelcounting/ModelCounterTest.java,76,14,22,53,0.17,13,14,6,4,0,0,0,3,0,0,0,0,0,0,0,1,1,1,0,10,0,0,False
4712,logic-ng/logicng,b20e782b8710b9d62dbd25110fbb6c545a673867,org/logicng/np/SetCoverTest.java,31,2,2,16,0.19,6,2,1,0,0,0,0,0,0,0,0,0,0,0,0,1,0,0,0,2,0,0,False
4713,logic-ng/logicng,b20e782b8710b9d62dbd25110fbb6c545a673867,org/logicng/predicates/CNFPredicateTest.java,30,3,3,10,0.53,16,3,1,0,0,0,0,0,0,0,0,0,1,0,0,0,0,0,0,3,0,0,False
4714,logic-ng/logicng,b20e782b8710b9d62dbd25110fbb6c545a673867,org/logicng/predicates/ContainsPBCPredicateTest.java,44,6,9,30,0.43,19,6,4,1,0,0,0,2,0,0,0,0,1,0,0,0,0,0,0,6,0,0,False
4715,logic-ng/logicng,b20e782b8710b9d62dbd25110fbb6c545a673867,org/logicng/predicates/DNFPredicateTest.java,28,2,2,10,0.57,16,2,1,0,0,0,0,0,0,0,0,0,1,0,0,0,0,0,0,2,0,0,False
4716,logic-ng/logicng,b20e782b8710b9d62dbd25110fbb6c545a673867,org/logicng/predicates/EvaluatesToConstantPredicateTest.java,432,22,34,94,0.83,360,21,21,2,1,0,0,12,0,0,0,0,0,0,0,1,0,0,0,21,0,0,False
4717,logic-ng/logicng,b20e782b8710b9d62dbd25110fbb6c545a673867,org/logicng/predicates/NNFPredicateTest.java,32,2,2,11,0.63,20,2,1,0,0,0,0,0,0,0,0,0,1,0,0,0,0,0,0,2,0,0,False
4718,logic-ng/logicng,b20e782b8710b9d62dbd25110fbb6c545a673867,org/logicng/predicates/TermPredicateTest.java,47,3,3,17,0.68,32,3,3,0,0,0,0,0,0,0,0,0,1,0,0,0,0,0,0,3,0,0,False
4719,logic-ng/logicng,b20e782b8710b9d62dbd25110fbb6c545a673867,org/logicng/primecomputation/PrimeCompilerTest.java,118,12,33,65,0.09,11,12,0,4,0,0,0,4,0,0,0,0,1,0,0,0,6,1,0,7,0,0,False
4720,logic-ng/logicng,b20e782b8710b9d62dbd25110fbb6c545a673867,org/logicng/primecomputation/PrimeResultTest.java,75,5,5,28,0.36,27,4,3,0,1,0,0,0,0,0,0,0,1,0,0,0,0,0,0,4,0,0,False
4721,logic-ng/logicng,b20e782b8710b9d62dbd25110fbb6c545a673867,org/logicng/propositions/ExtendedPropositionTest.java,56,5,11,18,0.25,14,4,4,0,1,0,0,3,0,0,0,0,1,0,0,0,0,0,0,4,0,0,False
4722,logic-ng/logicng,b20e782b8710b9d62dbd25110fbb6c545a673867,org/logicng/propositions/StandardPropositionTest.java,43,5,11,18,0.35,15,4,4,0,1,0,0,3,0,0,0,0,1,0,0,0,0,0,0,4,0,0,False
4723,logic-ng/logicng,b20e782b8710b9d62dbd25110fbb6c545a673867,org/logicng/pseudobooleans/PBEncoderTest.java,66,9,13,30,0.11,7,8,1,4,1,0,0,1,0,0,0,0,1,0,0,0,1,1,0,7,0,0,False
4724,logic-ng/logicng,b20e782b8710b9d62dbd25110fbb6c545a673867,org/logicng/solvers/datastructures/LNGHeapTest.java,23,1,1,10,0.22,5,1,1,0,0,0,0,0,0,0,0,0,1,0,0,1,0,0,0,1,0,0,False
4725,logic-ng/logicng,b20e782b8710b9d62dbd25110fbb6c545a673867,org/logicng/solvers/functions/BackboneFunctionTest.java,276,12,41,159,0.25,68,12,8,6,0,0,0,8,0,0,0,0,0,0,0,8,0,0,0,9,0,0,False
4726,logic-ng/logicng,b20e782b8710b9d62dbd25110fbb6c545a673867,org/logicng/solvers/functions/ModelEnumerationFunctionTest.java,19,3,5,10,0.05,1,2,1,0,1,0,0,2,0,0,0,0,0,0,0,1,0,0,0,2,0,0,False
4727,logic-ng/logicng,b20e782b8710b9d62dbd25110fbb6c545a673867,org/logicng/solvers/functions/OptimizationFunctionTest.java,284,23,63,200,0.14,39,23,6,5,0,0,0,11,0,0,0,0,0,0,0,1,8,3,0,14,0,0,False
4728,logic-ng/logicng,b20e782b8710b9d62dbd25110fbb6c545a673867,org/logicng/solvers/functions/UnsatCoreFunctionTest.java,9,1,1,0,0.0,0,1,1,0,0,0,0,0,0,0,0,0,0,0,0,0,0,0,0,1,0,0,False
4729,logic-ng/logicng,b20e782b8710b9d62dbd25110fbb6c545a673867,org/logicng/solvers/sat/MiniSatTest.java,86,9,13,45,0.36,31,9,5,0,0,0,0,1,0,0,0,0,1,0,0,1,0,0,0,7,0,0,False
4730,logic-ng/logicng,b20e782b8710b9d62dbd25110fbb6c545a673867,org/logicng/solvers/sat/GlucoseSyrupTest.java,33,6,11,9,0.03,1,6,0,0,0,0,0,0,0,0,0,0,1,0,0,0,0,0,0,3,0,0,False
4731,logic-ng/logicng,b20e782b8710b9d62dbd25110fbb6c545a673867,org/logicng/solvers/sat/MiniCardTest.java,84,8,12,32,0.18,15,8,3,0,0,0,0,0,0,0,0,0,1,0,0,1,0,0,0,6,0,0,False
4732,logic-ng/logicng,b20e782b8710b9d62dbd25110fbb6c545a673867,org/logicng/transformations/AnonymizerTest.java,77,5,15,23,0.49,38,5,5,0,0,0,0,5,0,0,0,0,0,0,0,2,0,0,0,5,0,0,False
4733,logic-ng/logicng,b20e782b8710b9d62dbd25110fbb6c545a673867,org/logicng/transformations/FormulaFactoryImporterTest.java,187,12,17,114,0.67,126,12,10,0,0,0,0,1,0,0,0,0,0,0,0,0,0,0,0,10,0,0,False
4734,logic-ng/logicng,b20e782b8710b9d62dbd25110fbb6c545a673867,org/logicng/transformations/LiteralSubstitutionTest.java,42,5,14,19,0.4,17,5,3,0,0,0,0,4,0,0,0,0,0,0,0,0,0,0,0,4,0,0,False
4735,logic-ng/logicng,b20e782b8710b9d62dbd25110fbb6c545a673867,org/logicng/transformations/PureExpansionTransformationTest.java,107,13,37,44,0.35,37,13,6,2,0,0,0,4,0,0,0,0,1,0,0,1,2,0,0,10,0,0,False
4736,logic-ng/logicng,b20e782b8710b9d62dbd25110fbb6c545a673867,org/logicng/transformations/UnitPropagationTest.java,31,4,9,15,0.45,14,4,4,0,0,0,0,1,0,0,0,0,0,0,0,0,0,0,0,4,0,0,False
4737,logic-ng/logicng,b20e782b8710b9d62dbd25110fbb6c545a673867,org/logicng/transformations/cnf/CanonicalCNFEnumerationTest.java,54,6,13,30,0.31,17,6,1,2,0,0,0,1,0,0,0,0,1,0,0,0,2,1,0,4,0,0,False
4738,logic-ng/logicng,b20e782b8710b9d62dbd25110fbb6c545a673867,org/logicng/transformations/cnf/CNFEncoderTest.java,157,13,27,106,0.22,35,13,11,0,0,0,0,10,0,0,0,0,1,0,0,3,0,0,0,12,0,0,False
4739,logic-ng/logicng,b20e782b8710b9d62dbd25110fbb6c545a673867,org/logicng/transformations/cnf/CNFSubsumptionTest.java,41,4,8,16,0.46,19,4,3,0,0,0,0,3,0,0,0,0,0,0,0,1,0,0,0,4,0,0,False
4740,logic-ng/logicng,b20e782b8710b9d62dbd25110fbb6c545a673867,org/logicng/transformations/cnf/PlaistedGreenbaumTransformationSolverTest.java,41,5,10,11,0.02,1,5,1,2,0,0,0,1,0,0,0,0,0,0,0,1,1,0,0,3,0,0,False
4741,logic-ng/logicng,b20e782b8710b9d62dbd25110fbb6c545a673867,org/logicng/transformations/dnf/CanonicalDNFEnumerationTest.java,54,6,13,30,0.31,17,6,1,2,0,0,0,1,0,0,0,0,1,0,0,0,2,1,0,4,0,0,False
4742,logic-ng/logicng,b20e782b8710b9d62dbd25110fbb6c545a673867,org/logicng/transformations/dnf/DNFFactorizationTest.java,105,12,29,45,0.43,45,8,8,0,0,0,0,5,0,0,0,0,1,0,0,2,0,0,0,8,0,0,False
4743,logic-ng/logicng,b20e782b8710b9d62dbd25110fbb6c545a673867,org/logicng/transformations/dnf/DNFSubsumptionTest.java,48,4,10,16,0.4,19,4,3,1,0,0,0,3,0,0,0,0,0,0,0,1,0,0,0,4,0,0,False
4744,logic-ng/logicng,b20e782b8710b9d62dbd25110fbb6c545a673867,org/logicng/transformations/qmc/TermTest.java,80,3,7,21,0.21,17,3,3,0,0,0,0,1,0,0,0,0,1,0,0,0,0,0,0,3,0,0,False
4745,logic-ng/logicng,b20e782b8710b9d62dbd25110fbb6c545a673867,org/logicng/transformations/qmc/TermTableTest.java,47,4,8,19,0.26,12,4,2,0,0,0,0,0,0,0,0,0,1,0,0,1,0,0,0,3,0,0,False
4746,logic-ng/logicng,b20e782b8710b9d62dbd25110fbb6c545a673867,org/logicng/transformations/simplification/AdvancedSimplifierTest.java,84,11,31,56,0.12,10,11,2,5,0,0,0,5,0,0,0,0,1,0,0,0,7,1,0,9,0,0,False
4747,logic-ng/logicng,b20e782b8710b9d62dbd25110fbb6c545a673867,org/logicng/transformations/simplification/BackboneSimplifierTest.java,27,2,8,8,0.41,11,2,2,0,0,0,0,2,0,0,0,0,0,0,0,0,0,0,0,2,0,0,False
4748,logic-ng/logicng,b20e782b8710b9d62dbd25110fbb6c545a673867,org/logicng/transformations/simplification/DistributiveSimplifierTest.java,52,6,20,25,0.5,26,6,6,0,0,0,0,2,0,0,0,0,0,0,0,0,0,0,0,6,0,0,False
4749,logic-ng/logicng,b20e782b8710b9d62dbd25110fbb6c545a673867,org/logicng/util/CollectionHelperTest.java,60,6,7,16,0.6,36,6,6,0,0,0,0,0,0,0,0,0,0,0,0,1,0,0,0,6,0,0,False
4750,logic-ng/logicng,b20e782b8710b9d62dbd25110fbb6c545a673867,org/logicng/util/ComparablePairTest.java,42,5,5,18,0.52,22,5,5,0,0,0,0,0,0,0,0,0,1,0,0,0,0,0,0,5,0,0,False
4751,logic-ng/logicng,b20e782b8710b9d62dbd25110fbb6c545a673867,org/logicng/util/FormulaHelperTest.java,67,9,9,35,0.63,42,9,9,0,0,0,0,0,0,0,0,0,0,0,0,0,0,0,0,9,0,0,False
4752,logic-ng/logicng,b20e782b8710b9d62dbd25110fbb6c545a673867,org/logicng/util/FormulaRandomizerTest.java,414,22,60,281,0.21,86,22,19,20,0,0,0,0,0,0,0,0,0,0,0,1,0,0,0,20,0,0,False
4753,logic-ng/logicng,b20e782b8710b9d62dbd25110fbb6c545a673867,org/logicng/util/PairTest.java,36,4,4,14,0.5,18,4,4,0,0,0,0,0,0,0,0,0,1,0,0,0,0,0,0,4,0,0,False
4754,logic-ng/logicng,38e007c1794193a7b55bf9f82f9f2903fb66a14e,org/logicng/backbones/BackboneTest.java,78,6,8,39,0.35,27,6,4,0,0,0,0,1,0,0,0,0,1,0,0,2,0,0,0,5,0,0,False
4755,logic-ng/logicng,38e007c1794193a7b55bf9f82f9f2903fb66a14e,org/logicng/backbones/BackboneGenerationTest.java,224,9,27,100,0.22,49,9,4,2,0,0,0,4,0,0,0,0,0,0,0,2,0,0,0,8,0,0,False
4756,logic-ng/logicng,38e007c1794193a7b55bf9f82f9f2903fb66a14e,org/logicng/collections/LNGBooleanVectorTest.java,173,11,22,75,0.34,59,11,10,9,0,0,0,0,0,0,0,0,1,0,0,7,0,0,0,11,0,0,False
4757,logic-ng/logicng,38e007c1794193a7b55bf9f82f9f2903fb66a14e,org/logicng/collections/LNGByteVectorTest.java,198,12,25,84,0.29,57,12,11,11,0,0,0,0,0,0,0,0,1,0,0,6,0,0,0,12,0,0,False
4758,logic-ng/logicng,38e007c1794193a7b55bf9f82f9f2903fb66a14e,org/logicng/collections/LNGDoublePriorityQueueTest.java,107,6,6,35,0.4,43,6,5,0,0,0,0,0,0,0,0,0,1,0,0,3,0,0,0,6,0,0,False
4759,logic-ng/logicng,38e007c1794193a7b55bf9f82f9f2903fb66a14e,org/logicng/collections/LNGDoubleVectorTest.java,195,12,25,83,0.29,56,12,11,11,0,0,0,0,0,0,0,0,1,0,0,6,0,0,0,12,0,0,False
4760,logic-ng/logicng,38e007c1794193a7b55bf9f82f9f2903fb66a14e,org/logicng/collections/LNGIntVectorTest.java,195,12,25,83,0.29,56,12,11,11,0,0,0,0,0,0,0,0,1,0,0,6,0,0,0,12,0,0,False
4761,logic-ng/logicng,38e007c1794193a7b55bf9f82f9f2903fb66a14e,org/logicng/collections/LNGLongPriorityQueueTest.java,86,5,5,28,0.42,36,5,4,0,0,0,0,0,0,0,0,0,1,0,0,3,0,0,0,5,0,0,False
4762,logic-ng/logicng,38e007c1794193a7b55bf9f82f9f2903fb66a14e,org/logicng/collections/LNGLongVectorTest.java,198,12,25,84,0.29,57,12,11,11,0,0,0,0,0,0,0,0,1,0,0,6,0,0,0,12,0,0,False
4763,logic-ng/logicng,38e007c1794193a7b55bf9f82f9f2903fb66a14e,org/logicng/collections/LNGVectorTest.java,342,22,42,135,0.29,100,21,19,20,1,0,0,0,0,0,0,0,2,0,0,9,0,0,0,21,0,0,False
4764,logic-ng/logicng,38e007c1794193a7b55bf9f82f9f2903fb66a14e,org/logicng/datastructures/AssignmentTest.java,163,14,18,88,0.47,77,14,13,0,0,0,0,2,0,0,0,0,1,0,0,6,0,0,0,14,0,0,False
4765,logic-ng/logicng,38e007c1794193a7b55bf9f82f9f2903fb66a14e,org/logicng/formulas/SubstitutionTest.java,153,16,20,70,0.36,55,15,12,0,1,0,0,4,0,0,0,0,1,0,0,4,0,0,0,15,0,0,False
4766,logic-ng/logicng,38e007c1794193a7b55bf9f82f9f2903fb66a14e,org/logicng/datastructures/ubtrees/UBNodeTest.java,33,4,4,14,0.27,9,3,2,0,1,0,0,0,0,0,0,0,1,0,0,1,0,0,0,3,0,0,False
4767,logic-ng/logicng,38e007c1794193a7b55bf9f82f9f2903fb66a14e,org/logicng/datastructures/ubtrees/UBTreeTest.java,201,8,9,57,0.62,125,8,6,0,0,0,0,0,0,0,0,0,0,0,0,1,0,0,0,7,0,0,False
4768,logic-ng/logicng,38e007c1794193a7b55bf9f82f9f2903fb66a14e,org/logicng/explanations/mus/MUSConfigTest.java,12,1,2,11,0.17,2,1,1,0,0,0,0,0,0,0,0,0,1,0,0,0,0,0,0,1,0,0,False
4769,logic-ng/logicng,38e007c1794193a7b55bf9f82f9f2903fb66a14e,org/logicng/explanations/mus/MUSGenerationTest.java,114,12,24,32,0.05,6,11,2,2,1,0,0,2,0,0,0,0,1,0,0,0,2,1,0,8,0,0,False
4770,logic-ng/logicng,38e007c1794193a7b55bf9f82f9f2903fb66a14e,org/logicng/explanations/smus/SmusComputationTest.java,96,16,38,82,0.14,13,16,0,3,0,0,0,15,0,0,0,0,0,0,0,0,5,1,0,15,0,0,False
4771,logic-ng/logicng,38e007c1794193a7b55bf9f82f9f2903fb66a14e,org/logicng/explanations/UNSATCoreTest.java,54,5,7,19,0.3,16,4,4,0,1,0,0,0,0,0,0,0,1,0,0,1,0,0,0,4,0,0,False
4772,logic-ng/logicng,38e007c1794193a7b55bf9f82f9f2903fb66a14e,org/logicng/formulas/AndTest.java,144,20,25,93,0.56,81,20,17,0,0,0,0,2,0,0,0,0,1,0,0,4,0,0,0,20,0,0,False
4773,logic-ng/logicng,38e007c1794193a7b55bf9f82f9f2903fb66a14e,org/logicng/formulas/CFalseTest.java,63,18,19,62,0.32,20,18,2,0,0,0,0,0,0,0,0,0,1,0,0,0,0,0,0,18,0,0,False
4774,logic-ng/logicng,38e007c1794193a7b55bf9f82f9f2903fb66a14e,org/logicng/formulas/CTrueTest.java,64,18,19,62,0.33,21,18,3,0,0,0,0,0,0,0,0,0,1,0,0,1,0,0,0,18,0,0,False
4775,logic-ng/logicng,38e007c1794193a7b55bf9f82f9f2903fb66a14e,org/logicng/formulas/EquivalenceTest.java,136,20,23,81,0.57,77,20,19,0,0,0,0,1,0,0,0,0,1,0,0,4,0,0,0,20,0,0,False
4776,logic-ng/logicng,38e007c1794193a7b55bf9f82f9f2903fb66a14e,org/logicng/formulas/ExtendedFormulaFactoryTest.java,219,13,23,82,0.25,55,13,7,1,0,0,0,1,0,0,0,0,0,0,0,5,2,1,0,11,0,0,False
4777,logic-ng/logicng,38e007c1794193a7b55bf9f82f9f2903fb66a14e,org/logicng/formulas/FormulaTest.java,122,14,26,81,0.37,45,12,11,0,0,0,0,6,0,0,0,0,0,0,0,0,0,0,0,12,0,0,False
4778,logic-ng/logicng,38e007c1794193a7b55bf9f82f9f2903fb66a14e,org/logicng/formulas/FormulaFactoryTest.java,184,9,13,96,0.48,89,9,6,1,0,0,0,1,0,0,0,0,2,0,0,2,0,0,0,9,0,0,False
4779,logic-ng/logicng,38e007c1794193a7b55bf9f82f9f2903fb66a14e,org/logicng/formulas/ImplicationTest.java,131,21,24,80,0.54,71,21,19,0,0,0,0,1,0,0,0,0,1,0,0,5,0,0,0,21,0,0,False
4780,logic-ng/logicng,38e007c1794193a7b55bf9f82f9f2903fb66a14e,org/logicng/formulas/LiteralTest.java,119,23,24,85,0.52,62,23,22,0,0,0,0,0,0,0,0,0,1,0,0,2,1,0,0,23,0,0,False
4781,logic-ng/logicng,38e007c1794193a7b55bf9f82f9f2903fb66a14e,org/logicng/formulas/NotTest.java,107,19,22,76,0.5,54,19,18,0,0,0,0,1,0,0,0,0,1,0,0,4,0,0,0,19,0,0,False
4782,logic-ng/logicng,38e007c1794193a7b55bf9f82f9f2903fb66a14e,org/logicng/formulas/OrTest.java,139,19,24,88,0.58,80,19,17,0,0,0,0,2,0,0,0,0,1,0,0,4,0,0,0,19,0,0,False
4783,logic-ng/logicng,38e007c1794193a7b55bf9f82f9f2903fb66a14e,org/logicng/formulas/PBConstraintTest.java,619,36,39,207,0.61,376,35,33,0,1,0,0,0,0,0,0,0,5,0,0,6,0,0,0,35,0,0,False
4784,logic-ng/logicng,38e007c1794193a7b55bf9f82f9f2903fb66a14e,org/logicng/formulas/printer/DefaultStringRepresentationTest.java,48,3,3,18,0.71,34,3,1,0,0,0,0,0,0,0,0,0,2,0,0,0,0,0,0,3,0,0,False
4785,logic-ng/logicng,38e007c1794193a7b55bf9f82f9f2903fb66a14e,org/logicng/formulas/printer/LatexStringRepresentationTest.java,46,3,3,15,0.67,31,3,2,0,0,0,0,0,0,0,0,0,2,0,0,0,0,0,0,3,0,0,False
4786,logic-ng/logicng,38e007c1794193a7b55bf9f82f9f2903fb66a14e,org/logicng/formulas/printer/SortedStringRepresentationTest.java,61,4,4,22,0.69,42,4,2,0,0,0,0,0,0,0,0,0,2,0,0,2,0,0,0,4,0,0,False
4787,logic-ng/logicng,38e007c1794193a7b55bf9f82f9f2903fb66a14e,org/logicng/formulas/printer/UTF8StringRepresentationTest.java,46,3,3,15,0.67,31,3,2,0,0,0,0,0,0,0,0,0,2,0,0,0,0,0,0,3,0,0,False
4788,logic-ng/logicng,38e007c1794193a7b55bf9f82f9f2903fb66a14e,org/logicng/functions/FormulaDepthFunctionTest.java,54,4,7,24,0.57,31,4,3,1,0,0,0,1,0,0,0,0,0,0,0,1,0,0,0,4,0,0,False
4789,logic-ng/logicng,38e007c1794193a7b55bf9f82f9f2903fb66a14e,org/logicng/graphs/algorithms/BronKerboschTest.java,44,1,4,14,0.16,7,1,1,1,0,0,0,1,0,0,0,0,0,0,0,1,0,0,0,1,0,0,False
4790,logic-ng/logicng,38e007c1794193a7b55bf9f82f9f2903fb66a14e,org/logicng/graphs/datastructures/GraphTest.java,71,5,8,39,0.27,19,5,4,0,0,0,0,0,0,0,0,0,1,0,0,1,0,0,0,4,0,0,False
4791,logic-ng/logicng,38e007c1794193a7b55bf9f82f9f2903fb66a14e,org/logicng/graphs/datastructures/HypergraphTest.java,34,2,2,12,0.21,7,2,1,0,0,0,0,0,0,0,0,0,1,0,0,1,0,0,0,2,0,0,False
4792,logic-ng/logicng,38e007c1794193a7b55bf9f82f9f2903fb66a14e,org/logicng/graphs/datastructures/HypergraphEdgeTest.java,51,4,6,20,0.22,11,4,2,0,0,0,0,2,0,0,0,0,0,0,0,2,0,0,0,4,0,0,False
4793,logic-ng/logicng,38e007c1794193a7b55bf9f82f9f2903fb66a14e,org/logicng/graphs/datastructures/HypergraphNodeTest.java,30,2,2,12,0.37,11,2,2,0,0,0,0,0,0,0,0,0,0,0,0,1,0,0,0,2,0,0,False
4794,logic-ng/logicng,38e007c1794193a7b55bf9f82f9f2903fb66a14e,org/logicng/graphs/generators/ConstraintGraphGeneratorTest.java,75,5,13,45,0.11,8,5,1,1,0,0,0,5,0,0,0,0,3,0,0,1,0,0,0,5,0,0,False
4795,logic-ng/logicng,38e007c1794193a7b55bf9f82f9f2903fb66a14e,org/logicng/graphs/generators/HypergraphGeneratorTest.java,83,3,8,26,0.28,23,3,2,0,0,0,0,3,0,0,0,0,0,0,0,2,0,0,0,3,0,0,False
4796,logic-ng/logicng,38e007c1794193a7b55bf9f82f9f2903fb66a14e,org/logicng/graphs/io/GraphDimacsFileWriterTest.java,55,6,16,19,0.13,7,6,0,1,0,0,0,3,0,0,0,0,0,0,0,0,3,1,0,3,0,0,False
4797,logic-ng/logicng,38e007c1794193a7b55bf9f82f9f2903fb66a14e,org/logicng/handlers/NumberOfNodesBDDHandlerTest.java,9,1,1,0,0.0,0,1,0,0,0,0,0,0,0,0,0,0,0,0,0,0,0,0,0,1,0,0,False
4798,logic-ng/logicng,38e007c1794193a7b55bf9f82f9f2903fb66a14e,org/logicng/handlers/TimeoutBDDHandlerTest.java,44,6,14,31,0.14,6,6,3,0,0,0,0,3,0,0,0,0,0,0,1,1,1,0,0,5,0,0,False
4799,logic-ng/logicng,38e007c1794193a7b55bf9f82f9f2903fb66a14e,org/logicng/handlers/TimeoutMaxSATHandlerTest.java,41,7,15,32,0.1,4,7,4,4,0,0,0,5,0,0,0,0,0,0,2,2,1,0,0,6,0,0,False
4800,logic-ng/logicng,38e007c1794193a7b55bf9f82f9f2903fb66a14e,org/logicng/handlers/TimeoutModelEnumerationHandlerTest.java,60,6,13,49,0.1,6,6,3,4,0,0,0,2,0,0,0,0,0,0,1,1,2,0,0,5,0,0,False
4801,logic-ng/logicng,38e007c1794193a7b55bf9f82f9f2903fb66a14e,org/logicng/handlers/TimeoutOptimizationHandlerTest.java,46,5,14,45,0.04,2,5,1,3,0,0,0,4,0,0,0,0,0,0,1,1,1,0,0,4,0,0,False
4802,logic-ng/logicng,38e007c1794193a7b55bf9f82f9f2903fb66a14e,org/logicng/handlers/TimeoutSATHandlerTest.java,55,6,13,37,0.11,6,6,3,4,0,0,0,2,0,0,0,0,0,0,1,1,1,0,0,5,0,0,False
4803,logic-ng/logicng,38e007c1794193a7b55bf9f82f9f2903fb66a14e,org/logicng/io/graphical/generators/BddGraphicalGeneratorTest.java,117,4,11,39,0.01,1,4,0,0,0,0,0,3,0,0,0,0,0,0,0,0,3,1,0,3,0,0,False
4804,logic-ng/logicng,38e007c1794193a7b55bf9f82f9f2903fb66a14e,org/logicng/io/graphical/generators/FormulaAstGraphicalGeneratorTest.java,61,10,21,34,0.03,2,10,0,2,0,0,0,8,0,0,0,0,0,0,0,0,8,1,0,8,0,0,False
4805,logic-ng/logicng,38e007c1794193a7b55bf9f82f9f2903fb66a14e,org/logicng/io/graphical/generators/FormulaDagGraphicalGeneratorTest.java,59,9,19,34,0.03,2,9,0,2,0,0,0,7,0,0,0,0,0,0,0,0,7,1,0,7,0,0,False
4806,logic-ng/logicng,38e007c1794193a7b55bf9f82f9f2903fb66a14e,org/logicng/io/graphical/generators/GraphGraphicalGeneratorTest.java,45,6,13,32,0.04,2,6,0,2,0,0,0,5,0,0,0,0,0,0,0,0,5,1,0,5,0,0,False
4807,logic-ng/logicng,38e007c1794193a7b55bf9f82f9f2903fb66a14e,org/logicng/io/graphical/GraphicalEdgeTest.java,60,5,6,22,0.4,24,5,4,0,0,0,0,0,0,0,0,0,0,0,0,4,0,0,0,4,0,0,False
4808,logic-ng/logicng,38e007c1794193a7b55bf9f82f9f2903fb66a14e,org/logicng/io/graphical/GraphicalNodeTest.java,64,9,10,42,0.38,24,9,8,0,0,0,0,0,0,0,0,0,0,0,0,8,0,0,0,8,0,0,False
4809,logic-ng/logicng,38e007c1794193a7b55bf9f82f9f2903fb66a14e,org/logicng/io/parsers/PropositionalParserTest.java,149,29,38,55,0.48,71,29,9,0,0,0,0,9,0,0,0,0,1,0,0,1,0,0,0,29,0,0,False
4810,logic-ng/logicng,38e007c1794193a7b55bf9f82f9f2903fb66a14e,org/logicng/io/parsers/PseudoBooleanParserTest.java,171,30,42,77,0.53,91,30,12,0,0,0,0,12,0,0,0,0,1,0,0,2,0,0,0,30,0,0,False
4811,logic-ng/logicng,38e007c1794193a7b55bf9f82f9f2903fb66a14e,org/logicng/io/readers/DimacsReaderTest.java,9,1,1,0,0.0,0,1,0,0,0,0,0,0,0,1,0,0,0,0,0,0,0,0,1,1,0,0,False
4812,logic-ng/logicng,38e007c1794193a7b55bf9f82f9f2903fb66a14e,org/logicng/io/writers/FormulaDimacsFileWriterTest.java,67,7,17,21,0.09,6,7,0,0,0,0,0,4,0,0,0,0,0,0,0,0,4,1,0,5,0,0,False
4813,logic-ng/logicng,38e007c1794193a7b55bf9f82f9f2903fb66a14e,org/logicng/knowledgecompilation/bdds/datastructures/BDDNodeTest.java,66,4,4,35,0.47,31,4,4,0,0,0,0,0,0,0,0,0,0,0,0,1,0,0,0,4,0,0,False
4814,logic-ng/logicng,38e007c1794193a7b55bf9f82f9f2903fb66a14e,org/logicng/knowledgecompilation/bdds/BDDOperationsTest.java,256,16,29,85,0.63,161,16,12,1,0,0,0,5,0,0,0,0,0,0,0,0,1,0,0,13,0,0,False
4815,logic-ng/logicng,38e007c1794193a7b55bf9f82f9f2903fb66a14e,org/logicng/knowledgecompilation/bdds/jbuddy/BDDPrimeTest.java,6,1,1,3,0.33,2,1,1,0,0,0,0,0,0,0,0,0,0,0,0,0,0,0,0,1,0,0,False
4816,logic-ng/logicng,38e007c1794193a7b55bf9f82f9f2903fb66a14e,org/logicng/knowledgecompilation/bdds/BDDReorderingTest.java,192,16,38,81,0.04,8,16,3,0,0,0,0,2,0,0,0,0,0,0,0,2,4,2,0,7,0,0,False
4817,logic-ng/logicng,38e007c1794193a7b55bf9f82f9f2903fb66a14e,org/logicng/knowledgecompilation/bdds/orderings/BFSOrderingTest.java,27,2,5,11,0.37,10,2,1,0,0,0,0,2,0,0,0,0,0,0,0,0,0,0,0,2,0,0,False
4818,logic-ng/logicng,38e007c1794193a7b55bf9f82f9f2903fb66a14e,org/logicng/knowledgecompilation/bdds/orderings/DFSOrderingTest.java,27,2,5,11,0.37,10,2,1,0,0,0,0,2,0,0,0,0,0,0,0,0,0,0,0,2,0,0,False
4819,logic-ng/logicng,38e007c1794193a7b55bf9f82f9f2903fb66a14e,org/logicng/knowledgecompilation/bdds/orderings/ForceOrderingTest.java,33,3,9,17,0.21,7,3,1,0,0,0,0,3,0,0,0,0,0,0,0,0,0,0,0,3,0,0,False
4820,logic-ng/logicng,38e007c1794193a7b55bf9f82f9f2903fb66a14e,org/logicng/knowledgecompilation/dnnf/datastructures/dtree/DTreeNodeTest.java,11,1,2,4,0.09,1,1,0,0,0,0,0,1,0,0,0,0,1,0,0,0,0,0,0,1,0,0,False
4821,logic-ng/logicng,38e007c1794193a7b55bf9f82f9f2903fb66a14e,org/logicng/knowledgecompilation/dnnf/DnnfCompilerTest.java,95,7,21,38,0.03,3,7,0,1,0,0,0,5,0,0,0,0,0,0,0,0,3,1,0,5,0,0,False
4822,logic-ng/logicng,38e007c1794193a7b55bf9f82f9f2903fb66a14e,org/logicng/LogicNGVersionTest.java,15,4,4,0,0.0,0,4,4,0,0,0,0,0,0,0,0,0,0,0,0,4,0,0,0,4,0,0,False
4823,logic-ng/logicng,38e007c1794193a7b55bf9f82f9f2903fb66a14e,org/logicng/modelcounting/ModelCounterTest.java,76,14,22,53,0.17,13,14,6,4,0,0,0,3,0,0,0,0,0,0,0,1,1,1,0,10,0,0,False
4824,logic-ng/logicng,38e007c1794193a7b55bf9f82f9f2903fb66a14e,org/logicng/np/SetCoverTest.java,31,2,2,16,0.19,6,2,1,0,0,0,0,0,0,0,0,0,0,0,0,1,0,0,0,2,0,0,False
4825,logic-ng/logicng,38e007c1794193a7b55bf9f82f9f2903fb66a14e,org/logicng/predicates/CNFPredicateTest.java,30,3,3,10,0.53,16,3,1,0,0,0,0,0,0,0,0,0,1,0,0,0,0,0,0,3,0,0,False
4826,logic-ng/logicng,38e007c1794193a7b55bf9f82f9f2903fb66a14e,org/logicng/predicates/ContainsPBCPredicateTest.java,44,6,9,30,0.43,19,6,4,1,0,0,0,2,0,0,0,0,1,0,0,0,0,0,0,6,0,0,False
4827,logic-ng/logicng,38e007c1794193a7b55bf9f82f9f2903fb66a14e,org/logicng/predicates/DNFPredicateTest.java,28,2,2,10,0.57,16,2,1,0,0,0,0,0,0,0,0,0,1,0,0,0,0,0,0,2,0,0,False
4828,logic-ng/logicng,38e007c1794193a7b55bf9f82f9f2903fb66a14e,org/logicng/predicates/EvaluatesToConstantPredicateTest.java,432,22,34,94,0.83,360,21,21,2,1,0,0,12,0,0,0,0,0,0,0,1,0,0,0,21,0,0,False
4829,logic-ng/logicng,38e007c1794193a7b55bf9f82f9f2903fb66a14e,org/logicng/predicates/NNFPredicateTest.java,32,2,2,11,0.63,20,2,1,0,0,0,0,0,0,0,0,0,1,0,0,0,0,0,0,2,0,0,False
4830,logic-ng/logicng,38e007c1794193a7b55bf9f82f9f2903fb66a14e,org/logicng/predicates/TermPredicateTest.java,47,3,3,17,0.68,32,3,3,0,0,0,0,0,0,0,0,0,1,0,0,0,0,0,0,3,0,0,False
4831,logic-ng/logicng,38e007c1794193a7b55bf9f82f9f2903fb66a14e,org/logicng/primecomputation/PrimeCompilerTest.java,118,12,33,65,0.09,11,12,0,4,0,0,0,4,0,0,0,0,1,0,0,0,6,1,0,7,0,0,False
4832,logic-ng/logicng,38e007c1794193a7b55bf9f82f9f2903fb66a14e,org/logicng/primecomputation/PrimeResultTest.java,75,5,5,28,0.36,27,4,3,0,1,0,0,0,0,0,0,0,1,0,0,0,0,0,0,4,0,0,False
4833,logic-ng/logicng,38e007c1794193a7b55bf9f82f9f2903fb66a14e,org/logicng/propositions/ExtendedPropositionTest.java,56,5,11,18,0.25,14,4,4,0,1,0,0,3,0,0,0,0,1,0,0,0,0,0,0,4,0,0,False
4834,logic-ng/logicng,38e007c1794193a7b55bf9f82f9f2903fb66a14e,org/logicng/propositions/StandardPropositionTest.java,43,5,11,18,0.35,15,4,4,0,1,0,0,3,0,0,0,0,1,0,0,0,0,0,0,4,0,0,False
4835,logic-ng/logicng,38e007c1794193a7b55bf9f82f9f2903fb66a14e,org/logicng/pseudobooleans/PBEncoderTest.java,66,9,13,30,0.11,7,8,1,4,1,0,0,1,0,0,0,0,1,0,0,0,1,1,0,7,0,0,False
4836,logic-ng/logicng,38e007c1794193a7b55bf9f82f9f2903fb66a14e,org/logicng/solvers/datastructures/LNGHeapTest.java,23,1,1,10,0.22,5,1,1,0,0,0,0,0,0,0,0,0,1,0,0,1,0,0,0,1,0,0,False
4837,logic-ng/logicng,38e007c1794193a7b55bf9f82f9f2903fb66a14e,org/logicng/solvers/functions/BackboneFunctionTest.java,276,12,41,159,0.25,68,12,8,6,0,0,0,8,0,0,0,0,0,0,0,8,0,0,0,9,0,0,False
4838,logic-ng/logicng,38e007c1794193a7b55bf9f82f9f2903fb66a14e,org/logicng/solvers/functions/ModelEnumerationFunctionTest.java,19,3,5,10,0.05,1,2,1,0,1,0,0,2,0,0,0,0,0,0,0,1,0,0,0,2,0,0,False
4839,logic-ng/logicng,38e007c1794193a7b55bf9f82f9f2903fb66a14e,org/logicng/solvers/functions/OptimizationFunctionTest.java,284,23,63,200,0.14,39,23,6,5,0,0,0,11,0,0,0,0,0,0,0,1,8,3,0,14,0,0,False
4840,logic-ng/logicng,38e007c1794193a7b55bf9f82f9f2903fb66a14e,org/logicng/solvers/functions/UnsatCoreFunctionTest.java,9,1,1,0,0.0,0,1,1,0,0,0,0,0,0,0,0,0,0,0,0,0,0,0,0,1,0,0,False
4841,logic-ng/logicng,38e007c1794193a7b55bf9f82f9f2903fb66a14e,org/logicng/solvers/sat/MiniSatTest.java,86,9,13,45,0.36,31,9,5,0,0,0,0,1,0,0,0,0,1,0,0,1,0,0,0,7,0,0,False
4842,logic-ng/logicng,38e007c1794193a7b55bf9f82f9f2903fb66a14e,org/logicng/solvers/sat/GlucoseSyrupTest.java,33,6,11,9,0.03,1,6,0,0,0,0,0,0,0,0,0,0,1,0,0,0,0,0,0,3,0,0,False
4843,logic-ng/logicng,38e007c1794193a7b55bf9f82f9f2903fb66a14e,org/logicng/solvers/sat/MiniCardTest.java,84,8,12,32,0.18,15,8,3,0,0,0,0,0,0,0,0,0,1,0,0,1,0,0,0,6,0,0,False
4844,logic-ng/logicng,38e007c1794193a7b55bf9f82f9f2903fb66a14e,org/logicng/transformations/AnonymizerTest.java,77,5,15,23,0.49,38,5,5,0,0,0,0,5,0,0,0,0,0,0,0,2,0,0,0,5,0,0,False
4845,logic-ng/logicng,38e007c1794193a7b55bf9f82f9f2903fb66a14e,org/logicng/transformations/FormulaFactoryImporterTest.java,187,12,17,114,0.67,126,12,10,0,0,0,0,1,0,0,0,0,0,0,0,0,0,0,0,10,0,0,False
4846,logic-ng/logicng,38e007c1794193a7b55bf9f82f9f2903fb66a14e,org/logicng/transformations/LiteralSubstitutionTest.java,42,5,14,19,0.4,17,5,3,0,0,0,0,4,0,0,0,0,0,0,0,0,0,0,0,4,0,0,False
4847,logic-ng/logicng,38e007c1794193a7b55bf9f82f9f2903fb66a14e,org/logicng/transformations/PureExpansionTransformationTest.java,107,13,37,44,0.35,37,13,6,2,0,0,0,4,0,0,0,0,1,0,0,1,2,0,0,10,0,0,False
4848,logic-ng/logicng,38e007c1794193a7b55bf9f82f9f2903fb66a14e,org/logicng/transformations/UnitPropagationTest.java,31,4,9,15,0.45,14,4,4,0,0,0,0,1,0,0,0,0,0,0,0,0,0,0,0,4,0,0,False
4849,logic-ng/logicng,38e007c1794193a7b55bf9f82f9f2903fb66a14e,org/logicng/transformations/cnf/CanonicalCNFEnumerationTest.java,54,6,13,30,0.31,17,6,1,2,0,0,0,1,0,0,0,0,1,0,0,0,2,1,0,4,0,0,False
4850,logic-ng/logicng,38e007c1794193a7b55bf9f82f9f2903fb66a14e,org/logicng/transformations/cnf/CNFEncoderTest.java,157,13,27,106,0.22,35,13,11,0,0,0,0,10,0,0,0,0,1,0,0,3,0,0,0,12,0,0,False
4851,logic-ng/logicng,38e007c1794193a7b55bf9f82f9f2903fb66a14e,org/logicng/transformations/cnf/CNFSubsumptionTest.java,41,4,8,16,0.46,19,4,3,0,0,0,0,3,0,0,0,0,0,0,0,1,0,0,0,4,0,0,False
4852,logic-ng/logicng,38e007c1794193a7b55bf9f82f9f2903fb66a14e,org/logicng/transformations/cnf/PlaistedGreenbaumTransformationSolverTest.java,41,5,10,11,0.02,1,5,1,2,0,0,0,1,0,0,0,0,0,0,0,1,1,0,0,3,0,0,False
4853,logic-ng/logicng,38e007c1794193a7b55bf9f82f9f2903fb66a14e,org/logicng/transformations/dnf/CanonicalDNFEnumerationTest.java,54,6,13,30,0.31,17,6,1,2,0,0,0,1,0,0,0,0,1,0,0,0,2,1,0,4,0,0,False
4854,logic-ng/logicng,38e007c1794193a7b55bf9f82f9f2903fb66a14e,org/logicng/transformations/dnf/DNFFactorizationTest.java,105,12,29,45,0.43,45,8,8,0,0,0,0,5,0,0,0,0,1,0,0,2,0,0,0,8,0,0,False
4855,logic-ng/logicng,38e007c1794193a7b55bf9f82f9f2903fb66a14e,org/logicng/transformations/dnf/DNFSubsumptionTest.java,48,4,10,16,0.4,19,4,3,1,0,0,0,3,0,0,0,0,0,0,0,1,0,0,0,4,0,0,False
4856,logic-ng/logicng,38e007c1794193a7b55bf9f82f9f2903fb66a14e,org/logicng/transformations/qmc/TermTest.java,80,3,7,21,0.21,17,3,3,0,0,0,0,1,0,0,0,0,1,0,0,0,0,0,0,3,0,0,False
4857,logic-ng/logicng,38e007c1794193a7b55bf9f82f9f2903fb66a14e,org/logicng/transformations/qmc/TermTableTest.java,47,4,8,19,0.26,12,4,2,0,0,0,0,0,0,0,0,0,1,0,0,1,0,0,0,3,0,0,False
4858,logic-ng/logicng,38e007c1794193a7b55bf9f82f9f2903fb66a14e,org/logicng/transformations/simplification/AdvancedSimplifierTest.java,84,11,31,56,0.12,10,11,2,5,0,0,0,5,0,0,0,0,1,0,0,0,7,1,0,9,0,0,False
4859,logic-ng/logicng,38e007c1794193a7b55bf9f82f9f2903fb66a14e,org/logicng/transformations/simplification/BackboneSimplifierTest.java,27,2,8,8,0.41,11,2,2,0,0,0,0,2,0,0,0,0,0,0,0,0,0,0,0,2,0,0,False
4860,logic-ng/logicng,38e007c1794193a7b55bf9f82f9f2903fb66a14e,org/logicng/transformations/simplification/DistributiveSimplifierTest.java,52,6,20,25,0.5,26,6,6,0,0,0,0,2,0,0,0,0,0,0,0,0,0,0,0,6,0,0,False
4861,logic-ng/logicng,38e007c1794193a7b55bf9f82f9f2903fb66a14e,org/logicng/util/CollectionHelperTest.java,60,6,7,16,0.6,36,6,6,0,0,0,0,0,0,0,0,0,0,0,0,1,0,0,0,6,0,0,False
4862,logic-ng/logicng,38e007c1794193a7b55bf9f82f9f2903fb66a14e,org/logicng/util/ComparablePairTest.java,42,5,5,18,0.52,22,5,5,0,0,0,0,0,0,0,0,0,1,0,0,0,0,0,0,5,0,0,False
4863,logic-ng/logicng,38e007c1794193a7b55bf9f82f9f2903fb66a14e,org/logicng/util/FormulaHelperTest.java,67,9,9,35,0.63,42,9,9,0,0,0,0,0,0,0,0,0,0,0,0,0,0,0,0,9,0,0,False
4864,logic-ng/logicng,38e007c1794193a7b55bf9f82f9f2903fb66a14e,org/logicng/util/FormulaRandomizerTest.java,414,22,60,281,0.21,86,22,19,20,0,0,0,0,0,0,0,0,0,0,0,1,0,0,0,20,0,0,False
4865,logic-ng/logicng,38e007c1794193a7b55bf9f82f9f2903fb66a14e,org/logicng/util/PairTest.java,36,4,4,14,0.5,18,4,4,0,0,0,0,0,0,0,0,0,1,0,0,0,0,0,0,4,0,0,False
4866,logic-ng/logicng,3e2dfe7d1f789a50a7bd0c68111139565b95665b,org/logicng/backbones/BackboneTest.java,78,6,8,39,0.35,27,6,4,0,0,0,0,1,0,0,0,0,1,0,0,2,0,0,0,5,0,0,False
4867,logic-ng/logicng,3e2dfe7d1f789a50a7bd0c68111139565b95665b,org/logicng/backbones/BackboneGenerationTest.java,224,9,27,100,0.22,49,9,4,2,0,0,0,4,0,0,0,0,0,0,0,2,0,0,0,8,0,0,False
4868,logic-ng/logicng,3e2dfe7d1f789a50a7bd0c68111139565b95665b,org/logicng/collections/LNGBooleanVectorTest.java,173,11,22,75,0.34,59,11,10,9,0,0,0,0,0,0,0,0,1,0,0,7,0,0,0,11,0,0,False
4869,logic-ng/logicng,3e2dfe7d1f789a50a7bd0c68111139565b95665b,org/logicng/collections/LNGByteVectorTest.java,198,12,25,84,0.29,57,12,11,11,0,0,0,0,0,0,0,0,1,0,0,6,0,0,0,12,0,0,False
4870,logic-ng/logicng,3e2dfe7d1f789a50a7bd0c68111139565b95665b,org/logicng/collections/LNGDoublePriorityQueueTest.java,107,6,6,35,0.4,43,6,5,0,0,0,0,0,0,0,0,0,1,0,0,3,0,0,0,6,0,0,False
4871,logic-ng/logicng,3e2dfe7d1f789a50a7bd0c68111139565b95665b,org/logicng/collections/LNGDoubleVectorTest.java,195,12,25,83,0.29,56,12,11,11,0,0,0,0,0,0,0,0,1,0,0,6,0,0,0,12,0,0,False
4872,logic-ng/logicng,3e2dfe7d1f789a50a7bd0c68111139565b95665b,org/logicng/collections/LNGIntVectorTest.java,195,12,25,83,0.29,56,12,11,11,0,0,0,0,0,0,0,0,1,0,0,6,0,0,0,12,0,0,False
4873,logic-ng/logicng,3e2dfe7d1f789a50a7bd0c68111139565b95665b,org/logicng/collections/LNGLongPriorityQueueTest.java,86,5,5,28,0.42,36,5,4,0,0,0,0,0,0,0,0,0,1,0,0,3,0,0,0,5,0,0,False
4874,logic-ng/logicng,3e2dfe7d1f789a50a7bd0c68111139565b95665b,org/logicng/collections/LNGLongVectorTest.java,198,12,25,84,0.29,57,12,11,11,0,0,0,0,0,0,0,0,1,0,0,6,0,0,0,12,0,0,False
4875,logic-ng/logicng,3e2dfe7d1f789a50a7bd0c68111139565b95665b,org/logicng/collections/LNGVectorTest.java,342,22,42,135,0.29,100,21,19,20,1,0,0,0,0,0,0,0,2,0,0,9,0,0,0,21,0,0,False
4876,logic-ng/logicng,3e2dfe7d1f789a50a7bd0c68111139565b95665b,org/logicng/datastructures/AssignmentTest.java,163,14,18,88,0.47,77,14,13,0,0,0,0,2,0,0,0,0,1,0,0,6,0,0,0,14,0,0,False
4877,logic-ng/logicng,3e2dfe7d1f789a50a7bd0c68111139565b95665b,org/logicng/formulas/SubstitutionTest.java,153,16,20,70,0.36,55,15,12,0,1,0,0,4,0,0,0,0,1,0,0,4,0,0,0,15,0,0,False
4878,logic-ng/logicng,3e2dfe7d1f789a50a7bd0c68111139565b95665b,org/logicng/datastructures/ubtrees/UBNodeTest.java,33,4,4,14,0.27,9,3,2,0,1,0,0,0,0,0,0,0,1,0,0,1,0,0,0,3,0,0,False
4879,logic-ng/logicng,3e2dfe7d1f789a50a7bd0c68111139565b95665b,org/logicng/datastructures/ubtrees/UBTreeTest.java,201,8,9,57,0.62,125,8,6,0,0,0,0,0,0,0,0,0,0,0,0,1,0,0,0,7,0,0,False
4880,logic-ng/logicng,3e2dfe7d1f789a50a7bd0c68111139565b95665b,org/logicng/explanations/mus/MUSConfigTest.java,12,1,2,11,0.17,2,1,1,0,0,0,0,0,0,0,0,0,1,0,0,0,0,0,0,1,0,0,False
4881,logic-ng/logicng,3e2dfe7d1f789a50a7bd0c68111139565b95665b,org/logicng/explanations/mus/MUSGenerationTest.java,114,12,24,32,0.05,6,11,2,2,1,0,0,2,0,0,0,0,1,0,0,0,2,1,0,8,0,0,False
4882,logic-ng/logicng,3e2dfe7d1f789a50a7bd0c68111139565b95665b,org/logicng/explanations/smus/SmusComputationTest.java,96,16,38,82,0.14,13,16,0,3,0,0,0,15,0,0,0,0,0,0,0,0,5,1,0,15,0,0,False
4883,logic-ng/logicng,3e2dfe7d1f789a50a7bd0c68111139565b95665b,org/logicng/explanations/UNSATCoreTest.java,54,5,7,19,0.3,16,4,4,0,1,0,0,0,0,0,0,0,1,0,0,1,0,0,0,4,0,0,False
4884,logic-ng/logicng,3e2dfe7d1f789a50a7bd0c68111139565b95665b,org/logicng/formulas/AndTest.java,144,20,25,93,0.56,81,20,17,0,0,0,0,2,0,0,0,0,1,0,0,4,0,0,0,20,0,0,False
4885,logic-ng/logicng,3e2dfe7d1f789a50a7bd0c68111139565b95665b,org/logicng/formulas/CFalseTest.java,63,18,19,62,0.32,20,18,2,0,0,0,0,0,0,0,0,0,1,0,0,0,0,0,0,18,0,0,False
4886,logic-ng/logicng,3e2dfe7d1f789a50a7bd0c68111139565b95665b,org/logicng/formulas/CTrueTest.java,64,18,19,62,0.33,21,18,3,0,0,0,0,0,0,0,0,0,1,0,0,1,0,0,0,18,0,0,False
4887,logic-ng/logicng,3e2dfe7d1f789a50a7bd0c68111139565b95665b,org/logicng/formulas/EquivalenceTest.java,136,20,23,81,0.57,77,20,19,0,0,0,0,1,0,0,0,0,1,0,0,4,0,0,0,20,0,0,False
4888,logic-ng/logicng,3e2dfe7d1f789a50a7bd0c68111139565b95665b,org/logicng/formulas/ExtendedFormulaFactoryTest.java,219,13,23,82,0.25,55,13,7,1,0,0,0,1,0,0,0,0,0,0,0,5,2,1,0,11,0,0,False
4889,logic-ng/logicng,3e2dfe7d1f789a50a7bd0c68111139565b95665b,org/logicng/formulas/FormulaTest.java,122,14,26,81,0.37,45,12,11,0,0,0,0,6,0,0,0,0,0,0,0,0,0,0,0,12,0,0,False
4890,logic-ng/logicng,3e2dfe7d1f789a50a7bd0c68111139565b95665b,org/logicng/formulas/FormulaFactoryTest.java,184,9,13,96,0.48,89,9,6,1,0,0,0,1,0,0,0,0,2,0,0,2,0,0,0,9,0,0,False
4891,logic-ng/logicng,3e2dfe7d1f789a50a7bd0c68111139565b95665b,org/logicng/formulas/ImplicationTest.java,131,21,24,80,0.54,71,21,19,0,0,0,0,1,0,0,0,0,1,0,0,5,0,0,0,21,0,0,False
4892,logic-ng/logicng,3e2dfe7d1f789a50a7bd0c68111139565b95665b,org/logicng/formulas/LiteralTest.java,119,23,24,85,0.52,62,23,22,0,0,0,0,0,0,0,0,0,1,0,0,2,1,0,0,23,0,0,False
4893,logic-ng/logicng,3e2dfe7d1f789a50a7bd0c68111139565b95665b,org/logicng/formulas/NotTest.java,107,19,22,76,0.5,54,19,18,0,0,0,0,1,0,0,0,0,1,0,0,4,0,0,0,19,0,0,False
4894,logic-ng/logicng,3e2dfe7d1f789a50a7bd0c68111139565b95665b,org/logicng/formulas/OrTest.java,139,19,24,88,0.58,80,19,17,0,0,0,0,2,0,0,0,0,1,0,0,4,0,0,0,19,0,0,False
4895,logic-ng/logicng,3e2dfe7d1f789a50a7bd0c68111139565b95665b,org/logicng/formulas/PBConstraintTest.java,619,36,39,207,0.61,376,35,33,0,1,0,0,0,0,0,0,0,5,0,0,6,0,0,0,35,0,0,False
4896,logic-ng/logicng,3e2dfe7d1f789a50a7bd0c68111139565b95665b,org/logicng/formulas/printer/DefaultStringRepresentationTest.java,48,3,3,18,0.71,34,3,1,0,0,0,0,0,0,0,0,0,2,0,0,0,0,0,0,3,0,0,False
4897,logic-ng/logicng,3e2dfe7d1f789a50a7bd0c68111139565b95665b,org/logicng/formulas/printer/LatexStringRepresentationTest.java,46,3,3,15,0.67,31,3,2,0,0,0,0,0,0,0,0,0,2,0,0,0,0,0,0,3,0,0,False
4898,logic-ng/logicng,3e2dfe7d1f789a50a7bd0c68111139565b95665b,org/logicng/formulas/printer/SortedStringRepresentationTest.java,61,4,4,22,0.69,42,4,2,0,0,0,0,0,0,0,0,0,2,0,0,2,0,0,0,4,0,0,False
4899,logic-ng/logicng,3e2dfe7d1f789a50a7bd0c68111139565b95665b,org/logicng/formulas/printer/UTF8StringRepresentationTest.java,46,3,3,15,0.67,31,3,2,0,0,0,0,0,0,0,0,0,2,0,0,0,0,0,0,3,0,0,False
4900,logic-ng/logicng,3e2dfe7d1f789a50a7bd0c68111139565b95665b,org/logicng/functions/FormulaDepthFunctionTest.java,54,4,7,24,0.57,31,4,3,1,0,0,0,1,0,0,0,0,0,0,0,1,0,0,0,4,0,0,False
4901,logic-ng/logicng,3e2dfe7d1f789a50a7bd0c68111139565b95665b,org/logicng/graphs/algorithms/BronKerboschTest.java,44,1,4,14,0.16,7,1,1,1,0,0,0,1,0,0,0,0,0,0,0,1,0,0,0,1,0,0,False
4902,logic-ng/logicng,3e2dfe7d1f789a50a7bd0c68111139565b95665b,org/logicng/graphs/datastructures/GraphTest.java,71,5,8,39,0.27,19,5,4,0,0,0,0,0,0,0,0,0,1,0,0,1,0,0,0,4,0,0,False
4903,logic-ng/logicng,3e2dfe7d1f789a50a7bd0c68111139565b95665b,org/logicng/graphs/datastructures/HypergraphTest.java,34,2,2,12,0.21,7,2,1,0,0,0,0,0,0,0,0,0,1,0,0,1,0,0,0,2,0,0,False
4904,logic-ng/logicng,3e2dfe7d1f789a50a7bd0c68111139565b95665b,org/logicng/graphs/datastructures/HypergraphEdgeTest.java,51,4,6,20,0.22,11,4,2,0,0,0,0,2,0,0,0,0,0,0,0,2,0,0,0,4,0,0,False
4905,logic-ng/logicng,3e2dfe7d1f789a50a7bd0c68111139565b95665b,org/logicng/graphs/datastructures/HypergraphNodeTest.java,30,2,2,12,0.37,11,2,2,0,0,0,0,0,0,0,0,0,0,0,0,1,0,0,0,2,0,0,False
4906,logic-ng/logicng,3e2dfe7d1f789a50a7bd0c68111139565b95665b,org/logicng/graphs/generators/ConstraintGraphGeneratorTest.java,75,5,13,45,0.11,8,5,1,1,0,0,0,5,0,0,0,0,3,0,0,1,0,0,0,5,0,0,False
4907,logic-ng/logicng,3e2dfe7d1f789a50a7bd0c68111139565b95665b,org/logicng/graphs/generators/HypergraphGeneratorTest.java,83,3,8,26,0.28,23,3,2,0,0,0,0,3,0,0,0,0,0,0,0,2,0,0,0,3,0,0,False
4908,logic-ng/logicng,3e2dfe7d1f789a50a7bd0c68111139565b95665b,org/logicng/graphs/io/GraphDimacsFileWriterTest.java,55,6,16,19,0.13,7,6,0,1,0,0,0,3,0,0,0,0,0,0,0,0,3,1,0,3,0,0,False
4909,logic-ng/logicng,3e2dfe7d1f789a50a7bd0c68111139565b95665b,org/logicng/handlers/NumberOfNodesBDDHandlerTest.java,9,1,1,0,0.0,0,1,0,0,0,0,0,0,0,0,0,0,0,0,0,0,0,0,0,1,0,0,False
4910,logic-ng/logicng,3e2dfe7d1f789a50a7bd0c68111139565b95665b,org/logicng/handlers/TimeoutBDDHandlerTest.java,44,6,14,31,0.14,6,6,3,0,0,0,0,3,0,0,0,0,0,0,1,1,1,0,0,5,0,0,False
4911,logic-ng/logicng,3e2dfe7d1f789a50a7bd0c68111139565b95665b,org/logicng/handlers/TimeoutMaxSATHandlerTest.java,41,7,15,32,0.1,4,7,4,4,0,0,0,5,0,0,0,0,0,0,2,2,1,0,0,6,0,0,False
4912,logic-ng/logicng,3e2dfe7d1f789a50a7bd0c68111139565b95665b,org/logicng/handlers/TimeoutModelEnumerationHandlerTest.java,60,6,13,49,0.1,6,6,3,4,0,0,0,2,0,0,0,0,0,0,1,1,2,0,0,5,0,0,False
4913,logic-ng/logicng,3e2dfe7d1f789a50a7bd0c68111139565b95665b,org/logicng/handlers/TimeoutOptimizationHandlerTest.java,46,5,14,45,0.04,2,5,1,3,0,0,0,4,0,0,0,0,0,0,1,1,1,0,0,4,0,0,False
4914,logic-ng/logicng,3e2dfe7d1f789a50a7bd0c68111139565b95665b,org/logicng/handlers/TimeoutSATHandlerTest.java,55,6,13,37,0.11,6,6,3,4,0,0,0,2,0,0,0,0,0,0,1,1,1,0,0,5,0,0,False
4915,logic-ng/logicng,3e2dfe7d1f789a50a7bd0c68111139565b95665b,org/logicng/io/graphical/generators/BddGraphicalGeneratorTest.java,117,4,11,39,0.01,1,4,0,0,0,0,0,3,0,0,0,0,0,0,0,0,3,1,0,3,0,0,False
4916,logic-ng/logicng,3e2dfe7d1f789a50a7bd0c68111139565b95665b,org/logicng/io/graphical/generators/FormulaAstGraphicalGeneratorTest.java,61,10,21,34,0.03,2,10,0,2,0,0,0,8,0,0,0,0,0,0,0,0,8,1,0,8,0,0,False
4917,logic-ng/logicng,3e2dfe7d1f789a50a7bd0c68111139565b95665b,org/logicng/io/graphical/generators/FormulaDagGraphicalGeneratorTest.java,59,9,19,34,0.03,2,9,0,2,0,0,0,7,0,0,0,0,0,0,0,0,7,1,0,7,0,0,False
4918,logic-ng/logicng,3e2dfe7d1f789a50a7bd0c68111139565b95665b,org/logicng/io/graphical/generators/GraphGraphicalGeneratorTest.java,45,6,13,32,0.04,2,6,0,2,0,0,0,5,0,0,0,0,0,0,0,0,5,1,0,5,0,0,False
4919,logic-ng/logicng,3e2dfe7d1f789a50a7bd0c68111139565b95665b,org/logicng/io/graphical/GraphicalEdgeTest.java,60,5,6,22,0.4,24,5,4,0,0,0,0,0,0,0,0,0,0,0,0,4,0,0,0,4,0,0,False
4920,logic-ng/logicng,3e2dfe7d1f789a50a7bd0c68111139565b95665b,org/logicng/io/graphical/GraphicalNodeTest.java,64,9,10,42,0.38,24,9,8,0,0,0,0,0,0,0,0,0,0,0,0,8,0,0,0,8,0,0,False
4921,logic-ng/logicng,3e2dfe7d1f789a50a7bd0c68111139565b95665b,org/logicng/io/parsers/PropositionalParserTest.java,142,29,38,55,0.45,64,29,9,0,0,0,0,9,0,0,0,0,1,0,0,0,0,0,0,29,0,0,False
4922,logic-ng/logicng,3e2dfe7d1f789a50a7bd0c68111139565b95665b,org/logicng/io/parsers/PseudoBooleanParserTest.java,164,30,42,77,0.51,84,30,12,0,0,0,0,12,0,0,0,0,1,0,0,1,0,0,0,30,0,0,False
4923,logic-ng/logicng,3e2dfe7d1f789a50a7bd0c68111139565b95665b,org/logicng/io/readers/DimacsReaderTest.java,9,1,1,0,0.0,0,1,0,0,0,0,0,0,0,1,0,0,0,0,0,0,0,0,1,1,0,0,False
4924,logic-ng/logicng,3e2dfe7d1f789a50a7bd0c68111139565b95665b,org/logicng/io/writers/FormulaDimacsFileWriterTest.java,67,7,17,21,0.09,6,7,0,0,0,0,0,4,0,0,0,0,0,0,0,0,4,1,0,5,0,0,False
4925,logic-ng/logicng,3e2dfe7d1f789a50a7bd0c68111139565b95665b,org/logicng/knowledgecompilation/bdds/datastructures/BDDNodeTest.java,66,4,4,35,0.47,31,4,4,0,0,0,0,0,0,0,0,0,0,0,0,1,0,0,0,4,0,0,False
4926,logic-ng/logicng,3e2dfe7d1f789a50a7bd0c68111139565b95665b,org/logicng/knowledgecompilation/bdds/BDDOperationsTest.java,256,16,29,85,0.63,161,16,12,1,0,0,0,5,0,0,0,0,0,0,0,0,1,0,0,13,0,0,False
4927,logic-ng/logicng,3e2dfe7d1f789a50a7bd0c68111139565b95665b,org/logicng/knowledgecompilation/bdds/jbuddy/BDDPrimeTest.java,6,1,1,3,0.33,2,1,1,0,0,0,0,0,0,0,0,0,0,0,0,0,0,0,0,1,0,0,False
4928,logic-ng/logicng,3e2dfe7d1f789a50a7bd0c68111139565b95665b,org/logicng/knowledgecompilation/bdds/BDDReorderingTest.java,192,16,38,81,0.04,8,16,3,0,0,0,0,2,0,0,0,0,0,0,0,2,4,2,0,7,0,0,False
4929,logic-ng/logicng,3e2dfe7d1f789a50a7bd0c68111139565b95665b,org/logicng/knowledgecompilation/bdds/orderings/BFSOrderingTest.java,27,2,5,11,0.37,10,2,1,0,0,0,0,2,0,0,0,0,0,0,0,0,0,0,0,2,0,0,False
4930,logic-ng/logicng,3e2dfe7d1f789a50a7bd0c68111139565b95665b,org/logicng/knowledgecompilation/bdds/orderings/DFSOrderingTest.java,27,2,5,11,0.37,10,2,1,0,0,0,0,2,0,0,0,0,0,0,0,0,0,0,0,2,0,0,False
4931,logic-ng/logicng,3e2dfe7d1f789a50a7bd0c68111139565b95665b,org/logicng/knowledgecompilation/bdds/orderings/ForceOrderingTest.java,33,3,9,17,0.21,7,3,1,0,0,0,0,3,0,0,0,0,0,0,0,0,0,0,0,3,0,0,False
4932,logic-ng/logicng,3e2dfe7d1f789a50a7bd0c68111139565b95665b,org/logicng/knowledgecompilation/dnnf/datastructures/dtree/DTreeNodeTest.java,11,1,2,4,0.09,1,1,0,0,0,0,0,1,0,0,0,0,1,0,0,0,0,0,0,1,0,0,False
4933,logic-ng/logicng,3e2dfe7d1f789a50a7bd0c68111139565b95665b,org/logicng/knowledgecompilation/dnnf/DnnfCompilerTest.java,95,7,21,38,0.03,3,7,0,1,0,0,0,5,0,0,0,0,0,0,0,0,3,1,0,5,0,0,False
4934,logic-ng/logicng,3e2dfe7d1f789a50a7bd0c68111139565b95665b,org/logicng/LogicNGVersionTest.java,15,4,4,0,0.0,0,4,4,0,0,0,0,0,0,0,0,0,0,0,0,4,0,0,0,4,0,0,False
4935,logic-ng/logicng,3e2dfe7d1f789a50a7bd0c68111139565b95665b,org/logicng/modelcounting/ModelCounterTest.java,76,14,22,53,0.17,13,14,6,4,0,0,0,3,0,0,0,0,0,0,0,1,1,1,0,10,0,0,False
4936,logic-ng/logicng,3e2dfe7d1f789a50a7bd0c68111139565b95665b,org/logicng/np/SetCoverTest.java,31,2,2,16,0.19,6,2,1,0,0,0,0,0,0,0,0,0,0,0,0,1,0,0,0,2,0,0,False
4937,logic-ng/logicng,3e2dfe7d1f789a50a7bd0c68111139565b95665b,org/logicng/predicates/CNFPredicateTest.java,30,3,3,10,0.53,16,3,1,0,0,0,0,0,0,0,0,0,1,0,0,0,0,0,0,3,0,0,False
4938,logic-ng/logicng,3e2dfe7d1f789a50a7bd0c68111139565b95665b,org/logicng/predicates/ContainsPBCPredicateTest.java,44,6,9,30,0.43,19,6,4,1,0,0,0,2,0,0,0,0,1,0,0,0,0,0,0,6,0,0,False
4939,logic-ng/logicng,3e2dfe7d1f789a50a7bd0c68111139565b95665b,org/logicng/predicates/DNFPredicateTest.java,28,2,2,10,0.57,16,2,1,0,0,0,0,0,0,0,0,0,1,0,0,0,0,0,0,2,0,0,False
4940,logic-ng/logicng,3e2dfe7d1f789a50a7bd0c68111139565b95665b,org/logicng/predicates/EvaluatesToConstantPredicateTest.java,432,22,34,94,0.83,360,21,21,2,1,0,0,12,0,0,0,0,0,0,0,1,0,0,0,21,0,0,False
4941,logic-ng/logicng,3e2dfe7d1f789a50a7bd0c68111139565b95665b,org/logicng/predicates/NNFPredicateTest.java,32,2,2,11,0.63,20,2,1,0,0,0,0,0,0,0,0,0,1,0,0,0,0,0,0,2,0,0,False
4942,logic-ng/logicng,3e2dfe7d1f789a50a7bd0c68111139565b95665b,org/logicng/predicates/TermPredicateTest.java,47,3,3,17,0.68,32,3,3,0,0,0,0,0,0,0,0,0,1,0,0,0,0,0,0,3,0,0,False
4943,logic-ng/logicng,3e2dfe7d1f789a50a7bd0c68111139565b95665b,org/logicng/primecomputation/PrimeCompilerTest.java,118,12,33,65,0.09,11,12,0,4,0,0,0,4,0,0,0,0,1,0,0,0,6,1,0,7,0,0,False
4944,logic-ng/logicng,3e2dfe7d1f789a50a7bd0c68111139565b95665b,org/logicng/primecomputation/PrimeResultTest.java,75,5,5,28,0.36,27,4,3,0,1,0,0,0,0,0,0,0,1,0,0,0,0,0,0,4,0,0,False
4945,logic-ng/logicng,3e2dfe7d1f789a50a7bd0c68111139565b95665b,org/logicng/propositions/ExtendedPropositionTest.java,56,5,11,18,0.25,14,4,4,0,1,0,0,3,0,0,0,0,1,0,0,0,0,0,0,4,0,0,False
4946,logic-ng/logicng,3e2dfe7d1f789a50a7bd0c68111139565b95665b,org/logicng/propositions/StandardPropositionTest.java,43,5,11,18,0.35,15,4,4,0,1,0,0,3,0,0,0,0,1,0,0,0,0,0,0,4,0,0,False
4947,logic-ng/logicng,3e2dfe7d1f789a50a7bd0c68111139565b95665b,org/logicng/pseudobooleans/PBEncoderTest.java,66,9,13,30,0.11,7,8,1,4,1,0,0,1,0,0,0,0,1,0,0,0,1,1,0,7,0,0,False
4948,logic-ng/logicng,3e2dfe7d1f789a50a7bd0c68111139565b95665b,org/logicng/solvers/datastructures/LNGHeapTest.java,23,1,1,10,0.22,5,1,1,0,0,0,0,0,0,0,0,0,1,0,0,1,0,0,0,1,0,0,False
4949,logic-ng/logicng,3e2dfe7d1f789a50a7bd0c68111139565b95665b,org/logicng/solvers/functions/BackboneFunctionTest.java,276,12,41,159,0.25,68,12,8,6,0,0,0,8,0,0,0,0,0,0,0,8,0,0,0,9,0,0,False
4950,logic-ng/logicng,3e2dfe7d1f789a50a7bd0c68111139565b95665b,org/logicng/solvers/functions/ModelEnumerationFunctionTest.java,19,3,5,10,0.05,1,2,1,0,1,0,0,2,0,0,0,0,0,0,0,1,0,0,0,2,0,0,False
4951,logic-ng/logicng,3e2dfe7d1f789a50a7bd0c68111139565b95665b,org/logicng/solvers/functions/OptimizationFunctionTest.java,284,23,63,200,0.14,39,23,6,5,0,0,0,11,0,0,0,0,0,0,0,1,8,3,0,14,0,0,False
4952,logic-ng/logicng,3e2dfe7d1f789a50a7bd0c68111139565b95665b,org/logicng/solvers/functions/UnsatCoreFunctionTest.java,9,1,1,0,0.0,0,1,1,0,0,0,0,0,0,0,0,0,0,0,0,0,0,0,0,1,0,0,False
4953,logic-ng/logicng,3e2dfe7d1f789a50a7bd0c68111139565b95665b,org/logicng/solvers/sat/MiniSatTest.java,86,9,13,45,0.36,31,9,5,0,0,0,0,1,0,0,0,0,1,0,0,1,0,0,0,7,0,0,False
4954,logic-ng/logicng,3e2dfe7d1f789a50a7bd0c68111139565b95665b,org/logicng/solvers/sat/GlucoseSyrupTest.java,33,6,11,9,0.03,1,6,0,0,0,0,0,0,0,0,0,0,1,0,0,0,0,0,0,3,0,0,False
4955,logic-ng/logicng,3e2dfe7d1f789a50a7bd0c68111139565b95665b,org/logicng/solvers/sat/MiniCardTest.java,84,8,12,32,0.18,15,8,3,0,0,0,0,0,0,0,0,0,1,0,0,1,0,0,0,6,0,0,False
4956,logic-ng/logicng,3e2dfe7d1f789a50a7bd0c68111139565b95665b,org/logicng/transformations/AnonymizerTest.java,77,5,15,23,0.49,38,5,5,0,0,0,0,5,0,0,0,0,0,0,0,2,0,0,0,5,0,0,False
4957,logic-ng/logicng,3e2dfe7d1f789a50a7bd0c68111139565b95665b,org/logicng/transformations/FormulaFactoryImporterTest.java,187,12,17,114,0.67,126,12,10,0,0,0,0,1,0,0,0,0,0,0,0,0,0,0,0,10,0,0,False
4958,logic-ng/logicng,3e2dfe7d1f789a50a7bd0c68111139565b95665b,org/logicng/transformations/LiteralSubstitutionTest.java,42,5,14,19,0.4,17,5,3,0,0,0,0,4,0,0,0,0,0,0,0,0,0,0,0,4,0,0,False
4959,logic-ng/logicng,3e2dfe7d1f789a50a7bd0c68111139565b95665b,org/logicng/transformations/PureExpansionTransformationTest.java,107,13,37,44,0.35,37,13,6,2,0,0,0,4,0,0,0,0,1,0,0,1,2,0,0,10,0,0,False
4960,logic-ng/logicng,3e2dfe7d1f789a50a7bd0c68111139565b95665b,org/logicng/transformations/UnitPropagationTest.java,31,4,9,15,0.45,14,4,4,0,0,0,0,1,0,0,0,0,0,0,0,0,0,0,0,4,0,0,False
4961,logic-ng/logicng,3e2dfe7d1f789a50a7bd0c68111139565b95665b,org/logicng/transformations/cnf/CanonicalCNFEnumerationTest.java,54,6,13,30,0.31,17,6,1,2,0,0,0,1,0,0,0,0,1,0,0,0,2,1,0,4,0,0,False
4962,logic-ng/logicng,3e2dfe7d1f789a50a7bd0c68111139565b95665b,org/logicng/transformations/cnf/CNFEncoderTest.java,157,13,27,106,0.22,35,13,11,0,0,0,0,10,0,0,0,0,1,0,0,3,0,0,0,12,0,0,False
4963,logic-ng/logicng,3e2dfe7d1f789a50a7bd0c68111139565b95665b,org/logicng/transformations/cnf/CNFSubsumptionTest.java,41,4,8,16,0.46,19,4,3,0,0,0,0,3,0,0,0,0,0,0,0,1,0,0,0,4,0,0,False
4964,logic-ng/logicng,3e2dfe7d1f789a50a7bd0c68111139565b95665b,org/logicng/transformations/cnf/PlaistedGreenbaumTransformationSolverTest.java,41,5,10,11,0.02,1,5,1,2,0,0,0,1,0,0,0,0,0,0,0,1,1,0,0,3,0,0,False
4965,logic-ng/logicng,3e2dfe7d1f789a50a7bd0c68111139565b95665b,org/logicng/transformations/dnf/CanonicalDNFEnumerationTest.java,54,6,13,30,0.31,17,6,1,2,0,0,0,1,0,0,0,0,1,0,0,0,2,1,0,4,0,0,False
4966,logic-ng/logicng,3e2dfe7d1f789a50a7bd0c68111139565b95665b,org/logicng/transformations/dnf/DNFFactorizationTest.java,105,12,29,45,0.43,45,8,8,0,0,0,0,5,0,0,0,0,1,0,0,2,0,0,0,8,0,0,False
4967,logic-ng/logicng,3e2dfe7d1f789a50a7bd0c68111139565b95665b,org/logicng/transformations/dnf/DNFSubsumptionTest.java,48,4,10,16,0.4,19,4,3,1,0,0,0,3,0,0,0,0,0,0,0,1,0,0,0,4,0,0,False
4968,logic-ng/logicng,3e2dfe7d1f789a50a7bd0c68111139565b95665b,org/logicng/transformations/qmc/TermTest.java,80,3,7,21,0.21,17,3,3,0,0,0,0,1,0,0,0,0,1,0,0,0,0,0,0,3,0,0,False
4969,logic-ng/logicng,3e2dfe7d1f789a50a7bd0c68111139565b95665b,org/logicng/transformations/qmc/TermTableTest.java,47,4,8,19,0.26,12,4,2,0,0,0,0,0,0,0,0,0,1,0,0,1,0,0,0,3,0,0,False
4970,logic-ng/logicng,3e2dfe7d1f789a50a7bd0c68111139565b95665b,org/logicng/transformations/simplification/AdvancedSimplifierTest.java,84,11,31,56,0.12,10,11,2,5,0,0,0,5,0,0,0,0,1,0,0,0,7,1,0,9,0,0,False
4971,logic-ng/logicng,3e2dfe7d1f789a50a7bd0c68111139565b95665b,org/logicng/transformations/simplification/BackboneSimplifierTest.java,27,2,8,8,0.41,11,2,2,0,0,0,0,2,0,0,0,0,0,0,0,0,0,0,0,2,0,0,False
4972,logic-ng/logicng,3e2dfe7d1f789a50a7bd0c68111139565b95665b,org/logicng/transformations/simplification/DistributiveSimplifierTest.java,52,6,20,25,0.5,26,6,6,0,0,0,0,2,0,0,0,0,0,0,0,0,0,0,0,6,0,0,False
4973,logic-ng/logicng,3e2dfe7d1f789a50a7bd0c68111139565b95665b,org/logicng/util/CollectionHelperTest.java,60,6,7,16,0.6,36,6,6,0,0,0,0,0,0,0,0,0,0,0,0,1,0,0,0,6,0,0,False
4974,logic-ng/logicng,3e2dfe7d1f789a50a7bd0c68111139565b95665b,org/logicng/util/ComparablePairTest.java,42,5,5,18,0.52,22,5,5,0,0,0,0,0,0,0,0,0,1,0,0,0,0,0,0,5,0,0,False
4975,logic-ng/logicng,3e2dfe7d1f789a50a7bd0c68111139565b95665b,org/logicng/util/FormulaHelperTest.java,67,9,9,35,0.63,42,9,9,0,0,0,0,0,0,0,0,0,0,0,0,0,0,0,0,9,0,0,False
4976,logic-ng/logicng,3e2dfe7d1f789a50a7bd0c68111139565b95665b,org/logicng/util/FormulaRandomizerTest.java,414,22,60,281,0.21,86,22,19,20,0,0,0,0,0,0,0,0,0,0,0,1,0,0,0,20,0,0,False
4977,logic-ng/logicng,3e2dfe7d1f789a50a7bd0c68111139565b95665b,org/logicng/util/PairTest.java,36,4,4,14,0.5,18,4,4,0,0,0,0,0,0,0,0,0,1,0,0,0,0,0,0,4,0,0,False
4978,logic-ng/logicng,53c33f828125b861b4b76932fad4855087978869,org/logicng/backbones/BackboneTest.java,78,6,8,39,0.35,27,6,4,0,0,0,0,1,0,0,0,0,1,0,0,2,0,0,0,5,0,0,False
4979,logic-ng/logicng,53c33f828125b861b4b76932fad4855087978869,org/logicng/backbones/BackboneGenerationTest.java,224,9,27,100,0.22,49,9,4,2,0,0,0,4,0,0,0,0,0,0,0,2,0,0,0,8,0,0,False
4980,logic-ng/logicng,53c33f828125b861b4b76932fad4855087978869,org/logicng/collections/LNGBooleanVectorTest.java,173,11,22,75,0.34,59,11,10,9,0,0,0,0,0,0,0,0,1,0,0,7,0,0,0,11,0,0,False
4981,logic-ng/logicng,53c33f828125b861b4b76932fad4855087978869,org/logicng/collections/LNGByteVectorTest.java,198,12,25,84,0.29,57,12,11,11,0,0,0,0,0,0,0,0,1,0,0,6,0,0,0,12,0,0,False
4982,logic-ng/logicng,53c33f828125b861b4b76932fad4855087978869,org/logicng/collections/LNGDoublePriorityQueueTest.java,107,6,6,35,0.4,43,6,5,0,0,0,0,0,0,0,0,0,1,0,0,3,0,0,0,6,0,0,False
4983,logic-ng/logicng,53c33f828125b861b4b76932fad4855087978869,org/logicng/collections/LNGDoubleVectorTest.java,195,12,25,83,0.29,56,12,11,11,0,0,0,0,0,0,0,0,1,0,0,6,0,0,0,12,0,0,False
4984,logic-ng/logicng,53c33f828125b861b4b76932fad4855087978869,org/logicng/collections/LNGIntVectorTest.java,195,12,25,83,0.29,56,12,11,11,0,0,0,0,0,0,0,0,1,0,0,6,0,0,0,12,0,0,False
4985,logic-ng/logicng,53c33f828125b861b4b76932fad4855087978869,org/logicng/collections/LNGLongPriorityQueueTest.java,86,5,5,28,0.42,36,5,4,0,0,0,0,0,0,0,0,0,1,0,0,3,0,0,0,5,0,0,False
4986,logic-ng/logicng,53c33f828125b861b4b76932fad4855087978869,org/logicng/collections/LNGLongVectorTest.java,198,12,25,84,0.29,57,12,11,11,0,0,0,0,0,0,0,0,1,0,0,6,0,0,0,12,0,0,False
4987,logic-ng/logicng,53c33f828125b861b4b76932fad4855087978869,org/logicng/collections/LNGVectorTest.java,342,22,42,135,0.29,100,21,19,20,1,0,0,0,0,0,0,0,2,0,0,9,0,0,0,21,0,0,False
4988,logic-ng/logicng,53c33f828125b861b4b76932fad4855087978869,org/logicng/datastructures/AssignmentTest.java,163,14,18,88,0.47,77,14,13,0,0,0,0,2,0,0,0,0,1,0,0,6,0,0,0,14,0,0,False
4989,logic-ng/logicng,53c33f828125b861b4b76932fad4855087978869,org/logicng/formulas/SubstitutionTest.java,153,16,20,70,0.36,55,15,12,0,1,0,0,4,0,0,0,0,1,0,0,4,0,0,0,15,0,0,False
4990,logic-ng/logicng,53c33f828125b861b4b76932fad4855087978869,org/logicng/datastructures/ubtrees/UBNodeTest.java,33,4,4,14,0.27,9,3,2,0,1,0,0,0,0,0,0,0,1,0,0,1,0,0,0,3,0,0,False
4991,logic-ng/logicng,53c33f828125b861b4b76932fad4855087978869,org/logicng/datastructures/ubtrees/UBTreeTest.java,201,8,9,57,0.62,125,8,6,0,0,0,0,0,0,0,0,0,0,0,0,1,0,0,0,7,0,0,False
4992,logic-ng/logicng,53c33f828125b861b4b76932fad4855087978869,org/logicng/explanations/mus/MUSConfigTest.java,12,1,2,11,0.17,2,1,1,0,0,0,0,0,0,0,0,0,1,0,0,0,0,0,0,1,0,0,False
4993,logic-ng/logicng,53c33f828125b861b4b76932fad4855087978869,org/logicng/explanations/mus/MUSGenerationTest.java,114,12,24,32,0.05,6,11,2,2,1,0,0,2,0,0,0,0,1,0,0,0,2,1,0,8,0,0,False
4994,logic-ng/logicng,53c33f828125b861b4b76932fad4855087978869,org/logicng/explanations/smus/SmusComputationTest.java,96,16,38,82,0.14,13,16,0,3,0,0,0,15,0,0,0,0,0,0,0,0,5,1,0,15,0,0,False
4995,logic-ng/logicng,53c33f828125b861b4b76932fad4855087978869,org/logicng/explanations/UNSATCoreTest.java,54,5,7,19,0.3,16,4,4,0,1,0,0,0,0,0,0,0,1,0,0,1,0,0,0,4,0,0,False
4996,logic-ng/logicng,53c33f828125b861b4b76932fad4855087978869,org/logicng/formulas/AndTest.java,144,20,25,93,0.56,81,20,17,0,0,0,0,2,0,0,0,0,1,0,0,4,0,0,0,20,0,0,False
4997,logic-ng/logicng,53c33f828125b861b4b76932fad4855087978869,org/logicng/formulas/CFalseTest.java,63,18,19,62,0.32,20,18,2,0,0,0,0,0,0,0,0,0,1,0,0,0,0,0,0,18,0,0,False
4998,logic-ng/logicng,53c33f828125b861b4b76932fad4855087978869,org/logicng/formulas/CTrueTest.java,64,18,19,62,0.33,21,18,3,0,0,0,0,0,0,0,0,0,1,0,0,1,0,0,0,18,0,0,False
4999,logic-ng/logicng,53c33f828125b861b4b76932fad4855087978869,org/logicng/formulas/EquivalenceTest.java,136,20,23,81,0.57,77,20,19,0,0,0,0,1,0,0,0,0,1,0,0,4,0,0,0,20,0,0,False
5000,logic-ng/logicng,53c33f828125b861b4b76932fad4855087978869,org/logicng/formulas/ExtendedFormulaFactoryTest.java,219,13,23,82,0.25,55,13,7,1,0,0,0,1,0,0,0,0,0,0,0,5,2,1,0,11,0,0,False
5001,logic-ng/logicng,53c33f828125b861b4b76932fad4855087978869,org/logicng/formulas/FormulaTest.java,61,8,13,44,0.28,17,6,5,0,0,0,0,0,0,0,0,0,0,0,0,0,0,0,0,6,0,0,False
5002,logic-ng/logicng,53c33f828125b861b4b76932fad4855087978869,org/logicng/formulas/FormulaFactoryTest.java,184,9,13,96,0.48,89,9,6,1,0,0,0,1,0,0,0,0,2,0,0,2,0,0,0,9,0,0,False
5003,logic-ng/logicng,53c33f828125b861b4b76932fad4855087978869,org/logicng/formulas/ImplicationTest.java,131,21,24,80,0.54,71,21,19,0,0,0,0,1,0,0,0,0,1,0,0,5,0,0,0,21,0,0,False
5004,logic-ng/logicng,53c33f828125b861b4b76932fad4855087978869,org/logicng/formulas/LiteralTest.java,119,23,24,85,0.52,62,23,22,0,0,0,0,0,0,0,0,0,1,0,0,2,1,0,0,23,0,0,False
5005,logic-ng/logicng,53c33f828125b861b4b76932fad4855087978869,org/logicng/formulas/NotTest.java,107,19,22,76,0.5,54,19,18,0,0,0,0,1,0,0,0,0,1,0,0,4,0,0,0,19,0,0,False
5006,logic-ng/logicng,53c33f828125b861b4b76932fad4855087978869,org/logicng/formulas/OrTest.java,139,19,24,88,0.58,80,19,17,0,0,0,0,2,0,0,0,0,1,0,0,4,0,0,0,19,0,0,False
5007,logic-ng/logicng,53c33f828125b861b4b76932fad4855087978869,org/logicng/formulas/PBConstraintTest.java,619,36,39,207,0.61,376,35,33,0,1,0,0,0,0,0,0,0,5,0,0,6,0,0,0,35,0,0,False
5008,logic-ng/logicng,53c33f828125b861b4b76932fad4855087978869,org/logicng/formulas/printer/DefaultStringRepresentationTest.java,48,3,3,18,0.71,34,3,1,0,0,0,0,0,0,0,0,0,2,0,0,0,0,0,0,3,0,0,False
5009,logic-ng/logicng,53c33f828125b861b4b76932fad4855087978869,org/logicng/formulas/printer/LatexStringRepresentationTest.java,46,3,3,15,0.67,31,3,2,0,0,0,0,0,0,0,0,0,2,0,0,0,0,0,0,3,0,0,False
5010,logic-ng/logicng,53c33f828125b861b4b76932fad4855087978869,org/logicng/formulas/printer/SortedStringRepresentationTest.java,61,4,4,22,0.69,42,4,2,0,0,0,0,0,0,0,0,0,2,0,0,2,0,0,0,4,0,0,False
5011,logic-ng/logicng,53c33f828125b861b4b76932fad4855087978869,org/logicng/formulas/printer/UTF8StringRepresentationTest.java,46,3,3,15,0.67,31,3,2,0,0,0,0,0,0,0,0,0,2,0,0,0,0,0,0,3,0,0,False
5012,logic-ng/logicng,53c33f828125b861b4b76932fad4855087978869,org/logicng/functions/FormulaDepthFunctionTest.java,54,4,7,24,0.57,31,4,3,1,0,0,0,1,0,0,0,0,0,0,0,1,0,0,0,4,0,0,False
5013,logic-ng/logicng,53c33f828125b861b4b76932fad4855087978869,org/logicng/graphs/algorithms/BronKerboschTest.java,44,1,4,14,0.16,7,1,1,1,0,0,0,1,0,0,0,0,0,0,0,1,0,0,0,1,0,0,False
5014,logic-ng/logicng,53c33f828125b861b4b76932fad4855087978869,org/logicng/graphs/datastructures/GraphTest.java,71,5,8,39,0.27,19,5,4,0,0,0,0,0,0,0,0,0,1,0,0,1,0,0,0,4,0,0,False
5015,logic-ng/logicng,53c33f828125b861b4b76932fad4855087978869,org/logicng/graphs/datastructures/HypergraphTest.java,34,2,2,12,0.21,7,2,1,0,0,0,0,0,0,0,0,0,1,0,0,1,0,0,0,2,0,0,False
5016,logic-ng/logicng,53c33f828125b861b4b76932fad4855087978869,org/logicng/graphs/datastructures/HypergraphEdgeTest.java,51,4,6,20,0.22,11,4,2,0,0,0,0,2,0,0,0,0,0,0,0,2,0,0,0,4,0,0,False
5017,logic-ng/logicng,53c33f828125b861b4b76932fad4855087978869,org/logicng/graphs/datastructures/HypergraphNodeTest.java,30,2,2,12,0.37,11,2,2,0,0,0,0,0,0,0,0,0,0,0,0,1,0,0,0,2,0,0,False
5018,logic-ng/logicng,53c33f828125b861b4b76932fad4855087978869,org/logicng/graphs/generators/ConstraintGraphGeneratorTest.java,75,5,13,45,0.11,8,5,1,1,0,0,0,5,0,0,0,0,3,0,0,1,0,0,0,5,0,0,False
5019,logic-ng/logicng,53c33f828125b861b4b76932fad4855087978869,org/logicng/graphs/generators/HypergraphGeneratorTest.java,83,3,8,26,0.28,23,3,2,0,0,0,0,3,0,0,0,0,0,0,0,2,0,0,0,3,0,0,False
5020,logic-ng/logicng,53c33f828125b861b4b76932fad4855087978869,org/logicng/graphs/io/GraphDimacsFileWriterTest.java,55,6,16,19,0.13,7,6,0,1,0,0,0,3,0,0,0,0,0,0,0,0,3,1,0,3,0,0,False
5021,logic-ng/logicng,53c33f828125b861b4b76932fad4855087978869,org/logicng/graphs/io/GraphDotFileWriterTest.java,33,5,11,11,0.06,2,5,0,1,0,0,0,3,0,0,0,0,0,0,0,0,3,1,0,3,0,0,False
5022,logic-ng/logicng,53c33f828125b861b4b76932fad4855087978869,org/logicng/handlers/NumberOfNodesBDDHandlerTest.java,9,1,1,0,0.0,0,1,0,0,0,0,0,0,0,0,0,0,0,0,0,0,0,0,0,1,0,0,False
5023,logic-ng/logicng,53c33f828125b861b4b76932fad4855087978869,org/logicng/handlers/TimeoutBDDHandlerTest.java,44,6,14,31,0.14,6,6,3,0,0,0,0,3,0,0,0,0,0,0,1,1,1,0,0,5,0,0,False
5024,logic-ng/logicng,53c33f828125b861b4b76932fad4855087978869,org/logicng/handlers/TimeoutMaxSATHandlerTest.java,41,7,15,31,0.1,4,7,4,4,0,0,0,5,0,0,0,0,0,0,2,2,1,0,0,6,0,0,False
5025,logic-ng/logicng,53c33f828125b861b4b76932fad4855087978869,org/logicng/handlers/TimeoutModelEnumerationHandlerTest.java,60,6,13,49,0.1,6,6,3,4,0,0,0,2,0,0,0,0,0,0,1,1,2,0,0,5,0,0,False
5026,logic-ng/logicng,53c33f828125b861b4b76932fad4855087978869,org/logicng/handlers/TimeoutOptimizationHandlerTest.java,46,5,14,45,0.04,2,5,1,3,0,0,0,4,0,0,0,0,0,0,1,1,1,0,0,4,0,0,False
5027,logic-ng/logicng,53c33f828125b861b4b76932fad4855087978869,org/logicng/handlers/TimeoutSATHandlerTest.java,55,6,13,37,0.11,6,6,3,4,0,0,0,2,0,0,0,0,0,0,1,1,1,0,0,5,0,0,False
5028,logic-ng/logicng,53c33f828125b861b4b76932fad4855087978869,org/logicng/io/parsers/PropositionalParserTest.java,142,29,38,55,0.45,64,29,9,0,0,0,0,9,0,0,0,0,1,0,0,0,0,0,0,29,0,0,False
5029,logic-ng/logicng,53c33f828125b861b4b76932fad4855087978869,org/logicng/io/parsers/PseudoBooleanParserTest.java,164,30,42,77,0.51,84,30,12,0,0,0,0,12,0,0,0,0,1,0,0,1,0,0,0,30,0,0,False
5030,logic-ng/logicng,53c33f828125b861b4b76932fad4855087978869,org/logicng/io/readers/DimacsReaderTest.java,9,1,1,0,0.0,0,1,0,0,0,0,0,0,0,1,0,0,0,0,0,0,0,0,1,1,0,0,False
5031,logic-ng/logicng,53c33f828125b861b4b76932fad4855087978869,org/logicng/io/writers/FormulaDimacsFileWriterTest.java,67,7,17,21,0.09,6,7,0,0,0,0,0,4,0,0,0,0,0,0,0,0,4,1,0,5,0,0,False
5032,logic-ng/logicng,53c33f828125b861b4b76932fad4855087978869,org/logicng/io/writers/FormulaDotFileWriterTest.java,46,5,11,14,0.04,2,5,0,0,0,0,0,4,0,0,0,0,0,0,0,0,4,1,0,4,0,0,False
5033,logic-ng/logicng,53c33f828125b861b4b76932fad4855087978869,org/logicng/knowledgecompilation/bdds/datastructures/BDDNodeTest.java,66,4,4,35,0.47,31,4,4,0,0,0,0,0,0,0,0,0,0,0,0,1,0,0,0,4,0,0,False
5034,logic-ng/logicng,53c33f828125b861b4b76932fad4855087978869,org/logicng/knowledgecompilation/bdds/io/BDDDotFileWriterTest.java,29,2,5,9,0.03,1,2,0,0,0,0,0,1,0,0,0,0,0,0,0,0,1,1,0,1,0,0,False
5035,logic-ng/logicng,53c33f828125b861b4b76932fad4855087978869,org/logicng/knowledgecompilation/bdds/BDDOperationsTest.java,220,11,19,60,0.68,150,11,10,0,0,0,0,3,0,0,0,0,0,0,0,0,0,0,0,10,0,0,False
5036,logic-ng/logicng,53c33f828125b861b4b76932fad4855087978869,org/logicng/knowledgecompilation/bdds/jbuddy/BDDPrimeTest.java,6,1,1,3,0.33,2,1,1,0,0,0,0,0,0,0,0,0,0,0,0,0,0,0,0,1,0,0,False
5037,logic-ng/logicng,53c33f828125b861b4b76932fad4855087978869,org/logicng/knowledgecompilation/bdds/BDDReorderingTest.java,201,17,41,85,0.04,8,17,3,0,0,0,0,2,0,0,0,0,0,0,0,2,4,2,0,7,0,0,False
5038,logic-ng/logicng,53c33f828125b861b4b76932fad4855087978869,org/logicng/knowledgecompilation/bdds/orderings/BFSOrderingTest.java,27,2,5,11,0.37,10,2,1,0,0,0,0,2,0,0,0,0,0,0,0,0,0,0,0,2,0,0,False
5039,logic-ng/logicng,53c33f828125b861b4b76932fad4855087978869,org/logicng/knowledgecompilation/bdds/orderings/DFSOrderingTest.java,27,2,5,11,0.37,10,2,1,0,0,0,0,2,0,0,0,0,0,0,0,0,0,0,0,2,0,0,False
5040,logic-ng/logicng,53c33f828125b861b4b76932fad4855087978869,org/logicng/knowledgecompilation/bdds/orderings/ForceOrderingTest.java,33,3,9,17,0.21,7,3,1,0,0,0,0,3,0,0,0,0,0,0,0,0,0,0,0,3,0,0,False
5041,logic-ng/logicng,53c33f828125b861b4b76932fad4855087978869,org/logicng/knowledgecompilation/dnnf/datastructures/dtree/DTreeNodeTest.java,11,1,2,4,0.09,1,1,0,0,0,0,0,1,0,0,0,0,1,0,0,0,0,0,0,1,0,0,False
5042,logic-ng/logicng,53c33f828125b861b4b76932fad4855087978869,org/logicng/knowledgecompilation/dnnf/DnnfCompilerTest.java,95,7,21,38,0.03,3,7,0,1,0,0,0,5,0,0,0,0,0,0,0,0,3,1,0,5,0,0,False
5043,logic-ng/logicng,53c33f828125b861b4b76932fad4855087978869,org/logicng/LogicNGVersionTest.java,15,4,4,0,0.0,0,4,4,0,0,0,0,0,0,0,0,0,0,0,0,4,0,0,0,4,0,0,False
5044,logic-ng/logicng,53c33f828125b861b4b76932fad4855087978869,org/logicng/modelcounting/ModelCounterTest.java,76,14,22,53,0.17,13,14,6,4,0,0,0,3,0,0,0,0,0,0,0,1,1,1,0,10,0,0,False
5045,logic-ng/logicng,53c33f828125b861b4b76932fad4855087978869,org/logicng/np/SetCoverTest.java,31,2,2,16,0.19,6,2,1,0,0,0,0,0,0,0,0,0,0,0,0,1,0,0,0,2,0,0,False
5046,logic-ng/logicng,53c33f828125b861b4b76932fad4855087978869,org/logicng/predicates/CNFPredicateTest.java,30,3,3,10,0.53,16,3,1,0,0,0,0,0,0,0,0,0,1,0,0,0,0,0,0,3,0,0,False
5047,logic-ng/logicng,53c33f828125b861b4b76932fad4855087978869,org/logicng/predicates/ContainsPBCPredicateTest.java,44,6,9,30,0.43,19,6,4,1,0,0,0,2,0,0,0,0,1,0,0,0,0,0,0,6,0,0,False
5048,logic-ng/logicng,53c33f828125b861b4b76932fad4855087978869,org/logicng/predicates/DNFPredicateTest.java,28,2,2,10,0.57,16,2,1,0,0,0,0,0,0,0,0,0,1,0,0,0,0,0,0,2,0,0,False
5049,logic-ng/logicng,53c33f828125b861b4b76932fad4855087978869,org/logicng/predicates/EvaluatesToConstantPredicateTest.java,432,22,34,94,0.83,360,21,21,2,1,0,0,12,0,0,0,0,0,0,0,1,0,0,0,21,0,0,False
5050,logic-ng/logicng,53c33f828125b861b4b76932fad4855087978869,org/logicng/predicates/NNFPredicateTest.java,32,2,2,11,0.63,20,2,1,0,0,0,0,0,0,0,0,0,1,0,0,0,0,0,0,2,0,0,False
5051,logic-ng/logicng,53c33f828125b861b4b76932fad4855087978869,org/logicng/predicates/TermPredicateTest.java,47,3,3,17,0.68,32,3,3,0,0,0,0,0,0,0,0,0,1,0,0,0,0,0,0,3,0,0,False
5052,logic-ng/logicng,53c33f828125b861b4b76932fad4855087978869,org/logicng/primecomputation/PrimeCompilerTest.java,118,12,33,65,0.09,11,12,0,4,0,0,0,4,0,0,0,0,1,0,0,0,6,1,0,7,0,0,False
5053,logic-ng/logicng,53c33f828125b861b4b76932fad4855087978869,org/logicng/primecomputation/PrimeResultTest.java,75,5,5,28,0.36,27,4,3,0,1,0,0,0,0,0,0,0,1,0,0,0,0,0,0,4,0,0,False
5054,logic-ng/logicng,53c33f828125b861b4b76932fad4855087978869,org/logicng/propositions/ExtendedPropositionTest.java,56,5,11,18,0.25,14,4,4,0,1,0,0,3,0,0,0,0,1,0,0,0,0,0,0,4,0,0,False
5055,logic-ng/logicng,53c33f828125b861b4b76932fad4855087978869,org/logicng/propositions/StandardPropositionTest.java,43,5,11,18,0.35,15,4,4,0,1,0,0,3,0,0,0,0,1,0,0,0,0,0,0,4,0,0,False
5056,logic-ng/logicng,53c33f828125b861b4b76932fad4855087978869,org/logicng/pseudobooleans/PBEncoderTest.java,66,9,13,30,0.11,7,8,1,4,1,0,0,1,0,0,0,0,1,0,0,0,1,1,0,7,0,0,False
5057,logic-ng/logicng,53c33f828125b861b4b76932fad4855087978869,org/logicng/solvers/datastructures/LNGHeapTest.java,23,1,1,10,0.22,5,1,1,0,0,0,0,0,0,0,0,0,1,0,0,1,0,0,0,1,0,0,False
5058,logic-ng/logicng,53c33f828125b861b4b76932fad4855087978869,org/logicng/solvers/functions/BackboneFunctionTest.java,276,12,41,159,0.25,68,12,8,6,0,0,0,8,0,0,0,0,0,0,0,8,0,0,0,9,0,0,False
5059,logic-ng/logicng,53c33f828125b861b4b76932fad4855087978869,org/logicng/solvers/functions/ModelEnumerationFunctionTest.java,19,3,5,10,0.05,1,2,1,0,1,0,0,2,0,0,0,0,0,0,0,1,0,0,0,2,0,0,False
5060,logic-ng/logicng,53c33f828125b861b4b76932fad4855087978869,org/logicng/solvers/functions/OptimizationFunctionTest.java,284,23,63,200,0.14,39,23,6,5,0,0,0,11,0,0,0,0,0,0,0,1,8,3,0,14,0,0,False
5061,logic-ng/logicng,53c33f828125b861b4b76932fad4855087978869,org/logicng/solvers/functions/UnsatCoreFunctionTest.java,9,1,1,0,0.0,0,1,1,0,0,0,0,0,0,0,0,0,0,0,0,0,0,0,0,1,0,0,False
5062,logic-ng/logicng,53c33f828125b861b4b76932fad4855087978869,org/logicng/solvers/sat/MiniSatTest.java,52,7,11,26,0.25,13,7,3,0,0,0,0,1,0,0,0,0,1,0,0,1,0,0,0,5,0,0,False
5063,logic-ng/logicng,53c33f828125b861b4b76932fad4855087978869,org/logicng/solvers/sat/GlucoseSyrupTest.java,33,6,11,9,0.03,1,6,0,0,0,0,0,0,0,0,0,0,1,0,0,0,0,0,0,3,0,0,False
5064,logic-ng/logicng,53c33f828125b861b4b76932fad4855087978869,org/logicng/solvers/sat/MiniCardTest.java,84,8,12,32,0.18,15,8,3,0,0,0,0,0,0,0,0,0,1,0,0,1,0,0,0,6,0,0,False
5065,logic-ng/logicng,53c33f828125b861b4b76932fad4855087978869,org/logicng/transformations/AnonymizerTest.java,77,5,15,23,0.49,38,5,5,0,0,0,0,5,0,0,0,0,0,0,0,2,0,0,0,5,0,0,False
5066,logic-ng/logicng,53c33f828125b861b4b76932fad4855087978869,org/logicng/transformations/FormulaFactoryImporterTest.java,187,12,17,114,0.67,126,12,10,0,0,0,0,1,0,0,0,0,0,0,0,0,0,0,0,10,0,0,False
5067,logic-ng/logicng,53c33f828125b861b4b76932fad4855087978869,org/logicng/transformations/LiteralSubstitutionTest.java,42,5,14,19,0.4,17,5,3,0,0,0,0,4,0,0,0,0,0,0,0,0,0,0,0,4,0,0,False
5068,logic-ng/logicng,53c33f828125b861b4b76932fad4855087978869,org/logicng/transformations/PureExpansionTransformationTest.java,107,13,37,44,0.35,37,13,6,2,0,0,0,4,0,0,0,0,1,0,0,1,2,0,0,10,0,0,False
5069,logic-ng/logicng,53c33f828125b861b4b76932fad4855087978869,org/logicng/transformations/UnitPropagationTest.java,31,4,9,15,0.45,14,4,4,0,0,0,0,1,0,0,0,0,0,0,0,0,0,0,0,4,0,0,False
5070,logic-ng/logicng,53c33f828125b861b4b76932fad4855087978869,org/logicng/transformations/cnf/CanonicalCNFEnumerationTest.java,54,6,13,30,0.31,17,6,1,2,0,0,0,1,0,0,0,0,1,0,0,0,2,1,0,4,0,0,False
5071,logic-ng/logicng,53c33f828125b861b4b76932fad4855087978869,org/logicng/transformations/cnf/CNFEncoderTest.java,157,13,27,106,0.22,35,13,11,0,0,0,0,10,0,0,0,0,1,0,0,3,0,0,0,12,0,0,False
5072,logic-ng/logicng,53c33f828125b861b4b76932fad4855087978869,org/logicng/transformations/cnf/CNFSubsumptionTest.java,41,4,8,16,0.46,19,4,3,0,0,0,0,3,0,0,0,0,0,0,0,1,0,0,0,4,0,0,False
5073,logic-ng/logicng,53c33f828125b861b4b76932fad4855087978869,org/logicng/transformations/cnf/PlaistedGreenbaumTransformationSolverTest.java,41,5,10,11,0.02,1,5,1,2,0,0,0,1,0,0,0,0,0,0,0,1,1,0,0,3,0,0,False
5074,logic-ng/logicng,53c33f828125b861b4b76932fad4855087978869,org/logicng/transformations/dnf/CanonicalDNFEnumerationTest.java,54,6,13,30,0.31,17,6,1,2,0,0,0,1,0,0,0,0,1,0,0,0,2,1,0,4,0,0,False
5075,logic-ng/logicng,53c33f828125b861b4b76932fad4855087978869,org/logicng/transformations/dnf/DNFFactorizationTest.java,105,12,29,45,0.43,45,8,8,0,0,0,0,5,0,0,0,0,1,0,0,2,0,0,0,8,0,0,False
5076,logic-ng/logicng,53c33f828125b861b4b76932fad4855087978869,org/logicng/transformations/dnf/DNFSubsumptionTest.java,48,4,10,16,0.4,19,4,3,1,0,0,0,3,0,0,0,0,0,0,0,1,0,0,0,4,0,0,False
5077,logic-ng/logicng,53c33f828125b861b4b76932fad4855087978869,org/logicng/transformations/qmc/TermTest.java,80,3,7,21,0.21,17,3,3,0,0,0,0,1,0,0,0,0,1,0,0,0,0,0,0,3,0,0,False
5078,logic-ng/logicng,53c33f828125b861b4b76932fad4855087978869,org/logicng/transformations/qmc/TermTableTest.java,47,4,8,19,0.26,12,4,2,0,0,0,0,0,0,0,0,0,1,0,0,1,0,0,0,3,0,0,False
5079,logic-ng/logicng,53c33f828125b861b4b76932fad4855087978869,org/logicng/transformations/simplification/AdvancedSimplifierTest.java,84,11,31,56,0.12,10,11,2,5,0,0,0,5,0,0,0,0,1,0,0,0,7,1,0,9,0,0,False
5080,logic-ng/logicng,53c33f828125b861b4b76932fad4855087978869,org/logicng/transformations/simplification/BackboneSimplifierTest.java,27,2,8,8,0.41,11,2,2,0,0,0,0,2,0,0,0,0,0,0,0,0,0,0,0,2,0,0,False
5081,logic-ng/logicng,53c33f828125b861b4b76932fad4855087978869,org/logicng/transformations/simplification/DistributiveSimplifierTest.java,52,6,20,25,0.5,26,6,6,0,0,0,0,2,0,0,0,0,0,0,0,0,0,0,0,6,0,0,False
5082,logic-ng/logicng,53c33f828125b861b4b76932fad4855087978869,org/logicng/util/CollectionHelperTest.java,60,6,7,16,0.6,36,6,6,0,0,0,0,0,0,0,0,0,0,0,0,1,0,0,0,6,0,0,False
5083,logic-ng/logicng,53c33f828125b861b4b76932fad4855087978869,org/logicng/util/ComparablePairTest.java,42,5,5,18,0.52,22,5,5,0,0,0,0,0,0,0,0,0,1,0,0,0,0,0,0,5,0,0,False
5084,logic-ng/logicng,53c33f828125b861b4b76932fad4855087978869,org/logicng/util/FormulaHelperTest.java,67,9,9,35,0.63,42,9,9,0,0,0,0,0,0,0,0,0,0,0,0,0,0,0,0,9,0,0,False
5085,logic-ng/logicng,53c33f828125b861b4b76932fad4855087978869,org/logicng/util/FormulaRandomizerTest.java,414,22,60,281,0.21,86,22,19,20,0,0,0,0,0,0,0,0,0,0,0,1,0,0,0,20,0,0,False
5086,logic-ng/logicng,53c33f828125b861b4b76932fad4855087978869,org/logicng/util/PairTest.java,36,4,4,14,0.5,18,4,4,0,0,0,0,0,0,0,0,0,1,0,0,0,0,0,0,4,0,0,False
5087,logic-ng/logicng,e5e5b099bf3b8d6349d6daffce1d3d56f66e4e58,org/logicng/backbones/BackboneTest.java,78,6,8,39,0.35,27,6,4,0,0,0,0,1,0,0,0,0,1,0,0,2,0,0,0,5,0,0,False
5088,logic-ng/logicng,e5e5b099bf3b8d6349d6daffce1d3d56f66e4e58,org/logicng/backbones/BackboneGenerationTest.java,224,9,27,100,0.22,49,9,4,2,0,0,0,4,0,0,0,0,0,0,0,2,0,0,0,8,0,0,False
5089,logic-ng/logicng,e5e5b099bf3b8d6349d6daffce1d3d56f66e4e58,org/logicng/collections/LNGBooleanVectorTest.java,173,11,22,75,0.34,59,11,10,9,0,0,0,0,0,0,0,0,1,0,0,7,0,0,0,11,0,0,False
5090,logic-ng/logicng,e5e5b099bf3b8d6349d6daffce1d3d56f66e4e58,org/logicng/collections/LNGByteVectorTest.java,198,12,25,84,0.29,57,12,11,11,0,0,0,0,0,0,0,0,1,0,0,6,0,0,0,12,0,0,False
5091,logic-ng/logicng,e5e5b099bf3b8d6349d6daffce1d3d56f66e4e58,org/logicng/collections/LNGDoublePriorityQueueTest.java,107,6,6,35,0.4,43,6,5,0,0,0,0,0,0,0,0,0,1,0,0,3,0,0,0,6,0,0,False
5092,logic-ng/logicng,e5e5b099bf3b8d6349d6daffce1d3d56f66e4e58,org/logicng/collections/LNGDoubleVectorTest.java,195,12,25,83,0.29,56,12,11,11,0,0,0,0,0,0,0,0,1,0,0,6,0,0,0,12,0,0,False
5093,logic-ng/logicng,e5e5b099bf3b8d6349d6daffce1d3d56f66e4e58,org/logicng/collections/LNGIntVectorTest.java,195,12,25,83,0.29,56,12,11,11,0,0,0,0,0,0,0,0,1,0,0,6,0,0,0,12,0,0,False
5094,logic-ng/logicng,e5e5b099bf3b8d6349d6daffce1d3d56f66e4e58,org/logicng/collections/LNGLongPriorityQueueTest.java,86,5,5,28,0.42,36,5,4,0,0,0,0,0,0,0,0,0,1,0,0,3,0,0,0,5,0,0,False
5095,logic-ng/logicng,e5e5b099bf3b8d6349d6daffce1d3d56f66e4e58,org/logicng/collections/LNGLongVectorTest.java,198,12,25,84,0.29,57,12,11,11,0,0,0,0,0,0,0,0,1,0,0,6,0,0,0,12,0,0,False
5096,logic-ng/logicng,e5e5b099bf3b8d6349d6daffce1d3d56f66e4e58,org/logicng/collections/LNGVectorTest.java,342,22,42,135,0.29,100,21,19,20,1,0,0,0,0,0,0,0,2,0,0,9,0,0,0,21,0,0,False
5097,logic-ng/logicng,e5e5b099bf3b8d6349d6daffce1d3d56f66e4e58,org/logicng/datastructures/AssignmentTest.java,163,14,18,88,0.47,77,14,13,0,0,0,0,2,0,0,0,0,1,0,0,6,0,0,0,14,0,0,False
5098,logic-ng/logicng,e5e5b099bf3b8d6349d6daffce1d3d56f66e4e58,org/logicng/formulas/SubstitutionTest.java,153,16,20,70,0.36,55,15,12,0,1,0,0,4,0,0,0,0,1,0,0,4,0,0,0,15,0,0,False
5099,logic-ng/logicng,e5e5b099bf3b8d6349d6daffce1d3d56f66e4e58,org/logicng/datastructures/ubtrees/UBNodeTest.java,33,4,4,14,0.27,9,3,2,0,1,0,0,0,0,0,0,0,1,0,0,1,0,0,0,3,0,0,False
5100,logic-ng/logicng,e5e5b099bf3b8d6349d6daffce1d3d56f66e4e58,org/logicng/datastructures/ubtrees/UBTreeTest.java,201,8,9,57,0.62,125,8,6,0,0,0,0,0,0,0,0,0,0,0,0,1,0,0,0,7,0,0,False
5101,logic-ng/logicng,e5e5b099bf3b8d6349d6daffce1d3d56f66e4e58,org/logicng/explanations/mus/MUSConfigTest.java,12,1,2,11,0.17,2,1,1,0,0,0,0,0,0,0,0,0,1,0,0,0,0,0,0,1,0,0,False
5102,logic-ng/logicng,e5e5b099bf3b8d6349d6daffce1d3d56f66e4e58,org/logicng/explanations/mus/MUSGenerationTest.java,114,12,24,32,0.05,6,11,2,2,1,0,0,2,0,0,0,0,1,0,0,0,2,1,0,8,0,0,False
5103,logic-ng/logicng,e5e5b099bf3b8d6349d6daffce1d3d56f66e4e58,org/logicng/explanations/smus/SmusComputationTest.java,96,16,38,82,0.14,13,16,0,3,0,0,0,15,0,0,0,0,0,0,0,0,5,1,0,15,0,0,False
5104,logic-ng/logicng,e5e5b099bf3b8d6349d6daffce1d3d56f66e4e58,org/logicng/explanations/UNSATCoreTest.java,54,5,7,19,0.3,16,4,4,0,1,0,0,0,0,0,0,0,1,0,0,1,0,0,0,4,0,0,False
5105,logic-ng/logicng,e5e5b099bf3b8d6349d6daffce1d3d56f66e4e58,org/logicng/formulas/AndTest.java,144,20,25,93,0.56,81,20,17,0,0,0,0,2,0,0,0,0,1,0,0,4,0,0,0,20,0,0,False
5106,logic-ng/logicng,e5e5b099bf3b8d6349d6daffce1d3d56f66e4e58,org/logicng/formulas/CFalseTest.java,63,18,19,62,0.32,20,18,2,0,0,0,0,0,0,0,0,0,1,0,0,0,0,0,0,18,0,0,False
5107,logic-ng/logicng,e5e5b099bf3b8d6349d6daffce1d3d56f66e4e58,org/logicng/formulas/CTrueTest.java,64,18,19,62,0.33,21,18,3,0,0,0,0,0,0,0,0,0,1,0,0,1,0,0,0,18,0,0,False
5108,logic-ng/logicng,e5e5b099bf3b8d6349d6daffce1d3d56f66e4e58,org/logicng/formulas/EquivalenceTest.java,136,20,23,81,0.57,77,20,19,0,0,0,0,1,0,0,0,0,1,0,0,4,0,0,0,20,0,0,False
5109,logic-ng/logicng,e5e5b099bf3b8d6349d6daffce1d3d56f66e4e58,org/logicng/formulas/ExtendedFormulaFactoryTest.java,199,12,21,74,0.27,54,12,7,0,0,0,0,1,0,0,0,0,0,0,0,5,2,1,0,10,0,0,False
5110,logic-ng/logicng,e5e5b099bf3b8d6349d6daffce1d3d56f66e4e58,org/logicng/formulas/FormulaTest.java,61,8,13,44,0.28,17,6,5,0,0,0,0,0,0,0,0,0,0,0,0,0,0,0,0,6,0,0,False
5111,logic-ng/logicng,e5e5b099bf3b8d6349d6daffce1d3d56f66e4e58,org/logicng/formulas/FormulaFactoryTest.java,184,9,13,96,0.48,89,9,6,1,0,0,0,1,0,0,0,0,2,0,0,2,0,0,0,9,0,0,False
5112,logic-ng/logicng,e5e5b099bf3b8d6349d6daffce1d3d56f66e4e58,org/logicng/formulas/ImplicationTest.java,131,21,24,80,0.54,71,21,19,0,0,0,0,1,0,0,0,0,1,0,0,5,0,0,0,21,0,0,False
5113,logic-ng/logicng,e5e5b099bf3b8d6349d6daffce1d3d56f66e4e58,org/logicng/formulas/LiteralTest.java,119,23,24,85,0.52,62,23,22,0,0,0,0,0,0,0,0,0,1,0,0,2,1,0,0,23,0,0,False
5114,logic-ng/logicng,e5e5b099bf3b8d6349d6daffce1d3d56f66e4e58,org/logicng/formulas/NotTest.java,107,19,22,76,0.5,54,19,18,0,0,0,0,1,0,0,0,0,1,0,0,4,0,0,0,19,0,0,False
5115,logic-ng/logicng,e5e5b099bf3b8d6349d6daffce1d3d56f66e4e58,org/logicng/formulas/OrTest.java,139,19,24,88,0.58,80,19,17,0,0,0,0,2,0,0,0,0,1,0,0,4,0,0,0,19,0,0,False
5116,logic-ng/logicng,e5e5b099bf3b8d6349d6daffce1d3d56f66e4e58,org/logicng/formulas/PBConstraintTest.java,619,36,39,207,0.61,376,35,33,0,1,0,0,0,0,0,0,0,5,0,0,6,0,0,0,35,0,0,False
5117,logic-ng/logicng,e5e5b099bf3b8d6349d6daffce1d3d56f66e4e58,org/logicng/formulas/printer/DefaultStringRepresentationTest.java,48,3,3,18,0.71,34,3,1,0,0,0,0,0,0,0,0,0,2,0,0,0,0,0,0,3,0,0,False
5118,logic-ng/logicng,e5e5b099bf3b8d6349d6daffce1d3d56f66e4e58,org/logicng/formulas/printer/LatexStringRepresentationTest.java,46,3,3,15,0.67,31,3,2,0,0,0,0,0,0,0,0,0,2,0,0,0,0,0,0,3,0,0,False
5119,logic-ng/logicng,e5e5b099bf3b8d6349d6daffce1d3d56f66e4e58,org/logicng/formulas/printer/SortedStringRepresentationTest.java,61,4,4,22,0.69,42,4,2,0,0,0,0,0,0,0,0,0,2,0,0,2,0,0,0,4,0,0,False
5120,logic-ng/logicng,e5e5b099bf3b8d6349d6daffce1d3d56f66e4e58,org/logicng/formulas/printer/UTF8StringRepresentationTest.java,46,3,3,15,0.67,31,3,2,0,0,0,0,0,0,0,0,0,2,0,0,0,0,0,0,3,0,0,False
5121,logic-ng/logicng,e5e5b099bf3b8d6349d6daffce1d3d56f66e4e58,org/logicng/functions/FormulaDepthFunctionTest.java,54,4,7,24,0.57,31,4,3,1,0,0,0,1,0,0,0,0,0,0,0,1,0,0,0,4,0,0,False
5122,logic-ng/logicng,e5e5b099bf3b8d6349d6daffce1d3d56f66e4e58,org/logicng/graphs/algorithms/BronKerboschTest.java,44,1,4,14,0.16,7,1,1,1,0,0,0,1,0,0,0,0,0,0,0,1,0,0,0,1,0,0,False
5123,logic-ng/logicng,e5e5b099bf3b8d6349d6daffce1d3d56f66e4e58,org/logicng/graphs/datastructures/GraphTest.java,71,5,8,39,0.27,19,5,4,0,0,0,0,0,0,0,0,0,1,0,0,1,0,0,0,4,0,0,False
5124,logic-ng/logicng,e5e5b099bf3b8d6349d6daffce1d3d56f66e4e58,org/logicng/graphs/datastructures/HypergraphTest.java,34,2,2,12,0.21,7,2,1,0,0,0,0,0,0,0,0,0,1,0,0,1,0,0,0,2,0,0,False
5125,logic-ng/logicng,e5e5b099bf3b8d6349d6daffce1d3d56f66e4e58,org/logicng/graphs/datastructures/HypergraphEdgeTest.java,51,4,6,20,0.22,11,4,2,0,0,0,0,2,0,0,0,0,0,0,0,2,0,0,0,4,0,0,False
5126,logic-ng/logicng,e5e5b099bf3b8d6349d6daffce1d3d56f66e4e58,org/logicng/graphs/datastructures/HypergraphNodeTest.java,30,2,2,12,0.37,11,2,2,0,0,0,0,0,0,0,0,0,0,0,0,1,0,0,0,2,0,0,False
5127,logic-ng/logicng,e5e5b099bf3b8d6349d6daffce1d3d56f66e4e58,org/logicng/graphs/generators/ConstraintGraphGeneratorTest.java,75,5,13,45,0.11,8,5,1,1,0,0,0,5,0,0,0,0,3,0,0,1,0,0,0,5,0,0,False
5128,logic-ng/logicng,e5e5b099bf3b8d6349d6daffce1d3d56f66e4e58,org/logicng/graphs/generators/HypergraphGeneratorTest.java,83,3,8,26,0.28,23,3,2,0,0,0,0,3,0,0,0,0,0,0,0,2,0,0,0,3,0,0,False
5129,logic-ng/logicng,e5e5b099bf3b8d6349d6daffce1d3d56f66e4e58,org/logicng/graphs/io/GraphDimacsFileWriterTest.java,55,6,16,19,0.13,7,6,0,1,0,0,0,3,0,0,0,0,0,0,0,0,3,1,0,3,0,0,False
5130,logic-ng/logicng,e5e5b099bf3b8d6349d6daffce1d3d56f66e4e58,org/logicng/graphs/io/GraphDotFileWriterTest.java,33,5,11,11,0.06,2,5,0,1,0,0,0,3,0,0,0,0,0,0,0,0,3,1,0,3,0,0,False
5131,logic-ng/logicng,e5e5b099bf3b8d6349d6daffce1d3d56f66e4e58,org/logicng/handlers/NumberOfNodesBDDHandlerTest.java,9,1,1,0,0.0,0,1,0,0,0,0,0,0,0,0,0,0,0,0,0,0,0,0,0,1,0,0,False
5132,logic-ng/logicng,e5e5b099bf3b8d6349d6daffce1d3d56f66e4e58,org/logicng/handlers/TimeoutBDDHandlerTest.java,44,6,14,31,0.14,6,6,3,0,0,0,0,3,0,0,0,0,0,0,1,1,1,0,0,5,0,0,False
5133,logic-ng/logicng,e5e5b099bf3b8d6349d6daffce1d3d56f66e4e58,org/logicng/handlers/TimeoutMaxSATHandlerTest.java,41,7,15,31,0.1,4,7,4,4,0,0,0,5,0,0,0,0,0,0,2,2,1,0,0,6,0,0,False
5134,logic-ng/logicng,e5e5b099bf3b8d6349d6daffce1d3d56f66e4e58,org/logicng/handlers/TimeoutModelEnumerationHandlerTest.java,60,6,13,49,0.1,6,6,3,4,0,0,0,2,0,0,0,0,0,0,1,1,2,0,0,5,0,0,False
5135,logic-ng/logicng,e5e5b099bf3b8d6349d6daffce1d3d56f66e4e58,org/logicng/handlers/TimeoutOptimizationHandlerTest.java,46,5,14,45,0.04,2,5,1,3,0,0,0,4,0,0,0,0,0,0,1,1,1,0,0,4,0,0,False
5136,logic-ng/logicng,e5e5b099bf3b8d6349d6daffce1d3d56f66e4e58,org/logicng/handlers/TimeoutSATHandlerTest.java,55,6,13,37,0.11,6,6,3,4,0,0,0,2,0,0,0,0,0,0,1,1,1,0,0,5,0,0,False
5137,logic-ng/logicng,e5e5b099bf3b8d6349d6daffce1d3d56f66e4e58,org/logicng/io/parsers/PropositionalParserTest.java,142,29,38,55,0.45,64,29,9,0,0,0,0,9,0,0,0,0,1,0,0,0,0,0,0,29,0,0,False
5138,logic-ng/logicng,e5e5b099bf3b8d6349d6daffce1d3d56f66e4e58,org/logicng/io/parsers/PseudoBooleanParserTest.java,164,30,42,77,0.51,84,30,12,0,0,0,0,12,0,0,0,0,1,0,0,1,0,0,0,30,0,0,False
5139,logic-ng/logicng,e5e5b099bf3b8d6349d6daffce1d3d56f66e4e58,org/logicng/io/readers/DimacsReaderTest.java,9,1,1,0,0.0,0,1,0,0,0,0,0,0,0,1,0,0,0,0,0,0,0,0,1,1,0,0,False
5140,logic-ng/logicng,e5e5b099bf3b8d6349d6daffce1d3d56f66e4e58,org/logicng/io/writers/FormulaDimacsFileWriterTest.java,67,7,17,21,0.09,6,7,0,0,0,0,0,4,0,0,0,0,0,0,0,0,4,1,0,5,0,0,False
5141,logic-ng/logicng,e5e5b099bf3b8d6349d6daffce1d3d56f66e4e58,org/logicng/io/writers/FormulaDotFileWriterTest.java,46,5,11,14,0.04,2,5,0,0,0,0,0,4,0,0,0,0,0,0,0,0,4,1,0,4,0,0,False
5142,logic-ng/logicng,e5e5b099bf3b8d6349d6daffce1d3d56f66e4e58,org/logicng/knowledgecompilation/bdds/datastructures/BDDNodeTest.java,66,4,4,35,0.47,31,4,4,0,0,0,0,0,0,0,0,0,0,0,0,1,0,0,0,4,0,0,False
5143,logic-ng/logicng,e5e5b099bf3b8d6349d6daffce1d3d56f66e4e58,org/logicng/knowledgecompilation/bdds/io/BDDDotFileWriterTest.java,29,2,5,9,0.03,1,2,0,0,0,0,0,1,0,0,0,0,0,0,0,0,1,1,0,1,0,0,False
5144,logic-ng/logicng,e5e5b099bf3b8d6349d6daffce1d3d56f66e4e58,org/logicng/knowledgecompilation/bdds/BDDOperationsTest.java,220,11,19,60,0.68,150,11,10,0,0,0,0,3,0,0,0,0,0,0,0,0,0,0,0,10,0,0,False
5145,logic-ng/logicng,e5e5b099bf3b8d6349d6daffce1d3d56f66e4e58,org/logicng/knowledgecompilation/bdds/jbuddy/BDDPrimeTest.java,6,1,1,3,0.33,2,1,1,0,0,0,0,0,0,0,0,0,0,0,0,0,0,0,0,1,0,0,False
5146,logic-ng/logicng,e5e5b099bf3b8d6349d6daffce1d3d56f66e4e58,org/logicng/knowledgecompilation/bdds/BDDReorderingTest.java,201,17,41,85,0.04,8,17,3,0,0,0,0,2,0,0,0,0,0,0,0,2,4,2,0,7,0,0,False
5147,logic-ng/logicng,e5e5b099bf3b8d6349d6daffce1d3d56f66e4e58,org/logicng/knowledgecompilation/bdds/orderings/BFSOrderingTest.java,27,2,5,11,0.37,10,2,1,0,0,0,0,2,0,0,0,0,0,0,0,0,0,0,0,2,0,0,False
5148,logic-ng/logicng,e5e5b099bf3b8d6349d6daffce1d3d56f66e4e58,org/logicng/knowledgecompilation/bdds/orderings/DFSOrderingTest.java,27,2,5,11,0.37,10,2,1,0,0,0,0,2,0,0,0,0,0,0,0,0,0,0,0,2,0,0,False
5149,logic-ng/logicng,e5e5b099bf3b8d6349d6daffce1d3d56f66e4e58,org/logicng/knowledgecompilation/bdds/orderings/ForceOrderingTest.java,33,3,9,17,0.21,7,3,1,0,0,0,0,3,0,0,0,0,0,0,0,0,0,0,0,3,0,0,False
5150,logic-ng/logicng,e5e5b099bf3b8d6349d6daffce1d3d56f66e4e58,org/logicng/knowledgecompilation/dnnf/datastructures/dtree/DTreeNodeTest.java,11,1,2,4,0.09,1,1,0,0,0,0,0,1,0,0,0,0,1,0,0,0,0,0,0,1,0,0,False
5151,logic-ng/logicng,e5e5b099bf3b8d6349d6daffce1d3d56f66e4e58,org/logicng/knowledgecompilation/dnnf/DnnfCompilerTest.java,95,7,21,38,0.03,3,7,0,1,0,0,0,5,0,0,0,0,0,0,0,0,3,1,0,5,0,0,False
5152,logic-ng/logicng,e5e5b099bf3b8d6349d6daffce1d3d56f66e4e58,org/logicng/LogicNGVersionTest.java,15,4,4,0,0.0,0,4,4,0,0,0,0,0,0,0,0,0,0,0,0,4,0,0,0,4,0,0,False
5153,logic-ng/logicng,e5e5b099bf3b8d6349d6daffce1d3d56f66e4e58,org/logicng/modelcounting/ModelCounterTest.java,76,14,22,53,0.17,13,14,6,4,0,0,0,3,0,0,0,0,0,0,0,1,1,1,0,10,0,0,False
5154,logic-ng/logicng,e5e5b099bf3b8d6349d6daffce1d3d56f66e4e58,org/logicng/np/SetCoverTest.java,31,2,2,16,0.19,6,2,1,0,0,0,0,0,0,0,0,0,0,0,0,1,0,0,0,2,0,0,False
5155,logic-ng/logicng,e5e5b099bf3b8d6349d6daffce1d3d56f66e4e58,org/logicng/predicates/CNFPredicateTest.java,30,3,3,10,0.53,16,3,1,0,0,0,0,0,0,0,0,0,1,0,0,0,0,0,0,3,0,0,False
5156,logic-ng/logicng,e5e5b099bf3b8d6349d6daffce1d3d56f66e4e58,org/logicng/predicates/ContainsPBCPredicateTest.java,44,6,9,30,0.43,19,6,4,1,0,0,0,2,0,0,0,0,1,0,0,0,0,0,0,6,0,0,False
5157,logic-ng/logicng,e5e5b099bf3b8d6349d6daffce1d3d56f66e4e58,org/logicng/predicates/DNFPredicateTest.java,28,2,2,10,0.57,16,2,1,0,0,0,0,0,0,0,0,0,1,0,0,0,0,0,0,2,0,0,False
5158,logic-ng/logicng,e5e5b099bf3b8d6349d6daffce1d3d56f66e4e58,org/logicng/predicates/EvaluatesToConstantPredicateTest.java,432,22,34,94,0.83,360,21,21,2,1,0,0,12,0,0,0,0,0,0,0,1,0,0,0,21,0,0,False
5159,logic-ng/logicng,e5e5b099bf3b8d6349d6daffce1d3d56f66e4e58,org/logicng/predicates/NNFPredicateTest.java,32,2,2,11,0.63,20,2,1,0,0,0,0,0,0,0,0,0,1,0,0,0,0,0,0,2,0,0,False
5160,logic-ng/logicng,e5e5b099bf3b8d6349d6daffce1d3d56f66e4e58,org/logicng/predicates/TermPredicateTest.java,47,3,3,17,0.68,32,3,3,0,0,0,0,0,0,0,0,0,1,0,0,0,0,0,0,3,0,0,False
5161,logic-ng/logicng,e5e5b099bf3b8d6349d6daffce1d3d56f66e4e58,org/logicng/primecomputation/PrimeCompilerTest.java,118,12,33,65,0.09,11,12,0,4,0,0,0,4,0,0,0,0,1,0,0,0,6,1,0,7,0,0,False
5162,logic-ng/logicng,e5e5b099bf3b8d6349d6daffce1d3d56f66e4e58,org/logicng/primecomputation/PrimeResultTest.java,75,5,5,28,0.36,27,4,3,0,1,0,0,0,0,0,0,0,1,0,0,0,0,0,0,4,0,0,False
5163,logic-ng/logicng,e5e5b099bf3b8d6349d6daffce1d3d56f66e4e58,org/logicng/propositions/ExtendedPropositionTest.java,56,5,11,18,0.25,14,4,4,0,1,0,0,3,0,0,0,0,1,0,0,0,0,0,0,4,0,0,False
5164,logic-ng/logicng,e5e5b099bf3b8d6349d6daffce1d3d56f66e4e58,org/logicng/propositions/StandardPropositionTest.java,43,5,11,18,0.35,15,4,4,0,1,0,0,3,0,0,0,0,1,0,0,0,0,0,0,4,0,0,False
5165,logic-ng/logicng,e5e5b099bf3b8d6349d6daffce1d3d56f66e4e58,org/logicng/pseudobooleans/PBEncoderTest.java,66,9,13,30,0.11,7,8,1,4,1,0,0,1,0,0,0,0,1,0,0,0,1,1,0,7,0,0,False
5166,logic-ng/logicng,e5e5b099bf3b8d6349d6daffce1d3d56f66e4e58,org/logicng/solvers/datastructures/LNGHeapTest.java,23,1,1,10,0.22,5,1,1,0,0,0,0,0,0,0,0,0,1,0,0,1,0,0,0,1,0,0,False
5167,logic-ng/logicng,e5e5b099bf3b8d6349d6daffce1d3d56f66e4e58,org/logicng/solvers/functions/BackboneFunctionTest.java,276,12,41,159,0.25,68,12,8,6,0,0,0,8,0,0,0,0,0,0,0,8,0,0,0,9,0,0,False
5168,logic-ng/logicng,e5e5b099bf3b8d6349d6daffce1d3d56f66e4e58,org/logicng/solvers/functions/ModelEnumerationFunctionTest.java,19,3,5,10,0.05,1,2,1,0,1,0,0,2,0,0,0,0,0,0,0,1,0,0,0,2,0,0,False
5169,logic-ng/logicng,e5e5b099bf3b8d6349d6daffce1d3d56f66e4e58,org/logicng/solvers/functions/OptimizationFunctionTest.java,284,23,63,200,0.14,39,23,6,5,0,0,0,11,0,0,0,0,0,0,0,1,8,3,0,14,0,0,False
5170,logic-ng/logicng,e5e5b099bf3b8d6349d6daffce1d3d56f66e4e58,org/logicng/solvers/functions/UnsatCoreFunctionTest.java,9,1,1,0,0.0,0,1,1,0,0,0,0,0,0,0,0,0,0,0,0,0,0,0,0,1,0,0,False
5171,logic-ng/logicng,e5e5b099bf3b8d6349d6daffce1d3d56f66e4e58,org/logicng/solvers/sat/MiniSatTest.java,52,7,11,26,0.25,13,7,3,0,0,0,0,1,0,0,0,0,1,0,0,1,0,0,0,5,0,0,False
5172,logic-ng/logicng,e5e5b099bf3b8d6349d6daffce1d3d56f66e4e58,org/logicng/solvers/sat/GlucoseSyrupTest.java,33,6,11,9,0.03,1,6,0,0,0,0,0,0,0,0,0,0,1,0,0,0,0,0,0,3,0,0,False
5173,logic-ng/logicng,e5e5b099bf3b8d6349d6daffce1d3d56f66e4e58,org/logicng/solvers/sat/MiniCardTest.java,84,8,12,32,0.18,15,8,3,0,0,0,0,0,0,0,0,0,1,0,0,1,0,0,0,6,0,0,False
5174,logic-ng/logicng,e5e5b099bf3b8d6349d6daffce1d3d56f66e4e58,org/logicng/transformations/AnonymizerTest.java,77,5,15,23,0.49,38,5,5,0,0,0,0,5,0,0,0,0,0,0,0,2,0,0,0,5,0,0,False
5175,logic-ng/logicng,e5e5b099bf3b8d6349d6daffce1d3d56f66e4e58,org/logicng/transformations/FormulaFactoryImporterTest.java,187,12,17,114,0.67,126,12,10,0,0,0,0,1,0,0,0,0,0,0,0,0,0,0,0,10,0,0,False
5176,logic-ng/logicng,e5e5b099bf3b8d6349d6daffce1d3d56f66e4e58,org/logicng/transformations/LiteralSubstitutionTest.java,42,5,14,19,0.4,17,5,3,0,0,0,0,4,0,0,0,0,0,0,0,0,0,0,0,4,0,0,False
5177,logic-ng/logicng,e5e5b099bf3b8d6349d6daffce1d3d56f66e4e58,org/logicng/transformations/PureExpansionTransformationTest.java,107,13,37,44,0.35,37,13,6,2,0,0,0,4,0,0,0,0,1,0,0,1,2,0,0,10,0,0,False
5178,logic-ng/logicng,e5e5b099bf3b8d6349d6daffce1d3d56f66e4e58,org/logicng/transformations/UnitPropagationTest.java,31,4,9,15,0.45,14,4,4,0,0,0,0,1,0,0,0,0,0,0,0,0,0,0,0,4,0,0,False
5179,logic-ng/logicng,e5e5b099bf3b8d6349d6daffce1d3d56f66e4e58,org/logicng/transformations/cnf/CanonicalCNFEnumerationTest.java,54,6,13,30,0.31,17,6,1,2,0,0,0,1,0,0,0,0,1,0,0,0,2,1,0,4,0,0,False
5180,logic-ng/logicng,e5e5b099bf3b8d6349d6daffce1d3d56f66e4e58,org/logicng/transformations/cnf/CNFEncoderTest.java,157,13,27,106,0.22,35,13,11,0,0,0,0,10,0,0,0,0,1,0,0,3,0,0,0,12,0,0,False
5181,logic-ng/logicng,e5e5b099bf3b8d6349d6daffce1d3d56f66e4e58,org/logicng/transformations/cnf/CNFSubsumptionTest.java,41,4,8,16,0.46,19,4,3,0,0,0,0,3,0,0,0,0,0,0,0,1,0,0,0,4,0,0,False
5182,logic-ng/logicng,e5e5b099bf3b8d6349d6daffce1d3d56f66e4e58,org/logicng/transformations/cnf/PlaistedGreenbaumTransformationSolverTest.java,41,5,10,11,0.02,1,5,1,2,0,0,0,1,0,0,0,0,0,0,0,1,1,0,0,3,0,0,False
5183,logic-ng/logicng,e5e5b099bf3b8d6349d6daffce1d3d56f66e4e58,org/logicng/transformations/dnf/CanonicalDNFEnumerationTest.java,54,6,13,30,0.31,17,6,1,2,0,0,0,1,0,0,0,0,1,0,0,0,2,1,0,4,0,0,False
5184,logic-ng/logicng,e5e5b099bf3b8d6349d6daffce1d3d56f66e4e58,org/logicng/transformations/dnf/DNFFactorizationTest.java,105,12,29,45,0.43,45,8,8,0,0,0,0,5,0,0,0,0,1,0,0,2,0,0,0,8,0,0,False
5185,logic-ng/logicng,e5e5b099bf3b8d6349d6daffce1d3d56f66e4e58,org/logicng/transformations/dnf/DNFSubsumptionTest.java,48,4,10,16,0.4,19,4,3,1,0,0,0,3,0,0,0,0,0,0,0,1,0,0,0,4,0,0,False
5186,logic-ng/logicng,e5e5b099bf3b8d6349d6daffce1d3d56f66e4e58,org/logicng/transformations/qmc/TermTest.java,80,3,7,21,0.21,17,3,3,0,0,0,0,1,0,0,0,0,1,0,0,0,0,0,0,3,0,0,False
5187,logic-ng/logicng,e5e5b099bf3b8d6349d6daffce1d3d56f66e4e58,org/logicng/transformations/qmc/TermTableTest.java,47,4,8,19,0.26,12,4,2,0,0,0,0,0,0,0,0,0,1,0,0,1,0,0,0,3,0,0,False
5188,logic-ng/logicng,e5e5b099bf3b8d6349d6daffce1d3d56f66e4e58,org/logicng/transformations/simplification/AdvancedSimplifierTest.java,84,11,31,56,0.12,10,11,2,5,0,0,0,5,0,0,0,0,1,0,0,0,7,1,0,9,0,0,False
5189,logic-ng/logicng,e5e5b099bf3b8d6349d6daffce1d3d56f66e4e58,org/logicng/transformations/simplification/BackboneSimplifierTest.java,27,2,8,8,0.41,11,2,2,0,0,0,0,2,0,0,0,0,0,0,0,0,0,0,0,2,0,0,False
5190,logic-ng/logicng,e5e5b099bf3b8d6349d6daffce1d3d56f66e4e58,org/logicng/transformations/simplification/DistributiveSimplifierTest.java,52,6,20,25,0.5,26,6,6,0,0,0,0,2,0,0,0,0,0,0,0,0,0,0,0,6,0,0,False
5191,logic-ng/logicng,e5e5b099bf3b8d6349d6daffce1d3d56f66e4e58,org/logicng/util/CollectionHelperTest.java,60,6,7,16,0.6,36,6,6,0,0,0,0,0,0,0,0,0,0,0,0,1,0,0,0,6,0,0,False
5192,logic-ng/logicng,e5e5b099bf3b8d6349d6daffce1d3d56f66e4e58,org/logicng/util/ComparablePairTest.java,42,5,5,18,0.52,22,5,5,0,0,0,0,0,0,0,0,0,1,0,0,0,0,0,0,5,0,0,False
5193,logic-ng/logicng,e5e5b099bf3b8d6349d6daffce1d3d56f66e4e58,org/logicng/util/FormulaHelperTest.java,67,9,9,35,0.63,42,9,9,0,0,0,0,0,0,0,0,0,0,0,0,0,0,0,0,9,0,0,False
5194,logic-ng/logicng,e5e5b099bf3b8d6349d6daffce1d3d56f66e4e58,org/logicng/util/FormulaRandomizerTest.java,414,22,60,281,0.21,86,22,19,20,0,0,0,0,0,0,0,0,0,0,0,1,0,0,0,20,0,0,False
5195,logic-ng/logicng,e5e5b099bf3b8d6349d6daffce1d3d56f66e4e58,org/logicng/util/PairTest.java,36,4,4,14,0.5,18,4,4,0,0,0,0,0,0,0,0,0,1,0,0,0,0,0,0,4,0,0,False
5196,logic-ng/logicng,3fec85f2abf5908942396c8e507949539ceefc7b,org/logicng/backbones/BackboneTest.java,75,6,8,37,0.35,26,6,4,0,0,0,0,1,0,0,0,0,1,0,0,2,0,0,0,5,0,0,False
5197,logic-ng/logicng,3fec85f2abf5908942396c8e507949539ceefc7b,org/logicng/backbones/BackboneGenerationTest.java,224,9,27,100,0.22,49,9,4,2,0,0,0,4,0,0,0,0,0,0,0,2,0,0,0,8,0,0,False
5198,logic-ng/logicng,3fec85f2abf5908942396c8e507949539ceefc7b,org/logicng/collections/LNGBooleanVectorTest.java,173,11,22,75,0.34,59,11,10,9,0,0,0,0,0,0,0,0,1,0,0,7,0,0,0,11,0,0,False
5199,logic-ng/logicng,3fec85f2abf5908942396c8e507949539ceefc7b,org/logicng/collections/LNGByteVectorTest.java,198,12,25,84,0.29,57,12,11,11,0,0,0,0,0,0,0,0,1,0,0,6,0,0,0,12,0,0,False
5200,logic-ng/logicng,3fec85f2abf5908942396c8e507949539ceefc7b,org/logicng/collections/LNGDoublePriorityQueueTest.java,107,6,6,35,0.4,43,6,5,0,0,0,0,0,0,0,0,0,1,0,0,3,0,0,0,6,0,0,False
5201,logic-ng/logicng,3fec85f2abf5908942396c8e507949539ceefc7b,org/logicng/collections/LNGDoubleVectorTest.java,195,12,25,83,0.29,56,12,11,11,0,0,0,0,0,0,0,0,1,0,0,6,0,0,0,12,0,0,False
5202,logic-ng/logicng,3fec85f2abf5908942396c8e507949539ceefc7b,org/logicng/collections/LNGIntVectorTest.java,195,12,25,83,0.29,56,12,11,11,0,0,0,0,0,0,0,0,1,0,0,6,0,0,0,12,0,0,False
5203,logic-ng/logicng,3fec85f2abf5908942396c8e507949539ceefc7b,org/logicng/collections/LNGLongPriorityQueueTest.java,86,5,5,28,0.42,36,5,4,0,0,0,0,0,0,0,0,0,1,0,0,3,0,0,0,5,0,0,False
5204,logic-ng/logicng,3fec85f2abf5908942396c8e507949539ceefc7b,org/logicng/collections/LNGLongVectorTest.java,198,12,25,84,0.29,57,12,11,11,0,0,0,0,0,0,0,0,1,0,0,6,0,0,0,12,0,0,False
5205,logic-ng/logicng,3fec85f2abf5908942396c8e507949539ceefc7b,org/logicng/collections/LNGVectorTest.java,342,22,42,135,0.29,100,21,19,20,1,0,0,0,0,0,0,0,2,0,0,9,0,0,0,21,0,0,False
5206,logic-ng/logicng,3fec85f2abf5908942396c8e507949539ceefc7b,org/logicng/datastructures/AssignmentTest.java,163,14,18,87,0.47,77,14,13,0,0,0,0,2,0,0,0,0,1,0,0,6,0,0,0,14,0,0,False
5207,logic-ng/logicng,3fec85f2abf5908942396c8e507949539ceefc7b,org/logicng/formulas/SubstitutionTest.java,153,16,20,70,0.36,55,15,12,0,1,0,0,4,0,0,0,0,1,0,0,4,0,0,0,15,0,0,False
5208,logic-ng/logicng,3fec85f2abf5908942396c8e507949539ceefc7b,org/logicng/datastructures/ubtrees/UBNodeTest.java,33,4,4,14,0.27,9,3,2,0,1,0,0,0,0,0,0,0,1,0,0,1,0,0,0,3,0,0,False
5209,logic-ng/logicng,3fec85f2abf5908942396c8e507949539ceefc7b,org/logicng/datastructures/ubtrees/UBTreeTest.java,201,8,9,57,0.62,125,8,6,0,0,0,0,0,0,0,0,0,0,0,0,1,0,0,0,7,0,0,False
5210,logic-ng/logicng,3fec85f2abf5908942396c8e507949539ceefc7b,org/logicng/explanations/mus/MUSConfigTest.java,12,1,2,11,0.17,2,1,1,0,0,0,0,0,0,0,0,0,1,0,0,0,0,0,0,1,0,0,False
5211,logic-ng/logicng,3fec85f2abf5908942396c8e507949539ceefc7b,org/logicng/explanations/mus/MUSGenerationTest.java,114,12,24,32,0.05,6,11,2,2,1,0,0,2,0,0,0,0,1,0,0,0,2,1,0,8,0,0,False
5212,logic-ng/logicng,3fec85f2abf5908942396c8e507949539ceefc7b,org/logicng/explanations/smus/SmusComputationTest.java,96,16,38,82,0.14,13,16,0,3,0,0,0,15,0,0,0,0,0,0,0,0,5,1,0,15,0,0,False
5213,logic-ng/logicng,3fec85f2abf5908942396c8e507949539ceefc7b,org/logicng/explanations/UNSATCoreTest.java,54,5,7,19,0.3,16,4,4,0,1,0,0,0,0,0,0,0,1,0,0,1,0,0,0,4,0,0,False
5214,logic-ng/logicng,3fec85f2abf5908942396c8e507949539ceefc7b,org/logicng/formulas/AndTest.java,144,20,25,93,0.56,81,20,17,0,0,0,0,2,0,0,0,0,1,0,0,4,0,0,0,20,0,0,False
5215,logic-ng/logicng,3fec85f2abf5908942396c8e507949539ceefc7b,org/logicng/formulas/CFalseTest.java,63,18,19,62,0.32,20,18,2,0,0,0,0,0,0,0,0,0,1,0,0,0,0,0,0,18,0,0,False
5216,logic-ng/logicng,3fec85f2abf5908942396c8e507949539ceefc7b,org/logicng/formulas/CTrueTest.java,64,18,19,62,0.33,21,18,3,0,0,0,0,0,0,0,0,0,1,0,0,1,0,0,0,18,0,0,False
5217,logic-ng/logicng,3fec85f2abf5908942396c8e507949539ceefc7b,org/logicng/formulas/EquivalenceTest.java,136,20,23,81,0.57,77,20,19,0,0,0,0,1,0,0,0,0,1,0,0,4,0,0,0,20,0,0,False
5218,logic-ng/logicng,3fec85f2abf5908942396c8e507949539ceefc7b,org/logicng/formulas/ExtendedFormulaFactoryTest.java,199,12,21,74,0.27,54,12,7,0,0,0,0,1,0,0,0,0,0,0,0,5,2,1,0,10,0,0,False
5219,logic-ng/logicng,3fec85f2abf5908942396c8e507949539ceefc7b,org/logicng/formulas/FormulaTest.java,61,8,13,44,0.28,17,6,5,0,0,0,0,0,0,0,0,0,0,0,0,0,0,0,0,6,0,0,False
5220,logic-ng/logicng,3fec85f2abf5908942396c8e507949539ceefc7b,org/logicng/formulas/FormulaFactoryTest.java,184,9,13,96,0.48,89,9,6,1,0,0,0,1,0,0,0,0,2,0,0,2,0,0,0,9,0,0,False
5221,logic-ng/logicng,3fec85f2abf5908942396c8e507949539ceefc7b,org/logicng/formulas/ImplicationTest.java,131,21,24,80,0.54,71,21,19,0,0,0,0,1,0,0,0,0,1,0,0,5,0,0,0,21,0,0,False
5222,logic-ng/logicng,3fec85f2abf5908942396c8e507949539ceefc7b,org/logicng/formulas/LiteralTest.java,119,23,24,85,0.52,62,23,22,0,0,0,0,0,0,0,0,0,1,0,0,2,1,0,0,23,0,0,False
5223,logic-ng/logicng,3fec85f2abf5908942396c8e507949539ceefc7b,org/logicng/formulas/NotTest.java,107,19,22,76,0.5,54,19,18,0,0,0,0,1,0,0,0,0,1,0,0,4,0,0,0,19,0,0,False
5224,logic-ng/logicng,3fec85f2abf5908942396c8e507949539ceefc7b,org/logicng/formulas/OrTest.java,139,19,24,88,0.58,80,19,17,0,0,0,0,2,0,0,0,0,1,0,0,4,0,0,0,19,0,0,False
5225,logic-ng/logicng,3fec85f2abf5908942396c8e507949539ceefc7b,org/logicng/formulas/PBConstraintTest.java,619,36,39,207,0.61,376,35,33,0,1,0,0,0,0,0,0,0,5,0,0,6,0,0,0,35,0,0,False
5226,logic-ng/logicng,3fec85f2abf5908942396c8e507949539ceefc7b,org/logicng/formulas/printer/DefaultStringRepresentationTest.java,48,3,3,18,0.71,34,3,1,0,0,0,0,0,0,0,0,0,2,0,0,0,0,0,0,3,0,0,False
5227,logic-ng/logicng,3fec85f2abf5908942396c8e507949539ceefc7b,org/logicng/formulas/printer/LatexStringRepresentationTest.java,46,3,3,15,0.67,31,3,2,0,0,0,0,0,0,0,0,0,2,0,0,0,0,0,0,3,0,0,False
5228,logic-ng/logicng,3fec85f2abf5908942396c8e507949539ceefc7b,org/logicng/formulas/printer/SortedStringRepresentationTest.java,61,4,4,22,0.69,42,4,2,0,0,0,0,0,0,0,0,0,2,0,0,2,0,0,0,4,0,0,False
5229,logic-ng/logicng,3fec85f2abf5908942396c8e507949539ceefc7b,org/logicng/formulas/printer/UTF8StringRepresentationTest.java,46,3,3,15,0.67,31,3,2,0,0,0,0,0,0,0,0,0,2,0,0,0,0,0,0,3,0,0,False
5230,logic-ng/logicng,3fec85f2abf5908942396c8e507949539ceefc7b,org/logicng/functions/FormulaDepthFunctionTest.java,54,4,7,24,0.57,31,4,3,1,0,0,0,1,0,0,0,0,0,0,0,1,0,0,0,4,0,0,False
5231,logic-ng/logicng,3fec85f2abf5908942396c8e507949539ceefc7b,org/logicng/graphs/algorithms/BronKerboschTest.java,44,1,4,14,0.16,7,1,1,1,0,0,0,1,0,0,0,0,0,0,0,1,0,0,0,1,0,0,False
5232,logic-ng/logicng,3fec85f2abf5908942396c8e507949539ceefc7b,org/logicng/graphs/datastructures/GraphTest.java,71,5,8,39,0.27,19,5,4,0,0,0,0,0,0,0,0,0,1,0,0,1,0,0,0,4,0,0,False
5233,logic-ng/logicng,3fec85f2abf5908942396c8e507949539ceefc7b,org/logicng/graphs/datastructures/HypergraphTest.java,34,2,2,12,0.21,7,2,1,0,0,0,0,0,0,0,0,0,1,0,0,1,0,0,0,2,0,0,False
5234,logic-ng/logicng,3fec85f2abf5908942396c8e507949539ceefc7b,org/logicng/graphs/datastructures/HypergraphEdgeTest.java,51,4,6,20,0.22,11,4,2,0,0,0,0,2,0,0,0,0,0,0,0,2,0,0,0,4,0,0,False
5235,logic-ng/logicng,3fec85f2abf5908942396c8e507949539ceefc7b,org/logicng/graphs/datastructures/HypergraphNodeTest.java,30,2,2,12,0.37,11,2,2,0,0,0,0,0,0,0,0,0,0,0,0,1,0,0,0,2,0,0,False
5236,logic-ng/logicng,3fec85f2abf5908942396c8e507949539ceefc7b,org/logicng/graphs/generators/ConstraintGraphGeneratorTest.java,75,5,13,45,0.11,8,5,1,1,0,0,0,5,0,0,0,0,3,0,0,1,0,0,0,5,0,0,False
5237,logic-ng/logicng,3fec85f2abf5908942396c8e507949539ceefc7b,org/logicng/graphs/generators/HypergraphGeneratorTest.java,83,3,8,26,0.28,23,3,2,0,0,0,0,3,0,0,0,0,0,0,0,2,0,0,0,3,0,0,False
5238,logic-ng/logicng,3fec85f2abf5908942396c8e507949539ceefc7b,org/logicng/graphs/io/GraphDimacsFileWriterTest.java,55,6,16,19,0.13,7,6,0,1,0,0,0,3,0,0,0,0,0,0,0,0,3,1,0,3,0,0,False
5239,logic-ng/logicng,3fec85f2abf5908942396c8e507949539ceefc7b,org/logicng/graphs/io/GraphDotFileWriterTest.java,33,5,11,11,0.06,2,5,0,1,0,0,0,3,0,0,0,0,0,0,0,0,3,1,0,3,0,0,False
5240,logic-ng/logicng,3fec85f2abf5908942396c8e507949539ceefc7b,org/logicng/handlers/NumberOfNodesBDDHandlerTest.java,9,1,1,0,0.0,0,1,0,0,0,0,0,0,0,0,0,0,0,0,0,0,0,0,0,1,0,0,False
5241,logic-ng/logicng,3fec85f2abf5908942396c8e507949539ceefc7b,org/logicng/handlers/TimeoutBDDHandlerTest.java,44,6,14,31,0.14,6,6,3,0,0,0,0,3,0,0,0,0,0,0,1,1,1,0,0,5,0,0,False
5242,logic-ng/logicng,3fec85f2abf5908942396c8e507949539ceefc7b,org/logicng/handlers/TimeoutMaxSATHandlerTest.java,41,7,15,31,0.1,4,7,4,4,0,0,0,5,0,0,0,0,0,0,2,2,1,0,0,6,0,0,False
5243,logic-ng/logicng,3fec85f2abf5908942396c8e507949539ceefc7b,org/logicng/handlers/TimeoutModelEnumerationHandlerTest.java,60,6,13,49,0.1,6,6,3,4,0,0,0,2,0,0,0,0,0,0,1,1,2,0,0,5,0,0,False
5244,logic-ng/logicng,3fec85f2abf5908942396c8e507949539ceefc7b,org/logicng/handlers/TimeoutOptimizationHandlerTest.java,46,5,14,45,0.04,2,5,1,3,0,0,0,4,0,0,0,0,0,0,1,1,1,0,0,4,0,0,False
5245,logic-ng/logicng,3fec85f2abf5908942396c8e507949539ceefc7b,org/logicng/handlers/TimeoutSATHandlerTest.java,55,6,13,37,0.11,6,6,3,4,0,0,0,2,0,0,0,0,0,0,1,1,1,0,0,5,0,0,False
5246,logic-ng/logicng,3fec85f2abf5908942396c8e507949539ceefc7b,org/logicng/io/parsers/PropositionalParserTest.java,142,29,38,55,0.45,64,29,9,0,0,0,0,9,0,0,0,0,1,0,0,0,0,0,0,29,0,0,False
5247,logic-ng/logicng,3fec85f2abf5908942396c8e507949539ceefc7b,org/logicng/io/parsers/PseudoBooleanParserTest.java,164,30,42,77,0.51,84,30,12,0,0,0,0,12,0,0,0,0,1,0,0,1,0,0,0,30,0,0,False
5248,logic-ng/logicng,3fec85f2abf5908942396c8e507949539ceefc7b,org/logicng/io/readers/DimacsReaderTest.java,9,1,1,0,0.0,0,1,0,0,0,0,0,0,0,1,0,0,0,0,0,0,0,0,1,1,0,0,False
5249,logic-ng/logicng,3fec85f2abf5908942396c8e507949539ceefc7b,org/logicng/io/writers/FormulaDimacsFileWriterTest.java,67,7,17,21,0.09,6,7,0,0,0,0,0,4,0,0,0,0,0,0,0,0,4,1,0,5,0,0,False
5250,logic-ng/logicng,3fec85f2abf5908942396c8e507949539ceefc7b,org/logicng/io/writers/FormulaDotFileWriterTest.java,46,5,11,14,0.04,2,5,0,0,0,0,0,4,0,0,0,0,0,0,0,0,4,1,0,4,0,0,False
5251,logic-ng/logicng,3fec85f2abf5908942396c8e507949539ceefc7b,org/logicng/knowledgecompilation/bdds/datastructures/BDDNodeTest.java,66,4,4,35,0.47,31,4,4,0,0,0,0,0,0,0,0,0,0,0,0,1,0,0,0,4,0,0,False
5252,logic-ng/logicng,3fec85f2abf5908942396c8e507949539ceefc7b,org/logicng/knowledgecompilation/bdds/io/BDDDotFileWriterTest.java,29,2,5,9,0.03,1,2,0,0,0,0,0,1,0,0,0,0,0,0,0,0,1,1,0,1,0,0,False
5253,logic-ng/logicng,3fec85f2abf5908942396c8e507949539ceefc7b,org/logicng/knowledgecompilation/bdds/BDDOperationsTest.java,220,11,19,60,0.68,150,11,10,0,0,0,0,3,0,0,0,0,0,0,0,0,0,0,0,10,0,0,False
5254,logic-ng/logicng,3fec85f2abf5908942396c8e507949539ceefc7b,org/logicng/knowledgecompilation/bdds/jbuddy/BDDPrimeTest.java,6,1,1,3,0.33,2,1,1,0,0,0,0,0,0,0,0,0,0,0,0,0,0,0,0,1,0,0,False
5255,logic-ng/logicng,3fec85f2abf5908942396c8e507949539ceefc7b,org/logicng/knowledgecompilation/bdds/BDDReorderingTest.java,201,17,41,85,0.04,8,17,3,0,0,0,0,2,0,0,0,0,0,0,0,2,4,2,0,7,0,0,False
5256,logic-ng/logicng,3fec85f2abf5908942396c8e507949539ceefc7b,org/logicng/knowledgecompilation/bdds/orderings/BFSOrderingTest.java,27,2,5,11,0.37,10,2,1,0,0,0,0,2,0,0,0,0,0,0,0,0,0,0,0,2,0,0,False
5257,logic-ng/logicng,3fec85f2abf5908942396c8e507949539ceefc7b,org/logicng/knowledgecompilation/bdds/orderings/DFSOrderingTest.java,27,2,5,11,0.37,10,2,1,0,0,0,0,2,0,0,0,0,0,0,0,0,0,0,0,2,0,0,False
5258,logic-ng/logicng,3fec85f2abf5908942396c8e507949539ceefc7b,org/logicng/knowledgecompilation/bdds/orderings/ForceOrderingTest.java,33,3,9,17,0.21,7,3,1,0,0,0,0,3,0,0,0,0,0,0,0,0,0,0,0,3,0,0,False
5259,logic-ng/logicng,3fec85f2abf5908942396c8e507949539ceefc7b,org/logicng/knowledgecompilation/dnnf/datastructures/dtree/DTreeNodeTest.java,11,1,2,4,0.09,1,1,0,0,0,0,0,1,0,0,0,0,1,0,0,0,0,0,0,1,0,0,False
5260,logic-ng/logicng,3fec85f2abf5908942396c8e507949539ceefc7b,org/logicng/knowledgecompilation/dnnf/DnnfCompilerTest.java,95,7,21,38,0.03,3,7,0,1,0,0,0,5,0,0,0,0,0,0,0,0,3,1,0,5,0,0,False
5261,logic-ng/logicng,3fec85f2abf5908942396c8e507949539ceefc7b,org/logicng/LogicNGVersionTest.java,15,4,4,0,0.0,0,4,4,0,0,0,0,0,0,0,0,0,0,0,0,4,0,0,0,4,0,0,False
5262,logic-ng/logicng,3fec85f2abf5908942396c8e507949539ceefc7b,org/logicng/modelcounting/ModelCounterTest.java,76,14,22,53,0.17,13,14,6,4,0,0,0,3,0,0,0,0,0,0,0,1,1,1,0,10,0,0,False
5263,logic-ng/logicng,3fec85f2abf5908942396c8e507949539ceefc7b,org/logicng/np/SetCoverTest.java,31,2,2,16,0.19,6,2,1,0,0,0,0,0,0,0,0,0,0,0,0,1,0,0,0,2,0,0,False
5264,logic-ng/logicng,3fec85f2abf5908942396c8e507949539ceefc7b,org/logicng/predicates/CNFPredicateTest.java,30,3,3,10,0.53,16,3,1,0,0,0,0,0,0,0,0,0,1,0,0,0,0,0,0,3,0,0,False
5265,logic-ng/logicng,3fec85f2abf5908942396c8e507949539ceefc7b,org/logicng/predicates/ContainsPBCPredicateTest.java,44,6,9,30,0.43,19,6,4,1,0,0,0,2,0,0,0,0,1,0,0,0,0,0,0,6,0,0,False
5266,logic-ng/logicng,3fec85f2abf5908942396c8e507949539ceefc7b,org/logicng/predicates/DNFPredicateTest.java,28,2,2,10,0.57,16,2,1,0,0,0,0,0,0,0,0,0,1,0,0,0,0,0,0,2,0,0,False
5267,logic-ng/logicng,3fec85f2abf5908942396c8e507949539ceefc7b,org/logicng/predicates/EvaluatesToConstantPredicateTest.java,432,22,34,94,0.83,360,21,21,2,1,0,0,12,0,0,0,0,0,0,0,1,0,0,0,21,0,0,False
5268,logic-ng/logicng,3fec85f2abf5908942396c8e507949539ceefc7b,org/logicng/predicates/NNFPredicateTest.java,32,2,2,11,0.63,20,2,1,0,0,0,0,0,0,0,0,0,1,0,0,0,0,0,0,2,0,0,False
5269,logic-ng/logicng,3fec85f2abf5908942396c8e507949539ceefc7b,org/logicng/predicates/TermPredicateTest.java,47,3,3,17,0.68,32,3,3,0,0,0,0,0,0,0,0,0,1,0,0,0,0,0,0,3,0,0,False
5270,logic-ng/logicng,3fec85f2abf5908942396c8e507949539ceefc7b,org/logicng/primecomputation/PrimeCompilerTest.java,118,12,33,65,0.09,11,12,0,4,0,0,0,4,0,0,0,0,1,0,0,0,6,1,0,7,0,0,False
5271,logic-ng/logicng,3fec85f2abf5908942396c8e507949539ceefc7b,org/logicng/primecomputation/PrimeResultTest.java,75,5,5,28,0.36,27,4,3,0,1,0,0,0,0,0,0,0,1,0,0,0,0,0,0,4,0,0,False
5272,logic-ng/logicng,3fec85f2abf5908942396c8e507949539ceefc7b,org/logicng/propositions/ExtendedPropositionTest.java,56,5,11,18,0.25,14,4,4,0,1,0,0,3,0,0,0,0,1,0,0,0,0,0,0,4,0,0,False
5273,logic-ng/logicng,3fec85f2abf5908942396c8e507949539ceefc7b,org/logicng/propositions/StandardPropositionTest.java,43,5,11,18,0.35,15,4,4,0,1,0,0,3,0,0,0,0,1,0,0,0,0,0,0,4,0,0,False
5274,logic-ng/logicng,3fec85f2abf5908942396c8e507949539ceefc7b,org/logicng/pseudobooleans/PBEncoderTest.java,66,9,13,30,0.11,7,8,1,4,1,0,0,1,0,0,0,0,1,0,0,0,1,1,0,7,0,0,False
5275,logic-ng/logicng,3fec85f2abf5908942396c8e507949539ceefc7b,org/logicng/solvers/datastructures/LNGHeapTest.java,23,1,1,10,0.22,5,1,1,0,0,0,0,0,0,0,0,0,1,0,0,1,0,0,0,1,0,0,False
5276,logic-ng/logicng,3fec85f2abf5908942396c8e507949539ceefc7b,org/logicng/solvers/functions/BackboneFunctionTest.java,276,12,41,159,0.25,68,12,8,6,0,0,0,8,0,0,0,0,0,0,0,8,0,0,0,9,0,0,False
5277,logic-ng/logicng,3fec85f2abf5908942396c8e507949539ceefc7b,org/logicng/solvers/functions/ModelEnumerationFunctionTest.java,19,3,5,10,0.05,1,2,1,0,1,0,0,2,0,0,0,0,0,0,0,1,0,0,0,2,0,0,False
5278,logic-ng/logicng,3fec85f2abf5908942396c8e507949539ceefc7b,org/logicng/solvers/functions/OptimizationFunctionTest.java,284,23,63,200,0.14,39,23,6,5,0,0,0,11,0,0,0,0,0,0,0,1,8,3,0,14,0,0,False
5279,logic-ng/logicng,3fec85f2abf5908942396c8e507949539ceefc7b,org/logicng/solvers/functions/UnsatCoreFunctionTest.java,9,1,1,0,0.0,0,1,1,0,0,0,0,0,0,0,0,0,0,0,0,0,0,0,0,1,0,0,False
5280,logic-ng/logicng,3fec85f2abf5908942396c8e507949539ceefc7b,org/logicng/solvers/sat/MiniSatTest.java,52,7,11,26,0.25,13,7,3,0,0,0,0,1,0,0,0,0,1,0,0,1,0,0,0,5,0,0,False
5281,logic-ng/logicng,3fec85f2abf5908942396c8e507949539ceefc7b,org/logicng/solvers/sat/GlucoseSyrupTest.java,33,6,11,9,0.03,1,6,0,0,0,0,0,0,0,0,0,0,1,0,0,0,0,0,0,3,0,0,False
5282,logic-ng/logicng,3fec85f2abf5908942396c8e507949539ceefc7b,org/logicng/solvers/sat/MiniCardTest.java,84,8,12,32,0.18,15,8,3,0,0,0,0,0,0,0,0,0,1,0,0,1,0,0,0,6,0,0,False
5283,logic-ng/logicng,3fec85f2abf5908942396c8e507949539ceefc7b,org/logicng/transformations/AnonymizerTest.java,77,5,15,23,0.49,38,5,5,0,0,0,0,5,0,0,0,0,0,0,0,2,0,0,0,5,0,0,False
5284,logic-ng/logicng,3fec85f2abf5908942396c8e507949539ceefc7b,org/logicng/transformations/FormulaFactoryImporterTest.java,187,12,17,114,0.67,126,12,10,0,0,0,0,1,0,0,0,0,0,0,0,0,0,0,0,10,0,0,False
5285,logic-ng/logicng,3fec85f2abf5908942396c8e507949539ceefc7b,org/logicng/transformations/LiteralSubstitutionTest.java,42,5,14,19,0.4,17,5,3,0,0,0,0,4,0,0,0,0,0,0,0,0,0,0,0,4,0,0,False
5286,logic-ng/logicng,3fec85f2abf5908942396c8e507949539ceefc7b,org/logicng/transformations/PureExpansionTransformationTest.java,107,13,37,44,0.35,37,13,6,2,0,0,0,4,0,0,0,0,1,0,0,1,2,0,0,10,0,0,False
5287,logic-ng/logicng,3fec85f2abf5908942396c8e507949539ceefc7b,org/logicng/transformations/UnitPropagationTest.java,31,4,9,15,0.45,14,4,4,0,0,0,0,1,0,0,0,0,0,0,0,0,0,0,0,4,0,0,False
5288,logic-ng/logicng,3fec85f2abf5908942396c8e507949539ceefc7b,org/logicng/transformations/cnf/CanonicalCNFEnumerationTest.java,54,6,13,30,0.31,17,6,1,2,0,0,0,1,0,0,0,0,1,0,0,0,2,1,0,4,0,0,False
5289,logic-ng/logicng,3fec85f2abf5908942396c8e507949539ceefc7b,org/logicng/transformations/cnf/CNFEncoderTest.java,157,13,27,106,0.22,35,13,11,0,0,0,0,10,0,0,0,0,1,0,0,3,0,0,0,12,0,0,False
5290,logic-ng/logicng,3fec85f2abf5908942396c8e507949539ceefc7b,org/logicng/transformations/cnf/CNFSubsumptionTest.java,41,4,8,16,0.46,19,4,3,0,0,0,0,3,0,0,0,0,0,0,0,1,0,0,0,4,0,0,False
5291,logic-ng/logicng,3fec85f2abf5908942396c8e507949539ceefc7b,org/logicng/transformations/cnf/PlaistedGreenbaumTransformationSolverTest.java,41,5,10,11,0.02,1,5,1,2,0,0,0,1,0,0,0,0,0,0,0,1,1,0,0,3,0,0,False
5292,logic-ng/logicng,3fec85f2abf5908942396c8e507949539ceefc7b,org/logicng/transformations/dnf/CanonicalDNFEnumerationTest.java,54,6,13,30,0.31,17,6,1,2,0,0,0,1,0,0,0,0,1,0,0,0,2,1,0,4,0,0,False
5293,logic-ng/logicng,3fec85f2abf5908942396c8e507949539ceefc7b,org/logicng/transformations/dnf/DNFFactorizationTest.java,105,12,29,45,0.43,45,8,8,0,0,0,0,5,0,0,0,0,1,0,0,2,0,0,0,8,0,0,False
5294,logic-ng/logicng,3fec85f2abf5908942396c8e507949539ceefc7b,org/logicng/transformations/dnf/DNFSubsumptionTest.java,48,4,10,16,0.4,19,4,3,1,0,0,0,3,0,0,0,0,0,0,0,1,0,0,0,4,0,0,False
5295,logic-ng/logicng,3fec85f2abf5908942396c8e507949539ceefc7b,org/logicng/transformations/qmc/TermTest.java,80,3,7,21,0.21,17,3,3,0,0,0,0,1,0,0,0,0,1,0,0,0,0,0,0,3,0,0,False
5296,logic-ng/logicng,3fec85f2abf5908942396c8e507949539ceefc7b,org/logicng/transformations/qmc/TermTableTest.java,47,4,8,19,0.26,12,4,2,0,0,0,0,0,0,0,0,0,1,0,0,1,0,0,0,3,0,0,False
5297,logic-ng/logicng,3fec85f2abf5908942396c8e507949539ceefc7b,org/logicng/transformations/simplification/AdvancedSimplifierTest.java,84,11,31,56,0.12,10,11,2,5,0,0,0,5,0,0,0,0,1,0,0,0,7,1,0,9,0,0,False
5298,logic-ng/logicng,3fec85f2abf5908942396c8e507949539ceefc7b,org/logicng/transformations/simplification/BackboneSimplifierTest.java,27,2,8,8,0.41,11,2,2,0,0,0,0,2,0,0,0,0,0,0,0,0,0,0,0,2,0,0,False
5299,logic-ng/logicng,3fec85f2abf5908942396c8e507949539ceefc7b,org/logicng/transformations/simplification/DistributiveSimplifierTest.java,52,6,20,25,0.5,26,6,6,0,0,0,0,2,0,0,0,0,0,0,0,0,0,0,0,6,0,0,False
5300,logic-ng/logicng,3fec85f2abf5908942396c8e507949539ceefc7b,org/logicng/util/CollectionHelperTest.java,60,6,7,16,0.6,36,6,6,0,0,0,0,0,0,0,0,0,0,0,0,1,0,0,0,6,0,0,False
5301,logic-ng/logicng,3fec85f2abf5908942396c8e507949539ceefc7b,org/logicng/util/ComparablePairTest.java,42,5,5,18,0.52,22,5,5,0,0,0,0,0,0,0,0,0,1,0,0,0,0,0,0,5,0,0,False
5302,logic-ng/logicng,3fec85f2abf5908942396c8e507949539ceefc7b,org/logicng/util/FormulaHelperTest.java,67,9,9,35,0.63,42,9,9,0,0,0,0,0,0,0,0,0,0,0,0,0,0,0,0,9,0,0,False
5303,logic-ng/logicng,3fec85f2abf5908942396c8e507949539ceefc7b,org/logicng/util/FormulaRandomizerTest.java,414,22,60,281,0.21,86,22,19,20,0,0,0,0,0,0,0,0,0,0,0,1,0,0,0,20,0,0,False
5304,logic-ng/logicng,3fec85f2abf5908942396c8e507949539ceefc7b,org/logicng/util/PairTest.java,36,4,4,14,0.5,18,4,4,0,0,0,0,0,0,0,0,0,1,0,0,0,0,0,0,4,0,0,False
5305,logic-ng/logicng,aea0cc4515c5d35d771a4312d47557f381bf8730,org/logicng/backbones/BackboneTest.java,75,6,8,37,0.35,26,6,4,0,0,0,0,1,0,0,0,0,1,0,0,2,0,0,0,5,0,0,False
5306,logic-ng/logicng,aea0cc4515c5d35d771a4312d47557f381bf8730,org/logicng/backbones/BackboneGenerationTest.java,224,9,27,100,0.22,49,9,4,2,0,0,0,4,0,0,0,0,0,0,0,2,0,0,0,8,0,0,False
5307,logic-ng/logicng,aea0cc4515c5d35d771a4312d47557f381bf8730,org/logicng/collections/LNGBooleanVectorTest.java,173,11,22,75,0.34,59,11,10,9,0,0,0,0,0,0,0,0,1,0,0,7,0,0,0,11,0,0,False
5308,logic-ng/logicng,aea0cc4515c5d35d771a4312d47557f381bf8730,org/logicng/collections/LNGByteVectorTest.java,198,12,25,84,0.29,57,12,11,11,0,0,0,0,0,0,0,0,1,0,0,6,0,0,0,12,0,0,False
5309,logic-ng/logicng,aea0cc4515c5d35d771a4312d47557f381bf8730,org/logicng/collections/LNGDoublePriorityQueueTest.java,107,6,6,35,0.4,43,6,5,0,0,0,0,0,0,0,0,0,1,0,0,3,0,0,0,6,0,0,False
5310,logic-ng/logicng,aea0cc4515c5d35d771a4312d47557f381bf8730,org/logicng/collections/LNGDoubleVectorTest.java,195,12,25,83,0.29,56,12,11,11,0,0,0,0,0,0,0,0,1,0,0,6,0,0,0,12,0,0,False
5311,logic-ng/logicng,aea0cc4515c5d35d771a4312d47557f381bf8730,org/logicng/collections/LNGIntVectorTest.java,195,12,25,83,0.29,56,12,11,11,0,0,0,0,0,0,0,0,1,0,0,6,0,0,0,12,0,0,False
5312,logic-ng/logicng,aea0cc4515c5d35d771a4312d47557f381bf8730,org/logicng/collections/LNGLongPriorityQueueTest.java,86,5,5,28,0.42,36,5,4,0,0,0,0,0,0,0,0,0,1,0,0,3,0,0,0,5,0,0,False
5313,logic-ng/logicng,aea0cc4515c5d35d771a4312d47557f381bf8730,org/logicng/collections/LNGLongVectorTest.java,198,12,25,84,0.29,57,12,11,11,0,0,0,0,0,0,0,0,1,0,0,6,0,0,0,12,0,0,False
5314,logic-ng/logicng,aea0cc4515c5d35d771a4312d47557f381bf8730,org/logicng/collections/LNGVectorTest.java,342,22,42,135,0.29,100,21,19,20,1,0,0,0,0,0,0,0,2,0,0,9,0,0,0,21,0,0,False
5315,logic-ng/logicng,aea0cc4515c5d35d771a4312d47557f381bf8730,org/logicng/datastructures/AssignmentTest.java,154,14,18,87,0.47,73,14,13,0,0,0,0,2,0,0,0,0,1,0,0,6,0,0,0,14,0,0,False
5316,logic-ng/logicng,aea0cc4515c5d35d771a4312d47557f381bf8730,org/logicng/formulas/SubstitutionTest.java,112,13,17,50,0.35,39,12,9,0,1,0,0,4,0,0,0,0,1,0,0,2,0,0,0,12,0,0,False
5317,logic-ng/logicng,aea0cc4515c5d35d771a4312d47557f381bf8730,org/logicng/datastructures/ubtrees/UBNodeTest.java,33,4,4,14,0.27,9,3,2,0,1,0,0,0,0,0,0,0,1,0,0,1,0,0,0,3,0,0,False
5318,logic-ng/logicng,aea0cc4515c5d35d771a4312d47557f381bf8730,org/logicng/datastructures/ubtrees/UBTreeTest.java,201,8,9,57,0.62,125,8,6,0,0,0,0,0,0,0,0,0,0,0,0,1,0,0,0,7,0,0,False
5319,logic-ng/logicng,aea0cc4515c5d35d771a4312d47557f381bf8730,org/logicng/explanations/mus/MUSConfigTest.java,12,1,2,11,0.17,2,1,1,0,0,0,0,0,0,0,0,0,1,0,0,0,0,0,0,1,0,0,False
5320,logic-ng/logicng,aea0cc4515c5d35d771a4312d47557f381bf8730,org/logicng/explanations/mus/MUSGenerationTest.java,114,12,24,32,0.05,6,11,2,2,1,0,0,2,0,0,0,0,1,0,0,0,2,1,0,8,0,0,False
5321,logic-ng/logicng,aea0cc4515c5d35d771a4312d47557f381bf8730,org/logicng/explanations/smus/SmusComputationTest.java,96,16,38,82,0.14,13,16,0,3,0,0,0,15,0,0,0,0,0,0,0,0,5,1,0,15,0,0,False
5322,logic-ng/logicng,aea0cc4515c5d35d771a4312d47557f381bf8730,org/logicng/explanations/UNSATCoreTest.java,54,5,7,19,0.3,16,4,4,0,1,0,0,0,0,0,0,0,1,0,0,1,0,0,0,4,0,0,False
5323,logic-ng/logicng,aea0cc4515c5d35d771a4312d47557f381bf8730,org/logicng/formulas/AndTest.java,129,17,22,83,0.56,72,17,14,0,0,0,0,2,0,0,0,0,1,0,0,4,0,0,0,17,0,0,False
5324,logic-ng/logicng,aea0cc4515c5d35d771a4312d47557f381bf8730,org/logicng/formulas/CFalseTest.java,54,15,16,53,0.31,17,15,2,0,0,0,0,0,0,0,0,0,1,0,0,0,0,0,0,15,0,0,False
5325,logic-ng/logicng,aea0cc4515c5d35d771a4312d47557f381bf8730,org/logicng/formulas/CTrueTest.java,55,15,16,53,0.33,18,15,3,0,0,0,0,0,0,0,0,0,1,0,0,1,0,0,0,15,0,0,False
5326,logic-ng/logicng,aea0cc4515c5d35d771a4312d47557f381bf8730,org/logicng/formulas/EquivalenceTest.java,118,17,20,72,0.55,65,17,16,0,0,0,0,1,0,0,0,0,1,0,0,4,0,0,0,17,0,0,False
5327,logic-ng/logicng,aea0cc4515c5d35d771a4312d47557f381bf8730,org/logicng/formulas/ExtendedFormulaFactoryTest.java,199,12,21,74,0.27,54,12,7,0,0,0,0,1,0,0,0,0,0,0,0,5,2,1,0,10,0,0,False
5328,logic-ng/logicng,aea0cc4515c5d35d771a4312d47557f381bf8730,org/logicng/formulas/FormulaTest.java,61,8,13,44,0.28,17,6,5,0,0,0,0,0,0,0,0,0,0,0,0,0,0,0,0,6,0,0,False
5329,logic-ng/logicng,aea0cc4515c5d35d771a4312d47557f381bf8730,org/logicng/formulas/FormulaFactoryTest.java,184,9,13,96,0.48,89,9,6,1,0,0,0,1,0,0,0,0,2,0,0,2,0,0,0,9,0,0,False
5330,logic-ng/logicng,aea0cc4515c5d35d771a4312d47557f381bf8730,org/logicng/formulas/ImplicationTest.java,113,18,21,71,0.52,59,18,16,0,0,0,0,1,0,0,0,0,1,0,0,5,0,0,0,18,0,0,False
5331,logic-ng/logicng,aea0cc4515c5d35d771a4312d47557f381bf8730,org/logicng/formulas/LiteralTest.java,107,20,21,76,0.52,56,20,19,0,0,0,0,0,0,0,0,0,1,0,0,2,1,0,0,20,0,0,False
5332,logic-ng/logicng,aea0cc4515c5d35d771a4312d47557f381bf8730,org/logicng/formulas/NotTest.java,95,16,19,67,0.51,48,16,15,0,0,0,0,1,0,0,0,0,1,0,0,4,0,0,0,16,0,0,False
5333,logic-ng/logicng,aea0cc4515c5d35d771a4312d47557f381bf8730,org/logicng/formulas/OrTest.java,124,16,21,78,0.57,71,16,14,0,0,0,0,2,0,0,0,0,1,0,0,4,0,0,0,16,0,0,False
5334,logic-ng/logicng,aea0cc4515c5d35d771a4312d47557f381bf8730,org/logicng/formulas/PBConstraintTest.java,604,33,36,198,0.61,367,32,30,0,1,0,0,0,0,0,0,0,5,0,0,6,0,0,0,32,0,0,False
5335,logic-ng/logicng,aea0cc4515c5d35d771a4312d47557f381bf8730,org/logicng/formulas/printer/DefaultStringRepresentationTest.java,48,3,3,18,0.71,34,3,1,0,0,0,0,0,0,0,0,0,2,0,0,0,0,0,0,3,0,0,False
5336,logic-ng/logicng,aea0cc4515c5d35d771a4312d47557f381bf8730,org/logicng/formulas/printer/LatexStringRepresentationTest.java,46,3,3,15,0.67,31,3,2,0,0,0,0,0,0,0,0,0,2,0,0,0,0,0,0,3,0,0,False
5337,logic-ng/logicng,aea0cc4515c5d35d771a4312d47557f381bf8730,org/logicng/formulas/printer/SortedStringRepresentationTest.java,61,4,4,22,0.69,42,4,2,0,0,0,0,0,0,0,0,0,2,0,0,2,0,0,0,4,0,0,False
5338,logic-ng/logicng,aea0cc4515c5d35d771a4312d47557f381bf8730,org/logicng/formulas/printer/UTF8StringRepresentationTest.java,46,3,3,15,0.67,31,3,2,0,0,0,0,0,0,0,0,0,2,0,0,0,0,0,0,3,0,0,False
5339,logic-ng/logicng,aea0cc4515c5d35d771a4312d47557f381bf8730,org/logicng/functions/FormulaDepthFunctionTest.java,54,4,7,20,0.57,31,4,3,1,0,0,0,1,0,0,0,0,0,0,0,1,0,0,0,4,0,0,False
5340,logic-ng/logicng,aea0cc4515c5d35d771a4312d47557f381bf8730,org/logicng/graphs/algorithms/BronKerboschTest.java,44,1,4,14,0.16,7,1,1,1,0,0,0,1,0,0,0,0,0,0,0,1,0,0,0,1,0,0,False
5341,logic-ng/logicng,aea0cc4515c5d35d771a4312d47557f381bf8730,org/logicng/graphs/datastructures/GraphTest.java,71,5,8,39,0.27,19,5,4,0,0,0,0,0,0,0,0,0,1,0,0,1,0,0,0,4,0,0,False
5342,logic-ng/logicng,aea0cc4515c5d35d771a4312d47557f381bf8730,org/logicng/graphs/datastructures/HypergraphTest.java,34,2,2,12,0.21,7,2,1,0,0,0,0,0,0,0,0,0,1,0,0,1,0,0,0,2,0,0,False
5343,logic-ng/logicng,aea0cc4515c5d35d771a4312d47557f381bf8730,org/logicng/graphs/datastructures/HypergraphEdgeTest.java,51,4,6,20,0.22,11,4,2,0,0,0,0,2,0,0,0,0,0,0,0,2,0,0,0,4,0,0,False
5344,logic-ng/logicng,aea0cc4515c5d35d771a4312d47557f381bf8730,org/logicng/graphs/datastructures/HypergraphNodeTest.java,30,2,2,12,0.37,11,2,2,0,0,0,0,0,0,0,0,0,0,0,0,1,0,0,0,2,0,0,False
5345,logic-ng/logicng,aea0cc4515c5d35d771a4312d47557f381bf8730,org/logicng/graphs/generators/ConstraintGraphGeneratorTest.java,75,5,13,45,0.11,8,5,1,1,0,0,0,5,0,0,0,0,3,0,0,1,0,0,0,5,0,0,False
5346,logic-ng/logicng,aea0cc4515c5d35d771a4312d47557f381bf8730,org/logicng/graphs/generators/HypergraphGeneratorTest.java,83,3,8,26,0.28,23,3,2,0,0,0,0,3,0,0,0,0,0,0,0,2,0,0,0,3,0,0,False
5347,logic-ng/logicng,aea0cc4515c5d35d771a4312d47557f381bf8730,org/logicng/graphs/io/GraphDimacsFileWriterTest.java,55,6,16,19,0.13,7,6,0,1,0,0,0,3,0,0,0,0,0,0,0,0,3,1,0,3,0,0,False
5348,logic-ng/logicng,aea0cc4515c5d35d771a4312d47557f381bf8730,org/logicng/graphs/io/GraphDotFileWriterTest.java,33,5,11,11,0.06,2,5,0,1,0,0,0,3,0,0,0,0,0,0,0,0,3,1,0,3,0,0,False
5349,logic-ng/logicng,aea0cc4515c5d35d771a4312d47557f381bf8730,org/logicng/handlers/NumberOfNodesBDDHandlerTest.java,9,1,1,0,0.0,0,1,0,0,0,0,0,0,0,0,0,0,0,0,0,0,0,0,0,1,0,0,False
5350,logic-ng/logicng,aea0cc4515c5d35d771a4312d47557f381bf8730,org/logicng/handlers/TimeoutBDDHandlerTest.java,44,6,14,31,0.14,6,6,3,0,0,0,0,3,0,0,0,0,0,0,1,1,1,0,0,5,0,0,False
5351,logic-ng/logicng,aea0cc4515c5d35d771a4312d47557f381bf8730,org/logicng/handlers/TimeoutMaxSATHandlerTest.java,41,7,15,31,0.1,4,7,4,4,0,0,0,5,0,0,0,0,0,0,2,2,1,0,0,6,0,0,False
5352,logic-ng/logicng,aea0cc4515c5d35d771a4312d47557f381bf8730,org/logicng/handlers/TimeoutModelEnumerationHandlerTest.java,60,6,13,49,0.1,6,6,3,4,0,0,0,2,0,0,0,0,0,0,1,1,2,0,0,5,0,0,False
5353,logic-ng/logicng,aea0cc4515c5d35d771a4312d47557f381bf8730,org/logicng/handlers/TimeoutOptimizationHandlerTest.java,46,5,14,45,0.04,2,5,1,3,0,0,0,4,0,0,0,0,0,0,1,1,1,0,0,4,0,0,False
5354,logic-ng/logicng,aea0cc4515c5d35d771a4312d47557f381bf8730,org/logicng/handlers/TimeoutSATHandlerTest.java,55,6,13,37,0.11,6,6,3,4,0,0,0,2,0,0,0,0,0,0,1,1,1,0,0,5,0,0,False
5355,logic-ng/logicng,aea0cc4515c5d35d771a4312d47557f381bf8730,org/logicng/io/parsers/PropositionalParserTest.java,142,29,38,55,0.45,64,29,9,0,0,0,0,9,0,0,0,0,1,0,0,0,0,0,0,29,0,0,False
5356,logic-ng/logicng,aea0cc4515c5d35d771a4312d47557f381bf8730,org/logicng/io/parsers/PseudoBooleanParserTest.java,164,30,42,77,0.51,84,30,12,0,0,0,0,12,0,0,0,0,1,0,0,1,0,0,0,30,0,0,False
5357,logic-ng/logicng,aea0cc4515c5d35d771a4312d47557f381bf8730,org/logicng/io/readers/DimacsReaderTest.java,9,1,1,0,0.0,0,1,0,0,0,0,0,0,0,1,0,0,0,0,0,0,0,0,1,1,0,0,False
5358,logic-ng/logicng,aea0cc4515c5d35d771a4312d47557f381bf8730,org/logicng/io/writers/FormulaDimacsFileWriterTest.java,67,7,17,21,0.09,6,7,0,0,0,0,0,4,0,0,0,0,0,0,0,0,4,1,0,5,0,0,False
5359,logic-ng/logicng,aea0cc4515c5d35d771a4312d47557f381bf8730,org/logicng/io/writers/FormulaDotFileWriterTest.java,46,5,11,14,0.04,2,5,0,0,0,0,0,4,0,0,0,0,0,0,0,0,4,1,0,4,0,0,False
5360,logic-ng/logicng,aea0cc4515c5d35d771a4312d47557f381bf8730,org/logicng/knowledgecompilation/bdds/datastructures/BDDNodeTest.java,66,4,4,35,0.47,31,4,4,0,0,0,0,0,0,0,0,0,0,0,0,1,0,0,0,4,0,0,False
5361,logic-ng/logicng,aea0cc4515c5d35d771a4312d47557f381bf8730,org/logicng/knowledgecompilation/bdds/io/BDDDotFileWriterTest.java,29,2,5,9,0.03,1,2,0,0,0,0,0,1,0,0,0,0,0,0,0,0,1,1,0,1,0,0,False
5362,logic-ng/logicng,aea0cc4515c5d35d771a4312d47557f381bf8730,org/logicng/knowledgecompilation/bdds/BDDOperationsTest.java,220,11,19,60,0.68,150,11,10,0,0,0,0,3,0,0,0,0,0,0,0,0,0,0,0,10,0,0,False
5363,logic-ng/logicng,aea0cc4515c5d35d771a4312d47557f381bf8730,org/logicng/knowledgecompilation/bdds/jbuddy/BDDPrimeTest.java,6,1,1,3,0.33,2,1,1,0,0,0,0,0,0,0,0,0,0,0,0,0,0,0,0,1,0,0,False
5364,logic-ng/logicng,aea0cc4515c5d35d771a4312d47557f381bf8730,org/logicng/knowledgecompilation/bdds/BDDReorderingTest.java,201,17,41,85,0.04,8,17,3,0,0,0,0,2,0,0,0,0,0,0,0,2,4,2,0,7,0,0,False
5365,logic-ng/logicng,aea0cc4515c5d35d771a4312d47557f381bf8730,org/logicng/knowledgecompilation/bdds/orderings/BFSOrderingTest.java,27,2,5,11,0.37,10,2,1,0,0,0,0,2,0,0,0,0,0,0,0,0,0,0,0,2,0,0,False
5366,logic-ng/logicng,aea0cc4515c5d35d771a4312d47557f381bf8730,org/logicng/knowledgecompilation/bdds/orderings/DFSOrderingTest.java,27,2,5,11,0.37,10,2,1,0,0,0,0,2,0,0,0,0,0,0,0,0,0,0,0,2,0,0,False
5367,logic-ng/logicng,aea0cc4515c5d35d771a4312d47557f381bf8730,org/logicng/knowledgecompilation/bdds/orderings/ForceOrderingTest.java,33,3,9,17,0.21,7,3,1,0,0,0,0,3,0,0,0,0,0,0,0,0,0,0,0,3,0,0,False
5368,logic-ng/logicng,aea0cc4515c5d35d771a4312d47557f381bf8730,org/logicng/knowledgecompilation/dnnf/datastructures/dtree/DTreeNodeTest.java,11,1,2,4,0.09,1,1,0,0,0,0,0,1,0,0,0,0,1,0,0,0,0,0,0,1,0,0,False
5369,logic-ng/logicng,aea0cc4515c5d35d771a4312d47557f381bf8730,org/logicng/knowledgecompilation/dnnf/DnnfCompilerTest.java,95,7,21,38,0.03,3,7,0,1,0,0,0,5,0,0,0,0,0,0,0,0,3,1,0,5,0,0,False
5370,logic-ng/logicng,aea0cc4515c5d35d771a4312d47557f381bf8730,org/logicng/LogicNGVersionTest.java,15,4,4,0,0.0,0,4,4,0,0,0,0,0,0,0,0,0,0,0,0,4,0,0,0,4,0,0,False
5371,logic-ng/logicng,aea0cc4515c5d35d771a4312d47557f381bf8730,org/logicng/modelcounting/ModelCounterTest.java,76,14,22,53,0.17,13,14,6,4,0,0,0,3,0,0,0,0,0,0,0,1,1,1,0,10,0,0,False
5372,logic-ng/logicng,aea0cc4515c5d35d771a4312d47557f381bf8730,org/logicng/np/SetCoverTest.java,31,2,2,16,0.19,6,2,1,0,0,0,0,0,0,0,0,0,0,0,0,1,0,0,0,2,0,0,False
5373,logic-ng/logicng,aea0cc4515c5d35d771a4312d47557f381bf8730,org/logicng/predicates/CNFPredicateTest.java,30,3,3,10,0.53,16,3,1,0,0,0,0,0,0,0,0,0,1,0,0,0,0,0,0,3,0,0,False
5374,logic-ng/logicng,aea0cc4515c5d35d771a4312d47557f381bf8730,org/logicng/predicates/ContainsPBCPredicateTest.java,44,6,9,30,0.43,19,6,4,1,0,0,0,2,0,0,0,0,1,0,0,0,0,0,0,6,0,0,False
5375,logic-ng/logicng,aea0cc4515c5d35d771a4312d47557f381bf8730,org/logicng/predicates/DNFPredicateTest.java,28,2,2,10,0.57,16,2,1,0,0,0,0,0,0,0,0,0,1,0,0,0,0,0,0,2,0,0,False
5376,logic-ng/logicng,aea0cc4515c5d35d771a4312d47557f381bf8730,org/logicng/predicates/EvaluatesToConstantPredicateTest.java,432,22,34,94,0.83,360,21,21,2,1,0,0,12,0,0,0,0,0,0,0,1,0,0,0,21,0,0,False
5377,logic-ng/logicng,aea0cc4515c5d35d771a4312d47557f381bf8730,org/logicng/predicates/NNFPredicateTest.java,32,2,2,11,0.63,20,2,1,0,0,0,0,0,0,0,0,0,1,0,0,0,0,0,0,2,0,0,False
5378,logic-ng/logicng,aea0cc4515c5d35d771a4312d47557f381bf8730,org/logicng/predicates/TermPredicateTest.java,47,3,3,17,0.68,32,3,3,0,0,0,0,0,0,0,0,0,1,0,0,0,0,0,0,3,0,0,False
5379,logic-ng/logicng,aea0cc4515c5d35d771a4312d47557f381bf8730,org/logicng/primecomputation/PrimeCompilerTest.java,118,12,33,65,0.09,11,12,0,4,0,0,0,4,0,0,0,0,1,0,0,0,6,1,0,7,0,0,False
5380,logic-ng/logicng,aea0cc4515c5d35d771a4312d47557f381bf8730,org/logicng/primecomputation/PrimeResultTest.java,75,5,5,28,0.36,27,4,3,0,1,0,0,0,0,0,0,0,1,0,0,0,0,0,0,4,0,0,False
5381,logic-ng/logicng,aea0cc4515c5d35d771a4312d47557f381bf8730,org/logicng/propositions/ExtendedPropositionTest.java,56,5,11,18,0.25,14,4,4,0,1,0,0,3,0,0,0,0,1,0,0,0,0,0,0,4,0,0,False
5382,logic-ng/logicng,aea0cc4515c5d35d771a4312d47557f381bf8730,org/logicng/propositions/StandardPropositionTest.java,43,5,11,18,0.35,15,4,4,0,1,0,0,3,0,0,0,0,1,0,0,0,0,0,0,4,0,0,False
5383,logic-ng/logicng,aea0cc4515c5d35d771a4312d47557f381bf8730,org/logicng/pseudobooleans/PBEncoderTest.java,66,9,13,30,0.11,7,8,1,4,1,0,0,1,0,0,0,0,1,0,0,0,1,1,0,7,0,0,False
5384,logic-ng/logicng,aea0cc4515c5d35d771a4312d47557f381bf8730,org/logicng/solvers/datastructures/LNGHeapTest.java,23,1,1,10,0.22,5,1,1,0,0,0,0,0,0,0,0,0,1,0,0,1,0,0,0,1,0,0,False
5385,logic-ng/logicng,aea0cc4515c5d35d771a4312d47557f381bf8730,org/logicng/solvers/functions/BackboneFunctionTest.java,274,11,39,159,0.25,68,11,8,6,0,0,0,7,0,0,0,0,0,0,0,8,0,0,0,8,0,0,False
5386,logic-ng/logicng,aea0cc4515c5d35d771a4312d47557f381bf8730,org/logicng/solvers/functions/OptimizationFunctionTest.java,284,23,63,200,0.14,39,23,6,5,0,0,0,11,0,0,0,0,0,0,0,1,8,3,0,14,0,0,False
5387,logic-ng/logicng,aea0cc4515c5d35d771a4312d47557f381bf8730,org/logicng/solvers/functions/UnsatCoreFunctionTest.java,9,1,1,0,0.0,0,1,1,0,0,0,0,0,0,0,0,0,0,0,0,0,0,0,0,1,0,0,False
5388,logic-ng/logicng,aea0cc4515c5d35d771a4312d47557f381bf8730,org/logicng/solvers/sat/MiniSatTest.java,52,7,11,26,0.25,13,7,3,0,0,0,0,1,0,0,0,0,1,0,0,1,0,0,0,5,0,0,False
5389,logic-ng/logicng,aea0cc4515c5d35d771a4312d47557f381bf8730,org/logicng/solvers/sat/GlucoseSyrupTest.java,33,6,11,9,0.03,1,6,0,0,0,0,0,0,0,0,0,0,1,0,0,0,0,0,0,3,0,0,False
5390,logic-ng/logicng,aea0cc4515c5d35d771a4312d47557f381bf8730,org/logicng/solvers/sat/MiniCardTest.java,84,8,12,32,0.18,15,8,3,0,0,0,0,0,0,0,0,0,1,0,0,1,0,0,0,6,0,0,False
5391,logic-ng/logicng,aea0cc4515c5d35d771a4312d47557f381bf8730,org/logicng/transformations/AnonymizerTest.java,60,4,12,16,0.55,33,4,4,0,0,0,0,4,0,0,0,0,0,0,0,1,0,0,0,4,0,0,False
5392,logic-ng/logicng,aea0cc4515c5d35d771a4312d47557f381bf8730,org/logicng/transformations/FormulaFactoryImporterTest.java,187,12,17,114,0.67,126,12,10,0,0,0,0,1,0,0,0,0,0,0,0,0,0,0,0,10,0,0,False
5393,logic-ng/logicng,aea0cc4515c5d35d771a4312d47557f381bf8730,org/logicng/transformations/LiteralSubstitutionTest.java,42,5,14,19,0.4,17,5,3,0,0,0,0,4,0,0,0,0,0,0,0,0,0,0,0,4,0,0,False
5394,logic-ng/logicng,aea0cc4515c5d35d771a4312d47557f381bf8730,org/logicng/transformations/PureExpansionTransformationTest.java,107,13,37,44,0.35,37,13,6,2,0,0,0,4,0,0,0,0,1,0,0,1,2,0,0,10,0,0,False
5395,logic-ng/logicng,aea0cc4515c5d35d771a4312d47557f381bf8730,org/logicng/transformations/UnitPropagationTest.java,31,4,9,15,0.45,14,4,4,0,0,0,0,1,0,0,0,0,0,0,0,0,0,0,0,4,0,0,False
5396,logic-ng/logicng,aea0cc4515c5d35d771a4312d47557f381bf8730,org/logicng/transformations/cnf/CNFEncoderTest.java,158,13,27,106,0.22,35,13,11,0,0,0,0,10,0,0,0,0,1,0,0,3,0,0,0,12,0,0,False
5397,logic-ng/logicng,aea0cc4515c5d35d771a4312d47557f381bf8730,org/logicng/transformations/cnf/CNFSubsumptionTest.java,41,4,8,15,0.46,19,4,3,0,0,0,0,3,0,0,0,0,0,0,0,1,0,0,0,4,0,0,False
5398,logic-ng/logicng,aea0cc4515c5d35d771a4312d47557f381bf8730,org/logicng/transformations/cnf/PlaistedGreenbaumTransformationSolverTest.java,41,5,10,11,0.02,1,5,1,2,0,0,0,1,0,0,0,0,0,0,0,1,1,0,0,3,0,0,False
5399,logic-ng/logicng,aea0cc4515c5d35d771a4312d47557f381bf8730,org/logicng/transformations/dnf/DNFFactorizationTest.java,107,12,29,41,0.42,45,8,8,0,0,0,0,5,0,0,0,0,1,0,0,2,0,0,0,8,0,0,False
5400,logic-ng/logicng,aea0cc4515c5d35d771a4312d47557f381bf8730,org/logicng/transformations/dnf/DNFSubsumptionTest.java,48,4,10,15,0.4,19,4,3,1,0,0,0,3,0,0,0,0,0,0,0,1,0,0,0,4,0,0,False
5401,logic-ng/logicng,aea0cc4515c5d35d771a4312d47557f381bf8730,org/logicng/transformations/qmc/TermTest.java,80,3,7,21,0.21,17,3,3,0,0,0,0,1,0,0,0,0,1,0,0,0,0,0,0,3,0,0,False
5402,logic-ng/logicng,aea0cc4515c5d35d771a4312d47557f381bf8730,org/logicng/transformations/qmc/TermTableTest.java,47,4,8,19,0.26,12,4,2,0,0,0,0,0,0,0,0,0,1,0,0,1,0,0,0,3,0,0,False
5403,logic-ng/logicng,aea0cc4515c5d35d771a4312d47557f381bf8730,org/logicng/transformations/simplification/AdvancedSimplifierTest.java,68,10,28,37,0.12,8,10,1,4,0,0,0,5,0,0,0,0,0,0,0,0,7,1,0,8,0,0,False
5404,logic-ng/logicng,aea0cc4515c5d35d771a4312d47557f381bf8730,org/logicng/transformations/simplification/BackboneSimplifierTest.java,27,2,8,8,0.41,11,2,2,0,0,0,0,2,0,0,0,0,0,0,0,0,0,0,0,2,0,0,False
5405,logic-ng/logicng,aea0cc4515c5d35d771a4312d47557f381bf8730,org/logicng/transformations/simplification/DistributiveSimplifierTest.java,52,6,20,25,0.5,26,6,6,0,0,0,0,2,0,0,0,0,0,0,0,0,0,0,0,6,0,0,False
5406,logic-ng/logicng,aea0cc4515c5d35d771a4312d47557f381bf8730,org/logicng/util/CollectionHelperTest.java,60,6,7,16,0.6,36,6,6,0,0,0,0,0,0,0,0,0,0,0,0,1,0,0,0,6,0,0,False
5407,logic-ng/logicng,aea0cc4515c5d35d771a4312d47557f381bf8730,org/logicng/util/ComparablePairTest.java,42,5,5,18,0.52,22,5,5,0,0,0,0,0,0,0,0,0,1,0,0,0,0,0,0,5,0,0,False
5408,logic-ng/logicng,aea0cc4515c5d35d771a4312d47557f381bf8730,org/logicng/util/FormulaHelperTest.java,67,9,9,35,0.63,42,9,9,0,0,0,0,0,0,0,0,0,0,0,0,0,0,0,0,9,0,0,False
5409,logic-ng/logicng,aea0cc4515c5d35d771a4312d47557f381bf8730,org/logicng/util/FormulaRandomizerTest.java,414,22,60,276,0.21,86,22,19,20,0,0,0,0,0,0,0,0,0,0,0,1,0,0,0,20,0,0,False
5410,logic-ng/logicng,aea0cc4515c5d35d771a4312d47557f381bf8730,org/logicng/util/PairTest.java,36,4,4,14,0.5,18,4,4,0,0,0,0,0,0,0,0,0,1,0,0,0,0,0,0,4,0,0,False
5411,logic-ng/logicng,da7cf5b38709033d0f4cc1d467c13f01358cdfd0,org/logicng/backbones/BackboneTest.java,75,6,8,37,0.35,26,6,4,0,0,0,0,1,0,0,0,0,1,0,0,2,0,0,0,5,0,0,False
5412,logic-ng/logicng,da7cf5b38709033d0f4cc1d467c13f01358cdfd0,org/logicng/backbones/BackboneGenerationTest.java,224,9,27,100,0.22,49,9,4,2,0,0,0,4,0,0,0,0,0,0,0,2,0,0,0,8,0,0,False
5413,logic-ng/logicng,da7cf5b38709033d0f4cc1d467c13f01358cdfd0,org/logicng/collections/LNGBooleanVectorTest.java,173,11,22,75,0.34,59,11,10,9,0,0,0,0,0,0,0,0,1,0,0,7,0,0,0,11,0,0,False
5414,logic-ng/logicng,da7cf5b38709033d0f4cc1d467c13f01358cdfd0,org/logicng/collections/LNGByteVectorTest.java,198,12,25,84,0.29,57,12,11,11,0,0,0,0,0,0,0,0,1,0,0,6,0,0,0,12,0,0,False
5415,logic-ng/logicng,da7cf5b38709033d0f4cc1d467c13f01358cdfd0,org/logicng/collections/LNGDoublePriorityQueueTest.java,107,6,6,35,0.4,43,6,5,0,0,0,0,0,0,0,0,0,1,0,0,3,0,0,0,6,0,0,False
5416,logic-ng/logicng,da7cf5b38709033d0f4cc1d467c13f01358cdfd0,org/logicng/collections/LNGDoubleVectorTest.java,195,12,25,83,0.29,56,12,11,11,0,0,0,0,0,0,0,0,1,0,0,6,0,0,0,12,0,0,False
5417,logic-ng/logicng,da7cf5b38709033d0f4cc1d467c13f01358cdfd0,org/logicng/collections/LNGIntVectorTest.java,195,12,25,83,0.29,56,12,11,11,0,0,0,0,0,0,0,0,1,0,0,6,0,0,0,12,0,0,False
5418,logic-ng/logicng,da7cf5b38709033d0f4cc1d467c13f01358cdfd0,org/logicng/collections/LNGLongPriorityQueueTest.java,86,5,5,28,0.42,36,5,4,0,0,0,0,0,0,0,0,0,1,0,0,3,0,0,0,5,0,0,False
5419,logic-ng/logicng,da7cf5b38709033d0f4cc1d467c13f01358cdfd0,org/logicng/collections/LNGLongVectorTest.java,198,12,25,84,0.29,57,12,11,11,0,0,0,0,0,0,0,0,1,0,0,6,0,0,0,12,0,0,False
5420,logic-ng/logicng,da7cf5b38709033d0f4cc1d467c13f01358cdfd0,org/logicng/collections/LNGVectorTest.java,342,22,42,135,0.29,100,21,19,20,1,0,0,0,0,0,0,0,2,0,0,9,0,0,0,21,0,0,False
5421,logic-ng/logicng,da7cf5b38709033d0f4cc1d467c13f01358cdfd0,org/logicng/datastructures/AssignmentTest.java,154,14,18,87,0.47,73,14,13,0,0,0,0,2,0,0,0,0,1,0,0,6,0,0,0,14,0,0,False
5422,logic-ng/logicng,da7cf5b38709033d0f4cc1d467c13f01358cdfd0,org/logicng/formulas/SubstitutionTest.java,112,13,17,50,0.35,39,12,9,0,1,0,0,4,0,0,0,0,1,0,0,2,0,0,0,12,0,0,False
5423,logic-ng/logicng,da7cf5b38709033d0f4cc1d467c13f01358cdfd0,org/logicng/datastructures/ubtrees/UBNodeTest.java,33,4,4,14,0.27,9,3,2,0,1,0,0,0,0,0,0,0,1,0,0,1,0,0,0,3,0,0,False
5424,logic-ng/logicng,da7cf5b38709033d0f4cc1d467c13f01358cdfd0,org/logicng/datastructures/ubtrees/UBTreeTest.java,201,8,9,57,0.62,125,8,6,0,0,0,0,0,0,0,0,0,0,0,0,1,0,0,0,7,0,0,False
5425,logic-ng/logicng,da7cf5b38709033d0f4cc1d467c13f01358cdfd0,org/logicng/explanations/mus/MUSConfigTest.java,12,1,2,11,0.17,2,1,1,0,0,0,0,0,0,0,0,0,1,0,0,0,0,0,0,1,0,0,False
5426,logic-ng/logicng,da7cf5b38709033d0f4cc1d467c13f01358cdfd0,org/logicng/explanations/mus/MUSGenerationTest.java,114,12,24,32,0.05,6,11,2,2,1,0,0,2,0,0,0,0,1,0,0,0,2,1,0,8,0,0,False
5427,logic-ng/logicng,da7cf5b38709033d0f4cc1d467c13f01358cdfd0,org/logicng/explanations/smus/SmusComputationTest.java,96,16,38,82,0.14,13,16,0,3,0,0,0,15,0,0,0,0,0,0,0,0,5,1,0,15,0,0,False
5428,logic-ng/logicng,da7cf5b38709033d0f4cc1d467c13f01358cdfd0,org/logicng/explanations/UNSATCoreTest.java,54,5,7,19,0.3,16,4,4,0,1,0,0,0,0,0,0,0,1,0,0,1,0,0,0,4,0,0,False
5429,logic-ng/logicng,da7cf5b38709033d0f4cc1d467c13f01358cdfd0,org/logicng/formulas/AndTest.java,129,17,22,83,0.56,72,17,14,0,0,0,0,2,0,0,0,0,1,0,0,4,0,0,0,17,0,0,False
5430,logic-ng/logicng,da7cf5b38709033d0f4cc1d467c13f01358cdfd0,org/logicng/formulas/CFalseTest.java,54,15,16,53,0.31,17,15,2,0,0,0,0,0,0,0,0,0,1,0,0,0,0,0,0,15,0,0,False
5431,logic-ng/logicng,da7cf5b38709033d0f4cc1d467c13f01358cdfd0,org/logicng/formulas/CTrueTest.java,55,15,16,53,0.33,18,15,3,0,0,0,0,0,0,0,0,0,1,0,0,1,0,0,0,15,0,0,False
5432,logic-ng/logicng,da7cf5b38709033d0f4cc1d467c13f01358cdfd0,org/logicng/formulas/EquivalenceTest.java,118,17,20,72,0.55,65,17,16,0,0,0,0,1,0,0,0,0,1,0,0,4,0,0,0,17,0,0,False
5433,logic-ng/logicng,da7cf5b38709033d0f4cc1d467c13f01358cdfd0,org/logicng/formulas/ExtendedFormulaFactoryTest.java,199,12,21,74,0.27,54,12,7,0,0,0,0,1,0,0,0,0,0,0,0,5,2,1,0,10,0,0,False
5434,logic-ng/logicng,da7cf5b38709033d0f4cc1d467c13f01358cdfd0,org/logicng/formulas/FormulaTest.java,61,8,13,44,0.28,17,6,5,0,0,0,0,0,0,0,0,0,0,0,0,0,0,0,0,6,0,0,False
5435,logic-ng/logicng,da7cf5b38709033d0f4cc1d467c13f01358cdfd0,org/logicng/formulas/FormulaFactoryTest.java,184,9,13,96,0.48,89,9,6,1,0,0,0,1,0,0,0,0,2,0,0,2,0,0,0,9,0,0,False
5436,logic-ng/logicng,da7cf5b38709033d0f4cc1d467c13f01358cdfd0,org/logicng/formulas/ImplicationTest.java,113,18,21,71,0.52,59,18,16,0,0,0,0,1,0,0,0,0,1,0,0,5,0,0,0,18,0,0,False
5437,logic-ng/logicng,da7cf5b38709033d0f4cc1d467c13f01358cdfd0,org/logicng/formulas/LiteralTest.java,107,20,21,76,0.52,56,20,19,0,0,0,0,0,0,0,0,0,1,0,0,2,1,0,0,20,0,0,False
5438,logic-ng/logicng,da7cf5b38709033d0f4cc1d467c13f01358cdfd0,org/logicng/formulas/NotTest.java,95,16,19,67,0.51,48,16,15,0,0,0,0,1,0,0,0,0,1,0,0,4,0,0,0,16,0,0,False
5439,logic-ng/logicng,da7cf5b38709033d0f4cc1d467c13f01358cdfd0,org/logicng/formulas/OrTest.java,124,16,21,78,0.57,71,16,14,0,0,0,0,2,0,0,0,0,1,0,0,4,0,0,0,16,0,0,False
5440,logic-ng/logicng,da7cf5b38709033d0f4cc1d467c13f01358cdfd0,org/logicng/formulas/PBConstraintTest.java,604,33,36,198,0.61,367,32,30,0,1,0,0,0,0,0,0,0,5,0,0,6,0,0,0,32,0,0,False
5441,logic-ng/logicng,da7cf5b38709033d0f4cc1d467c13f01358cdfd0,org/logicng/formulas/printer/DefaultStringRepresentationTest.java,48,3,3,18,0.71,34,3,1,0,0,0,0,0,0,0,0,0,2,0,0,0,0,0,0,3,0,0,False
5442,logic-ng/logicng,da7cf5b38709033d0f4cc1d467c13f01358cdfd0,org/logicng/formulas/printer/LatexStringRepresentationTest.java,46,3,3,15,0.67,31,3,2,0,0,0,0,0,0,0,0,0,2,0,0,0,0,0,0,3,0,0,False
5443,logic-ng/logicng,da7cf5b38709033d0f4cc1d467c13f01358cdfd0,org/logicng/formulas/printer/SortedStringRepresentationTest.java,61,4,4,22,0.69,42,4,2,0,0,0,0,0,0,0,0,0,2,0,0,2,0,0,0,4,0,0,False
5444,logic-ng/logicng,da7cf5b38709033d0f4cc1d467c13f01358cdfd0,org/logicng/formulas/printer/UTF8StringRepresentationTest.java,46,3,3,15,0.67,31,3,2,0,0,0,0,0,0,0,0,0,2,0,0,0,0,0,0,3,0,0,False
5445,logic-ng/logicng,da7cf5b38709033d0f4cc1d467c13f01358cdfd0,org/logicng/functions/FormulaDepthFunctionTest.java,54,4,7,20,0.57,31,4,3,1,0,0,0,1,0,0,0,0,0,0,0,1,0,0,0,4,0,0,False
5446,logic-ng/logicng,da7cf5b38709033d0f4cc1d467c13f01358cdfd0,org/logicng/graphs/algorithms/BronKerboschTest.java,44,1,4,14,0.16,7,1,1,1,0,0,0,1,0,0,0,0,0,0,0,1,0,0,0,1,0,0,False
5447,logic-ng/logicng,da7cf5b38709033d0f4cc1d467c13f01358cdfd0,org/logicng/graphs/datastructures/GraphTest.java,71,5,8,39,0.27,19,5,4,0,0,0,0,0,0,0,0,0,1,0,0,1,0,0,0,4,0,0,False
5448,logic-ng/logicng,da7cf5b38709033d0f4cc1d467c13f01358cdfd0,org/logicng/graphs/datastructures/HypergraphTest.java,34,2,2,12,0.21,7,2,1,0,0,0,0,0,0,0,0,0,1,0,0,1,0,0,0,2,0,0,False
5449,logic-ng/logicng,da7cf5b38709033d0f4cc1d467c13f01358cdfd0,org/logicng/graphs/datastructures/HypergraphEdgeTest.java,51,4,6,20,0.22,11,4,2,0,0,0,0,2,0,0,0,0,0,0,0,2,0,0,0,4,0,0,False
5450,logic-ng/logicng,da7cf5b38709033d0f4cc1d467c13f01358cdfd0,org/logicng/graphs/datastructures/HypergraphNodeTest.java,30,2,2,12,0.37,11,2,2,0,0,0,0,0,0,0,0,0,0,0,0,1,0,0,0,2,0,0,False
5451,logic-ng/logicng,da7cf5b38709033d0f4cc1d467c13f01358cdfd0,org/logicng/graphs/generators/ConstraintGraphGeneratorTest.java,75,5,13,45,0.11,8,5,1,1,0,0,0,5,0,0,0,0,3,0,0,1,0,0,0,5,0,0,False
5452,logic-ng/logicng,da7cf5b38709033d0f4cc1d467c13f01358cdfd0,org/logicng/graphs/generators/HypergraphGeneratorTest.java,83,3,8,26,0.28,23,3,2,0,0,0,0,3,0,0,0,0,0,0,0,2,0,0,0,3,0,0,False
5453,logic-ng/logicng,da7cf5b38709033d0f4cc1d467c13f01358cdfd0,org/logicng/graphs/io/GraphDimacsFileWriterTest.java,55,6,16,19,0.13,7,6,0,1,0,0,0,3,0,0,0,0,0,0,0,0,3,1,0,3,0,0,False
5454,logic-ng/logicng,da7cf5b38709033d0f4cc1d467c13f01358cdfd0,org/logicng/graphs/io/GraphDotFileWriterTest.java,33,5,11,11,0.06,2,5,0,1,0,0,0,3,0,0,0,0,0,0,0,0,3,1,0,3,0,0,False
5455,logic-ng/logicng,da7cf5b38709033d0f4cc1d467c13f01358cdfd0,org/logicng/handlers/NumberOfNodesBDDHandlerTest.java,9,1,1,0,0.0,0,1,0,0,0,0,0,0,0,0,0,0,0,0,0,0,0,0,0,1,0,0,False
5456,logic-ng/logicng,da7cf5b38709033d0f4cc1d467c13f01358cdfd0,org/logicng/handlers/TimeoutBDDHandlerTest.java,44,6,14,31,0.14,6,6,3,0,0,0,0,3,0,0,0,0,0,0,1,1,1,0,0,5,0,0,False
5457,logic-ng/logicng,da7cf5b38709033d0f4cc1d467c13f01358cdfd0,org/logicng/handlers/TimeoutMaxSATHandlerTest.java,41,7,15,31,0.1,4,7,4,4,0,0,0,5,0,0,0,0,0,0,2,2,1,0,0,6,0,0,False
5458,logic-ng/logicng,da7cf5b38709033d0f4cc1d467c13f01358cdfd0,org/logicng/handlers/TimeoutModelEnumerationHandlerTest.java,60,6,13,49,0.1,6,6,3,4,0,0,0,2,0,0,0,0,0,0,1,1,2,0,0,5,0,0,False
5459,logic-ng/logicng,da7cf5b38709033d0f4cc1d467c13f01358cdfd0,org/logicng/handlers/TimeoutOptimizationHandlerTest.java,46,5,14,45,0.04,2,5,1,3,0,0,0,4,0,0,0,0,0,0,1,1,1,0,0,4,0,0,False
5460,logic-ng/logicng,da7cf5b38709033d0f4cc1d467c13f01358cdfd0,org/logicng/handlers/TimeoutSATHandlerTest.java,55,6,13,37,0.11,6,6,3,4,0,0,0,2,0,0,0,0,0,0,1,1,1,0,0,5,0,0,False
5461,logic-ng/logicng,da7cf5b38709033d0f4cc1d467c13f01358cdfd0,org/logicng/io/parsers/PropositionalParserTest.java,142,29,38,55,0.45,64,29,9,0,0,0,0,9,0,0,0,0,1,0,0,0,0,0,0,29,0,0,False
5462,logic-ng/logicng,da7cf5b38709033d0f4cc1d467c13f01358cdfd0,org/logicng/io/parsers/PseudoBooleanParserTest.java,164,30,42,77,0.51,84,30,12,0,0,0,0,12,0,0,0,0,1,0,0,1,0,0,0,30,0,0,False
5463,logic-ng/logicng,da7cf5b38709033d0f4cc1d467c13f01358cdfd0,org/logicng/io/readers/DimacsReaderTest.java,9,1,1,0,0.0,0,1,0,0,0,0,0,0,0,1,0,0,0,0,0,0,0,0,1,1,0,0,False
5464,logic-ng/logicng,da7cf5b38709033d0f4cc1d467c13f01358cdfd0,org/logicng/io/writers/FormulaDimacsFileWriterTest.java,67,7,17,21,0.09,6,7,0,0,0,0,0,4,0,0,0,0,0,0,0,0,4,1,0,5,0,0,False
5465,logic-ng/logicng,da7cf5b38709033d0f4cc1d467c13f01358cdfd0,org/logicng/io/writers/FormulaDotFileWriterTest.java,46,5,11,14,0.04,2,5,0,0,0,0,0,4,0,0,0,0,0,0,0,0,4,1,0,4,0,0,False
5466,logic-ng/logicng,da7cf5b38709033d0f4cc1d467c13f01358cdfd0,org/logicng/knowledgecompilation/bdds/datastructures/BDDNodeTest.java,66,4,4,35,0.47,31,4,4,0,0,0,0,0,0,0,0,0,0,0,0,1,0,0,0,4,0,0,False
5467,logic-ng/logicng,da7cf5b38709033d0f4cc1d467c13f01358cdfd0,org/logicng/knowledgecompilation/bdds/io/BDDDotFileWriterTest.java,29,2,5,9,0.03,1,2,0,0,0,0,0,1,0,0,0,0,0,0,0,0,1,1,0,1,0,0,False
5468,logic-ng/logicng,da7cf5b38709033d0f4cc1d467c13f01358cdfd0,org/logicng/knowledgecompilation/bdds/BDDOperationsTest.java,220,11,19,60,0.68,150,11,10,0,0,0,0,3,0,0,0,0,0,0,0,0,0,0,0,10,0,0,False
5469,logic-ng/logicng,da7cf5b38709033d0f4cc1d467c13f01358cdfd0,org/logicng/knowledgecompilation/bdds/jbuddy/BDDPrimeTest.java,6,1,1,3,0.33,2,1,1,0,0,0,0,0,0,0,0,0,0,0,0,0,0,0,0,1,0,0,False
5470,logic-ng/logicng,da7cf5b38709033d0f4cc1d467c13f01358cdfd0,org/logicng/knowledgecompilation/bdds/BDDReorderingTest.java,201,17,41,85,0.04,8,17,3,0,0,0,0,2,0,0,0,0,0,0,0,2,4,2,0,7,0,0,False
5471,logic-ng/logicng,da7cf5b38709033d0f4cc1d467c13f01358cdfd0,org/logicng/knowledgecompilation/bdds/orderings/BFSOrderingTest.java,27,2,5,11,0.37,10,2,1,0,0,0,0,2,0,0,0,0,0,0,0,0,0,0,0,2,0,0,False
5472,logic-ng/logicng,da7cf5b38709033d0f4cc1d467c13f01358cdfd0,org/logicng/knowledgecompilation/bdds/orderings/DFSOrderingTest.java,27,2,5,11,0.37,10,2,1,0,0,0,0,2,0,0,0,0,0,0,0,0,0,0,0,2,0,0,False
5473,logic-ng/logicng,da7cf5b38709033d0f4cc1d467c13f01358cdfd0,org/logicng/knowledgecompilation/bdds/orderings/ForceOrderingTest.java,33,3,9,17,0.21,7,3,1,0,0,0,0,3,0,0,0,0,0,0,0,0,0,0,0,3,0,0,False
5474,logic-ng/logicng,da7cf5b38709033d0f4cc1d467c13f01358cdfd0,org/logicng/knowledgecompilation/dnnf/datastructures/dtree/DTreeNodeTest.java,11,1,2,4,0.09,1,1,0,0,0,0,0,1,0,0,0,0,1,0,0,0,0,0,0,1,0,0,False
5475,logic-ng/logicng,da7cf5b38709033d0f4cc1d467c13f01358cdfd0,org/logicng/knowledgecompilation/dnnf/DnnfCompilerTest.java,95,7,21,38,0.03,3,7,0,1,0,0,0,5,0,0,0,0,0,0,0,0,3,1,0,5,0,0,False
5476,logic-ng/logicng,da7cf5b38709033d0f4cc1d467c13f01358cdfd0,org/logicng/LogicNGVersionTest.java,15,4,4,0,0.0,0,4,4,0,0,0,0,0,0,0,0,0,0,0,0,4,0,0,0,4,0,0,False
5477,logic-ng/logicng,da7cf5b38709033d0f4cc1d467c13f01358cdfd0,org/logicng/modelcounting/ModelCounterTest.java,76,14,22,53,0.17,13,14,6,4,0,0,0,3,0,0,0,0,0,0,0,1,1,1,0,10,0,0,False
5478,logic-ng/logicng,da7cf5b38709033d0f4cc1d467c13f01358cdfd0,org/logicng/np/SetCoverTest.java,31,2,2,16,0.19,6,2,1,0,0,0,0,0,0,0,0,0,0,0,0,1,0,0,0,2,0,0,False
5479,logic-ng/logicng,da7cf5b38709033d0f4cc1d467c13f01358cdfd0,org/logicng/predicates/CNFPredicateTest.java,30,3,3,10,0.53,16,3,1,0,0,0,0,0,0,0,0,0,1,0,0,0,0,0,0,3,0,0,False
5480,logic-ng/logicng,da7cf5b38709033d0f4cc1d467c13f01358cdfd0,org/logicng/predicates/ContainsPBCPredicateTest.java,44,6,9,30,0.43,19,6,4,1,0,0,0,2,0,0,0,0,1,0,0,0,0,0,0,6,0,0,False
5481,logic-ng/logicng,da7cf5b38709033d0f4cc1d467c13f01358cdfd0,org/logicng/predicates/DNFPredicateTest.java,28,2,2,10,0.57,16,2,1,0,0,0,0,0,0,0,0,0,1,0,0,0,0,0,0,2,0,0,False
5482,logic-ng/logicng,da7cf5b38709033d0f4cc1d467c13f01358cdfd0,org/logicng/predicates/EvaluatesToConstantPredicateTest.java,432,22,34,94,0.83,360,21,21,2,1,0,0,12,0,0,0,0,0,0,0,1,0,0,0,21,0,0,False
5483,logic-ng/logicng,da7cf5b38709033d0f4cc1d467c13f01358cdfd0,org/logicng/predicates/NNFPredicateTest.java,32,2,2,11,0.63,20,2,1,0,0,0,0,0,0,0,0,0,1,0,0,0,0,0,0,2,0,0,False
5484,logic-ng/logicng,da7cf5b38709033d0f4cc1d467c13f01358cdfd0,org/logicng/predicates/TermPredicateTest.java,47,3,3,17,0.68,32,3,3,0,0,0,0,0,0,0,0,0,1,0,0,0,0,0,0,3,0,0,False
5485,logic-ng/logicng,da7cf5b38709033d0f4cc1d467c13f01358cdfd0,org/logicng/primecomputation/PrimeCompilerTest.java,118,12,33,65,0.09,11,12,0,4,0,0,0,4,0,0,0,0,1,0,0,0,6,1,0,7,0,0,False
5486,logic-ng/logicng,da7cf5b38709033d0f4cc1d467c13f01358cdfd0,org/logicng/primecomputation/PrimeResultTest.java,75,5,5,28,0.36,27,4,3,0,1,0,0,0,0,0,0,0,1,0,0,0,0,0,0,4,0,0,False
5487,logic-ng/logicng,da7cf5b38709033d0f4cc1d467c13f01358cdfd0,org/logicng/propositions/ExtendedPropositionTest.java,56,5,11,18,0.25,14,4,4,0,1,0,0,3,0,0,0,0,1,0,0,0,0,0,0,4,0,0,False
5488,logic-ng/logicng,da7cf5b38709033d0f4cc1d467c13f01358cdfd0,org/logicng/propositions/StandardPropositionTest.java,43,5,11,18,0.35,15,4,4,0,1,0,0,3,0,0,0,0,1,0,0,0,0,0,0,4,0,0,False
5489,logic-ng/logicng,da7cf5b38709033d0f4cc1d467c13f01358cdfd0,org/logicng/pseudobooleans/PBEncoderTest.java,66,9,13,30,0.11,7,8,1,4,1,0,0,1,0,0,0,0,1,0,0,0,1,1,0,7,0,0,False
5490,logic-ng/logicng,da7cf5b38709033d0f4cc1d467c13f01358cdfd0,org/logicng/solvers/datastructures/LNGHeapTest.java,23,1,1,10,0.22,5,1,1,0,0,0,0,0,0,0,0,0,1,0,0,1,0,0,0,1,0,0,False
5491,logic-ng/logicng,da7cf5b38709033d0f4cc1d467c13f01358cdfd0,org/logicng/solvers/functions/BackboneFunctionTest.java,274,11,39,159,0.25,68,11,8,6,0,0,0,7,0,0,0,0,0,0,0,8,0,0,0,8,0,0,False
5492,logic-ng/logicng,da7cf5b38709033d0f4cc1d467c13f01358cdfd0,org/logicng/solvers/functions/OptimizationFunctionTest.java,284,23,63,200,0.14,39,23,6,5,0,0,0,11,0,0,0,0,0,0,0,1,8,3,0,14,0,0,False
5493,logic-ng/logicng,da7cf5b38709033d0f4cc1d467c13f01358cdfd0,org/logicng/solvers/functions/UnsatCoreFunctionTest.java,9,1,1,0,0.0,0,1,1,0,0,0,0,0,0,0,0,0,0,0,0,0,0,0,0,1,0,0,False
5494,logic-ng/logicng,da7cf5b38709033d0f4cc1d467c13f01358cdfd0,org/logicng/solvers/sat/MiniSatTest.java,52,7,11,26,0.25,13,7,3,0,0,0,0,1,0,0,0,0,1,0,0,1,0,0,0,5,0,0,False
5495,logic-ng/logicng,da7cf5b38709033d0f4cc1d467c13f01358cdfd0,org/logicng/solvers/sat/GlucoseSyrupTest.java,33,6,11,9,0.03,1,6,0,0,0,0,0,0,0,0,0,0,1,0,0,0,0,0,0,3,0,0,False
5496,logic-ng/logicng,da7cf5b38709033d0f4cc1d467c13f01358cdfd0,org/logicng/solvers/sat/MiniCardTest.java,84,8,12,32,0.18,15,8,3,0,0,0,0,0,0,0,0,0,1,0,0,1,0,0,0,6,0,0,False
5497,logic-ng/logicng,da7cf5b38709033d0f4cc1d467c13f01358cdfd0,org/logicng/transformations/AnonymizerTest.java,60,4,12,16,0.55,33,4,4,0,0,0,0,4,0,0,0,0,0,0,0,1,0,0,0,4,0,0,False
5498,logic-ng/logicng,da7cf5b38709033d0f4cc1d467c13f01358cdfd0,org/logicng/transformations/FormulaFactoryImporterTest.java,187,12,17,114,0.67,126,12,10,0,0,0,0,1,0,0,0,0,0,0,0,0,0,0,0,10,0,0,False
5499,logic-ng/logicng,da7cf5b38709033d0f4cc1d467c13f01358cdfd0,org/logicng/transformations/LiteralSubstitutionTest.java,42,5,14,19,0.4,17,5,3,0,0,0,0,4,0,0,0,0,0,0,0,0,0,0,0,4,0,0,False
5500,logic-ng/logicng,da7cf5b38709033d0f4cc1d467c13f01358cdfd0,org/logicng/transformations/PureExpansionTransformationTest.java,107,13,37,44,0.35,37,13,6,2,0,0,0,4,0,0,0,0,1,0,0,1,2,0,0,10,0,0,False
5501,logic-ng/logicng,da7cf5b38709033d0f4cc1d467c13f01358cdfd0,org/logicng/transformations/UnitPropagationTest.java,31,4,9,15,0.45,14,4,4,0,0,0,0,1,0,0,0,0,0,0,0,0,0,0,0,4,0,0,False
5502,logic-ng/logicng,da7cf5b38709033d0f4cc1d467c13f01358cdfd0,org/logicng/transformations/cnf/CNFEncoderTest.java,158,13,27,106,0.22,35,13,11,0,0,0,0,10,0,0,0,0,1,0,0,3,0,0,0,12,0,0,False
5503,logic-ng/logicng,da7cf5b38709033d0f4cc1d467c13f01358cdfd0,org/logicng/transformations/cnf/CNFSubsumptionTest.java,41,4,8,15,0.46,19,4,3,0,0,0,0,3,0,0,0,0,0,0,0,1,0,0,0,4,0,0,False
5504,logic-ng/logicng,da7cf5b38709033d0f4cc1d467c13f01358cdfd0,org/logicng/transformations/cnf/PlaistedGreenbaumTransformationSolverTest.java,41,5,10,11,0.02,1,5,1,2,0,0,0,1,0,0,0,0,0,0,0,1,1,0,0,3,0,0,False
5505,logic-ng/logicng,da7cf5b38709033d0f4cc1d467c13f01358cdfd0,org/logicng/transformations/dnf/DNFFactorizationTest.java,107,12,29,41,0.42,45,8,8,0,0,0,0,5,0,0,0,0,1,0,0,2,0,0,0,8,0,0,False
5506,logic-ng/logicng,da7cf5b38709033d0f4cc1d467c13f01358cdfd0,org/logicng/transformations/dnf/DNFSubsumptionTest.java,48,4,10,15,0.4,19,4,3,1,0,0,0,3,0,0,0,0,0,0,0,1,0,0,0,4,0,0,False
5507,logic-ng/logicng,da7cf5b38709033d0f4cc1d467c13f01358cdfd0,org/logicng/transformations/qmc/TermTest.java,80,3,7,21,0.21,17,3,3,0,0,0,0,1,0,0,0,0,1,0,0,0,0,0,0,3,0,0,False
5508,logic-ng/logicng,da7cf5b38709033d0f4cc1d467c13f01358cdfd0,org/logicng/transformations/qmc/TermTableTest.java,47,4,8,19,0.26,12,4,2,0,0,0,0,0,0,0,0,0,1,0,0,1,0,0,0,3,0,0,False
5509,logic-ng/logicng,da7cf5b38709033d0f4cc1d467c13f01358cdfd0,org/logicng/transformations/simplification/AdvancedSimplifierTest.java,68,10,28,37,0.12,8,10,1,4,0,0,0,5,0,0,0,0,0,0,0,0,7,1,0,8,0,0,False
5510,logic-ng/logicng,da7cf5b38709033d0f4cc1d467c13f01358cdfd0,org/logicng/transformations/simplification/BackboneSimplifierTest.java,27,2,8,8,0.41,11,2,2,0,0,0,0,2,0,0,0,0,0,0,0,0,0,0,0,2,0,0,False
5511,logic-ng/logicng,da7cf5b38709033d0f4cc1d467c13f01358cdfd0,org/logicng/transformations/simplification/DistributiveSimplifierTest.java,52,6,20,25,0.5,26,6,6,0,0,0,0,2,0,0,0,0,0,0,0,0,0,0,0,6,0,0,False
5512,logic-ng/logicng,da7cf5b38709033d0f4cc1d467c13f01358cdfd0,org/logicng/util/CollectionHelperTest.java,60,6,7,16,0.6,36,6,6,0,0,0,0,0,0,0,0,0,0,0,0,1,0,0,0,6,0,0,False
5513,logic-ng/logicng,da7cf5b38709033d0f4cc1d467c13f01358cdfd0,org/logicng/util/ComparablePairTest.java,42,5,5,18,0.52,22,5,5,0,0,0,0,0,0,0,0,0,1,0,0,0,0,0,0,5,0,0,False
5514,logic-ng/logicng,da7cf5b38709033d0f4cc1d467c13f01358cdfd0,org/logicng/util/FormulaHelperTest.java,67,9,9,35,0.63,42,9,9,0,0,0,0,0,0,0,0,0,0,0,0,0,0,0,0,9,0,0,False
5515,logic-ng/logicng,da7cf5b38709033d0f4cc1d467c13f01358cdfd0,org/logicng/util/FormulaRandomizerTest.java,414,22,60,276,0.21,86,22,19,20,0,0,0,0,0,0,0,0,0,0,0,1,0,0,0,20,0,0,False
5516,logic-ng/logicng,da7cf5b38709033d0f4cc1d467c13f01358cdfd0,org/logicng/util/PairTest.java,36,4,4,14,0.5,18,4,4,0,0,0,0,0,0,0,0,0,1,0,0,0,0,0,0,4,0,0,False
5517,logic-ng/logicng,7921ec0ffabfdd8cec93533bd02d09ee7fd6fdd9,org/logicng/backbones/BackboneTest.java,75,6,8,37,0.35,26,6,4,0,0,0,0,1,0,0,0,0,1,0,0,2,0,0,0,5,0,0,False
5518,logic-ng/logicng,7921ec0ffabfdd8cec93533bd02d09ee7fd6fdd9,org/logicng/backbones/BackboneGenerationTest.java,224,9,27,100,0.22,49,9,4,2,0,0,0,4,0,0,0,0,0,0,0,2,0,0,0,8,0,0,False
5519,logic-ng/logicng,7921ec0ffabfdd8cec93533bd02d09ee7fd6fdd9,org/logicng/collections/LNGBooleanVectorTest.java,173,11,22,75,0.34,59,11,10,9,0,0,0,0,0,0,0,0,1,0,0,7,0,0,0,11,0,0,False
5520,logic-ng/logicng,7921ec0ffabfdd8cec93533bd02d09ee7fd6fdd9,org/logicng/collections/LNGByteVectorTest.java,198,12,25,84,0.29,57,12,11,11,0,0,0,0,0,0,0,0,1,0,0,6,0,0,0,12,0,0,False
5521,logic-ng/logicng,7921ec0ffabfdd8cec93533bd02d09ee7fd6fdd9,org/logicng/collections/LNGDoublePriorityQueueTest.java,107,6,6,35,0.4,43,6,5,0,0,0,0,0,0,0,0,0,1,0,0,3,0,0,0,6,0,0,False
5522,logic-ng/logicng,7921ec0ffabfdd8cec93533bd02d09ee7fd6fdd9,org/logicng/collections/LNGDoubleVectorTest.java,195,12,25,83,0.29,56,12,11,11,0,0,0,0,0,0,0,0,1,0,0,6,0,0,0,12,0,0,False
5523,logic-ng/logicng,7921ec0ffabfdd8cec93533bd02d09ee7fd6fdd9,org/logicng/collections/LNGIntVectorTest.java,195,12,25,83,0.29,56,12,11,11,0,0,0,0,0,0,0,0,1,0,0,6,0,0,0,12,0,0,False
5524,logic-ng/logicng,7921ec0ffabfdd8cec93533bd02d09ee7fd6fdd9,org/logicng/collections/LNGLongPriorityQueueTest.java,86,5,5,28,0.42,36,5,4,0,0,0,0,0,0,0,0,0,1,0,0,3,0,0,0,5,0,0,False
5525,logic-ng/logicng,7921ec0ffabfdd8cec93533bd02d09ee7fd6fdd9,org/logicng/collections/LNGLongVectorTest.java,198,12,25,84,0.29,57,12,11,11,0,0,0,0,0,0,0,0,1,0,0,6,0,0,0,12,0,0,False
5526,logic-ng/logicng,7921ec0ffabfdd8cec93533bd02d09ee7fd6fdd9,org/logicng/collections/LNGVectorTest.java,342,22,42,135,0.29,100,21,19,20,1,0,0,0,0,0,0,0,2,0,0,9,0,0,0,21,0,0,False
5527,logic-ng/logicng,7921ec0ffabfdd8cec93533bd02d09ee7fd6fdd9,org/logicng/datastructures/AssignmentTest.java,154,14,18,87,0.47,73,14,13,0,0,0,0,2,0,0,0,0,1,0,0,6,0,0,0,14,0,0,False
5528,logic-ng/logicng,7921ec0ffabfdd8cec93533bd02d09ee7fd6fdd9,org/logicng/formulas/SubstitutionTest.java,112,13,17,50,0.35,39,12,9,0,1,0,0,4,0,0,0,0,1,0,0,2,0,0,0,12,0,0,False
5529,logic-ng/logicng,7921ec0ffabfdd8cec93533bd02d09ee7fd6fdd9,org/logicng/datastructures/ubtrees/UBNodeTest.java,33,4,4,14,0.27,9,3,2,0,1,0,0,0,0,0,0,0,1,0,0,1,0,0,0,3,0,0,False
5530,logic-ng/logicng,7921ec0ffabfdd8cec93533bd02d09ee7fd6fdd9,org/logicng/datastructures/ubtrees/UBTreeTest.java,201,8,9,57,0.62,125,8,6,0,0,0,0,0,0,0,0,0,0,0,0,1,0,0,0,7,0,0,False
5531,logic-ng/logicng,7921ec0ffabfdd8cec93533bd02d09ee7fd6fdd9,org/logicng/explanations/mus/MUSConfigTest.java,12,1,2,11,0.17,2,1,1,0,0,0,0,0,0,0,0,0,1,0,0,0,0,0,0,1,0,0,False
5532,logic-ng/logicng,7921ec0ffabfdd8cec93533bd02d09ee7fd6fdd9,org/logicng/explanations/mus/MUSGenerationTest.java,114,12,24,32,0.05,6,11,2,2,1,0,0,2,0,0,0,0,1,0,0,0,2,1,0,8,0,0,False
5533,logic-ng/logicng,7921ec0ffabfdd8cec93533bd02d09ee7fd6fdd9,org/logicng/explanations/smus/SmusComputationTest.java,95,16,38,79,0.14,13,16,0,3,0,0,0,15,0,0,0,0,0,0,0,0,5,1,0,15,0,0,False
5534,logic-ng/logicng,7921ec0ffabfdd8cec93533bd02d09ee7fd6fdd9,org/logicng/explanations/UNSATCoreTest.java,54,5,7,19,0.3,16,4,4,0,1,0,0,0,0,0,0,0,1,0,0,1,0,0,0,4,0,0,False
5535,logic-ng/logicng,7921ec0ffabfdd8cec93533bd02d09ee7fd6fdd9,org/logicng/formulas/AndTest.java,129,17,22,83,0.56,72,17,14,0,0,0,0,2,0,0,0,0,1,0,0,4,0,0,0,17,0,0,False
5536,logic-ng/logicng,7921ec0ffabfdd8cec93533bd02d09ee7fd6fdd9,org/logicng/formulas/CFalseTest.java,54,15,16,53,0.31,17,15,2,0,0,0,0,0,0,0,0,0,1,0,0,0,0,0,0,15,0,0,False
5537,logic-ng/logicng,7921ec0ffabfdd8cec93533bd02d09ee7fd6fdd9,org/logicng/formulas/CTrueTest.java,55,15,16,53,0.33,18,15,3,0,0,0,0,0,0,0,0,0,1,0,0,1,0,0,0,15,0,0,False
5538,logic-ng/logicng,7921ec0ffabfdd8cec93533bd02d09ee7fd6fdd9,org/logicng/formulas/EquivalenceTest.java,118,17,20,72,0.55,65,17,16,0,0,0,0,1,0,0,0,0,1,0,0,4,0,0,0,17,0,0,False
5539,logic-ng/logicng,7921ec0ffabfdd8cec93533bd02d09ee7fd6fdd9,org/logicng/formulas/ExtendedFormulaFactoryTest.java,199,12,21,73,0.27,54,12,7,0,0,0,0,1,0,0,0,0,0,0,0,5,2,1,0,10,0,0,False
5540,logic-ng/logicng,7921ec0ffabfdd8cec93533bd02d09ee7fd6fdd9,org/logicng/formulas/FormulaTest.java,61,8,13,44,0.28,17,6,5,0,0,0,0,0,0,0,0,0,0,0,0,0,0,0,0,6,0,0,False
5541,logic-ng/logicng,7921ec0ffabfdd8cec93533bd02d09ee7fd6fdd9,org/logicng/formulas/FormulaFactoryTest.java,184,9,14,96,0.48,89,9,6,1,0,0,0,2,0,0,0,0,2,0,0,2,0,0,0,9,0,0,False
5542,logic-ng/logicng,7921ec0ffabfdd8cec93533bd02d09ee7fd6fdd9,org/logicng/formulas/ImplicationTest.java,113,18,21,71,0.52,59,18,16,0,0,0,0,1,0,0,0,0,1,0,0,5,0,0,0,18,0,0,False
5543,logic-ng/logicng,7921ec0ffabfdd8cec93533bd02d09ee7fd6fdd9,org/logicng/formulas/LiteralTest.java,107,20,21,75,0.52,56,20,19,0,0,0,0,0,0,0,0,0,1,0,0,2,1,0,0,20,0,0,False
5544,logic-ng/logicng,7921ec0ffabfdd8cec93533bd02d09ee7fd6fdd9,org/logicng/formulas/NotTest.java,95,16,19,67,0.51,48,16,15,0,0,0,0,1,0,0,0,0,1,0,0,4,0,0,0,16,0,0,False
5545,logic-ng/logicng,7921ec0ffabfdd8cec93533bd02d09ee7fd6fdd9,org/logicng/formulas/OrTest.java,124,16,21,78,0.57,71,16,14,0,0,0,0,2,0,0,0,0,1,0,0,4,0,0,0,16,0,0,False
5546,logic-ng/logicng,7921ec0ffabfdd8cec93533bd02d09ee7fd6fdd9,org/logicng/formulas/PBConstraintTest.java,604,33,36,198,0.61,367,32,30,0,1,0,0,0,0,0,0,0,5,0,0,6,0,0,0,32,0,0,False
5547,logic-ng/logicng,7921ec0ffabfdd8cec93533bd02d09ee7fd6fdd9,org/logicng/formulas/printer/DefaultStringRepresentationTest.java,48,3,3,18,0.71,34,3,1,0,0,0,0,0,0,0,0,0,2,0,0,0,0,0,0,3,0,0,False
5548,logic-ng/logicng,7921ec0ffabfdd8cec93533bd02d09ee7fd6fdd9,org/logicng/formulas/printer/LatexStringRepresentationTest.java,46,3,3,15,0.67,31,3,2,0,0,0,0,0,0,0,0,0,2,0,0,0,0,0,0,3,0,0,False
5549,logic-ng/logicng,7921ec0ffabfdd8cec93533bd02d09ee7fd6fdd9,org/logicng/formulas/printer/SortedStringRepresentationTest.java,61,4,4,22,0.69,42,4,2,0,0,0,0,0,0,0,0,0,2,0,0,2,0,0,0,4,0,0,False
5550,logic-ng/logicng,7921ec0ffabfdd8cec93533bd02d09ee7fd6fdd9,org/logicng/formulas/printer/UTF8StringRepresentationTest.java,46,3,3,15,0.67,31,3,2,0,0,0,0,0,0,0,0,0,2,0,0,0,0,0,0,3,0,0,False
5551,logic-ng/logicng,7921ec0ffabfdd8cec93533bd02d09ee7fd6fdd9,org/logicng/functions/FormulaDepthFunctionTest.java,54,4,7,20,0.57,31,4,3,1,0,0,0,1,0,0,0,0,0,0,0,1,0,0,0,4,0,0,False
5552,logic-ng/logicng,7921ec0ffabfdd8cec93533bd02d09ee7fd6fdd9,org/logicng/graphs/algorithms/BronKerboschTest.java,44,1,4,14,0.16,7,1,1,1,0,0,0,1,0,0,0,0,0,0,0,1,0,0,0,1,0,0,False
5553,logic-ng/logicng,7921ec0ffabfdd8cec93533bd02d09ee7fd6fdd9,org/logicng/graphs/datastructures/GraphTest.java,71,5,8,39,0.27,19,5,4,0,0,0,0,0,0,0,0,0,1,0,0,1,0,0,0,4,0,0,False
5554,logic-ng/logicng,7921ec0ffabfdd8cec93533bd02d09ee7fd6fdd9,org/logicng/graphs/datastructures/HypergraphTest.java,34,2,2,12,0.21,7,2,1,0,0,0,0,0,0,0,0,0,1,0,0,1,0,0,0,2,0,0,False
5555,logic-ng/logicng,7921ec0ffabfdd8cec93533bd02d09ee7fd6fdd9,org/logicng/graphs/datastructures/HypergraphEdgeTest.java,51,4,6,20,0.22,11,4,2,0,0,0,0,2,0,0,0,0,0,0,0,2,0,0,0,4,0,0,False
5556,logic-ng/logicng,7921ec0ffabfdd8cec93533bd02d09ee7fd6fdd9,org/logicng/graphs/datastructures/HypergraphNodeTest.java,30,2,2,12,0.37,11,2,2,0,0,0,0,0,0,0,0,0,0,0,0,1,0,0,0,2,0,0,False
5557,logic-ng/logicng,7921ec0ffabfdd8cec93533bd02d09ee7fd6fdd9,org/logicng/graphs/generators/ConstraintGraphGeneratorTest.java,75,5,13,45,0.11,8,5,1,1,0,0,0,5,0,0,0,0,3,0,0,1,0,0,0,5,0,0,False
5558,logic-ng/logicng,7921ec0ffabfdd8cec93533bd02d09ee7fd6fdd9,org/logicng/graphs/generators/HypergraphGeneratorTest.java,83,3,8,26,0.28,23,3,2,0,0,0,0,3,0,0,0,0,0,0,0,2,0,0,0,3,0,0,False
5559,logic-ng/logicng,7921ec0ffabfdd8cec93533bd02d09ee7fd6fdd9,org/logicng/graphs/io/GraphDimacsFileWriterTest.java,55,6,16,19,0.13,7,6,0,1,0,0,0,3,0,0,0,0,0,0,0,0,3,1,0,3,0,0,False
5560,logic-ng/logicng,7921ec0ffabfdd8cec93533bd02d09ee7fd6fdd9,org/logicng/graphs/io/GraphDotFileWriterTest.java,33,5,11,11,0.06,2,5,0,1,0,0,0,3,0,0,0,0,0,0,0,0,3,1,0,3,0,0,False
5561,logic-ng/logicng,7921ec0ffabfdd8cec93533bd02d09ee7fd6fdd9,org/logicng/handlers/NumberOfNodesBDDHandlerTest.java,9,1,1,0,0.0,0,1,0,0,0,0,0,0,0,0,0,0,0,0,0,0,0,0,0,1,0,0,False
5562,logic-ng/logicng,7921ec0ffabfdd8cec93533bd02d09ee7fd6fdd9,org/logicng/handlers/TimeoutBDDHandlerTest.java,44,6,14,31,0.14,6,6,3,0,0,0,0,3,0,0,0,0,0,0,1,1,1,0,0,5,0,0,False
5563,logic-ng/logicng,7921ec0ffabfdd8cec93533bd02d09ee7fd6fdd9,org/logicng/handlers/TimeoutMaxSATHandlerTest.java,41,7,15,31,0.1,4,7,4,4,0,0,0,5,0,0,0,0,0,0,2,2,1,0,0,6,0,0,False
5564,logic-ng/logicng,7921ec0ffabfdd8cec93533bd02d09ee7fd6fdd9,org/logicng/handlers/TimeoutModelEnumerationHandlerTest.java,60,6,13,49,0.1,6,6,3,4,0,0,0,2,0,0,0,0,0,0,1,1,2,0,0,5,0,0,False
5565,logic-ng/logicng,7921ec0ffabfdd8cec93533bd02d09ee7fd6fdd9,org/logicng/handlers/TimeoutOptimizationHandlerTest.java,46,5,14,45,0.04,2,5,1,3,0,0,0,4,0,0,0,0,0,0,1,1,1,0,0,4,0,0,False
5566,logic-ng/logicng,7921ec0ffabfdd8cec93533bd02d09ee7fd6fdd9,org/logicng/handlers/TimeoutSATHandlerTest.java,55,6,13,37,0.11,6,6,3,4,0,0,0,2,0,0,0,0,0,0,1,1,1,0,0,5,0,0,False
5567,logic-ng/logicng,7921ec0ffabfdd8cec93533bd02d09ee7fd6fdd9,org/logicng/io/parsers/PropositionalParserTest.java,142,29,38,55,0.45,64,29,9,0,0,0,0,9,0,0,0,0,1,0,0,0,0,0,0,29,0,0,False
5568,logic-ng/logicng,7921ec0ffabfdd8cec93533bd02d09ee7fd6fdd9,org/logicng/io/parsers/PseudoBooleanParserTest.java,164,30,42,77,0.51,84,30,12,0,0,0,0,12,0,0,0,0,1,0,0,1,0,0,0,30,0,0,False
5569,logic-ng/logicng,7921ec0ffabfdd8cec93533bd02d09ee7fd6fdd9,org/logicng/io/readers/DimacsReaderTest.java,9,1,1,0,0.0,0,1,0,0,0,0,0,0,0,1,0,0,0,0,0,0,0,0,1,1,0,0,False
5570,logic-ng/logicng,7921ec0ffabfdd8cec93533bd02d09ee7fd6fdd9,org/logicng/io/writers/FormulaDimacsFileWriterTest.java,67,7,17,21,0.09,6,7,0,0,0,0,0,4,0,0,0,0,0,0,0,0,4,1,0,5,0,0,False
5571,logic-ng/logicng,7921ec0ffabfdd8cec93533bd02d09ee7fd6fdd9,org/logicng/io/writers/FormulaDotFileWriterTest.java,46,5,11,14,0.04,2,5,0,0,0,0,0,4,0,0,0,0,0,0,0,0,4,1,0,4,0,0,False
5572,logic-ng/logicng,7921ec0ffabfdd8cec93533bd02d09ee7fd6fdd9,org/logicng/knowledgecompilation/bdds/datastructures/BDDNodeTest.java,66,4,4,35,0.47,31,4,4,0,0,0,0,0,0,0,0,0,0,0,0,1,0,0,0,4,0,0,False
5573,logic-ng/logicng,7921ec0ffabfdd8cec93533bd02d09ee7fd6fdd9,org/logicng/knowledgecompilation/bdds/io/BDDDotFileWriterTest.java,29,2,5,9,0.03,1,2,0,0,0,0,0,1,0,0,0,0,0,0,0,0,1,1,0,1,0,0,False
5574,logic-ng/logicng,7921ec0ffabfdd8cec93533bd02d09ee7fd6fdd9,org/logicng/knowledgecompilation/bdds/BDDOperationsTest.java,220,11,19,60,0.68,150,11,10,0,0,0,0,3,0,0,0,0,0,0,0,0,0,0,0,10,0,0,False
5575,logic-ng/logicng,7921ec0ffabfdd8cec93533bd02d09ee7fd6fdd9,org/logicng/knowledgecompilation/bdds/jbuddy/BDDPrimeTest.java,6,1,1,3,0.33,2,1,1,0,0,0,0,0,0,0,0,0,0,0,0,0,0,0,0,1,0,0,False
5576,logic-ng/logicng,7921ec0ffabfdd8cec93533bd02d09ee7fd6fdd9,org/logicng/knowledgecompilation/bdds/BDDReorderingTest.java,201,17,42,85,0.04,8,17,3,0,0,0,0,3,0,0,0,0,0,0,0,2,4,2,0,7,0,0,False
5577,logic-ng/logicng,7921ec0ffabfdd8cec93533bd02d09ee7fd6fdd9,org/logicng/knowledgecompilation/bdds/orderings/BFSOrderingTest.java,27,2,5,11,0.37,10,2,1,0,0,0,0,2,0,0,0,0,0,0,0,0,0,0,0,2,0,0,False
5578,logic-ng/logicng,7921ec0ffabfdd8cec93533bd02d09ee7fd6fdd9,org/logicng/knowledgecompilation/bdds/orderings/DFSOrderingTest.java,27,2,5,11,0.37,10,2,1,0,0,0,0,2,0,0,0,0,0,0,0,0,0,0,0,2,0,0,False
5579,logic-ng/logicng,7921ec0ffabfdd8cec93533bd02d09ee7fd6fdd9,org/logicng/knowledgecompilation/bdds/orderings/ForceOrderingTest.java,33,3,9,17,0.21,7,3,1,0,0,0,0,3,0,0,0,0,0,0,0,0,0,0,0,3,0,0,False
5580,logic-ng/logicng,7921ec0ffabfdd8cec93533bd02d09ee7fd6fdd9,org/logicng/knowledgecompilation/dnnf/datastructures/dtree/DTreeNodeTest.java,11,1,2,4,0.09,1,1,0,0,0,0,0,1,0,0,0,0,1,0,0,0,0,0,0,1,0,0,False
5581,logic-ng/logicng,7921ec0ffabfdd8cec93533bd02d09ee7fd6fdd9,org/logicng/knowledgecompilation/dnnf/DnnfCompilerTest.java,95,7,21,38,0.03,3,7,0,1,0,0,0,5,0,0,0,0,0,0,0,0,3,1,0,5,0,0,False
5582,logic-ng/logicng,7921ec0ffabfdd8cec93533bd02d09ee7fd6fdd9,org/logicng/LogicNGVersionTest.java,15,4,4,0,0.0,0,4,4,0,0,0,0,0,0,0,0,0,0,0,0,4,0,0,0,4,0,0,False
5583,logic-ng/logicng,7921ec0ffabfdd8cec93533bd02d09ee7fd6fdd9,org/logicng/modelcounting/ModelCounterTest.java,76,14,22,53,0.17,13,14,6,4,0,0,0,3,0,0,0,0,0,0,0,1,1,1,0,10,0,0,False
5584,logic-ng/logicng,7921ec0ffabfdd8cec93533bd02d09ee7fd6fdd9,org/logicng/np/SetCoverTest.java,31,2,2,16,0.19,6,2,1,0,0,0,0,0,0,0,0,0,0,0,0,1,0,0,0,2,0,0,False
5585,logic-ng/logicng,7921ec0ffabfdd8cec93533bd02d09ee7fd6fdd9,org/logicng/predicates/CNFPredicateTest.java,30,3,3,10,0.53,16,3,1,0,0,0,0,0,0,0,0,0,1,0,0,0,0,0,0,3,0,0,False
5586,logic-ng/logicng,7921ec0ffabfdd8cec93533bd02d09ee7fd6fdd9,org/logicng/predicates/ContainsPBCPredicateTest.java,44,6,9,30,0.43,19,6,4,1,0,0,0,2,0,0,0,0,1,0,0,0,0,0,0,6,0,0,False
5587,logic-ng/logicng,7921ec0ffabfdd8cec93533bd02d09ee7fd6fdd9,org/logicng/predicates/DNFPredicateTest.java,28,2,2,10,0.57,16,2,1,0,0,0,0,0,0,0,0,0,1,0,0,0,0,0,0,2,0,0,False
5588,logic-ng/logicng,7921ec0ffabfdd8cec93533bd02d09ee7fd6fdd9,org/logicng/predicates/EvaluatesToConstantPredicateTest.java,432,22,34,94,0.83,360,21,21,2,1,0,0,12,0,0,0,0,0,0,0,1,0,0,0,21,0,0,False
5589,logic-ng/logicng,7921ec0ffabfdd8cec93533bd02d09ee7fd6fdd9,org/logicng/predicates/NNFPredicateTest.java,32,2,2,11,0.63,20,2,1,0,0,0,0,0,0,0,0,0,1,0,0,0,0,0,0,2,0,0,False
5590,logic-ng/logicng,7921ec0ffabfdd8cec93533bd02d09ee7fd6fdd9,org/logicng/primecomputation/PrimeCompilerTest.java,119,12,32,69,0.09,11,12,0,4,0,0,0,3,0,0,0,0,1,0,0,0,6,1,0,7,0,0,False
5591,logic-ng/logicng,7921ec0ffabfdd8cec93533bd02d09ee7fd6fdd9,org/logicng/primecomputation/PrimeResultTest.java,75,5,5,28,0.36,27,4,3,0,1,0,0,0,0,0,0,0,1,0,0,0,0,0,0,4,0,0,False
5592,logic-ng/logicng,7921ec0ffabfdd8cec93533bd02d09ee7fd6fdd9,org/logicng/propositions/ExtendedPropositionTest.java,56,5,11,18,0.25,14,4,4,0,1,0,0,3,0,0,0,0,1,0,0,0,0,0,0,4,0,0,False
5593,logic-ng/logicng,7921ec0ffabfdd8cec93533bd02d09ee7fd6fdd9,org/logicng/propositions/StandardPropositionTest.java,43,5,11,18,0.35,15,4,4,0,1,0,0,3,0,0,0,0,1,0,0,0,0,0,0,4,0,0,False
5594,logic-ng/logicng,7921ec0ffabfdd8cec93533bd02d09ee7fd6fdd9,org/logicng/pseudobooleans/PBEncoderTest.java,66,9,13,30,0.11,7,8,1,4,1,0,0,1,0,0,0,0,1,0,0,0,1,1,0,7,0,0,False
5595,logic-ng/logicng,7921ec0ffabfdd8cec93533bd02d09ee7fd6fdd9,org/logicng/solvers/datastructures/LNGHeapTest.java,23,1,1,10,0.22,5,1,1,0,0,0,0,0,0,0,0,0,1,0,0,1,0,0,0,1,0,0,False
5596,logic-ng/logicng,7921ec0ffabfdd8cec93533bd02d09ee7fd6fdd9,org/logicng/solvers/functions/BackboneFunctionTest.java,274,11,39,159,0.25,68,11,8,6,0,0,0,7,0,0,0,0,0,0,0,8,0,0,0,8,0,0,False
5597,logic-ng/logicng,7921ec0ffabfdd8cec93533bd02d09ee7fd6fdd9,org/logicng/solvers/functions/OptimizationFunctionTest.java,285,23,63,200,0.14,40,23,6,5,0,0,0,11,0,0,0,0,0,0,0,1,8,3,0,14,0,0,False
5598,logic-ng/logicng,7921ec0ffabfdd8cec93533bd02d09ee7fd6fdd9,org/logicng/solvers/functions/UnsatCoreFunctionTest.java,9,1,1,0,0.0,0,1,1,0,0,0,0,0,0,0,0,0,0,0,0,0,0,0,0,1,0,0,False
5599,logic-ng/logicng,7921ec0ffabfdd8cec93533bd02d09ee7fd6fdd9,org/logicng/solvers/sat/MiniSatTest.java,52,7,11,26,0.25,13,7,3,0,0,0,0,1,0,0,0,0,1,0,0,1,0,0,0,5,0,0,False
5600,logic-ng/logicng,7921ec0ffabfdd8cec93533bd02d09ee7fd6fdd9,org/logicng/solvers/sat/GlucoseSyrupTest.java,33,6,11,9,0.03,1,6,0,0,0,0,0,0,0,0,0,0,1,0,0,0,0,0,0,3,0,0,False
5601,logic-ng/logicng,7921ec0ffabfdd8cec93533bd02d09ee7fd6fdd9,org/logicng/solvers/sat/MiniCardTest.java,84,8,12,32,0.18,15,8,3,0,0,0,0,0,0,0,0,0,1,0,0,1,0,0,0,6,0,0,False
5602,logic-ng/logicng,7921ec0ffabfdd8cec93533bd02d09ee7fd6fdd9,org/logicng/transformations/AnonymizerTest.java,60,4,12,16,0.55,33,4,4,0,0,0,0,4,0,0,0,0,0,0,0,1,0,0,0,4,0,0,False
5603,logic-ng/logicng,7921ec0ffabfdd8cec93533bd02d09ee7fd6fdd9,org/logicng/transformations/FormulaFactoryImporterTest.java,187,12,17,114,0.67,126,12,10,0,0,0,0,1,0,0,0,0,0,0,0,0,0,0,0,10,0,0,False
5604,logic-ng/logicng,7921ec0ffabfdd8cec93533bd02d09ee7fd6fdd9,org/logicng/transformations/LiteralSubstitutionTest.java,42,5,14,19,0.4,17,5,3,0,0,0,0,4,0,0,0,0,0,0,0,0,0,0,0,4,0,0,False
5605,logic-ng/logicng,7921ec0ffabfdd8cec93533bd02d09ee7fd6fdd9,org/logicng/transformations/PureExpansionTransformationTest.java,107,13,37,44,0.35,37,13,6,2,0,0,0,4,0,0,0,0,1,0,0,1,2,0,0,10,0,0,False
5606,logic-ng/logicng,7921ec0ffabfdd8cec93533bd02d09ee7fd6fdd9,org/logicng/transformations/UnitPropagationTest.java,31,4,9,15,0.45,14,4,4,0,0,0,0,1,0,0,0,0,0,0,0,0,0,0,0,4,0,0,False
5607,logic-ng/logicng,7921ec0ffabfdd8cec93533bd02d09ee7fd6fdd9,org/logicng/transformations/cnf/CNFEncoderTest.java,158,13,27,106,0.22,35,13,11,0,0,0,0,10,0,0,0,0,1,0,0,3,0,0,0,12,0,0,False
5608,logic-ng/logicng,7921ec0ffabfdd8cec93533bd02d09ee7fd6fdd9,org/logicng/transformations/cnf/CNFSubsumptionTest.java,41,4,8,15,0.46,19,4,3,0,0,0,0,3,0,0,0,0,0,0,0,1,0,0,0,4,0,0,False
5609,logic-ng/logicng,7921ec0ffabfdd8cec93533bd02d09ee7fd6fdd9,org/logicng/transformations/cnf/PlaistedGreenbaumTransformationSolverTest.java,41,5,10,11,0.02,1,5,1,2,0,0,0,1,0,0,0,0,0,0,0,1,1,0,0,3,0,0,False
5610,logic-ng/logicng,7921ec0ffabfdd8cec93533bd02d09ee7fd6fdd9,org/logicng/transformations/dnf/DNFFactorizationTest.java,107,12,29,41,0.42,45,8,8,0,0,0,0,5,0,0,0,0,1,0,0,2,0,0,0,8,0,0,False
5611,logic-ng/logicng,7921ec0ffabfdd8cec93533bd02d09ee7fd6fdd9,org/logicng/transformations/dnf/DNFSubsumptionTest.java,48,4,10,15,0.4,19,4,3,1,0,0,0,3,0,0,0,0,0,0,0,1,0,0,0,4,0,0,False
5612,logic-ng/logicng,7921ec0ffabfdd8cec93533bd02d09ee7fd6fdd9,org/logicng/transformations/qmc/TermTest.java,80,3,7,21,0.21,17,3,3,0,0,0,0,1,0,0,0,0,1,0,0,0,0,0,0,3,0,0,False
5613,logic-ng/logicng,7921ec0ffabfdd8cec93533bd02d09ee7fd6fdd9,org/logicng/transformations/qmc/TermTableTest.java,47,4,8,19,0.26,12,4,2,0,0,0,0,0,0,0,0,0,1,0,0,1,0,0,0,3,0,0,False
5614,logic-ng/logicng,7921ec0ffabfdd8cec93533bd02d09ee7fd6fdd9,org/logicng/transformations/simplification/AdvancedSimplifierTest.java,69,10,27,41,0.12,8,10,1,4,0,0,0,4,0,0,0,0,0,0,0,0,7,1,0,8,0,0,False
5615,logic-ng/logicng,7921ec0ffabfdd8cec93533bd02d09ee7fd6fdd9,org/logicng/transformations/simplification/BackboneSimplifierTest.java,27,2,8,8,0.41,11,2,2,0,0,0,0,2,0,0,0,0,0,0,0,0,0,0,0,2,0,0,False
5616,logic-ng/logicng,7921ec0ffabfdd8cec93533bd02d09ee7fd6fdd9,org/logicng/transformations/simplification/DistributiveSimplifierTest.java,52,6,20,25,0.5,26,6,6,0,0,0,0,2,0,0,0,0,0,0,0,0,0,0,0,6,0,0,False
5617,logic-ng/logicng,7921ec0ffabfdd8cec93533bd02d09ee7fd6fdd9,org/logicng/util/CollectionHelperTest.java,61,5,5,21,0.62,38,5,5,0,0,0,0,0,0,0,0,0,0,0,0,1,0,0,0,5,0,0,False
5618,logic-ng/logicng,7921ec0ffabfdd8cec93533bd02d09ee7fd6fdd9,org/logicng/util/ComparablePairTest.java,42,5,5,18,0.52,22,5,5,0,0,0,0,0,0,0,0,0,1,0,0,0,0,0,0,5,0,0,False
5619,logic-ng/logicng,7921ec0ffabfdd8cec93533bd02d09ee7fd6fdd9,org/logicng/util/FormulaHelperTest.java,41,5,5,15,0.59,24,5,5,0,0,0,0,0,0,0,0,0,0,0,0,0,0,0,0,5,0,0,False
5620,logic-ng/logicng,7921ec0ffabfdd8cec93533bd02d09ee7fd6fdd9,org/logicng/util/FormulaRandomizerTest.java,414,22,60,276,0.21,86,22,19,20,0,0,0,0,0,0,0,0,0,0,0,1,0,0,0,20,0,0,False
5621,logic-ng/logicng,7921ec0ffabfdd8cec93533bd02d09ee7fd6fdd9,org/logicng/util/PairTest.java,36,4,4,14,0.5,18,4,4,0,0,0,0,0,0,0,0,0,1,0,0,0,0,0,0,4,0,0,False
5622,logic-ng/logicng,994294fbb283b7b96230da3937369bf8fc062b5f,org/logicng/backbones/BackboneTest.java,75,6,8,37,0.35,26,6,4,0,0,0,0,1,0,0,0,0,1,0,0,2,0,0,0,5,0,0,False
5623,logic-ng/logicng,994294fbb283b7b96230da3937369bf8fc062b5f,org/logicng/backbones/BackboneGenerationTest.java,214,8,24,93,0.22,47,8,3,1,0,0,0,3,0,0,0,0,0,0,0,2,0,0,0,7,0,0,False
5624,logic-ng/logicng,994294fbb283b7b96230da3937369bf8fc062b5f,org/logicng/collections/LNGBooleanVectorTest.java,173,11,22,75,0.34,59,11,10,9,0,0,0,0,0,0,0,0,1,0,0,7,0,0,0,11,0,0,False
5625,logic-ng/logicng,994294fbb283b7b96230da3937369bf8fc062b5f,org/logicng/collections/LNGByteVectorTest.java,198,12,25,84,0.29,57,12,11,11,0,0,0,0,0,0,0,0,1,0,0,6,0,0,0,12,0,0,False
5626,logic-ng/logicng,994294fbb283b7b96230da3937369bf8fc062b5f,org/logicng/collections/LNGDoublePriorityQueueTest.java,107,6,6,35,0.4,43,6,5,0,0,0,0,0,0,0,0,0,1,0,0,3,0,0,0,6,0,0,False
5627,logic-ng/logicng,994294fbb283b7b96230da3937369bf8fc062b5f,org/logicng/collections/LNGDoubleVectorTest.java,195,12,25,83,0.29,56,12,11,11,0,0,0,0,0,0,0,0,1,0,0,6,0,0,0,12,0,0,False
5628,logic-ng/logicng,994294fbb283b7b96230da3937369bf8fc062b5f,org/logicng/collections/LNGIntVectorTest.java,195,12,25,83,0.29,56,12,11,11,0,0,0,0,0,0,0,0,1,0,0,6,0,0,0,12,0,0,False
5629,logic-ng/logicng,994294fbb283b7b96230da3937369bf8fc062b5f,org/logicng/collections/LNGLongPriorityQueueTest.java,86,5,5,28,0.42,36,5,4,0,0,0,0,0,0,0,0,0,1,0,0,3,0,0,0,5,0,0,False
5630,logic-ng/logicng,994294fbb283b7b96230da3937369bf8fc062b5f,org/logicng/collections/LNGLongVectorTest.java,198,12,25,84,0.29,57,12,11,11,0,0,0,0,0,0,0,0,1,0,0,6,0,0,0,12,0,0,False
5631,logic-ng/logicng,994294fbb283b7b96230da3937369bf8fc062b5f,org/logicng/collections/LNGVectorTest.java,342,22,42,135,0.29,100,21,19,20,1,0,0,0,0,0,0,0,2,0,0,9,0,0,0,21,0,0,False
5632,logic-ng/logicng,994294fbb283b7b96230da3937369bf8fc062b5f,org/logicng/datastructures/AssignmentTest.java,154,14,18,87,0.47,73,14,13,0,0,0,0,2,0,0,0,0,1,0,0,6,0,0,0,14,0,0,False
5633,logic-ng/logicng,994294fbb283b7b96230da3937369bf8fc062b5f,org/logicng/formulas/SubstitutionTest.java,112,13,17,50,0.35,39,12,9,0,1,0,0,4,0,0,0,0,1,0,0,2,0,0,0,12,0,0,False
5634,logic-ng/logicng,994294fbb283b7b96230da3937369bf8fc062b5f,org/logicng/datastructures/ubtrees/UBNodeTest.java,33,4,4,14,0.27,9,3,2,0,1,0,0,0,0,0,0,0,1,0,0,1,0,0,0,3,0,0,False
5635,logic-ng/logicng,994294fbb283b7b96230da3937369bf8fc062b5f,org/logicng/datastructures/ubtrees/UBTreeTest.java,201,8,9,57,0.62,125,8,6,0,0,0,0,0,0,0,0,0,0,0,0,1,0,0,0,7,0,0,False
5636,logic-ng/logicng,994294fbb283b7b96230da3937369bf8fc062b5f,org/logicng/explanations/mus/MUSConfigTest.java,12,1,2,11,0.17,2,1,1,0,0,0,0,0,0,0,0,0,1,0,0,0,0,0,0,1,0,0,False
5637,logic-ng/logicng,994294fbb283b7b96230da3937369bf8fc062b5f,org/logicng/explanations/mus/MUSGenerationTest.java,110,10,20,32,0.05,6,9,0,0,1,0,0,0,0,0,0,0,1,0,0,0,2,1,0,6,0,0,False
5638,logic-ng/logicng,994294fbb283b7b96230da3937369bf8fc062b5f,org/logicng/explanations/smus/SmusComputationTest.java,52,9,18,55,0.17,9,9,0,0,0,0,0,9,0,0,0,0,0,0,0,0,0,0,0,9,0,0,False
5639,logic-ng/logicng,994294fbb283b7b96230da3937369bf8fc062b5f,org/logicng/explanations/UNSATCoreTest.java,54,5,7,19,0.3,16,4,4,0,1,0,0,0,0,0,0,0,1,0,0,1,0,0,0,4,0,0,False
5640,logic-ng/logicng,994294fbb283b7b96230da3937369bf8fc062b5f,org/logicng/formulas/AndTest.java,129,17,22,83,0.56,72,17,14,0,0,0,0,2,0,0,0,0,1,0,0,4,0,0,0,17,0,0,False
5641,logic-ng/logicng,994294fbb283b7b96230da3937369bf8fc062b5f,org/logicng/formulas/CFalseTest.java,54,15,16,53,0.31,17,15,2,0,0,0,0,0,0,0,0,0,1,0,0,0,0,0,0,15,0,0,False
5642,logic-ng/logicng,994294fbb283b7b96230da3937369bf8fc062b5f,org/logicng/formulas/CTrueTest.java,55,15,16,53,0.33,18,15,3,0,0,0,0,0,0,0,0,0,1,0,0,1,0,0,0,15,0,0,False
5643,logic-ng/logicng,994294fbb283b7b96230da3937369bf8fc062b5f,org/logicng/formulas/EquivalenceTest.java,118,17,20,72,0.55,65,17,16,0,0,0,0,1,0,0,0,0,1,0,0,4,0,0,0,17,0,0,False
5644,logic-ng/logicng,994294fbb283b7b96230da3937369bf8fc062b5f,org/logicng/formulas/ExtendedFormulaFactoryTest.java,199,12,21,73,0.27,54,12,7,0,0,0,0,1,0,0,0,0,0,0,0,5,2,1,0,10,0,0,False
5645,logic-ng/logicng,994294fbb283b7b96230da3937369bf8fc062b5f,org/logicng/formulas/FormulaTest.java,61,8,13,44,0.28,17,6,5,0,0,0,0,0,0,0,0,0,0,0,0,0,0,0,0,6,0,0,False
5646,logic-ng/logicng,994294fbb283b7b96230da3937369bf8fc062b5f,org/logicng/formulas/FormulaFactoryTest.java,184,9,14,96,0.48,89,9,6,1,0,0,0,2,0,0,0,0,2,0,0,2,0,0,0,9,0,0,False
5647,logic-ng/logicng,994294fbb283b7b96230da3937369bf8fc062b5f,org/logicng/formulas/ImplicationTest.java,113,18,21,71,0.52,59,18,16,0,0,0,0,1,0,0,0,0,1,0,0,5,0,0,0,18,0,0,False
5648,logic-ng/logicng,994294fbb283b7b96230da3937369bf8fc062b5f,org/logicng/formulas/LiteralTest.java,107,20,21,75,0.52,56,20,19,0,0,0,0,0,0,0,0,0,1,0,0,2,1,0,0,20,0,0,False
5649,logic-ng/logicng,994294fbb283b7b96230da3937369bf8fc062b5f,org/logicng/formulas/NotTest.java,95,16,19,67,0.51,48,16,15,0,0,0,0,1,0,0,0,0,1,0,0,4,0,0,0,16,0,0,False
5650,logic-ng/logicng,994294fbb283b7b96230da3937369bf8fc062b5f,org/logicng/formulas/OrTest.java,124,16,21,78,0.57,71,16,14,0,0,0,0,2,0,0,0,0,1,0,0,4,0,0,0,16,0,0,False
5651,logic-ng/logicng,994294fbb283b7b96230da3937369bf8fc062b5f,org/logicng/formulas/PBConstraintTest.java,604,33,36,198,0.61,367,32,30,0,1,0,0,0,0,0,0,0,5,0,0,6,0,0,0,32,0,0,False
5652,logic-ng/logicng,994294fbb283b7b96230da3937369bf8fc062b5f,org/logicng/formulas/printer/DefaultStringRepresentationTest.java,48,3,3,18,0.71,34,3,1,0,0,0,0,0,0,0,0,0,2,0,0,0,0,0,0,3,0,0,False
5653,logic-ng/logicng,994294fbb283b7b96230da3937369bf8fc062b5f,org/logicng/formulas/printer/LatexStringRepresentationTest.java,46,3,3,15,0.67,31,3,2,0,0,0,0,0,0,0,0,0,2,0,0,0,0,0,0,3,0,0,False
5654,logic-ng/logicng,994294fbb283b7b96230da3937369bf8fc062b5f,org/logicng/formulas/printer/SortedStringRepresentationTest.java,61,4,4,22,0.69,42,4,2,0,0,0,0,0,0,0,0,0,2,0,0,2,0,0,0,4,0,0,False
5655,logic-ng/logicng,994294fbb283b7b96230da3937369bf8fc062b5f,org/logicng/formulas/printer/UTF8StringRepresentationTest.java,46,3,3,15,0.67,31,3,2,0,0,0,0,0,0,0,0,0,2,0,0,0,0,0,0,3,0,0,False
5656,logic-ng/logicng,994294fbb283b7b96230da3937369bf8fc062b5f,org/logicng/functions/FormulaDepthFunctionTest.java,54,4,7,20,0.57,31,4,3,1,0,0,0,1,0,0,0,0,0,0,0,1,0,0,0,4,0,0,False
5657,logic-ng/logicng,994294fbb283b7b96230da3937369bf8fc062b5f,org/logicng/graphs/algorithms/BronKerboschTest.java,44,1,4,14,0.16,7,1,1,1,0,0,0,1,0,0,0,0,0,0,0,1,0,0,0,1,0,0,False
5658,logic-ng/logicng,994294fbb283b7b96230da3937369bf8fc062b5f,org/logicng/graphs/datastructures/GraphTest.java,71,5,8,39,0.27,19,5,4,0,0,0,0,0,0,0,0,0,1,0,0,1,0,0,0,4,0,0,False
5659,logic-ng/logicng,994294fbb283b7b96230da3937369bf8fc062b5f,org/logicng/graphs/datastructures/HypergraphTest.java,34,2,2,12,0.21,7,2,1,0,0,0,0,0,0,0,0,0,1,0,0,1,0,0,0,2,0,0,False
5660,logic-ng/logicng,994294fbb283b7b96230da3937369bf8fc062b5f,org/logicng/graphs/datastructures/HypergraphEdgeTest.java,51,4,6,20,0.22,11,4,2,0,0,0,0,2,0,0,0,0,0,0,0,2,0,0,0,4,0,0,False
5661,logic-ng/logicng,994294fbb283b7b96230da3937369bf8fc062b5f,org/logicng/graphs/datastructures/HypergraphNodeTest.java,30,2,2,12,0.37,11,2,2,0,0,0,0,0,0,0,0,0,0,0,0,1,0,0,0,2,0,0,False
5662,logic-ng/logicng,994294fbb283b7b96230da3937369bf8fc062b5f,org/logicng/graphs/generators/ConstraintGraphGeneratorTest.java,75,5,13,45,0.11,8,5,1,1,0,0,0,5,0,0,0,0,3,0,0,1,0,0,0,5,0,0,False
5663,logic-ng/logicng,994294fbb283b7b96230da3937369bf8fc062b5f,org/logicng/graphs/generators/HypergraphGeneratorTest.java,83,3,8,26,0.28,23,3,2,0,0,0,0,3,0,0,0,0,0,0,0,2,0,0,0,3,0,0,False
5664,logic-ng/logicng,994294fbb283b7b96230da3937369bf8fc062b5f,org/logicng/graphs/io/GraphDimacsFileWriterTest.java,55,6,16,19,0.13,7,6,0,1,0,0,0,3,0,0,0,0,0,0,0,0,3,1,0,3,0,0,False
5665,logic-ng/logicng,994294fbb283b7b96230da3937369bf8fc062b5f,org/logicng/graphs/io/GraphDotFileWriterTest.java,33,5,11,11,0.06,2,5,0,1,0,0,0,3,0,0,0,0,0,0,0,0,3,1,0,3,0,0,False
5666,logic-ng/logicng,994294fbb283b7b96230da3937369bf8fc062b5f,org/logicng/handlers/NumberOfNodesBDDHandlerTest.java,9,1,1,0,0.0,0,1,0,0,0,0,0,0,0,0,0,0,0,0,0,0,0,0,0,1,0,0,False
5667,logic-ng/logicng,994294fbb283b7b96230da3937369bf8fc062b5f,org/logicng/io/parsers/PropositionalParserTest.java,142,29,38,55,0.45,64,29,9,0,0,0,0,9,0,0,0,0,1,0,0,0,0,0,0,29,0,0,False
5668,logic-ng/logicng,994294fbb283b7b96230da3937369bf8fc062b5f,org/logicng/io/parsers/PseudoBooleanParserTest.java,164,30,42,77,0.51,84,30,12,0,0,0,0,12,0,0,0,0,1,0,0,1,0,0,0,30,0,0,False
5669,logic-ng/logicng,994294fbb283b7b96230da3937369bf8fc062b5f,org/logicng/io/readers/DimacsReaderTest.java,9,1,1,0,0.0,0,1,0,0,0,0,0,0,0,1,0,0,0,0,0,0,0,0,1,1,0,0,False
5670,logic-ng/logicng,994294fbb283b7b96230da3937369bf8fc062b5f,org/logicng/io/writers/FormulaDimacsFileWriterTest.java,67,7,17,21,0.09,6,7,0,0,0,0,0,4,0,0,0,0,0,0,0,0,4,1,0,5,0,0,False
5671,logic-ng/logicng,994294fbb283b7b96230da3937369bf8fc062b5f,org/logicng/io/writers/FormulaDotFileWriterTest.java,46,5,11,14,0.04,2,5,0,0,0,0,0,4,0,0,0,0,0,0,0,0,4,1,0,4,0,0,False
5672,logic-ng/logicng,994294fbb283b7b96230da3937369bf8fc062b5f,org/logicng/knowledgecompilation/bdds/datastructures/BDDNodeTest.java,66,4,4,35,0.47,31,4,4,0,0,0,0,0,0,0,0,0,0,0,0,1,0,0,0,4,0,0,False
5673,logic-ng/logicng,994294fbb283b7b96230da3937369bf8fc062b5f,org/logicng/knowledgecompilation/bdds/io/BDDDotFileWriterTest.java,29,2,5,9,0.03,1,2,0,0,0,0,0,1,0,0,0,0,0,0,0,0,1,1,0,1,0,0,False
5674,logic-ng/logicng,994294fbb283b7b96230da3937369bf8fc062b5f,org/logicng/knowledgecompilation/bdds/BDDOperationsTest.java,220,11,19,60,0.68,150,11,10,0,0,0,0,3,0,0,0,0,0,0,0,0,0,0,0,10,0,0,False
5675,logic-ng/logicng,994294fbb283b7b96230da3937369bf8fc062b5f,org/logicng/knowledgecompilation/bdds/jbuddy/BDDPrimeTest.java,6,1,1,3,0.33,2,1,1,0,0,0,0,0,0,0,0,0,0,0,0,0,0,0,0,1,0,0,False
5676,logic-ng/logicng,994294fbb283b7b96230da3937369bf8fc062b5f,org/logicng/knowledgecompilation/bdds/BDDReorderingTest.java,201,17,42,85,0.04,8,17,3,0,0,0,0,3,0,0,0,0,0,0,0,2,4,2,0,7,0,0,False
5677,logic-ng/logicng,994294fbb283b7b96230da3937369bf8fc062b5f,org/logicng/knowledgecompilation/bdds/orderings/BFSOrderingTest.java,27,2,5,11,0.37,10,2,1,0,0,0,0,2,0,0,0,0,0,0,0,0,0,0,0,2,0,0,False
5678,logic-ng/logicng,994294fbb283b7b96230da3937369bf8fc062b5f,org/logicng/knowledgecompilation/bdds/orderings/DFSOrderingTest.java,27,2,5,11,0.37,10,2,1,0,0,0,0,2,0,0,0,0,0,0,0,0,0,0,0,2,0,0,False
5679,logic-ng/logicng,994294fbb283b7b96230da3937369bf8fc062b5f,org/logicng/knowledgecompilation/bdds/orderings/ForceOrderingTest.java,33,3,9,17,0.21,7,3,1,0,0,0,0,3,0,0,0,0,0,0,0,0,0,0,0,3,0,0,False
5680,logic-ng/logicng,994294fbb283b7b96230da3937369bf8fc062b5f,org/logicng/knowledgecompilation/dnnf/datastructures/dtree/DTreeNodeTest.java,11,1,2,4,0.09,1,1,0,0,0,0,0,1,0,0,0,0,1,0,0,0,0,0,0,1,0,0,False
5681,logic-ng/logicng,994294fbb283b7b96230da3937369bf8fc062b5f,org/logicng/knowledgecompilation/dnnf/DnnfCompilerTest.java,95,7,21,38,0.03,3,7,0,1,0,0,0,5,0,0,0,0,0,0,0,0,3,1,0,5,0,0,False
5682,logic-ng/logicng,994294fbb283b7b96230da3937369bf8fc062b5f,org/logicng/LogicNGVersionTest.java,67,5,6,22,0.31,21,5,4,0,0,0,0,0,0,0,0,0,0,0,0,4,0,0,0,4,0,0,False
5683,logic-ng/logicng,994294fbb283b7b96230da3937369bf8fc062b5f,org/logicng/modelcounting/ModelCounterTest.java,74,13,21,53,0.18,13,13,6,3,0,0,0,3,0,0,0,0,0,0,0,1,1,1,0,9,0,0,False
5684,logic-ng/logicng,994294fbb283b7b96230da3937369bf8fc062b5f,org/logicng/np/SetCoverTest.java,31,2,2,16,0.19,6,2,1,0,0,0,0,0,0,0,0,0,0,0,0,1,0,0,0,2,0,0,False
5685,logic-ng/logicng,994294fbb283b7b96230da3937369bf8fc062b5f,org/logicng/predicates/CNFPredicateTest.java,30,3,3,10,0.53,16,3,1,0,0,0,0,0,0,0,0,0,1,0,0,0,0,0,0,3,0,0,False
5686,logic-ng/logicng,994294fbb283b7b96230da3937369bf8fc062b5f,org/logicng/predicates/ContainsPBCPredicateTest.java,44,6,9,30,0.43,19,6,4,1,0,0,0,2,0,0,0,0,1,0,0,0,0,0,0,6,0,0,False
5687,logic-ng/logicng,994294fbb283b7b96230da3937369bf8fc062b5f,org/logicng/predicates/DNFPredicateTest.java,28,2,2,10,0.57,16,2,1,0,0,0,0,0,0,0,0,0,1,0,0,0,0,0,0,2,0,0,False
5688,logic-ng/logicng,994294fbb283b7b96230da3937369bf8fc062b5f,org/logicng/predicates/EvaluatesToConstantPredicateTest.java,432,22,34,94,0.83,360,21,21,2,1,0,0,12,0,0,0,0,0,0,0,1,0,0,0,21,0,0,False
5689,logic-ng/logicng,994294fbb283b7b96230da3937369bf8fc062b5f,org/logicng/predicates/NNFPredicateTest.java,32,2,2,11,0.63,20,2,1,0,0,0,0,0,0,0,0,0,1,0,0,0,0,0,0,2,0,0,False
5690,logic-ng/logicng,994294fbb283b7b96230da3937369bf8fc062b5f,org/logicng/primecomputation/PrimeCompilerTest.java,84,8,20,42,0.1,8,8,0,1,0,0,0,1,0,0,0,0,1,0,0,0,3,0,0,4,0,0,False
5691,logic-ng/logicng,994294fbb283b7b96230da3937369bf8fc062b5f,org/logicng/primecomputation/PrimeResultTest.java,75,5,5,28,0.36,27,4,3,0,1,0,0,0,0,0,0,0,1,0,0,0,0,0,0,4,0,0,False
5692,logic-ng/logicng,994294fbb283b7b96230da3937369bf8fc062b5f,org/logicng/propositions/ExtendedPropositionTest.java,56,5,11,18,0.25,14,4,4,0,1,0,0,3,0,0,0,0,1,0,0,0,0,0,0,4,0,0,False
5693,logic-ng/logicng,994294fbb283b7b96230da3937369bf8fc062b5f,org/logicng/propositions/StandardPropositionTest.java,43,5,11,18,0.35,15,4,4,0,1,0,0,3,0,0,0,0,1,0,0,0,0,0,0,4,0,0,False
5694,logic-ng/logicng,994294fbb283b7b96230da3937369bf8fc062b5f,org/logicng/pseudobooleans/PBEncoderTest.java,66,9,13,30,0.11,7,8,1,4,1,0,0,1,0,0,0,0,1,0,0,0,1,1,0,7,0,0,False
5695,logic-ng/logicng,994294fbb283b7b96230da3937369bf8fc062b5f,org/logicng/solvers/datastructures/LNGHeapTest.java,23,1,1,10,0.22,5,1,1,0,0,0,0,0,0,0,0,0,1,0,0,1,0,0,0,1,0,0,False
5696,logic-ng/logicng,994294fbb283b7b96230da3937369bf8fc062b5f,org/logicng/solvers/functions/BackboneFunctionTest.java,274,11,39,159,0.25,68,11,8,6,0,0,0,7,0,0,0,0,0,0,0,8,0,0,0,8,0,0,False
5697,logic-ng/logicng,994294fbb283b7b96230da3937369bf8fc062b5f,org/logicng/solvers/functions/OptimizationFunctionTest.java,231,21,57,170,0.13,29,21,4,4,0,0,0,9,0,0,0,0,0,0,0,1,8,3,0,12,0,0,False
5698,logic-ng/logicng,994294fbb283b7b96230da3937369bf8fc062b5f,org/logicng/solvers/functions/UnsatCoreFunctionTest.java,9,1,1,0,0.0,0,1,1,0,0,0,0,0,0,0,0,0,0,0,0,0,0,0,0,1,0,0,False
5699,logic-ng/logicng,994294fbb283b7b96230da3937369bf8fc062b5f,org/logicng/solvers/sat/MiniSatTest.java,52,7,11,26,0.25,13,7,3,0,0,0,0,1,0,0,0,0,1,0,0,1,0,0,0,5,0,0,False
5700,logic-ng/logicng,994294fbb283b7b96230da3937369bf8fc062b5f,org/logicng/solvers/sat/GlucoseSyrupTest.java,33,6,11,9,0.03,1,6,0,0,0,0,0,0,0,0,0,0,1,0,0,0,0,0,0,3,0,0,False
5701,logic-ng/logicng,994294fbb283b7b96230da3937369bf8fc062b5f,org/logicng/solvers/sat/MiniCardTest.java,84,8,12,32,0.18,15,8,3,0,0,0,0,0,0,0,0,0,1,0,0,1,0,0,0,6,0,0,False
5702,logic-ng/logicng,994294fbb283b7b96230da3937369bf8fc062b5f,org/logicng/transformations/AnonymizerTest.java,60,4,12,16,0.55,33,4,4,0,0,0,0,4,0,0,0,0,0,0,0,1,0,0,0,4,0,0,False
5703,logic-ng/logicng,994294fbb283b7b96230da3937369bf8fc062b5f,org/logicng/transformations/FormulaFactoryImporterTest.java,187,12,17,114,0.67,126,12,10,0,0,0,0,1,0,0,0,0,0,0,0,0,0,0,0,10,0,0,False
5704,logic-ng/logicng,994294fbb283b7b96230da3937369bf8fc062b5f,org/logicng/transformations/LiteralSubstitutionTest.java,42,5,14,19,0.4,17,5,3,0,0,0,0,4,0,0,0,0,0,0,0,0,0,0,0,4,0,0,False
5705,logic-ng/logicng,994294fbb283b7b96230da3937369bf8fc062b5f,org/logicng/transformations/PureExpansionTransformationTest.java,107,13,37,44,0.35,37,13,6,2,0,0,0,4,0,0,0,0,1,0,0,1,2,0,0,10,0,0,False
5706,logic-ng/logicng,994294fbb283b7b96230da3937369bf8fc062b5f,org/logicng/transformations/UnitPropagationTest.java,31,4,9,15,0.45,14,4,4,0,0,0,0,1,0,0,0,0,0,0,0,0,0,0,0,4,0,0,False
5707,logic-ng/logicng,994294fbb283b7b96230da3937369bf8fc062b5f,org/logicng/transformations/cnf/CNFEncoderTest.java,158,13,27,106,0.22,35,13,11,0,0,0,0,10,0,0,0,0,1,0,0,3,0,0,0,12,0,0,False
5708,logic-ng/logicng,994294fbb283b7b96230da3937369bf8fc062b5f,org/logicng/transformations/cnf/CNFSubsumptionTest.java,41,4,8,15,0.46,19,4,3,0,0,0,0,3,0,0,0,0,0,0,0,1,0,0,0,4,0,0,False
5709,logic-ng/logicng,994294fbb283b7b96230da3937369bf8fc062b5f,org/logicng/transformations/cnf/PlaistedGreenbaumTransformationSolverTest.java,41,5,10,11,0.02,1,5,1,2,0,0,0,1,0,0,0,0,0,0,0,1,1,0,0,3,0,0,False
5710,logic-ng/logicng,994294fbb283b7b96230da3937369bf8fc062b5f,org/logicng/transformations/dnf/DNFFactorizationTest.java,107,12,29,41,0.42,45,8,8,0,0,0,0,5,0,0,0,0,1,0,0,2,0,0,0,8,0,0,False
5711,logic-ng/logicng,994294fbb283b7b96230da3937369bf8fc062b5f,org/logicng/transformations/dnf/DNFSubsumptionTest.java,48,4,10,15,0.4,19,4,3,1,0,0,0,3,0,0,0,0,0,0,0,1,0,0,0,4,0,0,False
5712,logic-ng/logicng,994294fbb283b7b96230da3937369bf8fc062b5f,org/logicng/transformations/qmc/TermTest.java,80,3,7,21,0.21,17,3,3,0,0,0,0,1,0,0,0,0,1,0,0,0,0,0,0,3,0,0,False
5713,logic-ng/logicng,994294fbb283b7b96230da3937369bf8fc062b5f,org/logicng/transformations/qmc/TermTableTest.java,47,4,8,19,0.26,12,4,2,0,0,0,0,0,0,0,0,0,1,0,0,1,0,0,0,3,0,0,False
5714,logic-ng/logicng,994294fbb283b7b96230da3937369bf8fc062b5f,org/logicng/transformations/simplification/BackboneSimplifierTest.java,27,2,8,8,0.41,11,2,2,0,0,0,0,2,0,0,0,0,0,0,0,0,0,0,0,2,0,0,False
5715,logic-ng/logicng,994294fbb283b7b96230da3937369bf8fc062b5f,org/logicng/transformations/simplification/DistributiveSimplifierTest.java,52,6,20,25,0.5,26,6,6,0,0,0,0,2,0,0,0,0,0,0,0,0,0,0,0,6,0,0,False
5716,logic-ng/logicng,994294fbb283b7b96230da3937369bf8fc062b5f,org/logicng/util/CollectionHelperTest.java,61,5,5,21,0.62,38,5,5,0,0,0,0,0,0,0,0,0,0,0,0,1,0,0,0,5,0,0,False
5717,logic-ng/logicng,994294fbb283b7b96230da3937369bf8fc062b5f,org/logicng/util/ComparablePairTest.java,42,5,5,18,0.52,22,5,5,0,0,0,0,0,0,0,0,0,1,0,0,0,0,0,0,5,0,0,False
5718,logic-ng/logicng,994294fbb283b7b96230da3937369bf8fc062b5f,org/logicng/util/FormulaHelperTest.java,41,5,5,15,0.59,24,5,5,0,0,0,0,0,0,0,0,0,0,0,0,0,0,0,0,5,0,0,False
5719,logic-ng/logicng,994294fbb283b7b96230da3937369bf8fc062b5f,org/logicng/util/FormulaRandomizerTest.java,414,22,60,276,0.21,86,22,19,20,0,0,0,0,0,0,0,0,0,0,0,1,0,0,0,20,0,0,False
5720,logic-ng/logicng,994294fbb283b7b96230da3937369bf8fc062b5f,org/logicng/util/PairTest.java,36,4,4,14,0.5,18,4,4,0,0,0,0,0,0,0,0,0,1,0,0,0,0,0,0,4,0,0,False
5721,logic-ng/logicng,708e7a966ed79d8ab57359d4640c3641c5372105,org/logicng/backbones/BackboneTest.java,75,6,8,37,0.35,26,6,4,0,0,0,0,1,0,0,0,0,1,0,0,2,0,0,0,5,0,0,False
5722,logic-ng/logicng,708e7a966ed79d8ab57359d4640c3641c5372105,org/logicng/backbones/BackboneGenerationTest.java,214,8,24,93,0.22,47,8,3,1,0,0,0,3,0,0,0,0,0,0,0,2,0,0,0,7,0,0,False
5723,logic-ng/logicng,708e7a966ed79d8ab57359d4640c3641c5372105,org/logicng/collections/LNGBooleanVectorTest.java,173,11,22,75,0.34,59,11,10,9,0,0,0,0,0,0,0,0,1,0,0,7,0,0,0,11,0,0,False
5724,logic-ng/logicng,708e7a966ed79d8ab57359d4640c3641c5372105,org/logicng/collections/LNGByteVectorTest.java,198,12,25,84,0.29,57,12,11,11,0,0,0,0,0,0,0,0,1,0,0,6,0,0,0,12,0,0,False
5725,logic-ng/logicng,708e7a966ed79d8ab57359d4640c3641c5372105,org/logicng/collections/LNGDoublePriorityQueueTest.java,107,6,6,35,0.4,43,6,5,0,0,0,0,0,0,0,0,0,1,0,0,3,0,0,0,6,0,0,False
5726,logic-ng/logicng,708e7a966ed79d8ab57359d4640c3641c5372105,org/logicng/collections/LNGDoubleVectorTest.java,195,12,25,83,0.29,56,12,11,11,0,0,0,0,0,0,0,0,1,0,0,6,0,0,0,12,0,0,False
5727,logic-ng/logicng,708e7a966ed79d8ab57359d4640c3641c5372105,org/logicng/collections/LNGIntVectorTest.java,195,12,25,83,0.29,56,12,11,11,0,0,0,0,0,0,0,0,1,0,0,6,0,0,0,12,0,0,False
5728,logic-ng/logicng,708e7a966ed79d8ab57359d4640c3641c5372105,org/logicng/collections/LNGLongPriorityQueueTest.java,86,5,5,28,0.42,36,5,4,0,0,0,0,0,0,0,0,0,1,0,0,3,0,0,0,5,0,0,False
5729,logic-ng/logicng,708e7a966ed79d8ab57359d4640c3641c5372105,org/logicng/collections/LNGLongVectorTest.java,198,12,25,84,0.29,57,12,11,11,0,0,0,0,0,0,0,0,1,0,0,6,0,0,0,12,0,0,False
5730,logic-ng/logicng,708e7a966ed79d8ab57359d4640c3641c5372105,org/logicng/collections/LNGVectorTest.java,342,22,42,135,0.29,100,21,19,20,1,0,0,0,0,0,0,0,2,0,0,9,0,0,0,21,0,0,False
5731,logic-ng/logicng,708e7a966ed79d8ab57359d4640c3641c5372105,org/logicng/datastructures/AssignmentTest.java,154,14,18,87,0.47,73,14,13,0,0,0,0,2,0,0,0,0,1,0,0,6,0,0,0,14,0,0,False
5732,logic-ng/logicng,708e7a966ed79d8ab57359d4640c3641c5372105,org/logicng/formulas/SubstitutionTest.java,112,13,17,50,0.35,39,12,9,0,1,0,0,4,0,0,0,0,1,0,0,2,0,0,0,12,0,0,False
5733,logic-ng/logicng,708e7a966ed79d8ab57359d4640c3641c5372105,org/logicng/datastructures/ubtrees/UBNodeTest.java,33,4,4,14,0.27,9,3,2,0,1,0,0,0,0,0,0,0,1,0,0,1,0,0,0,3,0,0,False
5734,logic-ng/logicng,708e7a966ed79d8ab57359d4640c3641c5372105,org/logicng/datastructures/ubtrees/UBTreeTest.java,201,8,9,57,0.62,125,8,6,0,0,0,0,0,0,0,0,0,0,0,0,1,0,0,0,7,0,0,False
5735,logic-ng/logicng,708e7a966ed79d8ab57359d4640c3641c5372105,org/logicng/explanations/mus/MUSConfigTest.java,12,1,2,11,0.17,2,1,1,0,0,0,0,0,0,0,0,0,1,0,0,0,0,0,0,1,0,0,False
5736,logic-ng/logicng,708e7a966ed79d8ab57359d4640c3641c5372105,org/logicng/explanations/mus/MUSGenerationTest.java,110,10,20,32,0.05,6,9,0,0,1,0,0,0,0,0,0,0,1,0,0,0,2,1,0,6,0,0,False
5737,logic-ng/logicng,708e7a966ed79d8ab57359d4640c3641c5372105,org/logicng/explanations/smus/SmusComputationTest.java,52,9,18,55,0.17,9,9,0,0,0,0,0,9,0,0,0,0,0,0,0,0,0,0,0,9,0,0,False
5738,logic-ng/logicng,708e7a966ed79d8ab57359d4640c3641c5372105,org/logicng/explanations/UNSATCoreTest.java,54,5,7,19,0.3,16,4,4,0,1,0,0,0,0,0,0,0,1,0,0,1,0,0,0,4,0,0,False
5739,logic-ng/logicng,708e7a966ed79d8ab57359d4640c3641c5372105,org/logicng/formulas/AndTest.java,129,17,22,83,0.56,72,17,14,0,0,0,0,2,0,0,0,0,1,0,0,4,0,0,0,17,0,0,False
5740,logic-ng/logicng,708e7a966ed79d8ab57359d4640c3641c5372105,org/logicng/formulas/CFalseTest.java,54,15,16,53,0.31,17,15,2,0,0,0,0,0,0,0,0,0,1,0,0,0,0,0,0,15,0,0,False
5741,logic-ng/logicng,708e7a966ed79d8ab57359d4640c3641c5372105,org/logicng/formulas/CTrueTest.java,55,15,16,53,0.33,18,15,3,0,0,0,0,0,0,0,0,0,1,0,0,1,0,0,0,15,0,0,False
5742,logic-ng/logicng,708e7a966ed79d8ab57359d4640c3641c5372105,org/logicng/formulas/EquivalenceTest.java,118,17,20,72,0.55,65,17,16,0,0,0,0,1,0,0,0,0,1,0,0,4,0,0,0,17,0,0,False
5743,logic-ng/logicng,708e7a966ed79d8ab57359d4640c3641c5372105,org/logicng/formulas/ExtendedFormulaFactoryTest.java,199,12,21,73,0.27,54,12,7,0,0,0,0,1,0,0,0,0,0,0,0,5,2,1,0,10,0,0,False
5744,logic-ng/logicng,708e7a966ed79d8ab57359d4640c3641c5372105,org/logicng/formulas/FormulaTest.java,61,8,13,44,0.28,17,6,5,0,0,0,0,0,0,0,0,0,0,0,0,0,0,0,0,6,0,0,False
5745,logic-ng/logicng,708e7a966ed79d8ab57359d4640c3641c5372105,org/logicng/formulas/FormulaFactoryTest.java,184,9,14,96,0.48,89,9,6,1,0,0,0,2,0,0,0,0,2,0,0,2,0,0,0,9,0,0,False
5746,logic-ng/logicng,708e7a966ed79d8ab57359d4640c3641c5372105,org/logicng/formulas/ImplicationTest.java,113,18,21,71,0.52,59,18,16,0,0,0,0,1,0,0,0,0,1,0,0,5,0,0,0,18,0,0,False
5747,logic-ng/logicng,708e7a966ed79d8ab57359d4640c3641c5372105,org/logicng/formulas/LiteralTest.java,107,20,21,75,0.52,56,20,19,0,0,0,0,0,0,0,0,0,1,0,0,2,1,0,0,20,0,0,False
5748,logic-ng/logicng,708e7a966ed79d8ab57359d4640c3641c5372105,org/logicng/formulas/NotTest.java,95,16,19,67,0.51,48,16,15,0,0,0,0,1,0,0,0,0,1,0,0,4,0,0,0,16,0,0,False
5749,logic-ng/logicng,708e7a966ed79d8ab57359d4640c3641c5372105,org/logicng/formulas/OrTest.java,124,16,21,78,0.57,71,16,14,0,0,0,0,2,0,0,0,0,1,0,0,4,0,0,0,16,0,0,False
5750,logic-ng/logicng,708e7a966ed79d8ab57359d4640c3641c5372105,org/logicng/formulas/PBConstraintTest.java,604,33,36,198,0.61,367,32,30,0,1,0,0,0,0,0,0,0,5,0,0,6,0,0,0,32,0,0,False
5751,logic-ng/logicng,708e7a966ed79d8ab57359d4640c3641c5372105,org/logicng/formulas/printer/DefaultStringRepresentationTest.java,48,3,3,18,0.71,34,3,1,0,0,0,0,0,0,0,0,0,2,0,0,0,0,0,0,3,0,0,False
5752,logic-ng/logicng,708e7a966ed79d8ab57359d4640c3641c5372105,org/logicng/formulas/printer/LatexStringRepresentationTest.java,46,3,3,15,0.67,31,3,2,0,0,0,0,0,0,0,0,0,2,0,0,0,0,0,0,3,0,0,False
5753,logic-ng/logicng,708e7a966ed79d8ab57359d4640c3641c5372105,org/logicng/formulas/printer/SortedStringRepresentationTest.java,61,4,4,22,0.69,42,4,2,0,0,0,0,0,0,0,0,0,2,0,0,2,0,0,0,4,0,0,False
5754,logic-ng/logicng,708e7a966ed79d8ab57359d4640c3641c5372105,org/logicng/formulas/printer/UTF8StringRepresentationTest.java,46,3,3,15,0.67,31,3,2,0,0,0,0,0,0,0,0,0,2,0,0,0,0,0,0,3,0,0,False
5755,logic-ng/logicng,708e7a966ed79d8ab57359d4640c3641c5372105,org/logicng/functions/FormulaDepthFunctionTest.java,54,4,7,20,0.57,31,4,3,1,0,0,0,1,0,0,0,0,0,0,0,1,0,0,0,4,0,0,False
5756,logic-ng/logicng,708e7a966ed79d8ab57359d4640c3641c5372105,org/logicng/graphs/algorithms/BronKerboschTest.java,44,1,4,14,0.16,7,1,1,1,0,0,0,1,0,0,0,0,0,0,0,1,0,0,0,1,0,0,False
5757,logic-ng/logicng,708e7a966ed79d8ab57359d4640c3641c5372105,org/logicng/graphs/datastructures/GraphTest.java,71,5,8,39,0.27,19,5,4,0,0,0,0,0,0,0,0,0,1,0,0,1,0,0,0,4,0,0,False
5758,logic-ng/logicng,708e7a966ed79d8ab57359d4640c3641c5372105,org/logicng/graphs/datastructures/HypergraphTest.java,34,2,2,12,0.21,7,2,1,0,0,0,0,0,0,0,0,0,1,0,0,1,0,0,0,2,0,0,False
5759,logic-ng/logicng,708e7a966ed79d8ab57359d4640c3641c5372105,org/logicng/graphs/datastructures/HypergraphEdgeTest.java,51,4,6,20,0.22,11,4,2,0,0,0,0,2,0,0,0,0,0,0,0,2,0,0,0,4,0,0,False
5760,logic-ng/logicng,708e7a966ed79d8ab57359d4640c3641c5372105,org/logicng/graphs/datastructures/HypergraphNodeTest.java,30,2,2,12,0.37,11,2,2,0,0,0,0,0,0,0,0,0,0,0,0,1,0,0,0,2,0,0,False
5761,logic-ng/logicng,708e7a966ed79d8ab57359d4640c3641c5372105,org/logicng/graphs/generators/ConstraintGraphGeneratorTest.java,75,5,13,45,0.11,8,5,1,1,0,0,0,5,0,0,0,0,3,0,0,1,0,0,0,5,0,0,False
5762,logic-ng/logicng,708e7a966ed79d8ab57359d4640c3641c5372105,org/logicng/graphs/generators/HypergraphGeneratorTest.java,83,3,8,26,0.28,23,3,2,0,0,0,0,3,0,0,0,0,0,0,0,2,0,0,0,3,0,0,False
5763,logic-ng/logicng,708e7a966ed79d8ab57359d4640c3641c5372105,org/logicng/graphs/io/GraphDimacsFileWriterTest.java,55,6,16,19,0.13,7,6,0,1,0,0,0,3,0,0,0,0,0,0,0,0,3,1,0,3,0,0,False
5764,logic-ng/logicng,708e7a966ed79d8ab57359d4640c3641c5372105,org/logicng/graphs/io/GraphDotFileWriterTest.java,33,5,11,11,0.06,2,5,0,1,0,0,0,3,0,0,0,0,0,0,0,0,3,1,0,3,0,0,False
5765,logic-ng/logicng,708e7a966ed79d8ab57359d4640c3641c5372105,org/logicng/handlers/NumberOfNodesBDDHandlerTest.java,9,1,1,0,0.0,0,1,0,0,0,0,0,0,0,0,0,0,0,0,0,0,0,0,0,1,0,0,False
5766,logic-ng/logicng,708e7a966ed79d8ab57359d4640c3641c5372105,org/logicng/io/parsers/PropositionalParserTest.java,142,29,38,55,0.45,64,29,9,0,0,0,0,9,0,0,0,0,1,0,0,0,0,0,0,29,0,0,False
5767,logic-ng/logicng,708e7a966ed79d8ab57359d4640c3641c5372105,org/logicng/io/parsers/PseudoBooleanParserTest.java,164,30,42,77,0.51,84,30,12,0,0,0,0,12,0,0,0,0,1,0,0,1,0,0,0,30,0,0,False
5768,logic-ng/logicng,708e7a966ed79d8ab57359d4640c3641c5372105,org/logicng/io/readers/DimacsReaderTest.java,9,1,1,0,0.0,0,1,0,0,0,0,0,0,0,1,0,0,0,0,0,0,0,0,1,1,0,0,False
5769,logic-ng/logicng,708e7a966ed79d8ab57359d4640c3641c5372105,org/logicng/io/writers/FormulaDimacsFileWriterTest.java,67,7,17,21,0.09,6,7,0,0,0,0,0,4,0,0,0,0,0,0,0,0,4,1,0,5,0,0,False
5770,logic-ng/logicng,708e7a966ed79d8ab57359d4640c3641c5372105,org/logicng/io/writers/FormulaDotFileWriterTest.java,46,5,11,14,0.04,2,5,0,0,0,0,0,4,0,0,0,0,0,0,0,0,4,1,0,4,0,0,False
5771,logic-ng/logicng,708e7a966ed79d8ab57359d4640c3641c5372105,org/logicng/knowledgecompilation/bdds/datastructures/BDDNodeTest.java,66,4,4,35,0.47,31,4,4,0,0,0,0,0,0,0,0,0,0,0,0,1,0,0,0,4,0,0,False
5772,logic-ng/logicng,708e7a966ed79d8ab57359d4640c3641c5372105,org/logicng/knowledgecompilation/bdds/io/BDDDotFileWriterTest.java,29,2,5,9,0.03,1,2,0,0,0,0,0,1,0,0,0,0,0,0,0,0,1,1,0,1,0,0,False
5773,logic-ng/logicng,708e7a966ed79d8ab57359d4640c3641c5372105,org/logicng/knowledgecompilation/bdds/BDDOperationsTest.java,220,11,19,60,0.68,150,11,10,0,0,0,0,3,0,0,0,0,0,0,0,0,0,0,0,10,0,0,False
5774,logic-ng/logicng,708e7a966ed79d8ab57359d4640c3641c5372105,org/logicng/knowledgecompilation/bdds/jbuddy/BDDPrimeTest.java,6,1,1,3,0.33,2,1,1,0,0,0,0,0,0,0,0,0,0,0,0,0,0,0,0,1,0,0,False
5775,logic-ng/logicng,708e7a966ed79d8ab57359d4640c3641c5372105,org/logicng/knowledgecompilation/bdds/BDDReorderingTest.java,201,17,42,85,0.04,8,17,3,0,0,0,0,3,0,0,0,0,0,0,0,2,4,2,0,7,0,0,False
5776,logic-ng/logicng,708e7a966ed79d8ab57359d4640c3641c5372105,org/logicng/knowledgecompilation/bdds/orderings/BFSOrderingTest.java,27,2,5,11,0.37,10,2,1,0,0,0,0,2,0,0,0,0,0,0,0,0,0,0,0,2,0,0,False
5777,logic-ng/logicng,708e7a966ed79d8ab57359d4640c3641c5372105,org/logicng/knowledgecompilation/bdds/orderings/DFSOrderingTest.java,27,2,5,11,0.37,10,2,1,0,0,0,0,2,0,0,0,0,0,0,0,0,0,0,0,2,0,0,False
5778,logic-ng/logicng,708e7a966ed79d8ab57359d4640c3641c5372105,org/logicng/knowledgecompilation/bdds/orderings/ForceOrderingTest.java,33,3,9,17,0.21,7,3,1,0,0,0,0,3,0,0,0,0,0,0,0,0,0,0,0,3,0,0,False
5779,logic-ng/logicng,708e7a966ed79d8ab57359d4640c3641c5372105,org/logicng/knowledgecompilation/dnnf/datastructures/dtree/DTreeNodeTest.java,11,1,2,4,0.09,1,1,0,0,0,0,0,1,0,0,0,0,1,0,0,0,0,0,0,1,0,0,False
5780,logic-ng/logicng,708e7a966ed79d8ab57359d4640c3641c5372105,org/logicng/knowledgecompilation/dnnf/DnnfCompilerTest.java,95,7,21,38,0.03,3,7,0,1,0,0,0,5,0,0,0,0,0,0,0,0,3,1,0,5,0,0,False
5781,logic-ng/logicng,708e7a966ed79d8ab57359d4640c3641c5372105,org/logicng/LogicNGVersionTest.java,67,5,6,22,0.31,21,5,4,0,0,0,0,0,0,0,0,0,0,0,0,4,0,0,0,4,0,0,False
5782,logic-ng/logicng,708e7a966ed79d8ab57359d4640c3641c5372105,org/logicng/modelcounting/ModelCounterTest.java,74,13,21,53,0.18,13,13,6,3,0,0,0,3,0,0,0,0,0,0,0,1,1,1,0,9,0,0,False
5783,logic-ng/logicng,708e7a966ed79d8ab57359d4640c3641c5372105,org/logicng/np/SetCoverTest.java,31,2,2,16,0.19,6,2,1,0,0,0,0,0,0,0,0,0,0,0,0,1,0,0,0,2,0,0,False
5784,logic-ng/logicng,708e7a966ed79d8ab57359d4640c3641c5372105,org/logicng/predicates/CNFPredicateTest.java,30,3,3,10,0.53,16,3,1,0,0,0,0,0,0,0,0,0,1,0,0,0,0,0,0,3,0,0,False
5785,logic-ng/logicng,708e7a966ed79d8ab57359d4640c3641c5372105,org/logicng/predicates/ContainsPBCPredicateTest.java,44,6,9,30,0.43,19,6,4,1,0,0,0,2,0,0,0,0,1,0,0,0,0,0,0,6,0,0,False
5786,logic-ng/logicng,708e7a966ed79d8ab57359d4640c3641c5372105,org/logicng/predicates/DNFPredicateTest.java,28,2,2,10,0.57,16,2,1,0,0,0,0,0,0,0,0,0,1,0,0,0,0,0,0,2,0,0,False
5787,logic-ng/logicng,708e7a966ed79d8ab57359d4640c3641c5372105,org/logicng/predicates/EvaluatesToConstantPredicateTest.java,432,22,34,94,0.83,360,21,21,2,1,0,0,12,0,0,0,0,0,0,0,1,0,0,0,21,0,0,False
5788,logic-ng/logicng,708e7a966ed79d8ab57359d4640c3641c5372105,org/logicng/predicates/NNFPredicateTest.java,32,2,2,11,0.63,20,2,1,0,0,0,0,0,0,0,0,0,1,0,0,0,0,0,0,2,0,0,False
5789,logic-ng/logicng,708e7a966ed79d8ab57359d4640c3641c5372105,org/logicng/primecomputation/PrimeCompilerTest.java,84,8,20,42,0.1,8,8,0,1,0,0,0,1,0,0,0,0,1,0,0,0,3,0,0,4,0,0,False
5790,logic-ng/logicng,708e7a966ed79d8ab57359d4640c3641c5372105,org/logicng/primecomputation/PrimeResultTest.java,75,5,5,28,0.36,27,4,3,0,1,0,0,0,0,0,0,0,1,0,0,0,0,0,0,4,0,0,False
5791,logic-ng/logicng,708e7a966ed79d8ab57359d4640c3641c5372105,org/logicng/propositions/ExtendedPropositionTest.java,56,5,11,18,0.25,14,4,4,0,1,0,0,3,0,0,0,0,1,0,0,0,0,0,0,4,0,0,False
5792,logic-ng/logicng,708e7a966ed79d8ab57359d4640c3641c5372105,org/logicng/propositions/StandardPropositionTest.java,43,5,11,18,0.35,15,4,4,0,1,0,0,3,0,0,0,0,1,0,0,0,0,0,0,4,0,0,False
5793,logic-ng/logicng,708e7a966ed79d8ab57359d4640c3641c5372105,org/logicng/pseudobooleans/PBEncoderTest.java,66,9,13,30,0.11,7,8,1,4,1,0,0,1,0,0,0,0,1,0,0,0,1,1,0,7,0,0,False
5794,logic-ng/logicng,708e7a966ed79d8ab57359d4640c3641c5372105,org/logicng/solvers/datastructures/LNGHeapTest.java,23,1,1,10,0.22,5,1,1,0,0,0,0,0,0,0,0,0,1,0,0,1,0,0,0,1,0,0,False
5795,logic-ng/logicng,708e7a966ed79d8ab57359d4640c3641c5372105,org/logicng/solvers/functions/BackboneFunctionTest.java,274,11,39,159,0.25,68,11,8,6,0,0,0,7,0,0,0,0,0,0,0,8,0,0,0,8,0,0,False
5796,logic-ng/logicng,708e7a966ed79d8ab57359d4640c3641c5372105,org/logicng/solvers/functions/OptimizationFunctionTest.java,231,21,57,170,0.13,29,21,4,4,0,0,0,9,0,0,0,0,0,0,0,1,8,3,0,12,0,0,False
5797,logic-ng/logicng,708e7a966ed79d8ab57359d4640c3641c5372105,org/logicng/solvers/functions/UnsatCoreFunctionTest.java,9,1,1,0,0.0,0,1,1,0,0,0,0,0,0,0,0,0,0,0,0,0,0,0,0,1,0,0,False
5798,logic-ng/logicng,708e7a966ed79d8ab57359d4640c3641c5372105,org/logicng/solvers/sat/MiniSatTest.java,52,7,11,26,0.25,13,7,3,0,0,0,0,1,0,0,0,0,1,0,0,1,0,0,0,5,0,0,False
5799,logic-ng/logicng,708e7a966ed79d8ab57359d4640c3641c5372105,org/logicng/solvers/sat/GlucoseSyrupTest.java,33,6,11,9,0.03,1,6,0,0,0,0,0,0,0,0,0,0,1,0,0,0,0,0,0,3,0,0,False
5800,logic-ng/logicng,708e7a966ed79d8ab57359d4640c3641c5372105,org/logicng/solvers/sat/MiniCardTest.java,84,8,12,32,0.18,15,8,3,0,0,0,0,0,0,0,0,0,1,0,0,1,0,0,0,6,0,0,False
5801,logic-ng/logicng,708e7a966ed79d8ab57359d4640c3641c5372105,org/logicng/transformations/AnonymizerTest.java,60,4,12,16,0.55,33,4,4,0,0,0,0,4,0,0,0,0,0,0,0,1,0,0,0,4,0,0,False
5802,logic-ng/logicng,708e7a966ed79d8ab57359d4640c3641c5372105,org/logicng/transformations/FormulaFactoryImporterTest.java,187,12,17,114,0.67,126,12,10,0,0,0,0,1,0,0,0,0,0,0,0,0,0,0,0,10,0,0,False
5803,logic-ng/logicng,708e7a966ed79d8ab57359d4640c3641c5372105,org/logicng/transformations/LiteralSubstitutionTest.java,42,5,14,19,0.4,17,5,3,0,0,0,0,4,0,0,0,0,0,0,0,0,0,0,0,4,0,0,False
5804,logic-ng/logicng,708e7a966ed79d8ab57359d4640c3641c5372105,org/logicng/transformations/PureExpansionTransformationTest.java,107,13,37,44,0.35,37,13,6,2,0,0,0,4,0,0,0,0,1,0,0,1,2,0,0,10,0,0,False
5805,logic-ng/logicng,708e7a966ed79d8ab57359d4640c3641c5372105,org/logicng/transformations/UnitPropagationTest.java,31,4,9,15,0.45,14,4,4,0,0,0,0,1,0,0,0,0,0,0,0,0,0,0,0,4,0,0,False
5806,logic-ng/logicng,708e7a966ed79d8ab57359d4640c3641c5372105,org/logicng/transformations/cnf/CNFEncoderTest.java,158,13,27,106,0.22,35,13,11,0,0,0,0,10,0,0,0,0,1,0,0,3,0,0,0,12,0,0,False
5807,logic-ng/logicng,708e7a966ed79d8ab57359d4640c3641c5372105,org/logicng/transformations/cnf/CNFSubsumptionTest.java,41,4,8,15,0.46,19,4,3,0,0,0,0,3,0,0,0,0,0,0,0,1,0,0,0,4,0,0,False
5808,logic-ng/logicng,708e7a966ed79d8ab57359d4640c3641c5372105,org/logicng/transformations/cnf/PlaistedGreenbaumTransformationSolverTest.java,41,5,10,11,0.02,1,5,1,2,0,0,0,1,0,0,0,0,0,0,0,1,1,0,0,3,0,0,False
5809,logic-ng/logicng,708e7a966ed79d8ab57359d4640c3641c5372105,org/logicng/transformations/dnf/DNFFactorizationTest.java,107,12,29,41,0.42,45,8,8,0,0,0,0,5,0,0,0,0,1,0,0,2,0,0,0,8,0,0,False
5810,logic-ng/logicng,708e7a966ed79d8ab57359d4640c3641c5372105,org/logicng/transformations/dnf/DNFSubsumptionTest.java,48,4,10,15,0.4,19,4,3,1,0,0,0,3,0,0,0,0,0,0,0,1,0,0,0,4,0,0,False
5811,logic-ng/logicng,708e7a966ed79d8ab57359d4640c3641c5372105,org/logicng/transformations/qmc/TermTest.java,80,3,7,21,0.21,17,3,3,0,0,0,0,1,0,0,0,0,1,0,0,0,0,0,0,3,0,0,False
5812,logic-ng/logicng,708e7a966ed79d8ab57359d4640c3641c5372105,org/logicng/transformations/qmc/TermTableTest.java,47,4,8,19,0.26,12,4,2,0,0,0,0,0,0,0,0,0,1,0,0,1,0,0,0,3,0,0,False
5813,logic-ng/logicng,708e7a966ed79d8ab57359d4640c3641c5372105,org/logicng/transformations/simplification/BackboneSimplifierTest.java,27,2,8,8,0.41,11,2,2,0,0,0,0,2,0,0,0,0,0,0,0,0,0,0,0,2,0,0,False
5814,logic-ng/logicng,708e7a966ed79d8ab57359d4640c3641c5372105,org/logicng/transformations/simplification/DistributiveSimplifierTest.java,52,6,20,25,0.5,26,6,6,0,0,0,0,2,0,0,0,0,0,0,0,0,0,0,0,6,0,0,False
5815,logic-ng/logicng,708e7a966ed79d8ab57359d4640c3641c5372105,org/logicng/util/CollectionHelperTest.java,61,5,5,21,0.62,38,5,5,0,0,0,0,0,0,0,0,0,0,0,0,1,0,0,0,5,0,0,False
5816,logic-ng/logicng,708e7a966ed79d8ab57359d4640c3641c5372105,org/logicng/util/ComparablePairTest.java,42,5,5,18,0.52,22,5,5,0,0,0,0,0,0,0,0,0,1,0,0,0,0,0,0,5,0,0,False
5817,logic-ng/logicng,708e7a966ed79d8ab57359d4640c3641c5372105,org/logicng/util/FormulaHelperTest.java,41,5,5,15,0.59,24,5,5,0,0,0,0,0,0,0,0,0,0,0,0,0,0,0,0,5,0,0,False
5818,logic-ng/logicng,708e7a966ed79d8ab57359d4640c3641c5372105,org/logicng/util/FormulaRandomizerTest.java,414,22,60,276,0.21,86,22,19,20,0,0,0,0,0,0,0,0,0,0,0,1,0,0,0,20,0,0,False
5819,logic-ng/logicng,708e7a966ed79d8ab57359d4640c3641c5372105,org/logicng/util/PairTest.java,36,4,4,14,0.5,18,4,4,0,0,0,0,0,0,0,0,0,1,0,0,0,0,0,0,4,0,0,False
5820,logic-ng/logicng,bb2bbe87396a51706a642897070b35d992663924,org/logicng/backbones/BackboneTest.java,75,6,8,37,0.35,26,6,4,0,0,0,0,1,0,0,0,0,1,0,0,2,0,0,0,5,0,0,False
5821,logic-ng/logicng,bb2bbe87396a51706a642897070b35d992663924,org/logicng/backbones/BackboneGenerationTest.java,214,8,24,93,0.22,47,8,3,1,0,0,0,3,0,0,0,0,0,0,0,2,0,0,0,7,0,0,False
5822,logic-ng/logicng,bb2bbe87396a51706a642897070b35d992663924,org/logicng/collections/LNGBooleanVectorTest.java,173,11,22,75,0.34,59,11,10,9,0,0,0,0,0,0,0,0,1,0,0,7,0,0,0,11,0,0,False
5823,logic-ng/logicng,bb2bbe87396a51706a642897070b35d992663924,org/logicng/collections/LNGByteVectorTest.java,198,12,25,84,0.29,57,12,11,11,0,0,0,0,0,0,0,0,1,0,0,6,0,0,0,12,0,0,False
5824,logic-ng/logicng,bb2bbe87396a51706a642897070b35d992663924,org/logicng/collections/LNGDoublePriorityQueueTest.java,107,6,6,35,0.4,43,6,5,0,0,0,0,0,0,0,0,0,1,0,0,3,0,0,0,6,0,0,False
5825,logic-ng/logicng,bb2bbe87396a51706a642897070b35d992663924,org/logicng/collections/LNGDoubleVectorTest.java,195,12,25,83,0.29,56,12,11,11,0,0,0,0,0,0,0,0,1,0,0,6,0,0,0,12,0,0,False
5826,logic-ng/logicng,bb2bbe87396a51706a642897070b35d992663924,org/logicng/collections/LNGIntVectorTest.java,195,12,25,83,0.29,56,12,11,11,0,0,0,0,0,0,0,0,1,0,0,6,0,0,0,12,0,0,False
5827,logic-ng/logicng,bb2bbe87396a51706a642897070b35d992663924,org/logicng/collections/LNGLongPriorityQueueTest.java,86,5,5,28,0.42,36,5,4,0,0,0,0,0,0,0,0,0,1,0,0,3,0,0,0,5,0,0,False
5828,logic-ng/logicng,bb2bbe87396a51706a642897070b35d992663924,org/logicng/collections/LNGLongVectorTest.java,198,12,25,84,0.29,57,12,11,11,0,0,0,0,0,0,0,0,1,0,0,6,0,0,0,12,0,0,False
5829,logic-ng/logicng,bb2bbe87396a51706a642897070b35d992663924,org/logicng/collections/LNGVectorTest.java,342,22,42,135,0.29,100,21,19,20,1,0,0,0,0,0,0,0,2,0,0,9,0,0,0,21,0,0,False
5830,logic-ng/logicng,bb2bbe87396a51706a642897070b35d992663924,org/logicng/datastructures/AssignmentTest.java,154,14,18,87,0.47,73,14,13,0,0,0,0,2,0,0,0,0,1,0,0,6,0,0,0,14,0,0,False
5831,logic-ng/logicng,bb2bbe87396a51706a642897070b35d992663924,org/logicng/formulas/SubstitutionTest.java,112,13,17,50,0.35,39,12,9,0,1,0,0,4,0,0,0,0,1,0,0,2,0,0,0,12,0,0,False
5832,logic-ng/logicng,bb2bbe87396a51706a642897070b35d992663924,org/logicng/datastructures/ubtrees/UBNodeTest.java,33,4,4,14,0.27,9,3,2,0,1,0,0,0,0,0,0,0,1,0,0,1,0,0,0,3,0,0,False
5833,logic-ng/logicng,bb2bbe87396a51706a642897070b35d992663924,org/logicng/datastructures/ubtrees/UBTreeTest.java,201,8,9,57,0.62,125,8,6,0,0,0,0,0,0,0,0,0,0,0,0,1,0,0,0,7,0,0,False
5834,logic-ng/logicng,bb2bbe87396a51706a642897070b35d992663924,org/logicng/explanations/mus/MUSConfigTest.java,12,1,2,11,0.17,2,1,1,0,0,0,0,0,0,0,0,0,1,0,0,0,0,0,0,1,0,0,False
5835,logic-ng/logicng,bb2bbe87396a51706a642897070b35d992663924,org/logicng/explanations/mus/MUSGenerationTest.java,110,10,20,32,0.05,6,9,0,0,1,0,0,0,0,0,0,0,1,0,0,0,2,1,0,6,0,0,False
5836,logic-ng/logicng,bb2bbe87396a51706a642897070b35d992663924,org/logicng/explanations/smus/SmusComputationTest.java,52,9,18,55,0.17,9,9,0,0,0,0,0,9,0,0,0,0,0,0,0,0,0,0,0,9,0,0,False
5837,logic-ng/logicng,bb2bbe87396a51706a642897070b35d992663924,org/logicng/explanations/UNSATCoreTest.java,54,5,7,19,0.3,16,4,4,0,1,0,0,0,0,0,0,0,1,0,0,1,0,0,0,4,0,0,False
5838,logic-ng/logicng,bb2bbe87396a51706a642897070b35d992663924,org/logicng/formulas/AndTest.java,129,17,22,83,0.56,72,17,14,0,0,0,0,2,0,0,0,0,1,0,0,4,0,0,0,17,0,0,False
5839,logic-ng/logicng,bb2bbe87396a51706a642897070b35d992663924,org/logicng/formulas/CFalseTest.java,54,15,16,53,0.31,17,15,2,0,0,0,0,0,0,0,0,0,1,0,0,0,0,0,0,15,0,0,False
5840,logic-ng/logicng,bb2bbe87396a51706a642897070b35d992663924,org/logicng/formulas/CTrueTest.java,55,15,16,53,0.33,18,15,3,0,0,0,0,0,0,0,0,0,1,0,0,1,0,0,0,15,0,0,False
5841,logic-ng/logicng,bb2bbe87396a51706a642897070b35d992663924,org/logicng/formulas/EquivalenceTest.java,118,17,20,72,0.55,65,17,16,0,0,0,0,1,0,0,0,0,1,0,0,4,0,0,0,17,0,0,False
5842,logic-ng/logicng,bb2bbe87396a51706a642897070b35d992663924,org/logicng/formulas/ExtendedFormulaFactoryTest.java,199,12,21,73,0.27,54,12,7,0,0,0,0,1,0,0,0,0,0,0,0,5,2,1,0,10,0,0,False
5843,logic-ng/logicng,bb2bbe87396a51706a642897070b35d992663924,org/logicng/formulas/FormulaTest.java,61,8,13,44,0.28,17,6,5,0,0,0,0,0,0,0,0,0,0,0,0,0,0,0,0,6,0,0,False
5844,logic-ng/logicng,bb2bbe87396a51706a642897070b35d992663924,org/logicng/formulas/FormulaFactoryTest.java,184,9,14,96,0.48,89,9,6,1,0,0,0,2,0,0,0,0,2,0,0,2,0,0,0,9,0,0,False
5845,logic-ng/logicng,bb2bbe87396a51706a642897070b35d992663924,org/logicng/formulas/ImplicationTest.java,113,18,21,71,0.52,59,18,16,0,0,0,0,1,0,0,0,0,1,0,0,5,0,0,0,18,0,0,False
5846,logic-ng/logicng,bb2bbe87396a51706a642897070b35d992663924,org/logicng/formulas/LiteralTest.java,107,20,21,75,0.52,56,20,19,0,0,0,0,0,0,0,0,0,1,0,0,2,1,0,0,20,0,0,False
5847,logic-ng/logicng,bb2bbe87396a51706a642897070b35d992663924,org/logicng/formulas/NotTest.java,95,16,19,67,0.51,48,16,15,0,0,0,0,1,0,0,0,0,1,0,0,4,0,0,0,16,0,0,False
5848,logic-ng/logicng,bb2bbe87396a51706a642897070b35d992663924,org/logicng/formulas/OrTest.java,124,16,21,78,0.57,71,16,14,0,0,0,0,2,0,0,0,0,1,0,0,4,0,0,0,16,0,0,False
5849,logic-ng/logicng,bb2bbe87396a51706a642897070b35d992663924,org/logicng/formulas/PBConstraintTest.java,604,33,36,198,0.61,367,32,30,0,1,0,0,0,0,0,0,0,5,0,0,6,0,0,0,32,0,0,False
5850,logic-ng/logicng,bb2bbe87396a51706a642897070b35d992663924,org/logicng/formulas/printer/DefaultStringRepresentationTest.java,48,3,3,18,0.71,34,3,1,0,0,0,0,0,0,0,0,0,2,0,0,0,0,0,0,3,0,0,False
5851,logic-ng/logicng,bb2bbe87396a51706a642897070b35d992663924,org/logicng/formulas/printer/LatexStringRepresentationTest.java,46,3,3,15,0.67,31,3,2,0,0,0,0,0,0,0,0,0,2,0,0,0,0,0,0,3,0,0,False
5852,logic-ng/logicng,bb2bbe87396a51706a642897070b35d992663924,org/logicng/formulas/printer/SortedStringRepresentationTest.java,61,4,4,22,0.69,42,4,2,0,0,0,0,0,0,0,0,0,2,0,0,2,0,0,0,4,0,0,False
5853,logic-ng/logicng,bb2bbe87396a51706a642897070b35d992663924,org/logicng/formulas/printer/UTF8StringRepresentationTest.java,46,3,3,15,0.67,31,3,2,0,0,0,0,0,0,0,0,0,2,0,0,0,0,0,0,3,0,0,False
5854,logic-ng/logicng,bb2bbe87396a51706a642897070b35d992663924,org/logicng/functions/FormulaDepthFunctionTest.java,54,4,7,20,0.57,31,4,3,1,0,0,0,1,0,0,0,0,0,0,0,1,0,0,0,4,0,0,False
5855,logic-ng/logicng,bb2bbe87396a51706a642897070b35d992663924,org/logicng/graphs/algorithms/BronKerboschTest.java,44,1,4,14,0.16,7,1,1,1,0,0,0,1,0,0,0,0,0,0,0,1,0,0,0,1,0,0,False
5856,logic-ng/logicng,bb2bbe87396a51706a642897070b35d992663924,org/logicng/graphs/datastructures/GraphTest.java,71,5,8,39,0.27,19,5,4,0,0,0,0,0,0,0,0,0,1,0,0,1,0,0,0,4,0,0,False
5857,logic-ng/logicng,bb2bbe87396a51706a642897070b35d992663924,org/logicng/graphs/datastructures/HypergraphTest.java,34,2,2,12,0.21,7,2,1,0,0,0,0,0,0,0,0,0,1,0,0,1,0,0,0,2,0,0,False
5858,logic-ng/logicng,bb2bbe87396a51706a642897070b35d992663924,org/logicng/graphs/datastructures/HypergraphEdgeTest.java,51,4,6,20,0.22,11,4,2,0,0,0,0,2,0,0,0,0,0,0,0,2,0,0,0,4,0,0,False
5859,logic-ng/logicng,bb2bbe87396a51706a642897070b35d992663924,org/logicng/graphs/datastructures/HypergraphNodeTest.java,30,2,2,12,0.37,11,2,2,0,0,0,0,0,0,0,0,0,0,0,0,1,0,0,0,2,0,0,False
5860,logic-ng/logicng,bb2bbe87396a51706a642897070b35d992663924,org/logicng/graphs/generators/ConstraintGraphGeneratorTest.java,75,5,13,45,0.11,8,5,1,1,0,0,0,5,0,0,0,0,3,0,0,1,0,0,0,5,0,0,False
5861,logic-ng/logicng,bb2bbe87396a51706a642897070b35d992663924,org/logicng/graphs/generators/HypergraphGeneratorTest.java,83,3,8,26,0.28,23,3,2,0,0,0,0,3,0,0,0,0,0,0,0,2,0,0,0,3,0,0,False
5862,logic-ng/logicng,bb2bbe87396a51706a642897070b35d992663924,org/logicng/graphs/io/GraphDimacsFileWriterTest.java,55,6,16,19,0.13,7,6,0,1,0,0,0,3,0,0,0,0,0,0,0,0,3,1,0,3,0,0,False
5863,logic-ng/logicng,bb2bbe87396a51706a642897070b35d992663924,org/logicng/graphs/io/GraphDotFileWriterTest.java,33,5,11,11,0.06,2,5,0,1,0,0,0,3,0,0,0,0,0,0,0,0,3,1,0,3,0,0,False
5864,logic-ng/logicng,bb2bbe87396a51706a642897070b35d992663924,org/logicng/handlers/NumberOfNodesBDDHandlerTest.java,9,1,1,0,0.0,0,1,0,0,0,0,0,0,0,0,0,0,0,0,0,0,0,0,0,1,0,0,False
5865,logic-ng/logicng,bb2bbe87396a51706a642897070b35d992663924,org/logicng/io/parsers/PropositionalParserTest.java,142,29,38,55,0.45,64,29,9,0,0,0,0,9,0,0,0,0,1,0,0,0,0,0,0,29,0,0,False
5866,logic-ng/logicng,bb2bbe87396a51706a642897070b35d992663924,org/logicng/io/parsers/PseudoBooleanParserTest.java,164,30,42,77,0.51,84,30,12,0,0,0,0,12,0,0,0,0,1,0,0,1,0,0,0,30,0,0,False
5867,logic-ng/logicng,bb2bbe87396a51706a642897070b35d992663924,org/logicng/io/readers/DimacsReaderTest.java,9,1,1,0,0.0,0,1,0,0,0,0,0,0,0,1,0,0,0,0,0,0,0,0,1,1,0,0,False
5868,logic-ng/logicng,bb2bbe87396a51706a642897070b35d992663924,org/logicng/io/writers/FormulaDimacsFileWriterTest.java,67,7,17,21,0.09,6,7,0,0,0,0,0,4,0,0,0,0,0,0,0,0,4,1,0,5,0,0,False
5869,logic-ng/logicng,bb2bbe87396a51706a642897070b35d992663924,org/logicng/io/writers/FormulaDotFileWriterTest.java,46,5,11,14,0.04,2,5,0,0,0,0,0,4,0,0,0,0,0,0,0,0,4,1,0,4,0,0,False
5870,logic-ng/logicng,bb2bbe87396a51706a642897070b35d992663924,org/logicng/knowledgecompilation/bdds/datastructures/BDDNodeTest.java,66,4,4,35,0.47,31,4,4,0,0,0,0,0,0,0,0,0,0,0,0,1,0,0,0,4,0,0,False
5871,logic-ng/logicng,bb2bbe87396a51706a642897070b35d992663924,org/logicng/knowledgecompilation/bdds/io/BDDDotFileWriterTest.java,29,2,5,9,0.03,1,2,0,0,0,0,0,1,0,0,0,0,0,0,0,0,1,1,0,1,0,0,False
5872,logic-ng/logicng,bb2bbe87396a51706a642897070b35d992663924,org/logicng/knowledgecompilation/bdds/BDDOperationsTest.java,220,11,19,60,0.68,150,11,10,0,0,0,0,3,0,0,0,0,0,0,0,0,0,0,0,10,0,0,False
5873,logic-ng/logicng,bb2bbe87396a51706a642897070b35d992663924,org/logicng/knowledgecompilation/bdds/jbuddy/BDDPrimeTest.java,6,1,1,3,0.33,2,1,1,0,0,0,0,0,0,0,0,0,0,0,0,0,0,0,0,1,0,0,False
5874,logic-ng/logicng,bb2bbe87396a51706a642897070b35d992663924,org/logicng/knowledgecompilation/bdds/BDDReorderingTest.java,201,17,42,85,0.04,8,17,3,0,0,0,0,3,0,0,0,0,0,0,0,2,4,2,0,7,0,0,False
5875,logic-ng/logicng,bb2bbe87396a51706a642897070b35d992663924,org/logicng/knowledgecompilation/bdds/orderings/BFSOrderingTest.java,27,2,5,11,0.37,10,2,1,0,0,0,0,2,0,0,0,0,0,0,0,0,0,0,0,2,0,0,False
5876,logic-ng/logicng,bb2bbe87396a51706a642897070b35d992663924,org/logicng/knowledgecompilation/bdds/orderings/DFSOrderingTest.java,27,2,5,11,0.37,10,2,1,0,0,0,0,2,0,0,0,0,0,0,0,0,0,0,0,2,0,0,False
5877,logic-ng/logicng,bb2bbe87396a51706a642897070b35d992663924,org/logicng/knowledgecompilation/bdds/orderings/ForceOrderingTest.java,33,3,9,17,0.21,7,3,1,0,0,0,0,3,0,0,0,0,0,0,0,0,0,0,0,3,0,0,False
5878,logic-ng/logicng,bb2bbe87396a51706a642897070b35d992663924,org/logicng/knowledgecompilation/dnnf/datastructures/dtree/DTreeNodeTest.java,11,1,2,4,0.09,1,1,0,0,0,0,0,1,0,0,0,0,1,0,0,0,0,0,0,1,0,0,False
5879,logic-ng/logicng,bb2bbe87396a51706a642897070b35d992663924,org/logicng/knowledgecompilation/dnnf/DnnfCompilerTest.java,95,7,21,38,0.03,3,7,0,1,0,0,0,5,0,0,0,0,0,0,0,0,3,1,0,5,0,0,False
5880,logic-ng/logicng,bb2bbe87396a51706a642897070b35d992663924,org/logicng/LogicNGVersionTest.java,67,5,6,22,0.31,21,5,4,0,0,0,0,0,0,0,0,0,0,0,0,4,0,0,0,4,0,0,False
5881,logic-ng/logicng,bb2bbe87396a51706a642897070b35d992663924,org/logicng/modelcounting/ModelCounterTest.java,74,13,21,53,0.18,13,13,6,3,0,0,0,3,0,0,0,0,0,0,0,1,1,1,0,9,0,0,False
5882,logic-ng/logicng,bb2bbe87396a51706a642897070b35d992663924,org/logicng/np/SetCoverTest.java,31,2,2,16,0.19,6,2,1,0,0,0,0,0,0,0,0,0,0,0,0,1,0,0,0,2,0,0,False
5883,logic-ng/logicng,bb2bbe87396a51706a642897070b35d992663924,org/logicng/predicates/CNFPredicateTest.java,30,3,3,10,0.53,16,3,1,0,0,0,0,0,0,0,0,0,1,0,0,0,0,0,0,3,0,0,False
5884,logic-ng/logicng,bb2bbe87396a51706a642897070b35d992663924,org/logicng/predicates/ContainsPBCPredicateTest.java,44,6,9,30,0.43,19,6,4,1,0,0,0,2,0,0,0,0,1,0,0,0,0,0,0,6,0,0,False
5885,logic-ng/logicng,bb2bbe87396a51706a642897070b35d992663924,org/logicng/predicates/DNFPredicateTest.java,28,2,2,10,0.57,16,2,1,0,0,0,0,0,0,0,0,0,1,0,0,0,0,0,0,2,0,0,False
5886,logic-ng/logicng,bb2bbe87396a51706a642897070b35d992663924,org/logicng/predicates/EvaluatesToConstantPredicateTest.java,432,22,34,94,0.83,360,21,21,2,1,0,0,12,0,0,0,0,0,0,0,1,0,0,0,21,0,0,False
5887,logic-ng/logicng,bb2bbe87396a51706a642897070b35d992663924,org/logicng/predicates/NNFPredicateTest.java,32,2,2,11,0.63,20,2,1,0,0,0,0,0,0,0,0,0,1,0,0,0,0,0,0,2,0,0,False
5888,logic-ng/logicng,bb2bbe87396a51706a642897070b35d992663924,org/logicng/primecomputation/PrimeCompilerTest.java,84,8,20,42,0.1,8,8,0,1,0,0,0,1,0,0,0,0,1,0,0,0,3,0,0,4,0,0,False
5889,logic-ng/logicng,bb2bbe87396a51706a642897070b35d992663924,org/logicng/primecomputation/PrimeResultTest.java,75,5,5,28,0.36,27,4,3,0,1,0,0,0,0,0,0,0,1,0,0,0,0,0,0,4,0,0,False
5890,logic-ng/logicng,bb2bbe87396a51706a642897070b35d992663924,org/logicng/propositions/ExtendedPropositionTest.java,56,5,11,18,0.25,14,4,4,0,1,0,0,3,0,0,0,0,1,0,0,0,0,0,0,4,0,0,False
5891,logic-ng/logicng,bb2bbe87396a51706a642897070b35d992663924,org/logicng/propositions/StandardPropositionTest.java,43,5,11,18,0.35,15,4,4,0,1,0,0,3,0,0,0,0,1,0,0,0,0,0,0,4,0,0,False
5892,logic-ng/logicng,bb2bbe87396a51706a642897070b35d992663924,org/logicng/pseudobooleans/PBEncoderTest.java,66,9,13,30,0.11,7,8,1,4,1,0,0,1,0,0,0,0,1,0,0,0,1,1,0,7,0,0,False
5893,logic-ng/logicng,bb2bbe87396a51706a642897070b35d992663924,org/logicng/solvers/datastructures/LNGHeapTest.java,23,1,1,10,0.22,5,1,1,0,0,0,0,0,0,0,0,0,1,0,0,1,0,0,0,1,0,0,False
5894,logic-ng/logicng,bb2bbe87396a51706a642897070b35d992663924,org/logicng/solvers/functions/BackboneFunctionTest.java,274,11,39,159,0.25,68,11,8,6,0,0,0,7,0,0,0,0,0,0,0,8,0,0,0,8,0,0,False
5895,logic-ng/logicng,bb2bbe87396a51706a642897070b35d992663924,org/logicng/solvers/functions/OptimizationFunctionTest.java,231,21,57,170,0.13,29,21,4,4,0,0,0,9,0,0,0,0,0,0,0,1,8,3,0,12,0,0,False
5896,logic-ng/logicng,bb2bbe87396a51706a642897070b35d992663924,org/logicng/solvers/functions/UnsatCoreFunctionTest.java,9,1,1,0,0.0,0,1,1,0,0,0,0,0,0,0,0,0,0,0,0,0,0,0,0,1,0,0,False
5897,logic-ng/logicng,bb2bbe87396a51706a642897070b35d992663924,org/logicng/solvers/sat/MiniSatTest.java,52,7,11,26,0.25,13,7,3,0,0,0,0,1,0,0,0,0,1,0,0,1,0,0,0,5,0,0,False
5898,logic-ng/logicng,bb2bbe87396a51706a642897070b35d992663924,org/logicng/solvers/sat/GlucoseSyrupTest.java,33,6,11,9,0.03,1,6,0,0,0,0,0,0,0,0,0,0,1,0,0,0,0,0,0,3,0,0,False
5899,logic-ng/logicng,bb2bbe87396a51706a642897070b35d992663924,org/logicng/solvers/sat/MiniCardTest.java,84,8,12,32,0.18,15,8,3,0,0,0,0,0,0,0,0,0,1,0,0,1,0,0,0,6,0,0,False
5900,logic-ng/logicng,bb2bbe87396a51706a642897070b35d992663924,org/logicng/transformations/AnonymizerTest.java,60,4,12,16,0.55,33,4,4,0,0,0,0,4,0,0,0,0,0,0,0,1,0,0,0,4,0,0,False
5901,logic-ng/logicng,bb2bbe87396a51706a642897070b35d992663924,org/logicng/transformations/FormulaFactoryImporterTest.java,187,12,17,114,0.67,126,12,10,0,0,0,0,1,0,0,0,0,0,0,0,0,0,0,0,10,0,0,False
5902,logic-ng/logicng,bb2bbe87396a51706a642897070b35d992663924,org/logicng/transformations/LiteralSubstitutionTest.java,42,5,14,19,0.4,17,5,3,0,0,0,0,4,0,0,0,0,0,0,0,0,0,0,0,4,0,0,False
5903,logic-ng/logicng,bb2bbe87396a51706a642897070b35d992663924,org/logicng/transformations/PureExpansionTransformationTest.java,107,13,37,44,0.35,37,13,6,2,0,0,0,4,0,0,0,0,1,0,0,1,2,0,0,10,0,0,False
5904,logic-ng/logicng,bb2bbe87396a51706a642897070b35d992663924,org/logicng/transformations/UnitPropagationTest.java,31,4,9,15,0.45,14,4,4,0,0,0,0,1,0,0,0,0,0,0,0,0,0,0,0,4,0,0,False
5905,logic-ng/logicng,bb2bbe87396a51706a642897070b35d992663924,org/logicng/transformations/cnf/CNFEncoderTest.java,158,13,27,106,0.22,35,13,11,0,0,0,0,10,0,0,0,0,1,0,0,3,0,0,0,12,0,0,False
5906,logic-ng/logicng,bb2bbe87396a51706a642897070b35d992663924,org/logicng/transformations/cnf/CNFSubsumptionTest.java,41,4,8,15,0.46,19,4,3,0,0,0,0,3,0,0,0,0,0,0,0,1,0,0,0,4,0,0,False
5907,logic-ng/logicng,bb2bbe87396a51706a642897070b35d992663924,org/logicng/transformations/cnf/PlaistedGreenbaumTransformationSolverTest.java,41,5,10,11,0.02,1,5,1,2,0,0,0,1,0,0,0,0,0,0,0,1,1,0,0,3,0,0,False
5908,logic-ng/logicng,bb2bbe87396a51706a642897070b35d992663924,org/logicng/transformations/dnf/DNFFactorizationTest.java,107,12,29,41,0.42,45,8,8,0,0,0,0,5,0,0,0,0,1,0,0,2,0,0,0,8,0,0,False
5909,logic-ng/logicng,bb2bbe87396a51706a642897070b35d992663924,org/logicng/transformations/dnf/DNFSubsumptionTest.java,48,4,10,15,0.4,19,4,3,1,0,0,0,3,0,0,0,0,0,0,0,1,0,0,0,4,0,0,False
5910,logic-ng/logicng,bb2bbe87396a51706a642897070b35d992663924,org/logicng/transformations/qmc/TermTest.java,80,3,7,21,0.21,17,3,3,0,0,0,0,1,0,0,0,0,1,0,0,0,0,0,0,3,0,0,False
5911,logic-ng/logicng,bb2bbe87396a51706a642897070b35d992663924,org/logicng/transformations/qmc/TermTableTest.java,47,4,8,19,0.26,12,4,2,0,0,0,0,0,0,0,0,0,1,0,0,1,0,0,0,3,0,0,False
5912,logic-ng/logicng,bb2bbe87396a51706a642897070b35d992663924,org/logicng/transformations/simplification/BackboneSimplifierTest.java,27,2,8,8,0.41,11,2,2,0,0,0,0,2,0,0,0,0,0,0,0,0,0,0,0,2,0,0,False
5913,logic-ng/logicng,bb2bbe87396a51706a642897070b35d992663924,org/logicng/transformations/simplification/DistributiveSimplifierTest.java,52,6,20,25,0.5,26,6,6,0,0,0,0,2,0,0,0,0,0,0,0,0,0,0,0,6,0,0,False
5914,logic-ng/logicng,bb2bbe87396a51706a642897070b35d992663924,org/logicng/util/CollectionHelperTest.java,61,5,5,21,0.62,38,5,5,0,0,0,0,0,0,0,0,0,0,0,0,1,0,0,0,5,0,0,False
5915,logic-ng/logicng,bb2bbe87396a51706a642897070b35d992663924,org/logicng/util/ComparablePairTest.java,42,5,5,18,0.52,22,5,5,0,0,0,0,0,0,0,0,0,1,0,0,0,0,0,0,5,0,0,False
5916,logic-ng/logicng,bb2bbe87396a51706a642897070b35d992663924,org/logicng/util/FormulaHelperTest.java,41,5,5,15,0.59,24,5,5,0,0,0,0,0,0,0,0,0,0,0,0,0,0,0,0,5,0,0,False
5917,logic-ng/logicng,bb2bbe87396a51706a642897070b35d992663924,org/logicng/util/FormulaRandomizerTest.java,414,22,60,276,0.21,86,22,19,20,0,0,0,0,0,0,0,0,0,0,0,1,0,0,0,20,0,0,False
5918,logic-ng/logicng,bb2bbe87396a51706a642897070b35d992663924,org/logicng/util/PairTest.java,36,4,4,14,0.5,18,4,4,0,0,0,0,0,0,0,0,0,1,0,0,0,0,0,0,4,0,0,False
5919,logic-ng/logicng,dfa28508241d17478b59a388618a5988a86f77e3,org/logicng/backbones/BackboneTest.java,75,6,8,37,0.35,26,6,4,0,0,0,0,1,0,0,0,0,1,0,0,2,0,0,0,5,0,0,False
5920,logic-ng/logicng,dfa28508241d17478b59a388618a5988a86f77e3,org/logicng/backbones/BackboneGenerationTest.java,215,8,24,85,0.22,47,8,3,1,0,0,0,3,0,0,0,0,0,0,0,2,0,0,0,7,0,0,False
5921,logic-ng/logicng,dfa28508241d17478b59a388618a5988a86f77e3,org/logicng/bdds/datastructures/BDDNodeTest.java,65,4,4,33,0.46,30,4,4,0,0,0,0,0,0,0,0,0,0,0,0,1,0,0,0,4,0,0,False
5922,logic-ng/logicng,dfa28508241d17478b59a388618a5988a86f77e3,org/logicng/bdds/io/BDDDotFileWriterTest.java,36,3,10,11,0.08,3,3,0,0,0,0,0,1,0,0,0,0,0,0,0,0,1,1,0,1,0,0,False
5923,logic-ng/logicng,dfa28508241d17478b59a388618a5988a86f77e3,org/logicng/bdds/orderings/BFSOrderingTest.java,27,2,5,11,0.37,10,2,1,0,0,0,0,2,0,0,0,0,0,0,0,0,0,0,0,2,0,0,False
5924,logic-ng/logicng,dfa28508241d17478b59a388618a5988a86f77e3,org/logicng/bdds/orderings/DFSOrderingTest.java,27,2,5,11,0.37,10,2,1,0,0,0,0,2,0,0,0,0,0,0,0,0,0,0,0,2,0,0,False
5925,logic-ng/logicng,dfa28508241d17478b59a388618a5988a86f77e3,org/logicng/bdds/orderings/ForceOrderingTest.java,33,3,9,17,0.21,7,3,1,0,0,0,0,3,0,0,0,0,0,0,0,0,0,0,0,3,0,0,False
5926,logic-ng/logicng,dfa28508241d17478b59a388618a5988a86f77e3,org/logicng/collections/ImmutableFormulaListTest.java,15,1,3,3,0.13,2,1,1,0,0,0,0,0,0,0,0,1,0,0,0,0,0,0,0,1,0,0,False
5927,logic-ng/logicng,dfa28508241d17478b59a388618a5988a86f77e3,org/logicng/collections/LNGBooleanVectorTest.java,148,11,23,68,0.41,60,11,9,9,0,0,0,0,0,0,0,0,1,0,0,4,0,0,0,11,0,0,False
5928,logic-ng/logicng,dfa28508241d17478b59a388618a5988a86f77e3,org/logicng/collections/LNGByteVectorTest.java,165,12,26,76,0.35,58,12,10,11,0,0,0,0,0,0,0,0,1,0,0,4,0,0,0,12,0,0,False
5929,logic-ng/logicng,dfa28508241d17478b59a388618a5988a86f77e3,org/logicng/collections/LNGDoublePriorityQueueTest.java,109,6,6,31,0.39,43,6,5,0,0,0,0,0,0,0,0,0,1,0,0,3,0,0,0,6,0,0,False
5930,logic-ng/logicng,dfa28508241d17478b59a388618a5988a86f77e3,org/logicng/collections/LNGDoubleVectorTest.java,162,12,26,75,0.35,57,12,10,11,0,0,0,0,0,0,0,0,1,0,0,5,0,0,0,12,0,0,False
5931,logic-ng/logicng,dfa28508241d17478b59a388618a5988a86f77e3,org/logicng/collections/LNGIntVectorTest.java,162,12,26,75,0.35,57,12,10,11,0,0,0,0,0,0,0,0,1,0,0,4,0,0,0,12,0,0,False
5932,logic-ng/logicng,dfa28508241d17478b59a388618a5988a86f77e3,org/logicng/collections/LNGLongPriorityQueueTest.java,88,5,5,25,0.41,36,5,4,0,0,0,0,0,0,0,0,0,1,0,0,2,0,0,0,5,0,0,False
5933,logic-ng/logicng,dfa28508241d17478b59a388618a5988a86f77e3,org/logicng/collections/LNGLongVectorTest.java,165,12,26,76,0.35,58,12,10,11,0,0,0,0,0,0,0,0,1,0,0,4,0,0,0,12,0,0,False
5934,logic-ng/logicng,dfa28508241d17478b59a388618a5988a86f77e3,org/logicng/collections/LNGVectorTest.java,295,23,49,138,0.36,105,21,18,20,1,0,0,0,0,0,0,0,2,0,0,7,0,0,0,21,0,0,False
5935,logic-ng/logicng,dfa28508241d17478b59a388618a5988a86f77e3,org/logicng/datastructures/AssignmentTest.java,155,14,17,68,0.46,71,14,13,0,0,0,0,1,0,0,0,2,2,0,0,3,0,0,0,14,0,0,False
5936,logic-ng/logicng,dfa28508241d17478b59a388618a5988a86f77e3,org/logicng/formulas/SubstitutionTest.java,113,13,17,38,0.35,40,12,9,0,1,0,0,4,0,0,0,1,1,0,0,0,0,0,0,12,0,0,False
5937,logic-ng/logicng,dfa28508241d17478b59a388618a5988a86f77e3,org/logicng/datastructures/ubtrees/UBTreeTest.java,201,8,9,57,0.62,125,8,6,0,0,0,0,0,0,0,0,0,0,0,0,1,0,0,0,7,0,0,False
5938,logic-ng/logicng,dfa28508241d17478b59a388618a5988a86f77e3,org/logicng/explanations/unsatcores/MUSConfigTest.java,12,1,2,10,0.17,2,1,1,0,0,0,0,0,0,0,0,0,1,0,0,0,0,0,0,1,0,0,False
5939,logic-ng/logicng,dfa28508241d17478b59a388618a5988a86f77e3,org/logicng/explanations/unsatcores/MUSGenerationTest.java,116,10,20,42,0.05,6,9,0,0,1,0,0,0,0,0,0,0,1,0,0,0,0,1,0,6,0,0,False
5940,logic-ng/logicng,dfa28508241d17478b59a388618a5988a86f77e3,org/logicng/explanations/unsatcores/UNSATCoreTest.java,53,5,7,13,0.28,15,4,4,0,1,0,0,0,0,0,0,2,1,0,0,0,0,0,0,4,0,0,False
5941,logic-ng/logicng,dfa28508241d17478b59a388618a5988a86f77e3,org/logicng/formulas/AndTest.java,131,17,20,62,0.57,75,17,14,0,0,0,0,2,0,0,0,1,1,0,0,3,0,0,0,17,0,0,False
5942,logic-ng/logicng,dfa28508241d17478b59a388618a5988a86f77e3,org/logicng/formulas/CFalseTest.java,55,15,16,38,0.33,18,15,0,0,0,0,0,0,0,0,0,0,1,0,0,0,0,0,0,15,0,0,False
5943,logic-ng/logicng,dfa28508241d17478b59a388618a5988a86f77e3,org/logicng/formulas/CTrueTest.java,56,15,16,38,0.34,19,15,1,0,0,0,0,0,0,0,0,0,1,0,0,1,0,0,0,15,0,0,False
5944,logic-ng/logicng,dfa28508241d17478b59a388618a5988a86f77e3,org/logicng/formulas/EquivalenceTest.java,119,17,19,52,0.57,68,17,16,0,0,0,0,1,0,0,0,1,1,0,0,4,0,0,0,17,0,0,False
5945,logic-ng/logicng,dfa28508241d17478b59a388618a5988a86f77e3,org/logicng/formulas/ExtendedFormulaFactoryTest.java,113,7,14,46,0.12,14,7,2,0,0,0,0,0,0,0,0,0,0,0,0,2,0,1,0,5,0,0,False
5946,logic-ng/logicng,dfa28508241d17478b59a388618a5988a86f77e3,org/logicng/formulas/FormulaTest.java,62,8,13,38,0.29,18,6,5,0,0,0,0,0,0,0,0,0,0,0,0,0,0,0,0,6,0,0,False
5947,logic-ng/logicng,dfa28508241d17478b59a388618a5988a86f77e3,org/logicng/formulas/FormulaFactoryTest.java,103,7,10,45,0.29,30,7,4,1,0,0,0,1,0,0,0,0,1,0,0,1,0,0,0,7,0,0,False
5948,logic-ng/logicng,dfa28508241d17478b59a388618a5988a86f77e3,org/logicng/formulas/ImplicationTest.java,115,18,20,52,0.53,61,18,16,0,0,0,0,1,0,0,0,1,1,0,0,4,0,0,0,18,0,0,False
5949,logic-ng/logicng,dfa28508241d17478b59a388618a5988a86f77e3,org/logicng/formulas/LiteralTest.java,114,20,21,56,0.55,63,20,19,0,0,0,0,0,0,0,0,1,1,0,0,2,1,0,0,20,0,0,False
5950,logic-ng/logicng,dfa28508241d17478b59a388618a5988a86f77e3,org/logicng/formulas/NotTest.java,95,16,18,48,0.52,49,16,15,0,0,0,0,1,0,0,0,1,1,0,0,3,0,0,0,16,0,0,False
5951,logic-ng/logicng,dfa28508241d17478b59a388618a5988a86f77e3,org/logicng/formulas/OrTest.java,127,16,19,57,0.58,74,16,14,0,0,0,0,2,0,0,0,1,1,0,0,3,0,0,0,16,0,0,False
5952,logic-ng/logicng,dfa28508241d17478b59a388618a5988a86f77e3,org/logicng/formulas/PBConstraintTest.java,475,30,33,151,0.53,254,29,26,0,1,0,0,0,0,0,0,2,5,0,0,3,0,0,0,29,0,0,False
5953,logic-ng/logicng,dfa28508241d17478b59a388618a5988a86f77e3,org/logicng/formulas/printer/DefaultStringRepresentationTest.java,45,2,2,13,0.73,33,2,1,0,0,0,0,0,0,0,0,0,1,0,0,0,0,0,0,2,0,0,False
5954,logic-ng/logicng,dfa28508241d17478b59a388618a5988a86f77e3,org/logicng/formulas/printer/LatexStringRepresentationTest.java,44,2,2,13,0.7,31,2,2,0,0,0,0,0,0,0,0,0,1,0,0,0,0,0,0,2,0,0,False
5955,logic-ng/logicng,dfa28508241d17478b59a388618a5988a86f77e3,org/logicng/formulas/printer/SortedStringRepresentationTest.java,59,3,4,22,0.71,42,3,2,0,0,0,0,1,0,0,0,0,1,0,0,2,0,0,0,3,0,0,False
5956,logic-ng/logicng,dfa28508241d17478b59a388618a5988a86f77e3,org/logicng/formulas/printer/UTF8StringRepresentationTest.java,44,2,2,13,0.7,31,2,2,0,0,0,0,0,0,0,0,0,1,0,0,0,0,0,0,2,0,0,False
5957,logic-ng/logicng,dfa28508241d17478b59a388618a5988a86f77e3,org/logicng/graphs/algorithms/BronKerboschTest.java,44,1,4,13,0.16,7,1,1,1,0,0,0,1,0,0,0,0,0,0,0,0,0,0,0,1,0,0,False
5958,logic-ng/logicng,dfa28508241d17478b59a388618a5988a86f77e3,org/logicng/graphs/datastructures/GraphTest.java,65,4,7,37,0.2,13,4,2,0,0,0,0,0,0,0,0,0,1,0,0,0,0,0,0,3,0,0,False
5959,logic-ng/logicng,dfa28508241d17478b59a388618a5988a86f77e3,org/logicng/graphs/datastructures/HypergraphTest.java,34,2,2,12,0.21,7,2,1,0,0,0,0,0,0,0,0,0,1,0,0,1,0,0,0,2,0,0,False
5960,logic-ng/logicng,dfa28508241d17478b59a388618a5988a86f77e3,org/logicng/graphs/datastructures/HypergraphEdgeTest.java,39,3,5,21,0.08,3,3,1,0,0,0,0,2,0,0,0,0,0,0,0,1,0,0,0,3,0,0,False
5961,logic-ng/logicng,dfa28508241d17478b59a388618a5988a86f77e3,org/logicng/graphs/datastructures/HypergraphNodeTest.java,16,1,1,6,0.19,3,1,1,0,0,0,0,0,0,0,0,0,0,0,0,0,0,0,0,1,0,0,False
5962,logic-ng/logicng,dfa28508241d17478b59a388618a5988a86f77e3,org/logicng/graphs/generators/HypergraphGeneratorTest.java,83,3,8,26,0.28,23,3,2,0,0,0,0,3,0,0,0,0,0,0,0,2,0,0,0,3,0,0,False
5963,logic-ng/logicng,dfa28508241d17478b59a388618a5988a86f77e3,org/logicng/graphs/io/GraphDimacsFileWriterTest.java,86,6,20,31,0.1,9,6,0,1,0,0,0,3,0,0,0,0,0,0,0,0,3,1,0,3,0,0,False
5964,logic-ng/logicng,dfa28508241d17478b59a388618a5988a86f77e3,org/logicng/graphs/io/GraphDotFileWriterTest.java,72,5,15,24,0.07,5,5,0,1,0,0,0,3,0,0,0,0,0,0,0,0,3,1,0,3,0,0,False
5965,logic-ng/logicng,dfa28508241d17478b59a388618a5988a86f77e3,org/logicng/io/parsers/PropositionalParserTest.java,164,29,56,67,0.39,64,29,9,0,0,0,0,27,0,0,0,0,1,0,0,0,0,0,0,29,0,0,False
5966,logic-ng/logicng,dfa28508241d17478b59a388618a5988a86f77e3,org/logicng/io/parsers/PseudoBooleanParserTest.java,178,29,57,81,0.47,84,29,12,0,0,0,0,28,0,0,0,0,1,0,0,1,0,0,0,29,0,0,False
5967,logic-ng/logicng,dfa28508241d17478b59a388618a5988a86f77e3,org/logicng/io/writers/FormulaDimacsFileWriterTest.java,61,7,18,21,0.08,5,7,0,0,0,0,0,5,0,0,0,0,0,0,0,0,0,1,0,5,0,0,False
5968,logic-ng/logicng,dfa28508241d17478b59a388618a5988a86f77e3,org/logicng/io/writers/FormulaDotFileWriterTest.java,53,6,16,16,0.08,4,6,0,0,0,0,0,4,0,0,0,0,0,0,0,0,4,1,0,4,0,0,False
5969,logic-ng/logicng,dfa28508241d17478b59a388618a5988a86f77e3,org/logicng/predicates/CNFPredicateTest.java,28,2,2,8,0.57,16,2,1,0,0,0,0,0,0,0,0,0,1,0,0,0,0,0,0,2,0,0,False
5970,logic-ng/logicng,dfa28508241d17478b59a388618a5988a86f77e3,org/logicng/predicates/DNFPredicateTest.java,28,2,2,8,0.57,16,2,1,0,0,0,0,0,0,0,0,0,1,0,0,0,0,0,0,2,0,0,False
5971,logic-ng/logicng,dfa28508241d17478b59a388618a5988a86f77e3,org/logicng/predicates/NNFPredicateTest.java,32,2,2,9,0.63,20,2,1,0,0,0,0,0,0,0,0,0,1,0,0,0,0,0,0,2,0,0,False
5972,logic-ng/logicng,dfa28508241d17478b59a388618a5988a86f77e3,org/logicng/propositions/ExtendedPropositionTest.java,78,6,14,21,0.32,25,5,5,0,1,0,0,4,0,0,0,1,1,0,0,0,0,0,0,5,0,0,False
5973,logic-ng/logicng,dfa28508241d17478b59a388618a5988a86f77e3,org/logicng/propositions/StandardPropositionTest.java,68,6,14,18,0.4,27,5,5,0,1,0,0,4,0,0,0,1,1,0,0,0,0,0,0,5,0,0,False
5974,logic-ng/logicng,dfa28508241d17478b59a388618a5988a86f77e3,org/logicng/pseudobooleans/PBEncoderTest.java,121,9,16,61,0.14,17,8,3,5,1,0,0,0,0,0,0,0,2,0,0,0,1,1,0,7,0,0,False
5975,logic-ng/logicng,dfa28508241d17478b59a388618a5988a86f77e3,org/logicng/solvers/sat/MiniSatTest.java,56,7,11,29,0.23,13,7,3,0,0,0,0,1,0,0,0,0,1,0,0,1,0,0,0,5,0,0,False
5976,logic-ng/logicng,dfa28508241d17478b59a388618a5988a86f77e3,org/logicng/solvers/datastructures/LNGHeapTest.java,23,1,1,9,0.22,5,1,1,0,0,0,0,0,0,0,0,0,1,0,0,1,0,0,0,1,0,0,False
5977,logic-ng/logicng,dfa28508241d17478b59a388618a5988a86f77e3,org/logicng/solvers/sat/GlucoseSyrupTest.java,33,6,11,10,0.03,1,6,0,0,0,0,0,0,0,0,0,0,1,0,0,0,0,0,0,3,0,0,False
5978,logic-ng/logicng,dfa28508241d17478b59a388618a5988a86f77e3,org/logicng/solvers/sat/MiniCardTest.java,86,8,12,34,0.17,15,8,3,0,0,0,0,0,0,0,0,0,1,0,0,1,0,0,0,6,0,0,False
5979,logic-ng/logicng,dfa28508241d17478b59a388618a5988a86f77e3,org/logicng/transformations/AnonymizerTest.java,60,4,12,16,0.55,33,4,4,0,0,0,0,4,0,0,0,0,0,0,0,1,0,0,0,4,0,0,False
5980,logic-ng/logicng,dfa28508241d17478b59a388618a5988a86f77e3,org/logicng/transformations/BackboneSimplifierTest.java,27,2,8,8,0.41,11,2,2,0,0,0,0,2,0,0,0,0,0,0,0,0,0,0,0,2,0,0,False
5981,logic-ng/logicng,dfa28508241d17478b59a388618a5988a86f77e3,org/logicng/transformations/DistributiveSimplifierTest.java,52,6,20,19,0.5,26,6,6,0,0,0,0,2,0,0,0,0,0,0,0,0,0,0,0,6,0,0,False
5982,logic-ng/logicng,dfa28508241d17478b59a388618a5988a86f77e3,org/logicng/transformations/FormulaFactoryImporterTest.java,187,12,17,108,0.67,126,12,10,0,0,0,0,1,0,0,0,0,0,0,0,0,0,0,0,10,0,0,False
5983,logic-ng/logicng,dfa28508241d17478b59a388618a5988a86f77e3,org/logicng/transformations/UnitPropagationTest.java,33,4,9,11,0.48,16,4,4,0,0,0,0,1,0,0,0,0,0,0,0,0,0,0,0,4,0,0,False
5984,logic-ng/logicng,dfa28508241d17478b59a388618a5988a86f77e3,org/logicng/transformations/cnf/CNFEncoderTest.java,153,13,27,88,0.23,35,13,10,0,0,0,0,10,0,0,0,0,1,0,0,1,0,0,0,12,0,0,False
5985,logic-ng/logicng,dfa28508241d17478b59a388618a5988a86f77e3,org/logicng/transformations/cnf/CNFSubsumptionTest.java,42,4,9,17,0.45,19,4,3,0,0,0,0,4,0,0,0,0,0,0,0,1,0,0,0,4,0,0,False
5986,logic-ng/logicng,dfa28508241d17478b59a388618a5988a86f77e3,org/logicng/transformations/dnf/DNFFactorizationTest.java,107,12,29,34,0.42,45,8,8,0,0,0,0,5,0,0,0,0,1,0,0,2,0,0,0,8,0,0,False
5987,logic-ng/logicng,dfa28508241d17478b59a388618a5988a86f77e3,org/logicng/transformations/dnf/DNFSubsumptionTest.java,49,4,11,17,0.39,19,4,3,1,0,0,0,4,0,0,0,0,0,0,0,1,0,0,0,4,0,0,False
5988,logic-ng/logicng,dfa28508241d17478b59a388618a5988a86f77e3,org/logicng/transformations/qmc/TermTest.java,80,3,7,21,0.21,17,3,3,0,0,0,0,1,0,0,0,0,1,0,0,0,0,0,0,3,0,0,False
5989,logic-ng/logicng,dfa28508241d17478b59a388618a5988a86f77e3,org/logicng/transformations/qmc/TermTableTest.java,47,4,8,19,0.26,12,4,2,0,0,0,0,0,0,0,0,0,1,0,0,1,0,0,0,3,0,0,False
5990,logic-ng/logicng,dfa28508241d17478b59a388618a5988a86f77e3,org/logicng/util/ComparablePairTest.java,42,5,5,13,0.52,22,5,5,0,0,0,0,0,0,0,0,1,1,0,0,0,0,0,0,5,0,0,False
5991,logic-ng/logicng,dfa28508241d17478b59a388618a5988a86f77e3,org/logicng/util/FormulaHelperTest.java,29,2,2,10,0.62,18,2,2,0,0,0,0,0,0,0,0,0,0,0,0,0,0,0,0,2,0,0,False
5992,logic-ng/logicng,dfa28508241d17478b59a388618a5988a86f77e3,org/logicng/util/PairTest.java,36,4,4,10,0.5,18,4,4,0,0,0,0,0,0,0,0,1,1,0,0,0,0,0,0,4,0,0,False
5993,logic-ng/logicng,7d852d05b0d4412a4d060c38f7388f9db1d3b171,org/logicng/backbones/BackboneTest.java,75,6,8,37,0.35,26,6,4,0,0,0,0,1,0,0,0,0,1,0,0,2,0,0,0,5,0,0,False
5994,logic-ng/logicng,7d852d05b0d4412a4d060c38f7388f9db1d3b171,org/logicng/backbones/BackboneGenerationTest.java,215,8,24,85,0.22,47,8,3,1,0,0,0,3,0,0,0,0,0,0,0,2,0,0,0,7,0,0,False
5995,logic-ng/logicng,7d852d05b0d4412a4d060c38f7388f9db1d3b171,org/logicng/bdds/datastructures/BDDNodeTest.java,65,4,4,33,0.46,30,4,4,0,0,0,0,0,0,0,0,0,0,0,0,1,0,0,0,4,0,0,False
5996,logic-ng/logicng,7d852d05b0d4412a4d060c38f7388f9db1d3b171,org/logicng/bdds/io/BDDDotFileWriterTest.java,36,3,10,11,0.08,3,3,0,0,0,0,0,1,0,0,0,0,0,0,0,0,1,1,0,1,0,0,False
5997,logic-ng/logicng,7d852d05b0d4412a4d060c38f7388f9db1d3b171,org/logicng/bdds/orderings/BFSOrderingTest.java,27,2,5,11,0.37,10,2,1,0,0,0,0,2,0,0,0,0,0,0,0,0,0,0,0,2,0,0,False
5998,logic-ng/logicng,7d852d05b0d4412a4d060c38f7388f9db1d3b171,org/logicng/bdds/orderings/DFSOrderingTest.java,27,2,5,11,0.37,10,2,1,0,0,0,0,2,0,0,0,0,0,0,0,0,0,0,0,2,0,0,False
5999,logic-ng/logicng,7d852d05b0d4412a4d060c38f7388f9db1d3b171,org/logicng/bdds/orderings/ForceOrderingTest.java,33,3,9,17,0.21,7,3,1,0,0,0,0,3,0,0,0,0,0,0,0,0,0,0,0,3,0,0,False
6000,logic-ng/logicng,7d852d05b0d4412a4d060c38f7388f9db1d3b171,org/logicng/collections/ImmutableFormulaListTest.java,15,1,3,3,0.13,2,1,1,0,0,0,0,0,0,0,0,1,0,0,0,0,0,0,0,1,0,0,False
6001,logic-ng/logicng,7d852d05b0d4412a4d060c38f7388f9db1d3b171,org/logicng/collections/LNGBooleanVectorTest.java,148,11,23,68,0.41,60,11,9,9,0,0,0,0,0,0,0,0,1,0,0,4,0,0,0,11,0,0,False
6002,logic-ng/logicng,7d852d05b0d4412a4d060c38f7388f9db1d3b171,org/logicng/collections/LNGByteVectorTest.java,165,12,26,76,0.35,58,12,10,11,0,0,0,0,0,0,0,0,1,0,0,4,0,0,0,12,0,0,False
6003,logic-ng/logicng,7d852d05b0d4412a4d060c38f7388f9db1d3b171,org/logicng/collections/LNGDoublePriorityQueueTest.java,109,6,6,31,0.39,43,6,5,0,0,0,0,0,0,0,0,0,1,0,0,3,0,0,0,6,0,0,False
6004,logic-ng/logicng,7d852d05b0d4412a4d060c38f7388f9db1d3b171,org/logicng/collections/LNGDoubleVectorTest.java,162,12,26,75,0.35,57,12,10,11,0,0,0,0,0,0,0,0,1,0,0,5,0,0,0,12,0,0,False
6005,logic-ng/logicng,7d852d05b0d4412a4d060c38f7388f9db1d3b171,org/logicng/collections/LNGIntVectorTest.java,162,12,26,75,0.35,57,12,10,11,0,0,0,0,0,0,0,0,1,0,0,4,0,0,0,12,0,0,False
6006,logic-ng/logicng,7d852d05b0d4412a4d060c38f7388f9db1d3b171,org/logicng/collections/LNGLongPriorityQueueTest.java,88,5,5,25,0.41,36,5,4,0,0,0,0,0,0,0,0,0,1,0,0,2,0,0,0,5,0,0,False
6007,logic-ng/logicng,7d852d05b0d4412a4d060c38f7388f9db1d3b171,org/logicng/collections/LNGLongVectorTest.java,165,12,26,76,0.35,58,12,10,11,0,0,0,0,0,0,0,0,1,0,0,4,0,0,0,12,0,0,False
6008,logic-ng/logicng,7d852d05b0d4412a4d060c38f7388f9db1d3b171,org/logicng/collections/LNGVectorTest.java,295,23,49,138,0.36,105,21,18,20,1,0,0,0,0,0,0,0,2,0,0,7,0,0,0,21,0,0,False
6009,logic-ng/logicng,7d852d05b0d4412a4d060c38f7388f9db1d3b171,org/logicng/datastructures/AssignmentTest.java,155,14,17,68,0.46,71,14,13,0,0,0,0,1,0,0,0,2,2,0,0,3,0,0,0,14,0,0,False
6010,logic-ng/logicng,7d852d05b0d4412a4d060c38f7388f9db1d3b171,org/logicng/formulas/SubstitutionTest.java,113,13,17,38,0.35,40,12,9,0,1,0,0,4,0,0,0,1,1,0,0,0,0,0,0,12,0,0,False
6011,logic-ng/logicng,7d852d05b0d4412a4d060c38f7388f9db1d3b171,org/logicng/datastructures/ubtrees/UBTreeTest.java,201,8,9,57,0.62,125,8,6,0,0,0,0,0,0,0,0,0,0,0,0,1,0,0,0,7,0,0,False
6012,logic-ng/logicng,7d852d05b0d4412a4d060c38f7388f9db1d3b171,org/logicng/explanations/unsatcores/MUSConfigTest.java,12,1,2,10,0.17,2,1,1,0,0,0,0,0,0,0,0,0,1,0,0,0,0,0,0,1,0,0,False
6013,logic-ng/logicng,7d852d05b0d4412a4d060c38f7388f9db1d3b171,org/logicng/explanations/unsatcores/MUSGenerationTest.java,116,10,20,42,0.05,6,9,0,0,1,0,0,0,0,0,0,0,1,0,0,0,0,1,0,6,0,0,False
6014,logic-ng/logicng,7d852d05b0d4412a4d060c38f7388f9db1d3b171,org/logicng/explanations/unsatcores/UNSATCoreTest.java,53,5,7,13,0.28,15,4,4,0,1,0,0,0,0,0,0,2,1,0,0,0,0,0,0,4,0,0,False
6015,logic-ng/logicng,7d852d05b0d4412a4d060c38f7388f9db1d3b171,org/logicng/formulas/AndTest.java,131,17,20,62,0.57,75,17,14,0,0,0,0,2,0,0,0,1,1,0,0,3,0,0,0,17,0,0,False
6016,logic-ng/logicng,7d852d05b0d4412a4d060c38f7388f9db1d3b171,org/logicng/formulas/CFalseTest.java,55,15,16,38,0.33,18,15,0,0,0,0,0,0,0,0,0,0,1,0,0,0,0,0,0,15,0,0,False
6017,logic-ng/logicng,7d852d05b0d4412a4d060c38f7388f9db1d3b171,org/logicng/formulas/CTrueTest.java,56,15,16,38,0.34,19,15,1,0,0,0,0,0,0,0,0,0,1,0,0,1,0,0,0,15,0,0,False
6018,logic-ng/logicng,7d852d05b0d4412a4d060c38f7388f9db1d3b171,org/logicng/formulas/EquivalenceTest.java,119,17,19,52,0.57,68,17,16,0,0,0,0,1,0,0,0,1,1,0,0,4,0,0,0,17,0,0,False
6019,logic-ng/logicng,7d852d05b0d4412a4d060c38f7388f9db1d3b171,org/logicng/formulas/ExtendedFormulaFactoryTest.java,113,7,14,46,0.12,14,7,2,0,0,0,0,0,0,0,0,0,0,0,0,2,0,1,0,5,0,0,False
6020,logic-ng/logicng,7d852d05b0d4412a4d060c38f7388f9db1d3b171,org/logicng/formulas/FormulaTest.java,62,8,13,38,0.29,18,6,5,0,0,0,0,0,0,0,0,0,0,0,0,0,0,0,0,6,0,0,False
6021,logic-ng/logicng,7d852d05b0d4412a4d060c38f7388f9db1d3b171,org/logicng/formulas/FormulaFactoryTest.java,103,7,10,45,0.29,30,7,4,1,0,0,0,1,0,0,0,0,1,0,0,1,0,0,0,7,0,0,False
6022,logic-ng/logicng,7d852d05b0d4412a4d060c38f7388f9db1d3b171,org/logicng/formulas/ImplicationTest.java,115,18,20,52,0.53,61,18,16,0,0,0,0,1,0,0,0,1,1,0,0,4,0,0,0,18,0,0,False
6023,logic-ng/logicng,7d852d05b0d4412a4d060c38f7388f9db1d3b171,org/logicng/formulas/LiteralTest.java,114,20,21,56,0.55,63,20,19,0,0,0,0,0,0,0,0,1,1,0,0,2,1,0,0,20,0,0,False
6024,logic-ng/logicng,7d852d05b0d4412a4d060c38f7388f9db1d3b171,org/logicng/formulas/NotTest.java,95,16,18,48,0.52,49,16,15,0,0,0,0,1,0,0,0,1,1,0,0,3,0,0,0,16,0,0,False
6025,logic-ng/logicng,7d852d05b0d4412a4d060c38f7388f9db1d3b171,org/logicng/formulas/OrTest.java,127,16,19,57,0.58,74,16,14,0,0,0,0,2,0,0,0,1,1,0,0,3,0,0,0,16,0,0,False
6026,logic-ng/logicng,7d852d05b0d4412a4d060c38f7388f9db1d3b171,org/logicng/formulas/PBConstraintTest.java,475,30,33,151,0.53,254,29,26,0,1,0,0,0,0,0,0,2,5,0,0,3,0,0,0,29,0,0,False
6027,logic-ng/logicng,7d852d05b0d4412a4d060c38f7388f9db1d3b171,org/logicng/formulas/printer/DefaultStringRepresentationTest.java,36,2,2,9,0.67,24,2,1,0,0,0,0,0,0,0,0,0,1,0,0,0,0,0,0,2,0,0,False
6028,logic-ng/logicng,7d852d05b0d4412a4d060c38f7388f9db1d3b171,org/logicng/formulas/printer/LatexStringRepresentationTest.java,35,2,2,9,0.63,22,2,2,0,0,0,0,0,0,0,0,0,1,0,0,0,0,0,0,2,0,0,False
6029,logic-ng/logicng,7d852d05b0d4412a4d060c38f7388f9db1d3b171,org/logicng/formulas/printer/SortedStringRepresentationTest.java,50,3,3,19,0.66,33,3,2,0,0,0,0,0,0,0,0,0,1,0,0,2,0,0,0,3,0,0,False
6030,logic-ng/logicng,7d852d05b0d4412a4d060c38f7388f9db1d3b171,org/logicng/formulas/printer/UTF8StringRepresentationTest.java,35,2,2,9,0.63,22,2,2,0,0,0,0,0,0,0,0,0,1,0,0,0,0,0,0,2,0,0,False
6031,logic-ng/logicng,7d852d05b0d4412a4d060c38f7388f9db1d3b171,org/logicng/graphs/algorithms/BronKerboschTest.java,44,1,4,13,0.16,7,1,1,1,0,0,0,1,0,0,0,0,0,0,0,0,0,0,0,1,0,0,False
6032,logic-ng/logicng,7d852d05b0d4412a4d060c38f7388f9db1d3b171,org/logicng/graphs/datastructures/GraphTest.java,65,4,7,37,0.2,13,4,2,0,0,0,0,0,0,0,0,0,1,0,0,0,0,0,0,3,0,0,False
6033,logic-ng/logicng,7d852d05b0d4412a4d060c38f7388f9db1d3b171,org/logicng/graphs/datastructures/HypergraphTest.java,34,2,2,12,0.21,7,2,1,0,0,0,0,0,0,0,0,0,1,0,0,1,0,0,0,2,0,0,False
6034,logic-ng/logicng,7d852d05b0d4412a4d060c38f7388f9db1d3b171,org/logicng/graphs/datastructures/HypergraphEdgeTest.java,39,3,5,21,0.08,3,3,1,0,0,0,0,2,0,0,0,0,0,0,0,1,0,0,0,3,0,0,False
6035,logic-ng/logicng,7d852d05b0d4412a4d060c38f7388f9db1d3b171,org/logicng/graphs/datastructures/HypergraphNodeTest.java,16,1,1,6,0.19,3,1,1,0,0,0,0,0,0,0,0,0,0,0,0,0,0,0,0,1,0,0,False
6036,logic-ng/logicng,7d852d05b0d4412a4d060c38f7388f9db1d3b171,org/logicng/graphs/generators/HypergraphGeneratorTest.java,83,3,8,26,0.28,23,3,2,0,0,0,0,3,0,0,0,0,0,0,0,2,0,0,0,3,0,0,False
6037,logic-ng/logicng,7d852d05b0d4412a4d060c38f7388f9db1d3b171,org/logicng/graphs/io/GraphDimacsFileWriterTest.java,86,6,20,31,0.1,9,6,0,1,0,0,0,3,0,0,0,0,0,0,0,0,3,1,0,3,0,0,False
6038,logic-ng/logicng,7d852d05b0d4412a4d060c38f7388f9db1d3b171,org/logicng/graphs/io/GraphDotFileWriterTest.java,72,5,15,24,0.07,5,5,0,1,0,0,0,3,0,0,0,0,0,0,0,0,3,1,0,3,0,0,False
6039,logic-ng/logicng,7d852d05b0d4412a4d060c38f7388f9db1d3b171,org/logicng/io/parsers/PropositionalParserTest.java,164,29,56,67,0.39,64,29,9,0,0,0,0,27,0,0,0,0,1,0,0,0,0,0,0,29,0,0,False
6040,logic-ng/logicng,7d852d05b0d4412a4d060c38f7388f9db1d3b171,org/logicng/io/parsers/PseudoBooleanParserTest.java,178,29,57,81,0.47,84,29,12,0,0,0,0,28,0,0,0,0,1,0,0,1,0,0,0,29,0,0,False
6041,logic-ng/logicng,7d852d05b0d4412a4d060c38f7388f9db1d3b171,org/logicng/io/writers/FormulaDimacsFileWriterTest.java,61,7,18,21,0.08,5,7,0,0,0,0,0,5,0,0,0,0,0,0,0,0,0,1,0,5,0,0,False
6042,logic-ng/logicng,7d852d05b0d4412a4d060c38f7388f9db1d3b171,org/logicng/io/writers/FormulaDotFileWriterTest.java,53,6,16,16,0.08,4,6,0,0,0,0,0,4,0,0,0,0,0,0,0,0,4,1,0,4,0,0,False
6043,logic-ng/logicng,7d852d05b0d4412a4d060c38f7388f9db1d3b171,org/logicng/predicates/CNFPredicateTest.java,28,2,2,8,0.57,16,2,1,0,0,0,0,0,0,0,0,0,1,0,0,0,0,0,0,2,0,0,False
6044,logic-ng/logicng,7d852d05b0d4412a4d060c38f7388f9db1d3b171,org/logicng/predicates/DNFPredicateTest.java,28,2,2,8,0.57,16,2,1,0,0,0,0,0,0,0,0,0,1,0,0,0,0,0,0,2,0,0,False
6045,logic-ng/logicng,7d852d05b0d4412a4d060c38f7388f9db1d3b171,org/logicng/predicates/NNFPredicateTest.java,32,2,2,9,0.63,20,2,1,0,0,0,0,0,0,0,0,0,1,0,0,0,0,0,0,2,0,0,False
6046,logic-ng/logicng,7d852d05b0d4412a4d060c38f7388f9db1d3b171,org/logicng/propositions/ExtendedPropositionTest.java,78,6,14,21,0.32,25,5,5,0,1,0,0,4,0,0,0,1,1,0,0,0,0,0,0,5,0,0,False
6047,logic-ng/logicng,7d852d05b0d4412a4d060c38f7388f9db1d3b171,org/logicng/propositions/StandardPropositionTest.java,68,6,14,18,0.4,27,5,5,0,1,0,0,4,0,0,0,1,1,0,0,0,0,0,0,5,0,0,False
6048,logic-ng/logicng,7d852d05b0d4412a4d060c38f7388f9db1d3b171,org/logicng/pseudobooleans/PBEncoderTest.java,121,9,16,61,0.14,17,8,3,5,1,0,0,0,0,0,0,0,2,0,0,0,1,1,0,7,0,0,False
6049,logic-ng/logicng,7d852d05b0d4412a4d060c38f7388f9db1d3b171,org/logicng/solvers/sat/MiniSatTest.java,56,7,11,29,0.23,13,7,3,0,0,0,0,1,0,0,0,0,1,0,0,1,0,0,0,5,0,0,False
6050,logic-ng/logicng,7d852d05b0d4412a4d060c38f7388f9db1d3b171,org/logicng/solvers/datastructures/LNGHeapTest.java,23,1,1,9,0.22,5,1,1,0,0,0,0,0,0,0,0,0,1,0,0,1,0,0,0,1,0,0,False
6051,logic-ng/logicng,7d852d05b0d4412a4d060c38f7388f9db1d3b171,org/logicng/solvers/sat/GlucoseSyrupTest.java,33,6,11,10,0.03,1,6,0,0,0,0,0,0,0,0,0,0,1,0,0,0,0,0,0,3,0,0,False
6052,logic-ng/logicng,7d852d05b0d4412a4d060c38f7388f9db1d3b171,org/logicng/solvers/sat/MiniCardTest.java,86,8,12,34,0.17,15,8,3,0,0,0,0,0,0,0,0,0,1,0,0,1,0,0,0,6,0,0,False
6053,logic-ng/logicng,7d852d05b0d4412a4d060c38f7388f9db1d3b171,org/logicng/transformations/AnonymizerTest.java,60,4,12,16,0.55,33,4,4,0,0,0,0,4,0,0,0,0,0,0,0,1,0,0,0,4,0,0,False
6054,logic-ng/logicng,7d852d05b0d4412a4d060c38f7388f9db1d3b171,org/logicng/transformations/BackboneSimplifierTest.java,27,2,8,8,0.41,11,2,2,0,0,0,0,2,0,0,0,0,0,0,0,0,0,0,0,2,0,0,False
6055,logic-ng/logicng,7d852d05b0d4412a4d060c38f7388f9db1d3b171,org/logicng/transformations/DistributiveSimplifierTest.java,52,6,20,19,0.5,26,6,6,0,0,0,0,2,0,0,0,0,0,0,0,0,0,0,0,6,0,0,False
6056,logic-ng/logicng,7d852d05b0d4412a4d060c38f7388f9db1d3b171,org/logicng/transformations/FormulaFactoryImporterTest.java,187,12,17,108,0.67,126,12,10,0,0,0,0,1,0,0,0,0,0,0,0,0,0,0,0,10,0,0,False
6057,logic-ng/logicng,7d852d05b0d4412a4d060c38f7388f9db1d3b171,org/logicng/transformations/UnitPropagationTest.java,33,4,9,11,0.48,16,4,4,0,0,0,0,1,0,0,0,0,0,0,0,0,0,0,0,4,0,0,False
6058,logic-ng/logicng,7d852d05b0d4412a4d060c38f7388f9db1d3b171,org/logicng/transformations/cnf/CNFEncoderTest.java,153,13,27,88,0.23,35,13,10,0,0,0,0,10,0,0,0,0,1,0,0,1,0,0,0,12,0,0,False
6059,logic-ng/logicng,7d852d05b0d4412a4d060c38f7388f9db1d3b171,org/logicng/transformations/cnf/CNFSubsumptionTest.java,42,4,9,17,0.45,19,4,3,0,0,0,0,4,0,0,0,0,0,0,0,1,0,0,0,4,0,0,False
6060,logic-ng/logicng,7d852d05b0d4412a4d060c38f7388f9db1d3b171,org/logicng/transformations/dnf/DNFFactorizationTest.java,89,10,26,29,0.47,42,8,7,0,0,0,0,5,0,0,0,0,1,0,0,1,0,0,0,8,0,0,False
6061,logic-ng/logicng,7d852d05b0d4412a4d060c38f7388f9db1d3b171,org/logicng/transformations/dnf/DNFSubsumptionTest.java,49,4,11,17,0.39,19,4,3,1,0,0,0,4,0,0,0,0,0,0,0,1,0,0,0,4,0,0,False
6062,logic-ng/logicng,7d852d05b0d4412a4d060c38f7388f9db1d3b171,org/logicng/transformations/qmc/TermTest.java,80,3,7,21,0.21,17,3,3,0,0,0,0,1,0,0,0,0,1,0,0,0,0,0,0,3,0,0,False
6063,logic-ng/logicng,7d852d05b0d4412a4d060c38f7388f9db1d3b171,org/logicng/transformations/qmc/TermTableTest.java,47,4,8,19,0.26,12,4,2,0,0,0,0,0,0,0,0,0,1,0,0,1,0,0,0,3,0,0,False
6064,logic-ng/logicng,7d852d05b0d4412a4d060c38f7388f9db1d3b171,org/logicng/util/ComparablePairTest.java,42,5,5,13,0.52,22,5,5,0,0,0,0,0,0,0,0,1,1,0,0,0,0,0,0,5,0,0,False
6065,logic-ng/logicng,7d852d05b0d4412a4d060c38f7388f9db1d3b171,org/logicng/util/FormulaHelperTest.java,29,2,2,10,0.62,18,2,2,0,0,0,0,0,0,0,0,0,0,0,0,0,0,0,0,2,0,0,False
6066,logic-ng/logicng,7d852d05b0d4412a4d060c38f7388f9db1d3b171,org/logicng/util/PairTest.java,36,4,4,10,0.5,18,4,4,0,0,0,0,0,0,0,0,1,1,0,0,0,0,0,0,4,0,0,False
6067,logic-ng/logicng,73359fd2892f53242c775d2403d329c13daf0918,org/logicng/backbones/BackboneTest.java,75,6,8,37,0.35,26,6,4,0,0,0,0,1,0,0,0,0,1,0,0,2,0,0,0,5,0,0,False
6068,logic-ng/logicng,73359fd2892f53242c775d2403d329c13daf0918,org/logicng/backbones/BackboneGenerationTest.java,212,7,23,83,0.22,47,7,3,1,0,0,0,3,0,0,0,0,0,0,0,2,0,0,0,6,0,0,False
6069,logic-ng/logicng,73359fd2892f53242c775d2403d329c13daf0918,org/logicng/bdds/datastructures/BDDNodeTest.java,65,4,4,33,0.46,30,4,4,0,0,0,0,0,0,0,0,0,0,0,0,1,0,0,0,4,0,0,False
6070,logic-ng/logicng,73359fd2892f53242c775d2403d329c13daf0918,org/logicng/bdds/io/BDDDotFileWriterTest.java,36,3,10,11,0.08,3,3,0,0,0,0,0,1,0,0,0,0,0,0,0,0,1,1,0,1,0,0,False
6071,logic-ng/logicng,73359fd2892f53242c775d2403d329c13daf0918,org/logicng/bdds/orderings/BFSOrderingTest.java,27,2,5,11,0.37,10,2,1,0,0,0,0,2,0,0,0,0,0,0,0,0,0,0,0,2,0,0,False
6072,logic-ng/logicng,73359fd2892f53242c775d2403d329c13daf0918,org/logicng/bdds/orderings/DFSOrderingTest.java,27,2,5,11,0.37,10,2,1,0,0,0,0,2,0,0,0,0,0,0,0,0,0,0,0,2,0,0,False
6073,logic-ng/logicng,73359fd2892f53242c775d2403d329c13daf0918,org/logicng/bdds/orderings/ForceOrderingTest.java,33,3,9,17,0.21,7,3,1,0,0,0,0,3,0,0,0,0,0,0,0,0,0,0,0,3,0,0,False
6074,logic-ng/logicng,73359fd2892f53242c775d2403d329c13daf0918,org/logicng/collections/ImmutableFormulaListTest.java,15,1,3,3,0.13,2,1,1,0,0,0,0,0,0,0,0,1,0,0,0,0,0,0,0,1,0,0,False
6075,logic-ng/logicng,73359fd2892f53242c775d2403d329c13daf0918,org/logicng/collections/LNGBooleanVectorTest.java,148,11,23,68,0.41,60,11,9,9,0,0,0,0,0,0,0,0,1,0,0,4,0,0,0,11,0,0,False
6076,logic-ng/logicng,73359fd2892f53242c775d2403d329c13daf0918,org/logicng/collections/LNGByteVectorTest.java,165,12,26,76,0.35,58,12,10,11,0,0,0,0,0,0,0,0,1,0,0,4,0,0,0,12,0,0,False
6077,logic-ng/logicng,73359fd2892f53242c775d2403d329c13daf0918,org/logicng/collections/LNGDoublePriorityQueueTest.java,109,6,6,31,0.39,43,6,5,0,0,0,0,0,0,0,0,0,1,0,0,3,0,0,0,6,0,0,False
6078,logic-ng/logicng,73359fd2892f53242c775d2403d329c13daf0918,org/logicng/collections/LNGDoubleVectorTest.java,162,12,26,75,0.35,57,12,10,11,0,0,0,0,0,0,0,0,1,0,0,5,0,0,0,12,0,0,False
6079,logic-ng/logicng,73359fd2892f53242c775d2403d329c13daf0918,org/logicng/collections/LNGIntVectorTest.java,162,12,26,75,0.35,57,12,10,11,0,0,0,0,0,0,0,0,1,0,0,4,0,0,0,12,0,0,False
6080,logic-ng/logicng,73359fd2892f53242c775d2403d329c13daf0918,org/logicng/collections/LNGLongPriorityQueueTest.java,88,5,5,25,0.41,36,5,4,0,0,0,0,0,0,0,0,0,1,0,0,2,0,0,0,5,0,0,False
6081,logic-ng/logicng,73359fd2892f53242c775d2403d329c13daf0918,org/logicng/collections/LNGLongVectorTest.java,165,12,26,76,0.35,58,12,10,11,0,0,0,0,0,0,0,0,1,0,0,4,0,0,0,12,0,0,False
6082,logic-ng/logicng,73359fd2892f53242c775d2403d329c13daf0918,org/logicng/collections/LNGVectorTest.java,295,23,49,138,0.36,105,21,18,20,1,0,0,0,0,0,0,0,2,0,0,7,0,0,0,21,0,0,False
6083,logic-ng/logicng,73359fd2892f53242c775d2403d329c13daf0918,org/logicng/datastructures/AssignmentTest.java,155,14,17,68,0.46,71,14,13,0,0,0,0,1,0,0,0,2,2,0,0,3,0,0,0,14,0,0,False
6084,logic-ng/logicng,73359fd2892f53242c775d2403d329c13daf0918,org/logicng/formulas/SubstitutionTest.java,113,13,17,38,0.35,40,12,9,0,1,0,0,4,0,0,0,1,1,0,0,0,0,0,0,12,0,0,False
6085,logic-ng/logicng,73359fd2892f53242c775d2403d329c13daf0918,org/logicng/datastructures/ubtrees/UBTreeTest.java,201,8,9,57,0.62,125,8,6,0,0,0,0,0,0,0,0,0,0,0,0,1,0,0,0,7,0,0,False
6086,logic-ng/logicng,73359fd2892f53242c775d2403d329c13daf0918,org/logicng/explanations/unsatcores/MUSConfigTest.java,12,1,2,10,0.17,2,1,1,0,0,0,0,0,0,0,0,0,1,0,0,0,0,0,0,1,0,0,False
6087,logic-ng/logicng,73359fd2892f53242c775d2403d329c13daf0918,org/logicng/explanations/unsatcores/MUSGenerationTest.java,102,7,17,29,0.06,6,6,0,0,1,0,0,0,0,0,0,0,1,0,0,0,2,1,0,3,0,0,False
6088,logic-ng/logicng,73359fd2892f53242c775d2403d329c13daf0918,org/logicng/explanations/unsatcores/UNSATCoreTest.java,53,5,7,13,0.28,15,4,4,0,1,0,0,0,0,0,0,2,1,0,0,0,0,0,0,4,0,0,False
6089,logic-ng/logicng,73359fd2892f53242c775d2403d329c13daf0918,org/logicng/formulas/AndTest.java,131,17,20,62,0.57,75,17,14,0,0,0,0,2,0,0,0,1,1,0,0,3,0,0,0,17,0,0,False
6090,logic-ng/logicng,73359fd2892f53242c775d2403d329c13daf0918,org/logicng/formulas/CFalseTest.java,55,15,16,38,0.33,18,15,0,0,0,0,0,0,0,0,0,0,1,0,0,0,0,0,0,15,0,0,False
6091,logic-ng/logicng,73359fd2892f53242c775d2403d329c13daf0918,org/logicng/formulas/CTrueTest.java,56,15,16,38,0.34,19,15,1,0,0,0,0,0,0,0,0,0,1,0,0,1,0,0,0,15,0,0,False
6092,logic-ng/logicng,73359fd2892f53242c775d2403d329c13daf0918,org/logicng/formulas/EquivalenceTest.java,119,17,19,52,0.57,68,17,16,0,0,0,0,1,0,0,0,1,1,0,0,4,0,0,0,17,0,0,False
6093,logic-ng/logicng,73359fd2892f53242c775d2403d329c13daf0918,org/logicng/formulas/ExtendedFormulaFactoryTest.java,113,7,14,46,0.12,14,7,2,0,0,0,0,0,0,0,0,0,0,0,0,2,0,1,0,5,0,0,False
6094,logic-ng/logicng,73359fd2892f53242c775d2403d329c13daf0918,org/logicng/formulas/FormulaTest.java,62,8,13,38,0.29,18,6,5,0,0,0,0,0,0,0,0,0,0,0,0,0,0,0,0,6,0,0,False
6095,logic-ng/logicng,73359fd2892f53242c775d2403d329c13daf0918,org/logicng/formulas/FormulaFactoryTest.java,103,7,10,45,0.29,30,7,4,1,0,0,0,1,0,0,0,0,1,0,0,1,0,0,0,7,0,0,False
6096,logic-ng/logicng,73359fd2892f53242c775d2403d329c13daf0918,org/logicng/formulas/ImplicationTest.java,115,18,20,52,0.53,61,18,16,0,0,0,0,1,0,0,0,1,1,0,0,4,0,0,0,18,0,0,False
6097,logic-ng/logicng,73359fd2892f53242c775d2403d329c13daf0918,org/logicng/formulas/LiteralTest.java,114,20,21,56,0.55,63,20,19,0,0,0,0,0,0,0,0,1,1,0,0,2,1,0,0,20,0,0,False
6098,logic-ng/logicng,73359fd2892f53242c775d2403d329c13daf0918,org/logicng/formulas/NotTest.java,95,16,18,48,0.52,49,16,15,0,0,0,0,1,0,0,0,1,1,0,0,3,0,0,0,16,0,0,False
6099,logic-ng/logicng,73359fd2892f53242c775d2403d329c13daf0918,org/logicng/formulas/OrTest.java,127,16,19,57,0.58,74,16,14,0,0,0,0,2,0,0,0,1,1,0,0,3,0,0,0,16,0,0,False
6100,logic-ng/logicng,73359fd2892f53242c775d2403d329c13daf0918,org/logicng/formulas/PBConstraintTest.java,475,30,33,151,0.53,254,29,26,0,1,0,0,0,0,0,0,2,5,0,0,3,0,0,0,29,0,0,False
6101,logic-ng/logicng,73359fd2892f53242c775d2403d329c13daf0918,org/logicng/formulas/printer/DefaultStringRepresentationTest.java,36,2,2,9,0.67,24,2,1,0,0,0,0,0,0,0,0,0,1,0,0,0,0,0,0,2,0,0,False
6102,logic-ng/logicng,73359fd2892f53242c775d2403d329c13daf0918,org/logicng/formulas/printer/LatexStringRepresentationTest.java,35,2,2,9,0.63,22,2,2,0,0,0,0,0,0,0,0,0,1,0,0,0,0,0,0,2,0,0,False
6103,logic-ng/logicng,73359fd2892f53242c775d2403d329c13daf0918,org/logicng/formulas/printer/SortedStringRepresentationTest.java,50,3,3,19,0.66,33,3,2,0,0,0,0,0,0,0,0,0,1,0,0,2,0,0,0,3,0,0,False
6104,logic-ng/logicng,73359fd2892f53242c775d2403d329c13daf0918,org/logicng/formulas/printer/UTF8StringRepresentationTest.java,35,2,2,9,0.63,22,2,2,0,0,0,0,0,0,0,0,0,1,0,0,0,0,0,0,2,0,0,False
6105,logic-ng/logicng,73359fd2892f53242c775d2403d329c13daf0918,org/logicng/graphs/algorithms/BronKerboschTest.java,44,1,4,13,0.16,7,1,1,1,0,0,0,1,0,0,0,0,0,0,0,0,0,0,0,1,0,0,False
6106,logic-ng/logicng,73359fd2892f53242c775d2403d329c13daf0918,org/logicng/graphs/datastructures/GraphTest.java,65,4,7,37,0.2,13,4,2,0,0,0,0,0,0,0,0,0,1,0,0,0,0,0,0,3,0,0,False
6107,logic-ng/logicng,73359fd2892f53242c775d2403d329c13daf0918,org/logicng/graphs/datastructures/HypergraphTest.java,34,2,2,12,0.21,7,2,1,0,0,0,0,0,0,0,0,0,1,0,0,1,0,0,0,2,0,0,False
6108,logic-ng/logicng,73359fd2892f53242c775d2403d329c13daf0918,org/logicng/graphs/datastructures/HypergraphEdgeTest.java,39,3,5,21,0.08,3,3,1,0,0,0,0,2,0,0,0,0,0,0,0,1,0,0,0,3,0,0,False
6109,logic-ng/logicng,73359fd2892f53242c775d2403d329c13daf0918,org/logicng/graphs/datastructures/HypergraphNodeTest.java,16,1,1,6,0.19,3,1,1,0,0,0,0,0,0,0,0,0,0,0,0,0,0,0,0,1,0,0,False
6110,logic-ng/logicng,73359fd2892f53242c775d2403d329c13daf0918,org/logicng/graphs/generators/HypergraphGeneratorTest.java,83,3,8,26,0.28,23,3,2,0,0,0,0,3,0,0,0,0,0,0,0,2,0,0,0,3,0,0,False
6111,logic-ng/logicng,73359fd2892f53242c775d2403d329c13daf0918,org/logicng/graphs/io/GraphDimacsFileWriterTest.java,86,6,20,31,0.1,9,6,0,1,0,0,0,3,0,0,0,0,0,0,0,0,3,1,0,3,0,0,False
6112,logic-ng/logicng,73359fd2892f53242c775d2403d329c13daf0918,org/logicng/graphs/io/GraphDotFileWriterTest.java,72,5,15,24,0.07,5,5,0,1,0,0,0,3,0,0,0,0,0,0,0,0,3,1,0,3,0,0,False
6113,logic-ng/logicng,73359fd2892f53242c775d2403d329c13daf0918,org/logicng/io/parsers/PropositionalParserTest.java,164,29,56,67,0.39,64,29,9,0,0,0,0,27,0,0,0,0,1,0,0,0,0,0,0,29,0,0,False
6114,logic-ng/logicng,73359fd2892f53242c775d2403d329c13daf0918,org/logicng/io/parsers/PseudoBooleanParserTest.java,178,29,57,81,0.47,84,29,12,0,0,0,0,28,0,0,0,0,1,0,0,1,0,0,0,29,0,0,False
6115,logic-ng/logicng,73359fd2892f53242c775d2403d329c13daf0918,org/logicng/io/writers/FormulaDimacsFileWriterTest.java,58,6,16,20,0.09,5,6,0,0,0,0,0,4,0,0,0,0,0,0,0,0,4,1,0,4,0,0,False
6116,logic-ng/logicng,73359fd2892f53242c775d2403d329c13daf0918,org/logicng/io/writers/FormulaDotFileWriterTest.java,53,6,16,16,0.08,4,6,0,0,0,0,0,4,0,0,0,0,0,0,0,0,4,1,0,4,0,0,False
6117,logic-ng/logicng,73359fd2892f53242c775d2403d329c13daf0918,org/logicng/predicates/CNFPredicateTest.java,28,2,2,8,0.57,16,2,1,0,0,0,0,0,0,0,0,0,1,0,0,0,0,0,0,2,0,0,False
6118,logic-ng/logicng,73359fd2892f53242c775d2403d329c13daf0918,org/logicng/predicates/DNFPredicateTest.java,28,2,2,8,0.57,16,2,1,0,0,0,0,0,0,0,0,0,1,0,0,0,0,0,0,2,0,0,False
6119,logic-ng/logicng,73359fd2892f53242c775d2403d329c13daf0918,org/logicng/predicates/NNFPredicateTest.java,32,2,2,9,0.63,20,2,1,0,0,0,0,0,0,0,0,0,1,0,0,0,0,0,0,2,0,0,False
6120,logic-ng/logicng,73359fd2892f53242c775d2403d329c13daf0918,org/logicng/propositions/ExtendedPropositionTest.java,78,6,14,21,0.32,25,5,5,0,1,0,0,4,0,0,0,1,1,0,0,0,0,0,0,5,0,0,False
6121,logic-ng/logicng,73359fd2892f53242c775d2403d329c13daf0918,org/logicng/propositions/StandardPropositionTest.java,68,6,14,18,0.4,27,5,5,0,1,0,0,4,0,0,0,1,1,0,0,0,0,0,0,5,0,0,False
6122,logic-ng/logicng,73359fd2892f53242c775d2403d329c13daf0918,org/logicng/pseudobooleans/PBEncoderTest.java,121,9,16,61,0.14,17,8,3,5,1,0,0,0,0,0,0,0,2,0,0,0,1,1,0,7,0,0,False
6123,logic-ng/logicng,73359fd2892f53242c775d2403d329c13daf0918,org/logicng/solvers/sat/MiniSatTest.java,56,7,11,29,0.23,13,7,3,0,0,0,0,1,0,0,0,0,1,0,0,1,0,0,0,5,0,0,False
6124,logic-ng/logicng,73359fd2892f53242c775d2403d329c13daf0918,org/logicng/solvers/datastructures/LNGHeapTest.java,23,1,1,9,0.22,5,1,1,0,0,0,0,0,0,0,0,0,1,0,0,1,0,0,0,1,0,0,False
6125,logic-ng/logicng,73359fd2892f53242c775d2403d329c13daf0918,org/logicng/solvers/sat/GlucoseSyrupTest.java,33,6,11,10,0.03,1,6,0,0,0,0,0,0,0,0,0,0,1,0,0,0,0,0,0,3,0,0,False
6126,logic-ng/logicng,73359fd2892f53242c775d2403d329c13daf0918,org/logicng/solvers/sat/MiniCardTest.java,86,8,12,34,0.17,15,8,3,0,0,0,0,0,0,0,0,0,1,0,0,1,0,0,0,6,0,0,False
6127,logic-ng/logicng,73359fd2892f53242c775d2403d329c13daf0918,org/logicng/transformations/AnonymizerTest.java,60,4,12,16,0.55,33,4,4,0,0,0,0,4,0,0,0,0,0,0,0,1,0,0,0,4,0,0,False
6128,logic-ng/logicng,73359fd2892f53242c775d2403d329c13daf0918,org/logicng/transformations/BackboneSimplifierTest.java,27,2,8,8,0.41,11,2,2,0,0,0,0,2,0,0,0,0,0,0,0,0,0,0,0,2,0,0,False
6129,logic-ng/logicng,73359fd2892f53242c775d2403d329c13daf0918,org/logicng/transformations/DistributiveSimplifierTest.java,52,6,20,19,0.5,26,6,6,0,0,0,0,2,0,0,0,0,0,0,0,0,0,0,0,6,0,0,False
6130,logic-ng/logicng,73359fd2892f53242c775d2403d329c13daf0918,org/logicng/transformations/FormulaFactoryImporterTest.java,187,12,17,108,0.67,126,12,10,0,0,0,0,1,0,0,0,0,0,0,0,0,0,0,0,10,0,0,False
6131,logic-ng/logicng,73359fd2892f53242c775d2403d329c13daf0918,org/logicng/transformations/UnitPropagationTest.java,33,4,9,11,0.48,16,4,4,0,0,0,0,1,0,0,0,0,0,0,0,0,0,0,0,4,0,0,False
6132,logic-ng/logicng,73359fd2892f53242c775d2403d329c13daf0918,org/logicng/transformations/cnf/CNFEncoderTest.java,124,11,21,72,0.23,29,11,9,0,0,0,0,9,0,0,0,0,1,0,0,1,0,0,0,11,0,0,False
6133,logic-ng/logicng,73359fd2892f53242c775d2403d329c13daf0918,org/logicng/transformations/cnf/CNFSubsumptionTest.java,42,4,9,17,0.45,19,4,3,0,0,0,0,4,0,0,0,0,0,0,0,1,0,0,0,4,0,0,False
6134,logic-ng/logicng,73359fd2892f53242c775d2403d329c13daf0918,org/logicng/transformations/dnf/DNFFactorizationTest.java,89,10,26,29,0.47,42,8,7,0,0,0,0,5,0,0,0,0,1,0,0,1,0,0,0,8,0,0,False
6135,logic-ng/logicng,73359fd2892f53242c775d2403d329c13daf0918,org/logicng/transformations/dnf/DNFSubsumptionTest.java,49,4,11,17,0.39,19,4,3,1,0,0,0,4,0,0,0,0,0,0,0,1,0,0,0,4,0,0,False
6136,logic-ng/logicng,73359fd2892f53242c775d2403d329c13daf0918,org/logicng/transformations/qmc/TermTest.java,80,3,7,21,0.21,17,3,3,0,0,0,0,1,0,0,0,0,1,0,0,0,0,0,0,3,0,0,False
6137,logic-ng/logicng,73359fd2892f53242c775d2403d329c13daf0918,org/logicng/transformations/qmc/TermTableTest.java,47,4,8,19,0.26,12,4,2,0,0,0,0,0,0,0,0,0,1,0,0,1,0,0,0,3,0,0,False
6138,logic-ng/logicng,73359fd2892f53242c775d2403d329c13daf0918,org/logicng/util/ComparablePairTest.java,42,5,5,13,0.52,22,5,5,0,0,0,0,0,0,0,0,1,1,0,0,0,0,0,0,5,0,0,False
6139,logic-ng/logicng,73359fd2892f53242c775d2403d329c13daf0918,org/logicng/util/FormulaHelperTest.java,29,2,2,10,0.62,18,2,2,0,0,0,0,0,0,0,0,0,0,0,0,0,0,0,0,2,0,0,False
6140,logic-ng/logicng,73359fd2892f53242c775d2403d329c13daf0918,org/logicng/util/PairTest.java,36,4,4,10,0.5,18,4,4,0,0,0,0,0,0,0,0,1,1,0,0,0,0,0,0,4,0,0,False
6141,logic-ng/logicng,7bd498c3fa7de922629802f907f92d1f9ff251b2,org/logicng/backbones/BackboneTest.java,75,6,8,37,0.35,26,6,4,0,0,0,0,1,0,0,0,0,1,0,0,2,0,0,0,5,0,0,False
6142,logic-ng/logicng,7bd498c3fa7de922629802f907f92d1f9ff251b2,org/logicng/backbones/BackboneGenerationTest.java,223,8,25,89,0.23,51,8,4,1,0,0,0,3,0,0,0,0,1,0,0,4,0,0,0,7,0,0,False
6143,logic-ng/logicng,7bd498c3fa7de922629802f907f92d1f9ff251b2,org/logicng/bdds/datastructures/BDDNodeTest.java,65,4,4,33,0.46,30,4,4,0,0,0,0,0,0,0,0,0,0,0,0,1,0,0,0,4,0,0,False
6144,logic-ng/logicng,7bd498c3fa7de922629802f907f92d1f9ff251b2,org/logicng/bdds/io/BDDDotFileWriterTest.java,36,3,10,11,0.08,3,3,0,0,0,0,0,1,0,0,0,0,0,0,0,0,1,1,0,1,0,0,False
6145,logic-ng/logicng,7bd498c3fa7de922629802f907f92d1f9ff251b2,org/logicng/bdds/orderings/BFSOrderingTest.java,27,2,5,11,0.37,10,2,1,0,0,0,0,2,0,0,0,0,0,0,0,0,0,0,0,2,0,0,False
6146,logic-ng/logicng,7bd498c3fa7de922629802f907f92d1f9ff251b2,org/logicng/bdds/orderings/DFSOrderingTest.java,27,2,5,11,0.37,10,2,1,0,0,0,0,2,0,0,0,0,0,0,0,0,0,0,0,2,0,0,False
6147,logic-ng/logicng,7bd498c3fa7de922629802f907f92d1f9ff251b2,org/logicng/bdds/orderings/ForceOrderingTest.java,33,3,9,17,0.21,7,3,1,0,0,0,0,3,0,0,0,0,0,0,0,0,0,0,0,3,0,0,False
6148,logic-ng/logicng,7bd498c3fa7de922629802f907f92d1f9ff251b2,org/logicng/collections/ImmutableFormulaListTest.java,15,1,3,3,0.13,2,1,1,0,0,0,0,0,0,0,0,1,0,0,0,0,0,0,0,1,0,0,False
6149,logic-ng/logicng,7bd498c3fa7de922629802f907f92d1f9ff251b2,org/logicng/collections/LNGBooleanVectorTest.java,148,11,23,68,0.41,60,11,9,9,0,0,0,0,0,0,0,0,1,0,0,4,0,0,0,11,0,0,False
6150,logic-ng/logicng,7bd498c3fa7de922629802f907f92d1f9ff251b2,org/logicng/collections/LNGByteVectorTest.java,165,12,26,76,0.35,58,12,10,11,0,0,0,0,0,0,0,0,1,0,0,4,0,0,0,12,0,0,False
6151,logic-ng/logicng,7bd498c3fa7de922629802f907f92d1f9ff251b2,org/logicng/collections/LNGDoublePriorityQueueTest.java,109,6,6,31,0.39,43,6,5,0,0,0,0,0,0,0,0,0,1,0,0,3,0,0,0,6,0,0,False
6152,logic-ng/logicng,7bd498c3fa7de922629802f907f92d1f9ff251b2,org/logicng/collections/LNGDoubleVectorTest.java,162,12,26,75,0.35,57,12,10,11,0,0,0,0,0,0,0,0,1,0,0,5,0,0,0,12,0,0,False
6153,logic-ng/logicng,7bd498c3fa7de922629802f907f92d1f9ff251b2,org/logicng/collections/LNGIntVectorTest.java,162,12,26,75,0.35,57,12,10,11,0,0,0,0,0,0,0,0,1,0,0,4,0,0,0,12,0,0,False
6154,logic-ng/logicng,7bd498c3fa7de922629802f907f92d1f9ff251b2,org/logicng/collections/LNGLongPriorityQueueTest.java,88,5,5,25,0.41,36,5,4,0,0,0,0,0,0,0,0,0,1,0,0,2,0,0,0,5,0,0,False
6155,logic-ng/logicng,7bd498c3fa7de922629802f907f92d1f9ff251b2,org/logicng/collections/LNGLongVectorTest.java,165,12,26,76,0.35,58,12,10,11,0,0,0,0,0,0,0,0,1,0,0,4,0,0,0,12,0,0,False
6156,logic-ng/logicng,7bd498c3fa7de922629802f907f92d1f9ff251b2,org/logicng/collections/LNGVectorTest.java,295,23,49,138,0.36,105,21,18,20,1,0,0,0,0,0,0,0,2,0,0,7,0,0,0,21,0,0,False
6157,logic-ng/logicng,7bd498c3fa7de922629802f907f92d1f9ff251b2,org/logicng/datastructures/AssignmentTest.java,155,14,17,68,0.46,71,14,13,0,0,0,0,1,0,0,0,2,2,0,0,3,0,0,0,14,0,0,False
6158,logic-ng/logicng,7bd498c3fa7de922629802f907f92d1f9ff251b2,org/logicng/formulas/SubstitutionTest.java,113,13,17,38,0.35,40,12,9,0,1,0,0,4,0,0,0,1,1,0,0,0,0,0,0,12,0,0,False
6159,logic-ng/logicng,7bd498c3fa7de922629802f907f92d1f9ff251b2,org/logicng/datastructures/ubtrees/UBTreeTest.java,201,8,9,57,0.62,125,8,6,0,0,0,0,0,0,0,0,0,0,0,0,1,0,0,0,7,0,0,False
6160,logic-ng/logicng,7bd498c3fa7de922629802f907f92d1f9ff251b2,org/logicng/explanations/unsatcores/MUSConfigTest.java,12,1,2,10,0.17,2,1,1,0,0,0,0,0,0,0,0,0,1,0,0,0,0,0,0,1,0,0,False
6161,logic-ng/logicng,7bd498c3fa7de922629802f907f92d1f9ff251b2,org/logicng/explanations/unsatcores/MUSGenerationTest.java,102,7,17,29,0.06,6,6,0,0,1,0,0,0,0,0,0,0,1,0,0,0,2,1,0,3,0,0,False
6162,logic-ng/logicng,7bd498c3fa7de922629802f907f92d1f9ff251b2,org/logicng/explanations/unsatcores/UNSATCoreTest.java,53,5,7,13,0.28,15,4,4,0,1,0,0,0,0,0,0,2,1,0,0,0,0,0,0,4,0,0,False
6163,logic-ng/logicng,7bd498c3fa7de922629802f907f92d1f9ff251b2,org/logicng/formulas/AndTest.java,131,17,20,62,0.57,75,17,14,0,0,0,0,2,0,0,0,1,1,0,0,3,0,0,0,17,0,0,False
6164,logic-ng/logicng,7bd498c3fa7de922629802f907f92d1f9ff251b2,org/logicng/formulas/CFalseTest.java,55,15,16,38,0.33,18,15,0,0,0,0,0,0,0,0,0,0,1,0,0,0,0,0,0,15,0,0,False
6165,logic-ng/logicng,7bd498c3fa7de922629802f907f92d1f9ff251b2,org/logicng/formulas/CTrueTest.java,56,15,16,38,0.34,19,15,1,0,0,0,0,0,0,0,0,0,1,0,0,1,0,0,0,15,0,0,False
6166,logic-ng/logicng,7bd498c3fa7de922629802f907f92d1f9ff251b2,org/logicng/formulas/EquivalenceTest.java,119,17,19,52,0.57,68,17,16,0,0,0,0,1,0,0,0,1,1,0,0,4,0,0,0,17,0,0,False
6167,logic-ng/logicng,7bd498c3fa7de922629802f907f92d1f9ff251b2,org/logicng/formulas/ExtendedFormulaFactoryTest.java,113,7,14,46,0.12,14,7,2,0,0,0,0,0,0,0,0,0,0,0,0,2,0,1,0,5,0,0,False
6168,logic-ng/logicng,7bd498c3fa7de922629802f907f92d1f9ff251b2,org/logicng/formulas/FormulaTest.java,62,8,13,38,0.29,18,6,5,0,0,0,0,0,0,0,0,0,0,0,0,0,0,0,0,6,0,0,False
6169,logic-ng/logicng,7bd498c3fa7de922629802f907f92d1f9ff251b2,org/logicng/formulas/FormulaFactoryTest.java,103,7,10,45,0.29,30,7,4,1,0,0,0,1,0,0,0,0,1,0,0,1,0,0,0,7,0,0,False
6170,logic-ng/logicng,7bd498c3fa7de922629802f907f92d1f9ff251b2,org/logicng/formulas/ImplicationTest.java,115,18,20,52,0.53,61,18,16,0,0,0,0,1,0,0,0,1,1,0,0,4,0,0,0,18,0,0,False
6171,logic-ng/logicng,7bd498c3fa7de922629802f907f92d1f9ff251b2,org/logicng/formulas/LiteralTest.java,114,20,21,56,0.55,63,20,19,0,0,0,0,0,0,0,0,1,1,0,0,2,1,0,0,20,0,0,False
6172,logic-ng/logicng,7bd498c3fa7de922629802f907f92d1f9ff251b2,org/logicng/formulas/NotTest.java,95,16,18,48,0.52,49,16,15,0,0,0,0,1,0,0,0,1,1,0,0,3,0,0,0,16,0,0,False
6173,logic-ng/logicng,7bd498c3fa7de922629802f907f92d1f9ff251b2,org/logicng/formulas/OrTest.java,127,16,19,57,0.58,74,16,14,0,0,0,0,2,0,0,0,1,1,0,0,3,0,0,0,16,0,0,False
6174,logic-ng/logicng,7bd498c3fa7de922629802f907f92d1f9ff251b2,org/logicng/formulas/PBConstraintTest.java,475,30,33,151,0.53,254,29,26,0,1,0,0,0,0,0,0,2,5,0,0,3,0,0,0,29,0,0,False
6175,logic-ng/logicng,7bd498c3fa7de922629802f907f92d1f9ff251b2,org/logicng/formulas/printer/DefaultStringRepresentationTest.java,36,2,2,9,0.67,24,2,1,0,0,0,0,0,0,0,0,0,1,0,0,0,0,0,0,2,0,0,False
6176,logic-ng/logicng,7bd498c3fa7de922629802f907f92d1f9ff251b2,org/logicng/formulas/printer/LatexStringRepresentationTest.java,35,2,2,9,0.63,22,2,2,0,0,0,0,0,0,0,0,0,1,0,0,0,0,0,0,2,0,0,False
6177,logic-ng/logicng,7bd498c3fa7de922629802f907f92d1f9ff251b2,org/logicng/formulas/printer/SortedStringRepresentationTest.java,50,3,3,19,0.66,33,3,2,0,0,0,0,0,0,0,0,0,1,0,0,2,0,0,0,3,0,0,False
6178,logic-ng/logicng,7bd498c3fa7de922629802f907f92d1f9ff251b2,org/logicng/formulas/printer/UTF8StringRepresentationTest.java,35,2,2,9,0.63,22,2,2,0,0,0,0,0,0,0,0,0,1,0,0,0,0,0,0,2,0,0,False
6179,logic-ng/logicng,7bd498c3fa7de922629802f907f92d1f9ff251b2,org/logicng/graphs/algorithms/BronKerboschTest.java,44,1,4,13,0.16,7,1,1,1,0,0,0,1,0,0,0,0,0,0,0,0,0,0,0,1,0,0,False
6180,logic-ng/logicng,7bd498c3fa7de922629802f907f92d1f9ff251b2,org/logicng/graphs/datastructures/GraphTest.java,65,4,7,37,0.2,13,4,2,0,0,0,0,0,0,0,0,0,1,0,0,0,0,0,0,3,0,0,False
6181,logic-ng/logicng,7bd498c3fa7de922629802f907f92d1f9ff251b2,org/logicng/graphs/datastructures/HypergraphTest.java,34,2,2,12,0.21,7,2,1,0,0,0,0,0,0,0,0,0,1,0,0,1,0,0,0,2,0,0,False
6182,logic-ng/logicng,7bd498c3fa7de922629802f907f92d1f9ff251b2,org/logicng/graphs/datastructures/HypergraphEdgeTest.java,39,3,5,21,0.08,3,3,1,0,0,0,0,2,0,0,0,0,0,0,0,1,0,0,0,3,0,0,False
6183,logic-ng/logicng,7bd498c3fa7de922629802f907f92d1f9ff251b2,org/logicng/graphs/datastructures/HypergraphNodeTest.java,16,1,1,6,0.19,3,1,1,0,0,0,0,0,0,0,0,0,0,0,0,0,0,0,0,1,0,0,False
6184,logic-ng/logicng,7bd498c3fa7de922629802f907f92d1f9ff251b2,org/logicng/graphs/generators/HypergraphGeneratorTest.java,83,3,8,26,0.28,23,3,2,0,0,0,0,3,0,0,0,0,0,0,0,2,0,0,0,3,0,0,False
6185,logic-ng/logicng,7bd498c3fa7de922629802f907f92d1f9ff251b2,org/logicng/graphs/io/GraphDimacsFileWriterTest.java,86,6,20,31,0.1,9,6,0,1,0,0,0,3,0,0,0,0,0,0,0,0,3,1,0,3,0,0,False
6186,logic-ng/logicng,7bd498c3fa7de922629802f907f92d1f9ff251b2,org/logicng/graphs/io/GraphDotFileWriterTest.java,72,5,15,24,0.07,5,5,0,1,0,0,0,3,0,0,0,0,0,0,0,0,3,1,0,3,0,0,False
6187,logic-ng/logicng,7bd498c3fa7de922629802f907f92d1f9ff251b2,org/logicng/io/parsers/PropositionalParserTest.java,164,29,56,67,0.39,64,29,9,0,0,0,0,27,0,0,0,0,1,0,0,0,0,0,0,29,0,0,False
6188,logic-ng/logicng,7bd498c3fa7de922629802f907f92d1f9ff251b2,org/logicng/io/parsers/PseudoBooleanParserTest.java,178,29,57,81,0.47,84,29,12,0,0,0,0,28,0,0,0,0,1,0,0,1,0,0,0,29,0,0,False
6189,logic-ng/logicng,7bd498c3fa7de922629802f907f92d1f9ff251b2,org/logicng/io/writers/FormulaDimacsFileWriterTest.java,58,6,16,20,0.09,5,6,0,0,0,0,0,4,0,0,0,0,0,0,0,0,4,1,0,4,0,0,False
6190,logic-ng/logicng,7bd498c3fa7de922629802f907f92d1f9ff251b2,org/logicng/io/writers/FormulaDotFileWriterTest.java,53,6,16,16,0.08,4,6,0,0,0,0,0,4,0,0,0,0,0,0,0,0,4,1,0,4,0,0,False
6191,logic-ng/logicng,7bd498c3fa7de922629802f907f92d1f9ff251b2,org/logicng/predicates/CNFPredicateTest.java,28,2,2,8,0.57,16,2,1,0,0,0,0,0,0,0,0,0,1,0,0,0,0,0,0,2,0,0,False
6192,logic-ng/logicng,7bd498c3fa7de922629802f907f92d1f9ff251b2,org/logicng/predicates/DNFPredicateTest.java,28,2,2,8,0.57,16,2,1,0,0,0,0,0,0,0,0,0,1,0,0,0,0,0,0,2,0,0,False
6193,logic-ng/logicng,7bd498c3fa7de922629802f907f92d1f9ff251b2,org/logicng/predicates/NNFPredicateTest.java,32,2,2,9,0.63,20,2,1,0,0,0,0,0,0,0,0,0,1,0,0,0,0,0,0,2,0,0,False
6194,logic-ng/logicng,7bd498c3fa7de922629802f907f92d1f9ff251b2,org/logicng/propositions/ExtendedPropositionTest.java,78,6,14,21,0.32,25,5,5,0,1,0,0,4,0,0,0,1,1,0,0,0,0,0,0,5,0,0,False
6195,logic-ng/logicng,7bd498c3fa7de922629802f907f92d1f9ff251b2,org/logicng/propositions/StandardPropositionTest.java,68,6,14,18,0.4,27,5,5,0,1,0,0,4,0,0,0,1,1,0,0,0,0,0,0,5,0,0,False
6196,logic-ng/logicng,7bd498c3fa7de922629802f907f92d1f9ff251b2,org/logicng/pseudobooleans/PBEncoderTest.java,121,9,16,61,0.14,17,8,3,5,1,0,0,0,0,0,0,0,2,0,0,0,1,1,0,7,0,0,False
6197,logic-ng/logicng,7bd498c3fa7de922629802f907f92d1f9ff251b2,org/logicng/solvers/sat/MiniSatTest.java,56,7,11,29,0.23,13,7,3,0,0,0,0,1,0,0,0,0,1,0,0,1,0,0,0,5,0,0,False
6198,logic-ng/logicng,7bd498c3fa7de922629802f907f92d1f9ff251b2,org/logicng/solvers/datastructures/LNGHeapTest.java,23,1,1,9,0.22,5,1,1,0,0,0,0,0,0,0,0,0,1,0,0,1,0,0,0,1,0,0,False
6199,logic-ng/logicng,7bd498c3fa7de922629802f907f92d1f9ff251b2,org/logicng/solvers/sat/GlucoseSyrupTest.java,33,6,11,10,0.03,1,6,0,0,0,0,0,0,0,0,0,0,1,0,0,0,0,0,0,3,0,0,False
6200,logic-ng/logicng,7bd498c3fa7de922629802f907f92d1f9ff251b2,org/logicng/solvers/sat/MiniCardTest.java,86,8,12,34,0.17,15,8,3,0,0,0,0,0,0,0,0,0,1,0,0,1,0,0,0,6,0,0,False
6201,logic-ng/logicng,7bd498c3fa7de922629802f907f92d1f9ff251b2,org/logicng/transformations/AnonymizerTest.java,60,4,12,16,0.55,33,4,4,0,0,0,0,4,0,0,0,0,0,0,0,1,0,0,0,4,0,0,False
6202,logic-ng/logicng,7bd498c3fa7de922629802f907f92d1f9ff251b2,org/logicng/transformations/BackboneSimplifierTest.java,27,2,8,8,0.41,11,2,2,0,0,0,0,2,0,0,0,0,0,0,0,0,0,0,0,2,0,0,False
6203,logic-ng/logicng,7bd498c3fa7de922629802f907f92d1f9ff251b2,org/logicng/transformations/DistributiveSimplifierTest.java,52,6,20,19,0.5,26,6,6,0,0,0,0,2,0,0,0,0,0,0,0,0,0,0,0,6,0,0,False
6204,logic-ng/logicng,7bd498c3fa7de922629802f907f92d1f9ff251b2,org/logicng/transformations/FormulaFactoryImporterTest.java,187,12,17,108,0.67,126,12,10,0,0,0,0,1,0,0,0,0,0,0,0,0,0,0,0,10,0,0,False
6205,logic-ng/logicng,7bd498c3fa7de922629802f907f92d1f9ff251b2,org/logicng/transformations/UnitPropagationTest.java,33,4,9,11,0.48,16,4,4,0,0,0,0,1,0,0,0,0,0,0,0,0,0,0,0,4,0,0,False
6206,logic-ng/logicng,7bd498c3fa7de922629802f907f92d1f9ff251b2,org/logicng/transformations/cnf/CNFEncoderTest.java,124,11,21,72,0.23,29,11,9,0,0,0,0,9,0,0,0,0,1,0,0,1,0,0,0,11,0,0,False
6207,logic-ng/logicng,7bd498c3fa7de922629802f907f92d1f9ff251b2,org/logicng/transformations/cnf/CNFSubsumptionTest.java,42,4,9,17,0.45,19,4,3,0,0,0,0,4,0,0,0,0,0,0,0,1,0,0,0,4,0,0,False
6208,logic-ng/logicng,7bd498c3fa7de922629802f907f92d1f9ff251b2,org/logicng/transformations/dnf/DNFFactorizationTest.java,89,10,26,29,0.47,42,8,7,0,0,0,0,5,0,0,0,0,1,0,0,1,0,0,0,8,0,0,False
6209,logic-ng/logicng,7bd498c3fa7de922629802f907f92d1f9ff251b2,org/logicng/transformations/dnf/DNFSubsumptionTest.java,49,4,11,17,0.39,19,4,3,1,0,0,0,4,0,0,0,0,0,0,0,1,0,0,0,4,0,0,False
6210,logic-ng/logicng,7bd498c3fa7de922629802f907f92d1f9ff251b2,org/logicng/transformations/qmc/TermTest.java,80,3,7,21,0.21,17,3,3,0,0,0,0,1,0,0,0,0,1,0,0,0,0,0,0,3,0,0,False
6211,logic-ng/logicng,7bd498c3fa7de922629802f907f92d1f9ff251b2,org/logicng/transformations/qmc/TermTableTest.java,47,4,8,19,0.26,12,4,2,0,0,0,0,0,0,0,0,0,1,0,0,1,0,0,0,3,0,0,False
6212,logic-ng/logicng,7bd498c3fa7de922629802f907f92d1f9ff251b2,org/logicng/util/ComparablePairTest.java,42,5,5,13,0.52,22,5,5,0,0,0,0,0,0,0,0,1,1,0,0,0,0,0,0,5,0,0,False
6213,logic-ng/logicng,7bd498c3fa7de922629802f907f92d1f9ff251b2,org/logicng/util/FormulaHelperTest.java,29,2,2,10,0.62,18,2,2,0,0,0,0,0,0,0,0,0,0,0,0,0,0,0,0,2,0,0,False
6214,logic-ng/logicng,7bd498c3fa7de922629802f907f92d1f9ff251b2,org/logicng/util/PairTest.java,36,4,4,10,0.5,18,4,4,0,0,0,0,0,0,0,0,1,1,0,0,0,0,0,0,4,0,0,False
6215,logic-ng/logicng,ae79302c73515202df5a2565b7493783a5f96593,org/logicng/backbones/BackboneTest.java,66,5,7,22,0.3,20,5,3,0,0,0,0,1,0,0,0,0,1,0,0,2,0,0,0,4,0,0,False
6216,logic-ng/logicng,ae79302c73515202df5a2565b7493783a5f96593,org/logicng/backbones/BackboneGenerationTest.java,223,8,25,89,0.23,51,8,4,1,0,0,0,3,0,0,0,0,1,0,0,4,0,0,0,7,0,0,False
6217,logic-ng/logicng,ae79302c73515202df5a2565b7493783a5f96593,org/logicng/bdds/datastructures/BDDNodeTest.java,65,4,4,33,0.46,30,4,4,0,0,0,0,0,0,0,0,0,0,0,0,1,0,0,0,4,0,0,False
6218,logic-ng/logicng,ae79302c73515202df5a2565b7493783a5f96593,org/logicng/bdds/io/BDDDotFileWriterTest.java,36,3,10,11,0.08,3,3,0,0,0,0,0,1,0,0,0,0,0,0,0,0,1,1,0,1,0,0,False
6219,logic-ng/logicng,ae79302c73515202df5a2565b7493783a5f96593,org/logicng/bdds/orderings/BFSOrderingTest.java,27,2,5,11,0.37,10,2,1,0,0,0,0,2,0,0,0,0,0,0,0,0,0,0,0,2,0,0,False
6220,logic-ng/logicng,ae79302c73515202df5a2565b7493783a5f96593,org/logicng/bdds/orderings/DFSOrderingTest.java,27,2,5,11,0.37,10,2,1,0,0,0,0,2,0,0,0,0,0,0,0,0,0,0,0,2,0,0,False
6221,logic-ng/logicng,ae79302c73515202df5a2565b7493783a5f96593,org/logicng/bdds/orderings/ForceOrderingTest.java,33,3,9,17,0.21,7,3,1,0,0,0,0,3,0,0,0,0,0,0,0,0,0,0,0,3,0,0,False
6222,logic-ng/logicng,ae79302c73515202df5a2565b7493783a5f96593,org/logicng/collections/ImmutableFormulaListTest.java,15,1,3,3,0.13,2,1,1,0,0,0,0,0,0,0,0,1,0,0,0,0,0,0,0,1,0,0,False
6223,logic-ng/logicng,ae79302c73515202df5a2565b7493783a5f96593,org/logicng/collections/LNGBooleanVectorTest.java,148,11,23,68,0.41,60,11,9,9,0,0,0,0,0,0,0,0,1,0,0,4,0,0,0,11,0,0,False
6224,logic-ng/logicng,ae79302c73515202df5a2565b7493783a5f96593,org/logicng/collections/LNGByteVectorTest.java,165,12,26,76,0.35,58,12,10,11,0,0,0,0,0,0,0,0,1,0,0,4,0,0,0,12,0,0,False
6225,logic-ng/logicng,ae79302c73515202df5a2565b7493783a5f96593,org/logicng/collections/LNGDoublePriorityQueueTest.java,109,6,6,31,0.39,43,6,5,0,0,0,0,0,0,0,0,0,1,0,0,3,0,0,0,6,0,0,False
6226,logic-ng/logicng,ae79302c73515202df5a2565b7493783a5f96593,org/logicng/collections/LNGDoubleVectorTest.java,162,12,26,75,0.35,57,12,10,11,0,0,0,0,0,0,0,0,1,0,0,5,0,0,0,12,0,0,False
6227,logic-ng/logicng,ae79302c73515202df5a2565b7493783a5f96593,org/logicng/collections/LNGIntVectorTest.java,162,12,26,75,0.35,57,12,10,11,0,0,0,0,0,0,0,0,1,0,0,4,0,0,0,12,0,0,False
6228,logic-ng/logicng,ae79302c73515202df5a2565b7493783a5f96593,org/logicng/collections/LNGLongPriorityQueueTest.java,88,5,5,25,0.41,36,5,4,0,0,0,0,0,0,0,0,0,1,0,0,2,0,0,0,5,0,0,False
6229,logic-ng/logicng,ae79302c73515202df5a2565b7493783a5f96593,org/logicng/collections/LNGLongVectorTest.java,165,12,26,76,0.35,58,12,10,11,0,0,0,0,0,0,0,0,1,0,0,4,0,0,0,12,0,0,False
6230,logic-ng/logicng,ae79302c73515202df5a2565b7493783a5f96593,org/logicng/collections/LNGVectorTest.java,295,23,49,138,0.36,105,21,18,20,1,0,0,0,0,0,0,0,2,0,0,7,0,0,0,21,0,0,False
6231,logic-ng/logicng,ae79302c73515202df5a2565b7493783a5f96593,org/logicng/datastructures/AssignmentTest.java,155,14,17,68,0.46,71,14,13,0,0,0,0,1,0,0,0,2,2,0,0,3,0,0,0,14,0,0,False
6232,logic-ng/logicng,ae79302c73515202df5a2565b7493783a5f96593,org/logicng/formulas/SubstitutionTest.java,113,13,17,38,0.35,40,12,9,0,1,0,0,4,0,0,0,1,1,0,0,0,0,0,0,12,0,0,False
6233,logic-ng/logicng,ae79302c73515202df5a2565b7493783a5f96593,org/logicng/datastructures/ubtrees/UBTreeTest.java,201,8,9,57,0.62,125,8,6,0,0,0,0,0,0,0,0,0,0,0,0,1,0,0,0,7,0,0,False
6234,logic-ng/logicng,ae79302c73515202df5a2565b7493783a5f96593,org/logicng/explanations/unsatcores/MUSConfigTest.java,12,1,2,10,0.17,2,1,1,0,0,0,0,0,0,0,0,0,1,0,0,0,0,0,0,1,0,0,False
6235,logic-ng/logicng,ae79302c73515202df5a2565b7493783a5f96593,org/logicng/explanations/unsatcores/MUSGenerationTest.java,102,7,17,29,0.06,6,6,0,0,1,0,0,0,0,0,0,0,1,0,0,0,2,1,0,3,0,0,False
6236,logic-ng/logicng,ae79302c73515202df5a2565b7493783a5f96593,org/logicng/explanations/unsatcores/UNSATCoreTest.java,53,5,7,13,0.28,15,4,4,0,1,0,0,0,0,0,0,2,1,0,0,0,0,0,0,4,0,0,False
6237,logic-ng/logicng,ae79302c73515202df5a2565b7493783a5f96593,org/logicng/formulas/AndTest.java,131,17,20,62,0.57,75,17,14,0,0,0,0,2,0,0,0,1,1,0,0,3,0,0,0,17,0,0,False
6238,logic-ng/logicng,ae79302c73515202df5a2565b7493783a5f96593,org/logicng/formulas/CFalseTest.java,55,15,16,38,0.33,18,15,0,0,0,0,0,0,0,0,0,0,1,0,0,0,0,0,0,15,0,0,False
6239,logic-ng/logicng,ae79302c73515202df5a2565b7493783a5f96593,org/logicng/formulas/CTrueTest.java,56,15,16,38,0.34,19,15,1,0,0,0,0,0,0,0,0,0,1,0,0,1,0,0,0,15,0,0,False
6240,logic-ng/logicng,ae79302c73515202df5a2565b7493783a5f96593,org/logicng/formulas/EquivalenceTest.java,119,17,19,52,0.57,68,17,16,0,0,0,0,1,0,0,0,1,1,0,0,4,0,0,0,17,0,0,False
6241,logic-ng/logicng,ae79302c73515202df5a2565b7493783a5f96593,org/logicng/formulas/ExtendedFormulaFactoryTest.java,113,7,14,46,0.12,14,7,2,0,0,0,0,0,0,0,0,0,0,0,0,2,0,1,0,5,0,0,False
6242,logic-ng/logicng,ae79302c73515202df5a2565b7493783a5f96593,org/logicng/formulas/FormulaTest.java,62,8,13,38,0.29,18,6,5,0,0,0,0,0,0,0,0,0,0,0,0,0,0,0,0,6,0,0,False
6243,logic-ng/logicng,ae79302c73515202df5a2565b7493783a5f96593,org/logicng/formulas/FormulaFactoryTest.java,103,7,10,45,0.29,30,7,4,1,0,0,0,1,0,0,0,0,1,0,0,1,0,0,0,7,0,0,False
6244,logic-ng/logicng,ae79302c73515202df5a2565b7493783a5f96593,org/logicng/formulas/ImplicationTest.java,115,18,20,52,0.53,61,18,16,0,0,0,0,1,0,0,0,1,1,0,0,4,0,0,0,18,0,0,False
6245,logic-ng/logicng,ae79302c73515202df5a2565b7493783a5f96593,org/logicng/formulas/LiteralTest.java,114,20,21,56,0.55,63,20,19,0,0,0,0,0,0,0,0,1,1,0,0,2,1,0,0,20,0,0,False
6246,logic-ng/logicng,ae79302c73515202df5a2565b7493783a5f96593,org/logicng/formulas/NotTest.java,95,16,18,48,0.52,49,16,15,0,0,0,0,1,0,0,0,1,1,0,0,3,0,0,0,16,0,0,False
6247,logic-ng/logicng,ae79302c73515202df5a2565b7493783a5f96593,org/logicng/formulas/OrTest.java,127,16,19,57,0.58,74,16,14,0,0,0,0,2,0,0,0,1,1,0,0,3,0,0,0,16,0,0,False
6248,logic-ng/logicng,ae79302c73515202df5a2565b7493783a5f96593,org/logicng/formulas/PBConstraintTest.java,475,30,33,151,0.53,254,29,26,0,1,0,0,0,0,0,0,2,5,0,0,3,0,0,0,29,0,0,False
6249,logic-ng/logicng,ae79302c73515202df5a2565b7493783a5f96593,org/logicng/formulas/printer/DefaultStringRepresentationTest.java,36,2,2,9,0.67,24,2,1,0,0,0,0,0,0,0,0,0,1,0,0,0,0,0,0,2,0,0,False
6250,logic-ng/logicng,ae79302c73515202df5a2565b7493783a5f96593,org/logicng/formulas/printer/LatexStringRepresentationTest.java,35,2,2,9,0.63,22,2,2,0,0,0,0,0,0,0,0,0,1,0,0,0,0,0,0,2,0,0,False
6251,logic-ng/logicng,ae79302c73515202df5a2565b7493783a5f96593,org/logicng/formulas/printer/SortedStringRepresentationTest.java,50,3,3,19,0.66,33,3,2,0,0,0,0,0,0,0,0,0,1,0,0,2,0,0,0,3,0,0,False
6252,logic-ng/logicng,ae79302c73515202df5a2565b7493783a5f96593,org/logicng/formulas/printer/UTF8StringRepresentationTest.java,35,2,2,9,0.63,22,2,2,0,0,0,0,0,0,0,0,0,1,0,0,0,0,0,0,2,0,0,False
6253,logic-ng/logicng,ae79302c73515202df5a2565b7493783a5f96593,org/logicng/graphs/algorithms/BronKerboschTest.java,44,1,4,13,0.16,7,1,1,1,0,0,0,1,0,0,0,0,0,0,0,0,0,0,0,1,0,0,False
6254,logic-ng/logicng,ae79302c73515202df5a2565b7493783a5f96593,org/logicng/graphs/datastructures/GraphTest.java,65,4,7,37,0.2,13,4,2,0,0,0,0,0,0,0,0,0,1,0,0,0,0,0,0,3,0,0,False
6255,logic-ng/logicng,ae79302c73515202df5a2565b7493783a5f96593,org/logicng/graphs/datastructures/HypergraphTest.java,34,2,2,12,0.21,7,2,1,0,0,0,0,0,0,0,0,0,1,0,0,1,0,0,0,2,0,0,False
6256,logic-ng/logicng,ae79302c73515202df5a2565b7493783a5f96593,org/logicng/graphs/datastructures/HypergraphEdgeTest.java,39,3,5,21,0.08,3,3,1,0,0,0,0,2,0,0,0,0,0,0,0,1,0,0,0,3,0,0,False
6257,logic-ng/logicng,ae79302c73515202df5a2565b7493783a5f96593,org/logicng/graphs/datastructures/HypergraphNodeTest.java,16,1,1,6,0.19,3,1,1,0,0,0,0,0,0,0,0,0,0,0,0,0,0,0,0,1,0,0,False
6258,logic-ng/logicng,ae79302c73515202df5a2565b7493783a5f96593,org/logicng/graphs/generators/HypergraphGeneratorTest.java,83,3,8,26,0.28,23,3,2,0,0,0,0,3,0,0,0,0,0,0,0,2,0,0,0,3,0,0,False
6259,logic-ng/logicng,ae79302c73515202df5a2565b7493783a5f96593,org/logicng/graphs/io/GraphDimacsFileWriterTest.java,86,6,20,31,0.1,9,6,0,1,0,0,0,3,0,0,0,0,0,0,0,0,3,1,0,3,0,0,False
6260,logic-ng/logicng,ae79302c73515202df5a2565b7493783a5f96593,org/logicng/graphs/io/GraphDotFileWriterTest.java,72,5,15,24,0.07,5,5,0,1,0,0,0,3,0,0,0,0,0,0,0,0,3,1,0,3,0,0,False
6261,logic-ng/logicng,ae79302c73515202df5a2565b7493783a5f96593,org/logicng/io/parsers/PropositionalParserTest.java,164,29,56,67,0.39,64,29,9,0,0,0,0,27,0,0,0,0,1,0,0,0,0,0,0,29,0,0,False
6262,logic-ng/logicng,ae79302c73515202df5a2565b7493783a5f96593,org/logicng/io/parsers/PseudoBooleanParserTest.java,178,29,57,81,0.47,84,29,12,0,0,0,0,28,0,0,0,0,1,0,0,1,0,0,0,29,0,0,False
6263,logic-ng/logicng,ae79302c73515202df5a2565b7493783a5f96593,org/logicng/io/writers/FormulaDimacsFileWriterTest.java,58,6,16,20,0.09,5,6,0,0,0,0,0,4,0,0,0,0,0,0,0,0,4,1,0,4,0,0,False
6264,logic-ng/logicng,ae79302c73515202df5a2565b7493783a5f96593,org/logicng/io/writers/FormulaDotFileWriterTest.java,53,6,16,16,0.08,4,6,0,0,0,0,0,4,0,0,0,0,0,0,0,0,4,1,0,4,0,0,False
6265,logic-ng/logicng,ae79302c73515202df5a2565b7493783a5f96593,org/logicng/predicates/CNFPredicateTest.java,28,2,2,8,0.57,16,2,1,0,0,0,0,0,0,0,0,0,1,0,0,0,0,0,0,2,0,0,False
6266,logic-ng/logicng,ae79302c73515202df5a2565b7493783a5f96593,org/logicng/predicates/DNFPredicateTest.java,28,2,2,8,0.57,16,2,1,0,0,0,0,0,0,0,0,0,1,0,0,0,0,0,0,2,0,0,False
6267,logic-ng/logicng,ae79302c73515202df5a2565b7493783a5f96593,org/logicng/predicates/NNFPredicateTest.java,32,2,2,9,0.63,20,2,1,0,0,0,0,0,0,0,0,0,1,0,0,0,0,0,0,2,0,0,False
6268,logic-ng/logicng,ae79302c73515202df5a2565b7493783a5f96593,org/logicng/propositions/ExtendedPropositionTest.java,78,6,14,21,0.32,25,5,5,0,1,0,0,4,0,0,0,1,1,0,0,0,0,0,0,5,0,0,False
6269,logic-ng/logicng,ae79302c73515202df5a2565b7493783a5f96593,org/logicng/propositions/StandardPropositionTest.java,68,6,14,18,0.4,27,5,5,0,1,0,0,4,0,0,0,1,1,0,0,0,0,0,0,5,0,0,False
6270,logic-ng/logicng,ae79302c73515202df5a2565b7493783a5f96593,org/logicng/pseudobooleans/PBEncoderTest.java,121,9,16,61,0.14,17,8,3,5,1,0,0,0,0,0,0,0,2,0,0,0,1,1,0,7,0,0,False
6271,logic-ng/logicng,ae79302c73515202df5a2565b7493783a5f96593,org/logicng/solvers/sat/MiniSatTest.java,40,6,9,22,0.1,4,6,2,0,0,0,0,0,0,0,0,0,1,0,0,0,0,0,0,4,0,0,False
6272,logic-ng/logicng,ae79302c73515202df5a2565b7493783a5f96593,org/logicng/solvers/datastructures/LNGHeapTest.java,23,1,1,9,0.22,5,1,1,0,0,0,0,0,0,0,0,0,1,0,0,1,0,0,0,1,0,0,False
6273,logic-ng/logicng,ae79302c73515202df5a2565b7493783a5f96593,org/logicng/solvers/sat/GlucoseSyrupTest.java,33,6,11,10,0.03,1,6,0,0,0,0,0,0,0,0,0,0,1,0,0,0,0,0,0,3,0,0,False
6274,logic-ng/logicng,ae79302c73515202df5a2565b7493783a5f96593,org/logicng/solvers/sat/MiniCardTest.java,86,8,12,34,0.17,15,8,3,0,0,0,0,0,0,0,0,0,1,0,0,1,0,0,0,6,0,0,False
6275,logic-ng/logicng,ae79302c73515202df5a2565b7493783a5f96593,org/logicng/transformations/AnonymizerTest.java,60,4,12,16,0.55,33,4,4,0,0,0,0,4,0,0,0,0,0,0,0,1,0,0,0,4,0,0,False
6276,logic-ng/logicng,ae79302c73515202df5a2565b7493783a5f96593,org/logicng/transformations/BackboneSimplifierTest.java,27,2,8,8,0.41,11,2,2,0,0,0,0,2,0,0,0,0,0,0,0,0,0,0,0,2,0,0,False
6277,logic-ng/logicng,ae79302c73515202df5a2565b7493783a5f96593,org/logicng/transformations/DistributiveSimplifierTest.java,52,6,20,19,0.5,26,6,6,0,0,0,0,2,0,0,0,0,0,0,0,0,0,0,0,6,0,0,False
6278,logic-ng/logicng,ae79302c73515202df5a2565b7493783a5f96593,org/logicng/transformations/FormulaFactoryImporterTest.java,187,12,17,108,0.67,126,12,10,0,0,0,0,1,0,0,0,0,0,0,0,0,0,0,0,10,0,0,False
6279,logic-ng/logicng,ae79302c73515202df5a2565b7493783a5f96593,org/logicng/transformations/UnitPropagationTest.java,33,4,9,11,0.48,16,4,4,0,0,0,0,1,0,0,0,0,0,0,0,0,0,0,0,4,0,0,False
6280,logic-ng/logicng,ae79302c73515202df5a2565b7493783a5f96593,org/logicng/transformations/cnf/CNFEncoderTest.java,124,11,21,72,0.23,29,11,9,0,0,0,0,9,0,0,0,0,1,0,0,1,0,0,0,11,0,0,False
6281,logic-ng/logicng,ae79302c73515202df5a2565b7493783a5f96593,org/logicng/transformations/cnf/CNFSubsumptionTest.java,42,4,9,17,0.45,19,4,3,0,0,0,0,4,0,0,0,0,0,0,0,1,0,0,0,4,0,0,False
6282,logic-ng/logicng,ae79302c73515202df5a2565b7493783a5f96593,org/logicng/transformations/dnf/DNFFactorizationTest.java,89,10,26,29,0.47,42,8,7,0,0,0,0,5,0,0,0,0,1,0,0,1,0,0,0,8,0,0,False
6283,logic-ng/logicng,ae79302c73515202df5a2565b7493783a5f96593,org/logicng/transformations/dnf/DNFSubsumptionTest.java,49,4,11,17,0.39,19,4,3,1,0,0,0,4,0,0,0,0,0,0,0,1,0,0,0,4,0,0,False
6284,logic-ng/logicng,ae79302c73515202df5a2565b7493783a5f96593,org/logicng/transformations/qmc/TermTest.java,80,3,7,21,0.21,17,3,3,0,0,0,0,1,0,0,0,0,1,0,0,0,0,0,0,3,0,0,False
6285,logic-ng/logicng,ae79302c73515202df5a2565b7493783a5f96593,org/logicng/transformations/qmc/TermTableTest.java,47,4,8,19,0.26,12,4,2,0,0,0,0,0,0,0,0,0,1,0,0,1,0,0,0,3,0,0,False
6286,logic-ng/logicng,ae79302c73515202df5a2565b7493783a5f96593,org/logicng/util/ComparablePairTest.java,42,5,5,13,0.52,22,5,5,0,0,0,0,0,0,0,0,1,1,0,0,0,0,0,0,5,0,0,False
6287,logic-ng/logicng,ae79302c73515202df5a2565b7493783a5f96593,org/logicng/util/FormulaHelperTest.java,29,2,2,10,0.62,18,2,2,0,0,0,0,0,0,0,0,0,0,0,0,0,0,0,0,2,0,0,False
6288,logic-ng/logicng,ae79302c73515202df5a2565b7493783a5f96593,org/logicng/util/PairTest.java,36,4,4,10,0.5,18,4,4,0,0,0,0,0,0,0,0,1,1,0,0,0,0,0,0,4,0,0,False
6289,logic-ng/logicng,bb9eb88a768be4be8e02a76cfc4a59e6c3fb7f2e,org/logicng/backbones/BackboneTest.java,66,5,7,22,0.3,20,5,3,0,0,0,0,1,0,0,0,0,1,0,0,2,0,0,0,4,0,0,False
6290,logic-ng/logicng,bb9eb88a768be4be8e02a76cfc4a59e6c3fb7f2e,org/logicng/backbones/BackboneGenerationTest.java,223,8,25,89,0.23,51,8,4,1,0,0,0,3,0,0,0,0,1,0,0,4,0,0,0,7,0,0,False
6291,logic-ng/logicng,bb9eb88a768be4be8e02a76cfc4a59e6c3fb7f2e,org/logicng/bdds/datastructures/BDDNodeTest.java,65,4,4,33,0.46,30,4,4,0,0,0,0,0,0,0,0,0,0,0,0,1,0,0,0,4,0,0,False
6292,logic-ng/logicng,bb9eb88a768be4be8e02a76cfc4a59e6c3fb7f2e,org/logicng/bdds/io/BDDDotFileWriterTest.java,36,3,10,11,0.08,3,3,0,0,0,0,0,1,0,0,0,0,0,0,0,0,1,1,0,1,0,0,False
6293,logic-ng/logicng,bb9eb88a768be4be8e02a76cfc4a59e6c3fb7f2e,org/logicng/bdds/orderings/BFSOrderingTest.java,27,2,5,11,0.37,10,2,1,0,0,0,0,2,0,0,0,0,0,0,0,0,0,0,0,2,0,0,False
6294,logic-ng/logicng,bb9eb88a768be4be8e02a76cfc4a59e6c3fb7f2e,org/logicng/bdds/orderings/DFSOrderingTest.java,27,2,5,11,0.37,10,2,1,0,0,0,0,2,0,0,0,0,0,0,0,0,0,0,0,2,0,0,False
6295,logic-ng/logicng,bb9eb88a768be4be8e02a76cfc4a59e6c3fb7f2e,org/logicng/bdds/orderings/ForceOrderingTest.java,33,3,9,17,0.21,7,3,1,0,0,0,0,3,0,0,0,0,0,0,0,0,0,0,0,3,0,0,False
6296,logic-ng/logicng,bb9eb88a768be4be8e02a76cfc4a59e6c3fb7f2e,org/logicng/collections/ImmutableFormulaListTest.java,15,1,3,3,0.13,2,1,1,0,0,0,0,0,0,0,0,1,0,0,0,0,0,0,0,1,0,0,False
6297,logic-ng/logicng,bb9eb88a768be4be8e02a76cfc4a59e6c3fb7f2e,org/logicng/collections/LNGBooleanVectorTest.java,148,11,23,68,0.41,60,11,9,9,0,0,0,0,0,0,0,0,1,0,0,4,0,0,0,11,0,0,False
6298,logic-ng/logicng,bb9eb88a768be4be8e02a76cfc4a59e6c3fb7f2e,org/logicng/collections/LNGByteVectorTest.java,165,12,26,76,0.35,58,12,10,11,0,0,0,0,0,0,0,0,1,0,0,4,0,0,0,12,0,0,False
6299,logic-ng/logicng,bb9eb88a768be4be8e02a76cfc4a59e6c3fb7f2e,org/logicng/collections/LNGDoublePriorityQueueTest.java,109,6,6,31,0.39,43,6,5,0,0,0,0,0,0,0,0,0,1,0,0,3,0,0,0,6,0,0,False
6300,logic-ng/logicng,bb9eb88a768be4be8e02a76cfc4a59e6c3fb7f2e,org/logicng/collections/LNGDoubleVectorTest.java,162,12,26,75,0.35,57,12,10,11,0,0,0,0,0,0,0,0,1,0,0,5,0,0,0,12,0,0,False
6301,logic-ng/logicng,bb9eb88a768be4be8e02a76cfc4a59e6c3fb7f2e,org/logicng/collections/LNGIntVectorTest.java,162,12,26,75,0.35,57,12,10,11,0,0,0,0,0,0,0,0,1,0,0,4,0,0,0,12,0,0,False
6302,logic-ng/logicng,bb9eb88a768be4be8e02a76cfc4a59e6c3fb7f2e,org/logicng/collections/LNGLongPriorityQueueTest.java,88,5,5,25,0.41,36,5,4,0,0,0,0,0,0,0,0,0,1,0,0,2,0,0,0,5,0,0,False
6303,logic-ng/logicng,bb9eb88a768be4be8e02a76cfc4a59e6c3fb7f2e,org/logicng/collections/LNGLongVectorTest.java,165,12,26,76,0.35,58,12,10,11,0,0,0,0,0,0,0,0,1,0,0,4,0,0,0,12,0,0,False
6304,logic-ng/logicng,bb9eb88a768be4be8e02a76cfc4a59e6c3fb7f2e,org/logicng/collections/LNGVectorTest.java,295,23,49,138,0.36,105,21,18,20,1,0,0,0,0,0,0,0,2,0,0,7,0,0,0,21,0,0,False
6305,logic-ng/logicng,bb9eb88a768be4be8e02a76cfc4a59e6c3fb7f2e,org/logicng/datastructures/AssignmentTest.java,155,14,17,68,0.46,71,14,13,0,0,0,0,1,0,0,0,2,2,0,0,3,0,0,0,14,0,0,False
6306,logic-ng/logicng,bb9eb88a768be4be8e02a76cfc4a59e6c3fb7f2e,org/logicng/formulas/SubstitutionTest.java,113,13,17,38,0.35,40,12,9,0,1,0,0,4,0,0,0,1,1,0,0,0,0,0,0,12,0,0,False
6307,logic-ng/logicng,bb9eb88a768be4be8e02a76cfc4a59e6c3fb7f2e,org/logicng/datastructures/ubtrees/UBTreeTest.java,201,8,9,57,0.62,125,8,6,0,0,0,0,0,0,0,0,0,0,0,0,1,0,0,0,7,0,0,False
6308,logic-ng/logicng,bb9eb88a768be4be8e02a76cfc4a59e6c3fb7f2e,org/logicng/explanations/unsatcores/MUSConfigTest.java,12,1,2,10,0.17,2,1,1,0,0,0,0,0,0,0,0,0,1,0,0,0,0,0,0,1,0,0,False
6309,logic-ng/logicng,bb9eb88a768be4be8e02a76cfc4a59e6c3fb7f2e,org/logicng/explanations/unsatcores/MUSGenerationTest.java,102,7,17,29,0.06,6,6,0,0,1,0,0,0,0,0,0,0,1,0,0,0,2,1,0,3,0,0,False
6310,logic-ng/logicng,bb9eb88a768be4be8e02a76cfc4a59e6c3fb7f2e,org/logicng/explanations/unsatcores/UNSATCoreTest.java,53,5,7,13,0.28,15,4,4,0,1,0,0,0,0,0,0,2,1,0,0,0,0,0,0,4,0,0,False
6311,logic-ng/logicng,bb9eb88a768be4be8e02a76cfc4a59e6c3fb7f2e,org/logicng/formulas/AndTest.java,131,17,20,62,0.57,75,17,14,0,0,0,0,2,0,0,0,1,1,0,0,3,0,0,0,17,0,0,False
6312,logic-ng/logicng,bb9eb88a768be4be8e02a76cfc4a59e6c3fb7f2e,org/logicng/formulas/CFalseTest.java,55,15,16,38,0.33,18,15,0,0,0,0,0,0,0,0,0,0,1,0,0,0,0,0,0,15,0,0,False
6313,logic-ng/logicng,bb9eb88a768be4be8e02a76cfc4a59e6c3fb7f2e,org/logicng/formulas/CTrueTest.java,56,15,16,38,0.34,19,15,1,0,0,0,0,0,0,0,0,0,1,0,0,1,0,0,0,15,0,0,False
6314,logic-ng/logicng,bb9eb88a768be4be8e02a76cfc4a59e6c3fb7f2e,org/logicng/formulas/EquivalenceTest.java,119,17,19,52,0.57,68,17,16,0,0,0,0,1,0,0,0,1,1,0,0,4,0,0,0,17,0,0,False
6315,logic-ng/logicng,bb9eb88a768be4be8e02a76cfc4a59e6c3fb7f2e,org/logicng/formulas/ExtendedFormulaFactoryTest.java,113,7,14,46,0.12,14,7,2,0,0,0,0,0,0,0,0,0,0,0,0,2,0,1,0,5,0,0,False
6316,logic-ng/logicng,bb9eb88a768be4be8e02a76cfc4a59e6c3fb7f2e,org/logicng/formulas/FormulaTest.java,62,8,13,38,0.29,18,6,5,0,0,0,0,0,0,0,0,0,0,0,0,0,0,0,0,6,0,0,False
6317,logic-ng/logicng,bb9eb88a768be4be8e02a76cfc4a59e6c3fb7f2e,org/logicng/formulas/FormulaFactoryTest.java,103,7,10,45,0.29,30,7,4,1,0,0,0,1,0,0,0,0,1,0,0,1,0,0,0,7,0,0,False
6318,logic-ng/logicng,bb9eb88a768be4be8e02a76cfc4a59e6c3fb7f2e,org/logicng/formulas/ImplicationTest.java,115,18,20,52,0.53,61,18,16,0,0,0,0,1,0,0,0,1,1,0,0,4,0,0,0,18,0,0,False
6319,logic-ng/logicng,bb9eb88a768be4be8e02a76cfc4a59e6c3fb7f2e,org/logicng/formulas/LiteralTest.java,114,20,21,56,0.55,63,20,19,0,0,0,0,0,0,0,0,1,1,0,0,2,1,0,0,20,0,0,False
6320,logic-ng/logicng,bb9eb88a768be4be8e02a76cfc4a59e6c3fb7f2e,org/logicng/formulas/NotTest.java,95,16,18,48,0.52,49,16,15,0,0,0,0,1,0,0,0,1,1,0,0,3,0,0,0,16,0,0,False
6321,logic-ng/logicng,bb9eb88a768be4be8e02a76cfc4a59e6c3fb7f2e,org/logicng/formulas/OrTest.java,127,16,19,57,0.58,74,16,14,0,0,0,0,2,0,0,0,1,1,0,0,3,0,0,0,16,0,0,False
6322,logic-ng/logicng,bb9eb88a768be4be8e02a76cfc4a59e6c3fb7f2e,org/logicng/formulas/PBConstraintTest.java,475,30,33,151,0.53,254,29,26,0,1,0,0,0,0,0,0,2,5,0,0,3,0,0,0,29,0,0,False
6323,logic-ng/logicng,bb9eb88a768be4be8e02a76cfc4a59e6c3fb7f2e,org/logicng/formulas/printer/DefaultStringRepresentationTest.java,36,2,2,9,0.67,24,2,1,0,0,0,0,0,0,0,0,0,1,0,0,0,0,0,0,2,0,0,False
6324,logic-ng/logicng,bb9eb88a768be4be8e02a76cfc4a59e6c3fb7f2e,org/logicng/formulas/printer/LatexStringRepresentationTest.java,35,2,2,9,0.63,22,2,2,0,0,0,0,0,0,0,0,0,1,0,0,0,0,0,0,2,0,0,False
6325,logic-ng/logicng,bb9eb88a768be4be8e02a76cfc4a59e6c3fb7f2e,org/logicng/formulas/printer/SortedStringRepresentationTest.java,50,3,3,19,0.66,33,3,2,0,0,0,0,0,0,0,0,0,1,0,0,2,0,0,0,3,0,0,False
6326,logic-ng/logicng,bb9eb88a768be4be8e02a76cfc4a59e6c3fb7f2e,org/logicng/formulas/printer/UTF8StringRepresentationTest.java,35,2,2,9,0.63,22,2,2,0,0,0,0,0,0,0,0,0,1,0,0,0,0,0,0,2,0,0,False
6327,logic-ng/logicng,bb9eb88a768be4be8e02a76cfc4a59e6c3fb7f2e,org/logicng/graphs/algorithms/BronKerboschTest.java,44,1,4,13,0.16,7,1,1,1,0,0,0,1,0,0,0,0,0,0,0,0,0,0,0,1,0,0,False
6328,logic-ng/logicng,bb9eb88a768be4be8e02a76cfc4a59e6c3fb7f2e,org/logicng/graphs/datastructures/GraphTest.java,65,4,7,37,0.2,13,4,2,0,0,0,0,0,0,0,0,0,1,0,0,0,0,0,0,3,0,0,False
6329,logic-ng/logicng,bb9eb88a768be4be8e02a76cfc4a59e6c3fb7f2e,org/logicng/graphs/datastructures/HypergraphTest.java,34,2,2,12,0.21,7,2,1,0,0,0,0,0,0,0,0,0,1,0,0,1,0,0,0,2,0,0,False
6330,logic-ng/logicng,bb9eb88a768be4be8e02a76cfc4a59e6c3fb7f2e,org/logicng/graphs/datastructures/HypergraphEdgeTest.java,39,3,5,21,0.08,3,3,1,0,0,0,0,2,0,0,0,0,0,0,0,1,0,0,0,3,0,0,False
6331,logic-ng/logicng,bb9eb88a768be4be8e02a76cfc4a59e6c3fb7f2e,org/logicng/graphs/datastructures/HypergraphNodeTest.java,16,1,1,6,0.19,3,1,1,0,0,0,0,0,0,0,0,0,0,0,0,0,0,0,0,1,0,0,False
6332,logic-ng/logicng,bb9eb88a768be4be8e02a76cfc4a59e6c3fb7f2e,org/logicng/graphs/generators/HypergraphGeneratorTest.java,83,3,8,26,0.28,23,3,2,0,0,0,0,3,0,0,0,0,0,0,0,2,0,0,0,3,0,0,False
6333,logic-ng/logicng,bb9eb88a768be4be8e02a76cfc4a59e6c3fb7f2e,org/logicng/graphs/io/GraphDimacsFileWriterTest.java,86,6,20,31,0.1,9,6,0,1,0,0,0,3,0,0,0,0,0,0,0,0,3,1,0,3,0,0,False
6334,logic-ng/logicng,bb9eb88a768be4be8e02a76cfc4a59e6c3fb7f2e,org/logicng/graphs/io/GraphDotFileWriterTest.java,72,5,15,24,0.07,5,5,0,1,0,0,0,3,0,0,0,0,0,0,0,0,3,1,0,3,0,0,False
6335,logic-ng/logicng,bb9eb88a768be4be8e02a76cfc4a59e6c3fb7f2e,org/logicng/io/parsers/PropositionalParserTest.java,164,29,56,67,0.39,64,29,9,0,0,0,0,27,0,0,0,0,1,0,0,0,0,0,0,29,0,0,False
6336,logic-ng/logicng,bb9eb88a768be4be8e02a76cfc4a59e6c3fb7f2e,org/logicng/io/parsers/PseudoBooleanParserTest.java,178,29,57,81,0.47,84,29,12,0,0,0,0,28,0,0,0,0,1,0,0,1,0,0,0,29,0,0,False
6337,logic-ng/logicng,bb9eb88a768be4be8e02a76cfc4a59e6c3fb7f2e,org/logicng/io/writers/FormulaDimacsFileWriterTest.java,58,6,16,20,0.09,5,6,0,0,0,0,0,4,0,0,0,0,0,0,0,0,4,1,0,4,0,0,False
6338,logic-ng/logicng,bb9eb88a768be4be8e02a76cfc4a59e6c3fb7f2e,org/logicng/io/writers/FormulaDotFileWriterTest.java,53,6,16,16,0.08,4,6,0,0,0,0,0,4,0,0,0,0,0,0,0,0,4,1,0,4,0,0,False
6339,logic-ng/logicng,bb9eb88a768be4be8e02a76cfc4a59e6c3fb7f2e,org/logicng/predicates/CNFPredicateTest.java,28,2,2,8,0.57,16,2,1,0,0,0,0,0,0,0,0,0,1,0,0,0,0,0,0,2,0,0,False
6340,logic-ng/logicng,bb9eb88a768be4be8e02a76cfc4a59e6c3fb7f2e,org/logicng/predicates/DNFPredicateTest.java,28,2,2,8,0.57,16,2,1,0,0,0,0,0,0,0,0,0,1,0,0,0,0,0,0,2,0,0,False
6341,logic-ng/logicng,bb9eb88a768be4be8e02a76cfc4a59e6c3fb7f2e,org/logicng/propositions/ExtendedPropositionTest.java,78,6,14,21,0.32,25,5,5,0,1,0,0,4,0,0,0,1,1,0,0,0,0,0,0,5,0,0,False
6342,logic-ng/logicng,bb9eb88a768be4be8e02a76cfc4a59e6c3fb7f2e,org/logicng/propositions/StandardPropositionTest.java,68,6,14,18,0.4,27,5,5,0,1,0,0,4,0,0,0,1,1,0,0,0,0,0,0,5,0,0,False
6343,logic-ng/logicng,bb9eb88a768be4be8e02a76cfc4a59e6c3fb7f2e,org/logicng/pseudobooleans/PBEncoderTest.java,121,9,16,61,0.14,17,8,3,5,1,0,0,0,0,0,0,0,2,0,0,0,1,1,0,7,0,0,False
6344,logic-ng/logicng,bb9eb88a768be4be8e02a76cfc4a59e6c3fb7f2e,org/logicng/solvers/sat/MiniSatTest.java,40,6,9,22,0.1,4,6,2,0,0,0,0,0,0,0,0,0,1,0,0,0,0,0,0,4,0,0,False
6345,logic-ng/logicng,bb9eb88a768be4be8e02a76cfc4a59e6c3fb7f2e,org/logicng/solvers/datastructures/LNGHeapTest.java,23,1,1,9,0.22,5,1,1,0,0,0,0,0,0,0,0,0,1,0,0,1,0,0,0,1,0,0,False
6346,logic-ng/logicng,bb9eb88a768be4be8e02a76cfc4a59e6c3fb7f2e,org/logicng/solvers/sat/GlucoseSyrupTest.java,33,6,11,10,0.03,1,6,0,0,0,0,0,0,0,0,0,0,1,0,0,0,0,0,0,3,0,0,False
6347,logic-ng/logicng,bb9eb88a768be4be8e02a76cfc4a59e6c3fb7f2e,org/logicng/solvers/sat/MiniCardTest.java,86,8,12,34,0.17,15,8,3,0,0,0,0,0,0,0,0,0,1,0,0,1,0,0,0,6,0,0,False
6348,logic-ng/logicng,bb9eb88a768be4be8e02a76cfc4a59e6c3fb7f2e,org/logicng/transformations/AnonymizerTest.java,60,4,12,16,0.55,33,4,4,0,0,0,0,4,0,0,0,0,0,0,0,1,0,0,0,4,0,0,False
6349,logic-ng/logicng,bb9eb88a768be4be8e02a76cfc4a59e6c3fb7f2e,org/logicng/transformations/BackboneSimplifierTest.java,27,2,8,8,0.41,11,2,2,0,0,0,0,2,0,0,0,0,0,0,0,0,0,0,0,2,0,0,False
6350,logic-ng/logicng,bb9eb88a768be4be8e02a76cfc4a59e6c3fb7f2e,org/logicng/transformations/DistributiveSimplifierTest.java,52,6,20,19,0.5,26,6,6,0,0,0,0,2,0,0,0,0,0,0,0,0,0,0,0,6,0,0,False
6351,logic-ng/logicng,bb9eb88a768be4be8e02a76cfc4a59e6c3fb7f2e,org/logicng/transformations/FormulaFactoryImporterTest.java,187,12,17,108,0.67,126,12,10,0,0,0,0,1,0,0,0,0,0,0,0,0,0,0,0,10,0,0,False
6352,logic-ng/logicng,bb9eb88a768be4be8e02a76cfc4a59e6c3fb7f2e,org/logicng/transformations/UnitPropagationTest.java,33,4,9,11,0.48,16,4,4,0,0,0,0,1,0,0,0,0,0,0,0,0,0,0,0,4,0,0,False
6353,logic-ng/logicng,bb9eb88a768be4be8e02a76cfc4a59e6c3fb7f2e,org/logicng/transformations/cnf/CNFEncoderTest.java,124,11,21,72,0.23,29,11,9,0,0,0,0,9,0,0,0,0,1,0,0,1,0,0,0,11,0,0,False
6354,logic-ng/logicng,bb9eb88a768be4be8e02a76cfc4a59e6c3fb7f2e,org/logicng/transformations/cnf/CNFSubsumptionTest.java,42,4,9,17,0.45,19,4,3,0,0,0,0,4,0,0,0,0,0,0,0,1,0,0,0,4,0,0,False
6355,logic-ng/logicng,bb9eb88a768be4be8e02a76cfc4a59e6c3fb7f2e,org/logicng/transformations/dnf/DNFFactorizationTest.java,89,10,26,29,0.47,42,8,7,0,0,0,0,5,0,0,0,0,1,0,0,1,0,0,0,8,0,0,False
6356,logic-ng/logicng,bb9eb88a768be4be8e02a76cfc4a59e6c3fb7f2e,org/logicng/transformations/dnf/DNFSubsumptionTest.java,49,4,11,17,0.39,19,4,3,1,0,0,0,4,0,0,0,0,0,0,0,1,0,0,0,4,0,0,False
6357,logic-ng/logicng,bb9eb88a768be4be8e02a76cfc4a59e6c3fb7f2e,org/logicng/transformations/qmc/TermTest.java,80,3,7,21,0.21,17,3,3,0,0,0,0,1,0,0,0,0,1,0,0,0,0,0,0,3,0,0,False
6358,logic-ng/logicng,bb9eb88a768be4be8e02a76cfc4a59e6c3fb7f2e,org/logicng/transformations/qmc/TermTableTest.java,47,4,8,19,0.26,12,4,2,0,0,0,0,0,0,0,0,0,1,0,0,1,0,0,0,3,0,0,False
6359,logic-ng/logicng,bb9eb88a768be4be8e02a76cfc4a59e6c3fb7f2e,org/logicng/util/ComparablePairTest.java,42,5,5,13,0.52,22,5,5,0,0,0,0,0,0,0,0,1,1,0,0,0,0,0,0,5,0,0,False
6360,logic-ng/logicng,bb9eb88a768be4be8e02a76cfc4a59e6c3fb7f2e,org/logicng/util/PairTest.java,36,4,4,10,0.5,18,4,4,0,0,0,0,0,0,0,0,1,1,0,0,0,0,0,0,4,0,0,False
6361,logic-ng/logicng,5017ba1eb0240d81a645872e3a36d13f4bdba43b,org/logicng/bdds/datastructures/BDDNodeTest.java,65,4,4,33,0.46,30,4,4,0,0,0,0,0,0,0,0,0,0,0,0,1,0,0,0,4,0,0,False
6362,logic-ng/logicng,5017ba1eb0240d81a645872e3a36d13f4bdba43b,org/logicng/bdds/io/BDDDotFileWriterTest.java,36,3,10,11,0.08,3,3,0,0,0,0,0,1,0,0,0,0,0,0,0,0,1,1,0,1,0,0,False
6363,logic-ng/logicng,5017ba1eb0240d81a645872e3a36d13f4bdba43b,org/logicng/bdds/orderings/BFSOrderingTest.java,27,2,5,11,0.37,10,2,1,0,0,0,0,2,0,0,0,0,0,0,0,0,0,0,0,2,0,0,False
6364,logic-ng/logicng,5017ba1eb0240d81a645872e3a36d13f4bdba43b,org/logicng/bdds/orderings/DFSOrderingTest.java,27,2,5,11,0.37,10,2,1,0,0,0,0,2,0,0,0,0,0,0,0,0,0,0,0,2,0,0,False
6365,logic-ng/logicng,5017ba1eb0240d81a645872e3a36d13f4bdba43b,org/logicng/bdds/orderings/ForceOrderingTest.java,33,3,9,17,0.21,7,3,1,0,0,0,0,3,0,0,0,0,0,0,0,0,0,0,0,3,0,0,False
6366,logic-ng/logicng,5017ba1eb0240d81a645872e3a36d13f4bdba43b,org/logicng/collections/ImmutableFormulaListTest.java,15,1,3,3,0.13,2,1,1,0,0,0,0,0,0,0,0,1,0,0,0,0,0,0,0,1,0,0,False
6367,logic-ng/logicng,5017ba1eb0240d81a645872e3a36d13f4bdba43b,org/logicng/collections/LNGBooleanVectorTest.java,148,11,23,68,0.41,60,11,9,9,0,0,0,0,0,0,0,0,1,0,0,4,0,0,0,11,0,0,False
6368,logic-ng/logicng,5017ba1eb0240d81a645872e3a36d13f4bdba43b,org/logicng/collections/LNGByteVectorTest.java,165,12,26,76,0.35,58,12,10,11,0,0,0,0,0,0,0,0,1,0,0,4,0,0,0,12,0,0,False
6369,logic-ng/logicng,5017ba1eb0240d81a645872e3a36d13f4bdba43b,org/logicng/collections/LNGDoublePriorityQueueTest.java,109,6,6,31,0.39,43,6,5,0,0,0,0,0,0,0,0,0,1,0,0,3,0,0,0,6,0,0,False
6370,logic-ng/logicng,5017ba1eb0240d81a645872e3a36d13f4bdba43b,org/logicng/collections/LNGDoubleVectorTest.java,162,12,26,75,0.35,57,12,10,11,0,0,0,0,0,0,0,0,1,0,0,5,0,0,0,12,0,0,False
6371,logic-ng/logicng,5017ba1eb0240d81a645872e3a36d13f4bdba43b,org/logicng/collections/LNGIntVectorTest.java,162,12,26,75,0.35,57,12,10,11,0,0,0,0,0,0,0,0,1,0,0,4,0,0,0,12,0,0,False
6372,logic-ng/logicng,5017ba1eb0240d81a645872e3a36d13f4bdba43b,org/logicng/collections/LNGLongPriorityQueueTest.java,88,5,5,25,0.41,36,5,4,0,0,0,0,0,0,0,0,0,1,0,0,2,0,0,0,5,0,0,False
6373,logic-ng/logicng,5017ba1eb0240d81a645872e3a36d13f4bdba43b,org/logicng/collections/LNGLongVectorTest.java,165,12,26,76,0.35,58,12,10,11,0,0,0,0,0,0,0,0,1,0,0,4,0,0,0,12,0,0,False
6374,logic-ng/logicng,5017ba1eb0240d81a645872e3a36d13f4bdba43b,org/logicng/collections/LNGVectorTest.java,295,23,49,138,0.36,105,21,18,20,1,0,0,0,0,0,0,0,2,0,0,7,0,0,0,21,0,0,False
6375,logic-ng/logicng,5017ba1eb0240d81a645872e3a36d13f4bdba43b,org/logicng/datastructures/AssignmentTest.java,149,14,17,68,0.45,67,14,13,0,0,0,0,1,0,0,0,2,2,0,0,3,0,0,0,14,0,0,False
6376,logic-ng/logicng,5017ba1eb0240d81a645872e3a36d13f4bdba43b,org/logicng/formulas/SubstitutionTest.java,113,13,17,38,0.35,40,12,9,0,1,0,0,4,0,0,0,1,1,0,0,0,0,0,0,12,0,0,False
6377,logic-ng/logicng,5017ba1eb0240d81a645872e3a36d13f4bdba43b,org/logicng/explanations/unsatcores/MUSConfigTest.java,12,1,2,10,0.17,2,1,1,0,0,0,0,0,0,0,0,0,1,0,0,0,0,0,0,1,0,0,False
6378,logic-ng/logicng,5017ba1eb0240d81a645872e3a36d13f4bdba43b,org/logicng/explanations/unsatcores/MUSGenerationTest.java,102,7,17,29,0.06,6,6,0,0,1,0,0,0,0,0,0,0,1,0,0,0,2,1,0,3,0,0,False
6379,logic-ng/logicng,5017ba1eb0240d81a645872e3a36d13f4bdba43b,org/logicng/explanations/unsatcores/UNSATCoreTest.java,53,5,7,13,0.28,15,4,4,0,1,0,0,0,0,0,0,2,1,0,0,0,0,0,0,4,0,0,False
6380,logic-ng/logicng,5017ba1eb0240d81a645872e3a36d13f4bdba43b,org/logicng/formulas/AndTest.java,127,16,19,60,0.57,73,16,13,0,0,0,0,2,0,0,0,1,1,0,0,3,0,0,0,16,0,0,False
6381,logic-ng/logicng,5017ba1eb0240d81a645872e3a36d13f4bdba43b,org/logicng/formulas/CFalseTest.java,52,14,15,36,0.33,17,14,0,0,0,0,0,0,0,0,0,0,1,0,0,0,0,0,0,14,0,0,False
6382,logic-ng/logicng,5017ba1eb0240d81a645872e3a36d13f4bdba43b,org/logicng/formulas/CTrueTest.java,53,14,15,36,0.34,18,14,1,0,0,0,0,0,0,0,0,0,1,0,0,1,0,0,0,14,0,0,False
6383,logic-ng/logicng,5017ba1eb0240d81a645872e3a36d13f4bdba43b,org/logicng/formulas/EquivalenceTest.java,113,16,18,50,0.57,64,16,15,0,0,0,0,1,0,0,0,1,1,0,0,4,0,0,0,16,0,0,False
6384,logic-ng/logicng,5017ba1eb0240d81a645872e3a36d13f4bdba43b,org/logicng/formulas/ExtendedFormulaFactoryTest.java,113,7,14,46,0.12,14,7,2,0,0,0,0,0,0,0,0,0,0,0,0,2,0,1,0,5,0,0,False
6385,logic-ng/logicng,5017ba1eb0240d81a645872e3a36d13f4bdba43b,org/logicng/formulas/FormulaTest.java,62,8,13,38,0.29,18,6,5,0,0,0,0,0,0,0,0,0,0,0,0,0,0,0,0,6,0,0,False
6386,logic-ng/logicng,5017ba1eb0240d81a645872e3a36d13f4bdba43b,org/logicng/formulas/FormulaFactoryTest.java,103,7,10,45,0.29,30,7,4,1,0,0,0,1,0,0,0,0,1,0,0,1,0,0,0,7,0,0,False
6387,logic-ng/logicng,5017ba1eb0240d81a645872e3a36d13f4bdba43b,org/logicng/formulas/ImplicationTest.java,109,17,19,50,0.52,57,17,15,0,0,0,0,1,0,0,0,1,1,0,0,4,0,0,0,17,0,0,False
6388,logic-ng/logicng,5017ba1eb0240d81a645872e3a36d13f4bdba43b,org/logicng/formulas/LiteralTest.java,110,19,20,54,0.55,61,19,18,0,0,0,0,0,0,0,0,1,1,0,0,2,1,0,0,19,0,0,False
6389,logic-ng/logicng,5017ba1eb0240d81a645872e3a36d13f4bdba43b,org/logicng/formulas/NotTest.java,91,15,17,46,0.52,47,15,14,0,0,0,0,1,0,0,0,1,1,0,0,3,0,0,0,15,0,0,False
6390,logic-ng/logicng,5017ba1eb0240d81a645872e3a36d13f4bdba43b,org/logicng/formulas/OrTest.java,123,15,18,55,0.59,72,15,13,0,0,0,0,2,0,0,0,1,1,0,0,3,0,0,0,15,0,0,False
6391,logic-ng/logicng,5017ba1eb0240d81a645872e3a36d13f4bdba43b,org/logicng/formulas/PBConstraintTest.java,468,30,34,153,0.53,247,29,26,0,1,0,0,1,0,0,0,2,5,0,0,3,0,0,0,29,0,0,False
6392,logic-ng/logicng,5017ba1eb0240d81a645872e3a36d13f4bdba43b,org/logicng/formulas/printer/DefaultStringRepresentationTest.java,33,2,2,7,0.64,21,2,1,0,0,0,0,0,0,0,0,0,1,0,0,0,0,0,0,2,0,0,False
6393,logic-ng/logicng,5017ba1eb0240d81a645872e3a36d13f4bdba43b,org/logicng/formulas/printer/LatexStringRepresentationTest.java,35,2,2,9,0.63,22,2,2,0,0,0,0,0,0,0,0,0,1,0,0,0,0,0,0,2,0,0,False
6394,logic-ng/logicng,5017ba1eb0240d81a645872e3a36d13f4bdba43b,org/logicng/formulas/printer/UTF8StringRepresentationTest.java,35,2,2,9,0.63,22,2,2,0,0,0,0,0,0,0,0,0,1,0,0,0,0,0,0,2,0,0,False
6395,logic-ng/logicng,5017ba1eb0240d81a645872e3a36d13f4bdba43b,org/logicng/graphs/algorithms/BronKerboschTest.java,44,1,4,13,0.16,7,1,1,1,0,0,0,1,0,0,0,0,0,0,0,0,0,0,0,1,0,0,False
6396,logic-ng/logicng,5017ba1eb0240d81a645872e3a36d13f4bdba43b,org/logicng/graphs/datastructures/GraphTest.java,65,4,7,37,0.2,13,4,2,0,0,0,0,0,0,0,0,0,1,0,0,0,0,0,0,3,0,0,False
6397,logic-ng/logicng,5017ba1eb0240d81a645872e3a36d13f4bdba43b,org/logicng/graphs/datastructures/HypergraphTest.java,34,2,2,12,0.21,7,2,1,0,0,0,0,0,0,0,0,0,1,0,0,1,0,0,0,2,0,0,False
6398,logic-ng/logicng,5017ba1eb0240d81a645872e3a36d13f4bdba43b,org/logicng/graphs/datastructures/HypergraphEdgeTest.java,39,3,5,21,0.08,3,3,1,0,0,0,0,2,0,0,0,0,0,0,0,1,0,0,0,3,0,0,False
6399,logic-ng/logicng,5017ba1eb0240d81a645872e3a36d13f4bdba43b,org/logicng/graphs/datastructures/HypergraphNodeTest.java,16,1,1,6,0.19,3,1,1,0,0,0,0,0,0,0,0,0,0,0,0,0,0,0,0,1,0,0,False
6400,logic-ng/logicng,5017ba1eb0240d81a645872e3a36d13f4bdba43b,org/logicng/graphs/generators/HypergraphGeneratorTest.java,83,3,8,26,0.28,23,3,2,0,0,0,0,3,0,0,0,0,0,0,0,2,0,0,0,3,0,0,False
6401,logic-ng/logicng,5017ba1eb0240d81a645872e3a36d13f4bdba43b,org/logicng/graphs/io/GraphDimacsFileWriterTest.java,86,6,20,31,0.1,9,6,0,1,0,0,0,3,0,0,0,0,0,0,0,0,3,1,0,3,0,0,False
6402,logic-ng/logicng,5017ba1eb0240d81a645872e3a36d13f4bdba43b,org/logicng/graphs/io/GraphDotFileWriterTest.java,72,5,15,24,0.07,5,5,0,1,0,0,0,3,0,0,0,0,0,0,0,0,3,1,0,3,0,0,False
6403,logic-ng/logicng,5017ba1eb0240d81a645872e3a36d13f4bdba43b,org/logicng/io/parsers/PropositionalParserTest.java,164,29,56,67,0.39,64,29,9,0,0,0,0,27,0,0,0,0,1,0,0,0,0,0,0,29,0,0,False
6404,logic-ng/logicng,5017ba1eb0240d81a645872e3a36d13f4bdba43b,org/logicng/io/parsers/PseudoBooleanParserTest.java,178,29,57,81,0.47,84,29,12,0,0,0,0,28,0,0,0,0,1,0,0,1,0,0,0,29,0,0,False
6405,logic-ng/logicng,5017ba1eb0240d81a645872e3a36d13f4bdba43b,org/logicng/io/writers/FormulaDimacsFileWriterTest.java,58,6,16,20,0.09,5,6,0,0,0,0,0,4,0,0,0,0,0,0,0,0,4,1,0,4,0,0,False
6406,logic-ng/logicng,5017ba1eb0240d81a645872e3a36d13f4bdba43b,org/logicng/io/writers/FormulaDotFileWriterTest.java,53,6,16,16,0.08,4,6,0,0,0,0,0,4,0,0,0,0,0,0,0,0,4,1,0,4,0,0,False
6407,logic-ng/logicng,5017ba1eb0240d81a645872e3a36d13f4bdba43b,org/logicng/predicates/CNFPredicateTest.java,28,2,2,8,0.57,16,2,1,0,0,0,0,0,0,0,0,0,1,0,0,0,0,0,0,2,0,0,False
6408,logic-ng/logicng,5017ba1eb0240d81a645872e3a36d13f4bdba43b,org/logicng/predicates/DNFPredicateTest.java,28,2,2,8,0.57,16,2,1,0,0,0,0,0,0,0,0,0,1,0,0,0,0,0,0,2,0,0,False
6409,logic-ng/logicng,5017ba1eb0240d81a645872e3a36d13f4bdba43b,org/logicng/propositions/ExtendedPropositionTest.java,78,6,14,21,0.32,25,5,5,0,1,0,0,4,0,0,0,1,1,0,0,0,0,0,0,5,0,0,False
6410,logic-ng/logicng,5017ba1eb0240d81a645872e3a36d13f4bdba43b,org/logicng/propositions/StandardPropositionTest.java,68,6,14,18,0.4,27,5,5,0,1,0,0,4,0,0,0,1,1,0,0,0,0,0,0,5,0,0,False
6411,logic-ng/logicng,5017ba1eb0240d81a645872e3a36d13f4bdba43b,org/logicng/pseudobooleans/PBEncoderTest.java,121,9,16,61,0.14,17,8,3,5,1,0,0,0,0,0,0,0,2,0,0,0,1,1,0,7,0,0,False
6412,logic-ng/logicng,5017ba1eb0240d81a645872e3a36d13f4bdba43b,org/logicng/solvers/sat/MiniSatTest.java,40,6,9,22,0.1,4,6,2,0,0,0,0,0,0,0,0,0,1,0,0,0,0,0,0,4,0,0,False
6413,logic-ng/logicng,5017ba1eb0240d81a645872e3a36d13f4bdba43b,org/logicng/solvers/datastructures/LNGHeapTest.java,23,1,1,9,0.22,5,1,1,0,0,0,0,0,0,0,0,0,1,0,0,1,0,0,0,1,0,0,False
6414,logic-ng/logicng,5017ba1eb0240d81a645872e3a36d13f4bdba43b,org/logicng/solvers/sat/GlucoseSyrupTest.java,33,6,11,10,0.03,1,6,0,0,0,0,0,0,0,0,0,0,1,0,0,0,0,0,0,3,0,0,False
6415,logic-ng/logicng,5017ba1eb0240d81a645872e3a36d13f4bdba43b,org/logicng/solvers/sat/MiniCardTest.java,86,8,12,34,0.17,15,8,3,0,0,0,0,0,0,0,0,0,1,0,0,1,0,0,0,6,0,0,False
6416,logic-ng/logicng,5017ba1eb0240d81a645872e3a36d13f4bdba43b,org/logicng/transformations/AnonymizerTest.java,60,4,12,16,0.55,33,4,4,0,0,0,0,4,0,0,0,0,0,0,0,1,0,0,0,4,0,0,False
6417,logic-ng/logicng,5017ba1eb0240d81a645872e3a36d13f4bdba43b,org/logicng/transformations/DistributiveSimplifierTest.java,52,6,20,19,0.5,26,6,6,0,0,0,0,2,0,0,0,0,0,0,0,0,0,0,0,6,0,0,False
6418,logic-ng/logicng,5017ba1eb0240d81a645872e3a36d13f4bdba43b,org/logicng/transformations/FormulaFactoryImporterTest.java,187,12,17,108,0.67,126,12,10,0,0,0,0,1,0,0,0,0,0,0,0,0,0,0,0,10,0,0,False
6419,logic-ng/logicng,5017ba1eb0240d81a645872e3a36d13f4bdba43b,org/logicng/transformations/UnitPropagationTest.java,33,4,9,11,0.48,16,4,4,0,0,0,0,1,0,0,0,0,0,0,0,0,0,0,0,4,0,0,False
6420,logic-ng/logicng,5017ba1eb0240d81a645872e3a36d13f4bdba43b,org/logicng/transformations/cnf/CNFEncoderTest.java,124,11,21,72,0.23,29,11,9,0,0,0,0,9,0,0,0,0,1,0,0,1,0,0,0,11,0,0,False
6421,logic-ng/logicng,5017ba1eb0240d81a645872e3a36d13f4bdba43b,org/logicng/transformations/dnf/DNFFactorizationTest.java,89,10,26,29,0.47,42,8,7,0,0,0,0,5,0,0,0,0,1,0,0,1,0,0,0,8,0,0,False
6422,logic-ng/logicng,5017ba1eb0240d81a645872e3a36d13f4bdba43b,org/logicng/transformations/qmc/TermTest.java,80,3,7,21,0.21,17,3,3,0,0,0,0,1,0,0,0,0,1,0,0,0,0,0,0,3,0,0,False
6423,logic-ng/logicng,5017ba1eb0240d81a645872e3a36d13f4bdba43b,org/logicng/transformations/qmc/TermTableTest.java,47,4,8,19,0.26,12,4,2,0,0,0,0,0,0,0,0,0,1,0,0,1,0,0,0,3,0,0,False
6424,logic-ng/logicng,5017ba1eb0240d81a645872e3a36d13f4bdba43b,org/logicng/util/ComparablePairTest.java,42,5,5,13,0.52,22,5,5,0,0,0,0,0,0,0,0,1,1,0,0,0,0,0,0,5,0,0,False
6425,logic-ng/logicng,5017ba1eb0240d81a645872e3a36d13f4bdba43b,org/logicng/util/PairTest.java,36,4,4,10,0.5,18,4,4,0,0,0,0,0,0,0,0,1,1,0,0,0,0,0,0,4,0,0,False
6426,logic-ng/logicng,976c57f376630c30dbe7a73010cef0c9672caf09,org/logicng/bdds/datastructures/BDDNodeTest.java,65,4,4,33,0.46,30,4,4,0,0,0,0,0,0,0,0,0,0,0,0,1,0,0,0,4,0,0,False
6427,logic-ng/logicng,976c57f376630c30dbe7a73010cef0c9672caf09,org/logicng/bdds/io/BDDDotFileWriterTest.java,36,3,10,11,0.08,3,3,0,0,0,0,0,1,0,0,0,0,0,0,0,0,1,1,0,1,0,0,False
6428,logic-ng/logicng,976c57f376630c30dbe7a73010cef0c9672caf09,org/logicng/bdds/orderings/BFSOrderingTest.java,27,2,5,11,0.37,10,2,1,0,0,0,0,2,0,0,0,0,0,0,0,0,0,0,0,2,0,0,False
6429,logic-ng/logicng,976c57f376630c30dbe7a73010cef0c9672caf09,org/logicng/bdds/orderings/DFSOrderingTest.java,27,2,5,11,0.37,10,2,1,0,0,0,0,2,0,0,0,0,0,0,0,0,0,0,0,2,0,0,False
6430,logic-ng/logicng,976c57f376630c30dbe7a73010cef0c9672caf09,org/logicng/bdds/orderings/ForceOrderingTest.java,33,3,9,17,0.21,7,3,1,0,0,0,0,3,0,0,0,0,0,0,0,0,0,0,0,3,0,0,False
6431,logic-ng/logicng,976c57f376630c30dbe7a73010cef0c9672caf09,org/logicng/collections/ImmutableFormulaListTest.java,15,1,3,3,0.13,2,1,1,0,0,0,0,0,0,0,0,1,0,0,0,0,0,0,0,1,0,0,False
6432,logic-ng/logicng,976c57f376630c30dbe7a73010cef0c9672caf09,org/logicng/collections/LNGBooleanVectorTest.java,148,11,23,68,0.41,60,11,9,9,0,0,0,0,0,0,0,0,1,0,0,4,0,0,0,11,0,0,False
6433,logic-ng/logicng,976c57f376630c30dbe7a73010cef0c9672caf09,org/logicng/collections/LNGByteVectorTest.java,165,12,26,76,0.35,58,12,10,11,0,0,0,0,0,0,0,0,1,0,0,4,0,0,0,12,0,0,False
6434,logic-ng/logicng,976c57f376630c30dbe7a73010cef0c9672caf09,org/logicng/collections/LNGDoublePriorityQueueTest.java,109,6,6,31,0.39,43,6,5,0,0,0,0,0,0,0,0,0,1,0,0,3,0,0,0,6,0,0,False
6435,logic-ng/logicng,976c57f376630c30dbe7a73010cef0c9672caf09,org/logicng/collections/LNGDoubleVectorTest.java,162,12,26,75,0.35,57,12,10,11,0,0,0,0,0,0,0,0,1,0,0,5,0,0,0,12,0,0,False
6436,logic-ng/logicng,976c57f376630c30dbe7a73010cef0c9672caf09,org/logicng/collections/LNGIntVectorTest.java,162,12,26,75,0.35,57,12,10,11,0,0,0,0,0,0,0,0,1,0,0,4,0,0,0,12,0,0,False
6437,logic-ng/logicng,976c57f376630c30dbe7a73010cef0c9672caf09,org/logicng/collections/LNGLongPriorityQueueTest.java,88,5,5,25,0.41,36,5,4,0,0,0,0,0,0,0,0,0,1,0,0,2,0,0,0,5,0,0,False
6438,logic-ng/logicng,976c57f376630c30dbe7a73010cef0c9672caf09,org/logicng/collections/LNGLongVectorTest.java,165,12,26,76,0.35,58,12,10,11,0,0,0,0,0,0,0,0,1,0,0,4,0,0,0,12,0,0,False
6439,logic-ng/logicng,976c57f376630c30dbe7a73010cef0c9672caf09,org/logicng/collections/LNGVectorTest.java,295,23,49,138,0.36,105,21,18,20,1,0,0,0,0,0,0,0,2,0,0,7,0,0,0,21,0,0,False
6440,logic-ng/logicng,976c57f376630c30dbe7a73010cef0c9672caf09,org/logicng/datastructures/AssignmentTest.java,149,14,17,68,0.45,67,14,13,0,0,0,0,1,0,0,0,2,2,0,0,3,0,0,0,14,0,0,False
6441,logic-ng/logicng,976c57f376630c30dbe7a73010cef0c9672caf09,org/logicng/formulas/SubstitutionTest.java,113,13,17,38,0.35,40,12,9,0,1,0,0,4,0,0,0,1,1,0,0,0,0,0,0,12,0,0,False
6442,logic-ng/logicng,976c57f376630c30dbe7a73010cef0c9672caf09,org/logicng/explanations/unsatcores/MUSConfigTest.java,12,1,1,9,0.17,2,1,1,0,0,0,0,0,0,0,0,0,1,0,0,0,0,0,0,1,0,0,False
6443,logic-ng/logicng,976c57f376630c30dbe7a73010cef0c9672caf09,org/logicng/explanations/unsatcores/MUSGenerationTest.java,102,7,19,29,0.06,6,6,0,0,1,0,0,2,0,0,0,0,1,0,0,0,2,1,0,3,0,0,False
6444,logic-ng/logicng,976c57f376630c30dbe7a73010cef0c9672caf09,org/logicng/explanations/unsatcores/UNSATCoreTest.java,53,5,7,13,0.28,15,4,4,0,1,0,0,0,0,0,0,2,1,0,0,0,0,0,0,4,0,0,False
6445,logic-ng/logicng,976c57f376630c30dbe7a73010cef0c9672caf09,org/logicng/formulas/AndTest.java,127,16,19,60,0.57,73,16,13,0,0,0,0,2,0,0,0,1,1,0,0,3,0,0,0,16,0,0,False
6446,logic-ng/logicng,976c57f376630c30dbe7a73010cef0c9672caf09,org/logicng/formulas/CFalseTest.java,52,14,16,36,0.33,17,14,0,0,0,0,0,1,0,0,0,0,1,0,0,0,0,0,0,14,0,0,False
6447,logic-ng/logicng,976c57f376630c30dbe7a73010cef0c9672caf09,org/logicng/formulas/CTrueTest.java,53,14,16,36,0.34,18,14,1,0,0,0,0,1,0,0,0,0,1,0,0,1,0,0,0,14,0,0,False
6448,logic-ng/logicng,976c57f376630c30dbe7a73010cef0c9672caf09,org/logicng/formulas/EquivalenceTest.java,113,16,18,50,0.57,64,16,15,0,0,0,0,1,0,0,0,1,1,0,0,4,0,0,0,16,0,0,False
6449,logic-ng/logicng,976c57f376630c30dbe7a73010cef0c9672caf09,org/logicng/formulas/ExtendedFormulaFactoryTest.java,113,7,14,46,0.12,14,7,2,0,0,0,0,0,0,0,0,0,0,0,0,2,0,1,0,5,0,0,False
6450,logic-ng/logicng,976c57f376630c30dbe7a73010cef0c9672caf09,org/logicng/formulas/FormulaTest.java,62,8,13,38,0.29,18,6,5,0,0,0,0,0,0,0,0,0,0,0,0,0,0,0,0,6,0,0,False
6451,logic-ng/logicng,976c57f376630c30dbe7a73010cef0c9672caf09,org/logicng/formulas/FormulaFactoryTest.java,98,6,8,40,0.29,28,6,3,1,0,0,0,1,0,0,0,0,1,0,0,1,0,0,0,6,0,0,False
6452,logic-ng/logicng,976c57f376630c30dbe7a73010cef0c9672caf09,org/logicng/formulas/ImplicationTest.java,109,17,19,50,0.52,57,17,15,0,0,0,0,1,0,0,0,1,1,0,0,4,0,0,0,17,0,0,False
6453,logic-ng/logicng,976c57f376630c30dbe7a73010cef0c9672caf09,org/logicng/formulas/LiteralTest.java,110,19,20,54,0.55,61,19,18,0,0,0,0,0,0,0,0,1,1,0,0,2,1,0,0,19,0,0,False
6454,logic-ng/logicng,976c57f376630c30dbe7a73010cef0c9672caf09,org/logicng/formulas/NotTest.java,91,15,17,46,0.52,47,15,14,0,0,0,0,1,0,0,0,1,1,0,0,3,0,0,0,15,0,0,False
6455,logic-ng/logicng,976c57f376630c30dbe7a73010cef0c9672caf09,org/logicng/formulas/OrTest.java,123,15,18,55,0.59,72,15,13,0,0,0,0,2,0,0,0,1,1,0,0,3,0,0,0,15,0,0,False
6456,logic-ng/logicng,976c57f376630c30dbe7a73010cef0c9672caf09,org/logicng/formulas/PBConstraintTest.java,468,30,34,153,0.53,247,29,26,0,1,0,0,1,0,0,0,2,5,0,0,3,0,0,0,29,0,0,False
6457,logic-ng/logicng,976c57f376630c30dbe7a73010cef0c9672caf09,org/logicng/formulas/printer/DefaultStringRepresentationTest.java,33,2,2,7,0.64,21,2,1,0,0,0,0,0,0,0,0,0,1,0,0,0,0,0,0,2,0,0,False
6458,logic-ng/logicng,976c57f376630c30dbe7a73010cef0c9672caf09,org/logicng/formulas/printer/LatexStringRepresentationTest.java,35,2,2,9,0.63,22,2,2,0,0,0,0,0,0,0,0,0,1,0,0,0,0,0,0,2,0,0,False
6459,logic-ng/logicng,976c57f376630c30dbe7a73010cef0c9672caf09,org/logicng/formulas/printer/UTF8StringRepresentationTest.java,35,2,2,9,0.63,22,2,2,0,0,0,0,0,0,0,0,0,1,0,0,0,0,0,0,2,0,0,False
6460,logic-ng/logicng,976c57f376630c30dbe7a73010cef0c9672caf09,org/logicng/graphs/algorithms/BronKerboschTest.java,44,1,4,13,0.16,7,1,1,1,0,0,0,1,0,0,0,0,0,0,0,0,0,0,0,1,0,0,False
6461,logic-ng/logicng,976c57f376630c30dbe7a73010cef0c9672caf09,org/logicng/graphs/datastructures/GraphTest.java,65,4,7,37,0.2,13,4,2,0,0,0,0,0,0,0,0,0,1,0,0,0,0,0,0,3,0,0,False
6462,logic-ng/logicng,976c57f376630c30dbe7a73010cef0c9672caf09,org/logicng/graphs/datastructures/HypergraphTest.java,34,2,2,12,0.21,7,2,1,0,0,0,0,0,0,0,0,0,1,0,0,1,0,0,0,2,0,0,False
6463,logic-ng/logicng,976c57f376630c30dbe7a73010cef0c9672caf09,org/logicng/graphs/datastructures/HypergraphEdgeTest.java,39,3,5,21,0.08,3,3,1,0,0,0,0,2,0,0,0,0,0,0,0,1,0,0,0,3,0,0,False
6464,logic-ng/logicng,976c57f376630c30dbe7a73010cef0c9672caf09,org/logicng/graphs/datastructures/HypergraphNodeTest.java,16,1,1,6,0.19,3,1,1,0,0,0,0,0,0,0,0,0,0,0,0,0,0,0,0,1,0,0,False
6465,logic-ng/logicng,976c57f376630c30dbe7a73010cef0c9672caf09,org/logicng/graphs/generators/HypergraphGeneratorTest.java,83,3,8,26,0.28,23,3,2,0,0,0,0,3,0,0,0,0,0,0,0,2,0,0,0,3,0,0,False
6466,logic-ng/logicng,976c57f376630c30dbe7a73010cef0c9672caf09,org/logicng/graphs/io/GraphDimacsFileWriterTest.java,86,6,20,31,0.1,9,6,0,1,0,0,0,3,0,0,0,0,0,0,0,0,3,1,0,3,0,0,False
6467,logic-ng/logicng,976c57f376630c30dbe7a73010cef0c9672caf09,org/logicng/graphs/io/GraphDotFileWriterTest.java,72,5,15,24,0.07,5,5,0,1,0,0,0,3,0,0,0,0,0,0,0,0,3,1,0,3,0,0,False
6468,logic-ng/logicng,976c57f376630c30dbe7a73010cef0c9672caf09,org/logicng/io/parsers/PropositionalParserTest.java,164,29,56,67,0.39,64,29,9,0,0,0,0,27,0,0,0,0,1,0,0,0,0,0,0,29,0,0,False
6469,logic-ng/logicng,976c57f376630c30dbe7a73010cef0c9672caf09,org/logicng/io/parsers/PseudoBooleanParserTest.java,178,29,57,81,0.47,84,29,12,0,0,0,0,28,0,0,0,0,1,0,0,1,0,0,0,29,0,0,False
6470,logic-ng/logicng,976c57f376630c30dbe7a73010cef0c9672caf09,org/logicng/io/writers/FormulaDimacsFileWriterTest.java,58,6,16,20,0.09,5,6,0,0,0,0,0,4,0,0,0,0,0,0,0,0,4,1,0,4,0,0,False
6471,logic-ng/logicng,976c57f376630c30dbe7a73010cef0c9672caf09,org/logicng/io/writers/FormulaDotFileWriterTest.java,53,6,16,16,0.08,4,6,0,0,0,0,0,4,0,0,0,0,0,0,0,0,4,1,0,4,0,0,False
6472,logic-ng/logicng,976c57f376630c30dbe7a73010cef0c9672caf09,org/logicng/predicates/CNFPredicateTest.java,28,2,2,8,0.57,16,2,1,0,0,0,0,0,0,0,0,0,1,0,0,0,0,0,0,2,0,0,False
6473,logic-ng/logicng,976c57f376630c30dbe7a73010cef0c9672caf09,org/logicng/predicates/DNFPredicateTest.java,28,2,2,8,0.57,16,2,1,0,0,0,0,0,0,0,0,0,1,0,0,0,0,0,0,2,0,0,False
6474,logic-ng/logicng,976c57f376630c30dbe7a73010cef0c9672caf09,org/logicng/propositions/ExtendedPropositionTest.java,78,6,14,21,0.32,25,5,5,0,1,0,0,4,0,0,0,1,1,0,0,0,0,0,0,5,0,0,False
6475,logic-ng/logicng,976c57f376630c30dbe7a73010cef0c9672caf09,org/logicng/propositions/StandardPropositionTest.java,68,6,14,18,0.4,27,5,5,0,1,0,0,4,0,0,0,1,1,0,0,0,0,0,0,5,0,0,False
6476,logic-ng/logicng,976c57f376630c30dbe7a73010cef0c9672caf09,org/logicng/pseudobooleans/PBEncoderTest.java,121,9,15,60,0.14,17,8,3,5,1,0,0,0,0,0,0,0,2,0,0,0,1,1,0,7,0,0,False
6477,logic-ng/logicng,976c57f376630c30dbe7a73010cef0c9672caf09,org/logicng/solvers/sat/MiniSatTest.java,40,6,9,22,0.1,4,6,2,0,0,0,0,0,0,0,0,0,1,0,0,0,0,0,0,4,0,0,False
6478,logic-ng/logicng,976c57f376630c30dbe7a73010cef0c9672caf09,org/logicng/solvers/datastructures/LNGHeapTest.java,23,1,1,9,0.22,5,1,1,0,0,0,0,0,0,0,0,0,1,0,0,1,0,0,0,1,0,0,False
6479,logic-ng/logicng,976c57f376630c30dbe7a73010cef0c9672caf09,org/logicng/solvers/sat/GlucoseSyrupTest.java,33,6,10,9,0.03,1,6,0,0,0,0,0,0,0,0,0,0,1,0,0,0,0,0,0,3,0,0,False
6480,logic-ng/logicng,976c57f376630c30dbe7a73010cef0c9672caf09,org/logicng/solvers/sat/MiniCardTest.java,86,8,11,33,0.17,15,8,3,0,0,0,0,0,0,0,0,0,1,0,0,1,0,0,0,6,0,0,False
6481,logic-ng/logicng,976c57f376630c30dbe7a73010cef0c9672caf09,org/logicng/transformations/AnonymizerTest.java,60,4,12,16,0.55,33,4,4,0,0,0,0,4,0,0,0,0,0,0,0,1,0,0,0,4,0,0,False
6482,logic-ng/logicng,976c57f376630c30dbe7a73010cef0c9672caf09,org/logicng/transformations/DistributiveSimplifierTest.java,52,6,20,19,0.5,26,6,6,0,0,0,0,2,0,0,0,0,0,0,0,0,0,0,0,6,0,0,False
6483,logic-ng/logicng,976c57f376630c30dbe7a73010cef0c9672caf09,org/logicng/transformations/FormulaFactoryImporterTest.java,165,11,14,95,0.75,123,11,9,0,0,0,0,0,0,0,0,0,0,0,0,0,0,0,0,9,0,0,False
6484,logic-ng/logicng,976c57f376630c30dbe7a73010cef0c9672caf09,org/logicng/transformations/UnitPropagationTest.java,33,4,9,11,0.48,16,4,4,0,0,0,0,1,0,0,0,0,0,0,0,0,0,0,0,4,0,0,False
6485,logic-ng/logicng,976c57f376630c30dbe7a73010cef0c9672caf09,org/logicng/transformations/cnf/CNFEncoderTest.java,124,11,20,71,0.23,29,11,9,0,0,0,0,9,0,0,0,0,1,0,0,1,0,0,0,11,0,0,False
6486,logic-ng/logicng,976c57f376630c30dbe7a73010cef0c9672caf09,org/logicng/transformations/dnf/DNFFactorizationTest.java,89,10,26,29,0.47,42,8,7,0,0,0,0,5,0,0,0,0,1,0,0,1,0,0,0,8,0,0,False
6487,logic-ng/logicng,976c57f376630c30dbe7a73010cef0c9672caf09,org/logicng/transformations/qmc/TermTest.java,80,3,7,21,0.21,17,3,3,0,0,0,0,1,0,0,0,0,1,0,0,0,0,0,0,3,0,0,False
6488,logic-ng/logicng,976c57f376630c30dbe7a73010cef0c9672caf09,org/logicng/transformations/qmc/TermTableTest.java,47,4,7,18,0.26,12,4,2,0,0,0,0,0,0,0,0,0,1,0,0,1,0,0,0,3,0,0,False
6489,logic-ng/logicng,976c57f376630c30dbe7a73010cef0c9672caf09,org/logicng/util/ComparablePairTest.java,42,5,5,13,0.52,22,5,5,0,0,0,0,0,0,0,0,1,1,0,0,0,0,0,0,5,0,0,False
6490,logic-ng/logicng,976c57f376630c30dbe7a73010cef0c9672caf09,org/logicng/util/PairTest.java,36,4,4,10,0.5,18,4,4,0,0,0,0,0,0,0,0,1,1,0,0,0,0,0,0,4,0,0,False
6491,logic-ng/logicng,651ec94b0182fc342a55ace616e81e8525243813,org/logicng/collections/ImmutableFormulaListTest.java,15,1,3,3,0.13,2,1,1,0,0,0,0,0,0,0,0,1,0,0,0,0,0,0,0,1,0,0,False
6492,logic-ng/logicng,651ec94b0182fc342a55ace616e81e8525243813,org/logicng/collections/LNGBooleanVectorTest.java,148,11,23,68,0.41,60,11,9,9,0,0,0,0,0,0,0,0,1,0,0,4,0,0,0,11,0,0,False
6493,logic-ng/logicng,651ec94b0182fc342a55ace616e81e8525243813,org/logicng/collections/LNGByteVectorTest.java,165,12,26,76,0.35,58,12,10,11,0,0,0,0,0,0,0,0,1,0,0,4,0,0,0,12,0,0,False
6494,logic-ng/logicng,651ec94b0182fc342a55ace616e81e8525243813,org/logicng/collections/LNGDoublePriorityQueueTest.java,109,6,6,31,0.39,43,6,5,0,0,0,0,0,0,0,0,0,1,0,0,3,0,0,0,6,0,0,False
6495,logic-ng/logicng,651ec94b0182fc342a55ace616e81e8525243813,org/logicng/collections/LNGDoubleVectorTest.java,162,12,26,75,0.35,57,12,10,11,0,0,0,0,0,0,0,0,1,0,0,5,0,0,0,12,0,0,False
6496,logic-ng/logicng,651ec94b0182fc342a55ace616e81e8525243813,org/logicng/collections/LNGIntVectorTest.java,162,12,26,75,0.35,57,12,10,11,0,0,0,0,0,0,0,0,1,0,0,4,0,0,0,12,0,0,False
6497,logic-ng/logicng,651ec94b0182fc342a55ace616e81e8525243813,org/logicng/collections/LNGLongPriorityQueueTest.java,88,5,5,25,0.41,36,5,4,0,0,0,0,0,0,0,0,0,1,0,0,2,0,0,0,5,0,0,False
6498,logic-ng/logicng,651ec94b0182fc342a55ace616e81e8525243813,org/logicng/collections/LNGLongVectorTest.java,165,12,26,76,0.35,58,12,10,11,0,0,0,0,0,0,0,0,1,0,0,4,0,0,0,12,0,0,False
6499,logic-ng/logicng,651ec94b0182fc342a55ace616e81e8525243813,org/logicng/collections/LNGVectorTest.java,295,23,49,138,0.36,105,21,18,20,1,0,0,0,0,0,0,0,2,0,0,7,0,0,0,21,0,0,False
6500,logic-ng/logicng,651ec94b0182fc342a55ace616e81e8525243813,org/logicng/datastructures/AssignmentTest.java,149,14,17,68,0.45,67,14,13,0,0,0,0,1,0,0,0,2,2,0,0,3,0,0,0,14,0,0,False
6501,logic-ng/logicng,651ec94b0182fc342a55ace616e81e8525243813,org/logicng/formulas/SubstitutionTest.java,113,13,17,38,0.35,40,12,9,0,1,0,0,4,0,0,0,1,1,0,0,0,0,0,0,12,0,0,False
6502,logic-ng/logicng,651ec94b0182fc342a55ace616e81e8525243813,org/logicng/explanations/unsatcores/MUSConfigTest.java,12,1,1,9,0.17,2,1,1,0,0,0,0,0,0,0,0,0,1,0,0,0,0,0,0,1,0,0,False
6503,logic-ng/logicng,651ec94b0182fc342a55ace616e81e8525243813,org/logicng/explanations/unsatcores/MUSGenerationTest.java,102,7,19,29,0.06,6,6,0,0,1,0,0,2,0,0,0,0,1,0,0,0,2,1,0,3,0,0,False
6504,logic-ng/logicng,651ec94b0182fc342a55ace616e81e8525243813,org/logicng/explanations/unsatcores/UNSATCoreTest.java,53,5,7,13,0.28,15,4,4,0,1,0,0,0,0,0,0,2,1,0,0,0,0,0,0,4,0,0,False
6505,logic-ng/logicng,651ec94b0182fc342a55ace616e81e8525243813,org/logicng/formulas/AndTest.java,127,16,19,60,0.57,73,16,13,0,0,0,0,2,0,0,0,1,1,0,0,3,0,0,0,16,0,0,False
6506,logic-ng/logicng,651ec94b0182fc342a55ace616e81e8525243813,org/logicng/formulas/CFalseTest.java,52,14,16,36,0.33,17,14,0,0,0,0,0,1,0,0,0,0,1,0,0,0,0,0,0,14,0,0,False
6507,logic-ng/logicng,651ec94b0182fc342a55ace616e81e8525243813,org/logicng/formulas/CTrueTest.java,53,14,16,36,0.34,18,14,1,0,0,0,0,1,0,0,0,0,1,0,0,1,0,0,0,14,0,0,False
6508,logic-ng/logicng,651ec94b0182fc342a55ace616e81e8525243813,org/logicng/formulas/EquivalenceTest.java,113,16,18,50,0.57,64,16,15,0,0,0,0,1,0,0,0,1,1,0,0,4,0,0,0,16,0,0,False
6509,logic-ng/logicng,651ec94b0182fc342a55ace616e81e8525243813,org/logicng/formulas/ExtendedFormulaFactoryTest.java,113,7,14,46,0.12,14,7,2,0,0,0,0,0,0,0,0,0,0,0,0,2,0,1,0,5,0,0,False
6510,logic-ng/logicng,651ec94b0182fc342a55ace616e81e8525243813,org/logicng/formulas/FormulaTest.java,62,8,13,38,0.29,18,6,5,0,0,0,0,0,0,0,0,0,0,0,0,0,0,0,0,6,0,0,False
6511,logic-ng/logicng,651ec94b0182fc342a55ace616e81e8525243813,org/logicng/formulas/FormulaFactoryTest.java,98,6,8,40,0.29,28,6,3,1,0,0,0,1,0,0,0,0,1,0,0,1,0,0,0,6,0,0,False
6512,logic-ng/logicng,651ec94b0182fc342a55ace616e81e8525243813,org/logicng/formulas/ImplicationTest.java,109,17,19,50,0.52,57,17,15,0,0,0,0,1,0,0,0,1,1,0,0,4,0,0,0,17,0,0,False
6513,logic-ng/logicng,651ec94b0182fc342a55ace616e81e8525243813,org/logicng/formulas/LiteralTest.java,110,19,20,54,0.55,61,19,18,0,0,0,0,0,0,0,0,1,1,0,0,2,1,0,0,19,0,0,False
6514,logic-ng/logicng,651ec94b0182fc342a55ace616e81e8525243813,org/logicng/formulas/NotTest.java,91,15,17,46,0.52,47,15,14,0,0,0,0,1,0,0,0,1,1,0,0,3,0,0,0,15,0,0,False
6515,logic-ng/logicng,651ec94b0182fc342a55ace616e81e8525243813,org/logicng/formulas/OrTest.java,123,15,18,55,0.59,72,15,13,0,0,0,0,2,0,0,0,1,1,0,0,3,0,0,0,15,0,0,False
6516,logic-ng/logicng,651ec94b0182fc342a55ace616e81e8525243813,org/logicng/formulas/PBConstraintTest.java,468,30,34,153,0.53,247,29,26,0,1,0,0,1,0,0,0,2,5,0,0,3,0,0,0,29,0,0,False
6517,logic-ng/logicng,651ec94b0182fc342a55ace616e81e8525243813,org/logicng/formulas/printer/DefaultStringRepresentationTest.java,33,2,2,7,0.64,21,2,1,0,0,0,0,0,0,0,0,0,1,0,0,0,0,0,0,2,0,0,False
6518,logic-ng/logicng,651ec94b0182fc342a55ace616e81e8525243813,org/logicng/formulas/printer/LatexStringRepresentationTest.java,35,2,2,9,0.63,22,2,2,0,0,0,0,0,0,0,0,0,1,0,0,0,0,0,0,2,0,0,False
6519,logic-ng/logicng,651ec94b0182fc342a55ace616e81e8525243813,org/logicng/formulas/printer/UTF8StringRepresentationTest.java,35,2,2,9,0.63,22,2,2,0,0,0,0,0,0,0,0,0,1,0,0,0,0,0,0,2,0,0,False
6520,logic-ng/logicng,651ec94b0182fc342a55ace616e81e8525243813,org/logicng/graphs/algorithms/BronKerboschTest.java,44,1,4,13,0.16,7,1,1,1,0,0,0,1,0,0,0,0,0,0,0,0,0,0,0,1,0,0,False
6521,logic-ng/logicng,651ec94b0182fc342a55ace616e81e8525243813,org/logicng/graphs/datastructures/GraphTest.java,65,4,7,37,0.2,13,4,2,0,0,0,0,0,0,0,0,0,1,0,0,0,0,0,0,3,0,0,False
6522,logic-ng/logicng,651ec94b0182fc342a55ace616e81e8525243813,org/logicng/graphs/io/GraphDimacsFileWriterTest.java,86,6,20,31,0.1,9,6,0,1,0,0,0,3,0,0,0,0,0,0,0,0,3,1,0,3,0,0,False
6523,logic-ng/logicng,651ec94b0182fc342a55ace616e81e8525243813,org/logicng/graphs/io/GraphDotFileWriterTest.java,72,5,15,24,0.07,5,5,0,1,0,0,0,3,0,0,0,0,0,0,0,0,3,1,0,3,0,0,False
6524,logic-ng/logicng,651ec94b0182fc342a55ace616e81e8525243813,org/logicng/io/parsers/PropositionalParserTest.java,138,24,47,51,0.43,59,24,7,0,0,0,0,23,0,0,0,0,1,0,0,0,0,0,0,24,0,0,False
6525,logic-ng/logicng,651ec94b0182fc342a55ace616e81e8525243813,org/logicng/io/parsers/PseudoBooleanParserTest.java,176,30,59,76,0.45,80,30,11,0,0,0,0,29,0,0,0,0,1,0,0,1,0,0,0,30,0,0,False
6526,logic-ng/logicng,651ec94b0182fc342a55ace616e81e8525243813,org/logicng/io/writers/FormulaDimacsFileWriterTest.java,58,6,16,20,0.09,5,6,0,0,0,0,0,4,0,0,0,0,0,0,0,0,4,1,0,4,0,0,False
6527,logic-ng/logicng,651ec94b0182fc342a55ace616e81e8525243813,org/logicng/io/writers/FormulaDotFileWriterTest.java,53,6,16,16,0.08,4,6,0,0,0,0,0,4,0,0,0,0,0,0,0,0,4,1,0,4,0,0,False
6528,logic-ng/logicng,651ec94b0182fc342a55ace616e81e8525243813,org/logicng/predicates/CNFPredicateTest.java,28,2,2,8,0.57,16,2,1,0,0,0,0,0,0,0,0,0,1,0,0,0,0,0,0,2,0,0,False
6529,logic-ng/logicng,651ec94b0182fc342a55ace616e81e8525243813,org/logicng/predicates/DNFPredicateTest.java,28,2,2,8,0.57,16,2,1,0,0,0,0,0,0,0,0,0,1,0,0,0,0,0,0,2,0,0,False
6530,logic-ng/logicng,651ec94b0182fc342a55ace616e81e8525243813,org/logicng/propositions/ExtendedPropositionTest.java,78,6,14,21,0.32,25,5,5,0,1,0,0,4,0,0,0,1,1,0,0,0,0,0,0,5,0,0,False
6531,logic-ng/logicng,651ec94b0182fc342a55ace616e81e8525243813,org/logicng/propositions/StandardPropositionTest.java,68,6,14,18,0.4,27,5,5,0,1,0,0,4,0,0,0,1,1,0,0,0,0,0,0,5,0,0,False
6532,logic-ng/logicng,651ec94b0182fc342a55ace616e81e8525243813,org/logicng/pseudobooleans/PBEncoderTest.java,121,9,15,60,0.14,17,8,3,5,1,0,0,0,0,0,0,0,2,0,0,0,1,1,0,7,0,0,False
6533,logic-ng/logicng,651ec94b0182fc342a55ace616e81e8525243813,org/logicng/solvers/sat/MiniSatTest.java,40,6,9,22,0.1,4,6,2,0,0,0,0,0,0,0,0,0,1,0,0,0,0,0,0,4,0,0,False
6534,logic-ng/logicng,651ec94b0182fc342a55ace616e81e8525243813,org/logicng/solvers/datastructures/LNGHeapTest.java,23,1,1,9,0.22,5,1,1,0,0,0,0,0,0,0,0,0,1,0,0,1,0,0,0,1,0,0,False
6535,logic-ng/logicng,651ec94b0182fc342a55ace616e81e8525243813,org/logicng/solvers/sat/GlucoseSyrupTest.java,33,6,10,9,0.03,1,6,0,0,0,0,0,0,0,0,0,0,1,0,0,0,0,0,0,3,0,0,False
6536,logic-ng/logicng,651ec94b0182fc342a55ace616e81e8525243813,org/logicng/solvers/sat/MiniCardTest.java,86,8,11,33,0.17,15,8,3,0,0,0,0,0,0,0,0,0,1,0,0,1,0,0,0,6,0,0,False
6537,logic-ng/logicng,651ec94b0182fc342a55ace616e81e8525243813,org/logicng/transformations/DistributiveSimplifierTest.java,52,6,20,19,0.5,26,6,6,0,0,0,0,2,0,0,0,0,0,0,0,0,0,0,0,6,0,0,False
6538,logic-ng/logicng,651ec94b0182fc342a55ace616e81e8525243813,org/logicng/transformations/FormulaFactoryImporterTest.java,165,11,14,95,0.75,123,11,9,0,0,0,0,0,0,0,0,0,0,0,0,0,0,0,0,9,0,0,False
6539,logic-ng/logicng,651ec94b0182fc342a55ace616e81e8525243813,org/logicng/transformations/UnitPropagationTest.java,33,4,9,11,0.48,16,4,4,0,0,0,0,1,0,0,0,0,0,0,0,0,0,0,0,4,0,0,False
6540,logic-ng/logicng,651ec94b0182fc342a55ace616e81e8525243813,org/logicng/transformations/cnf/CNFEncoderTest.java,124,11,20,71,0.23,29,11,9,0,0,0,0,9,0,0,0,0,1,0,0,1,0,0,0,11,0,0,False
6541,logic-ng/logicng,651ec94b0182fc342a55ace616e81e8525243813,org/logicng/util/ComparablePairTest.java,42,5,5,13,0.52,22,5,5,0,0,0,0,0,0,0,0,1,1,0,0,0,0,0,0,5,0,0,False
6542,logic-ng/logicng,651ec94b0182fc342a55ace616e81e8525243813,org/logicng/util/PairTest.java,36,4,4,10,0.5,18,4,4,0,0,0,0,0,0,0,0,1,1,0,0,0,0,0,0,4,0,0,False
6543,logic-ng/logicng,056a86aaa5548661940b9395030c3ffb448b11e5,org/logicng/collections/ImmutableFormulaListTest.java,15,1,3,3,0.13,2,1,1,0,0,0,0,0,0,0,0,1,0,0,0,0,0,0,0,1,0,0,False
6544,logic-ng/logicng,056a86aaa5548661940b9395030c3ffb448b11e5,org/logicng/collections/LNGBooleanVectorTest.java,148,11,23,68,0.41,60,11,9,9,0,0,0,0,0,0,0,0,1,0,0,4,0,0,0,11,0,0,False
6545,logic-ng/logicng,056a86aaa5548661940b9395030c3ffb448b11e5,org/logicng/collections/LNGByteVectorTest.java,165,12,26,76,0.35,58,12,10,11,0,0,0,0,0,0,0,0,1,0,0,4,0,0,0,12,0,0,False
6546,logic-ng/logicng,056a86aaa5548661940b9395030c3ffb448b11e5,org/logicng/collections/LNGDoublePriorityQueueTest.java,109,6,6,31,0.39,43,6,5,0,0,0,0,0,0,0,0,0,1,0,0,3,0,0,0,6,0,0,False
6547,logic-ng/logicng,056a86aaa5548661940b9395030c3ffb448b11e5,org/logicng/collections/LNGDoubleVectorTest.java,162,12,26,75,0.35,57,12,10,11,0,0,0,0,0,0,0,0,1,0,0,5,0,0,0,12,0,0,False
6548,logic-ng/logicng,056a86aaa5548661940b9395030c3ffb448b11e5,org/logicng/collections/LNGIntVectorTest.java,162,12,26,75,0.35,57,12,10,11,0,0,0,0,0,0,0,0,1,0,0,4,0,0,0,12,0,0,False
6549,logic-ng/logicng,056a86aaa5548661940b9395030c3ffb448b11e5,org/logicng/collections/LNGLongPriorityQueueTest.java,88,5,5,25,0.41,36,5,4,0,0,0,0,0,0,0,0,0,1,0,0,2,0,0,0,5,0,0,False
6550,logic-ng/logicng,056a86aaa5548661940b9395030c3ffb448b11e5,org/logicng/collections/LNGLongVectorTest.java,165,12,26,76,0.35,58,12,10,11,0,0,0,0,0,0,0,0,1,0,0,4,0,0,0,12,0,0,False
6551,logic-ng/logicng,056a86aaa5548661940b9395030c3ffb448b11e5,org/logicng/collections/LNGVectorTest.java,295,23,49,138,0.36,105,21,18,20,1,0,0,0,0,0,0,0,2,0,0,7,0,0,0,21,0,0,False
6552,logic-ng/logicng,056a86aaa5548661940b9395030c3ffb448b11e5,org/logicng/datastructures/AssignmentTest.java,149,14,17,68,0.45,67,14,13,0,0,0,0,1,0,0,0,2,2,0,0,3,0,0,0,14,0,0,False
6553,logic-ng/logicng,056a86aaa5548661940b9395030c3ffb448b11e5,org/logicng/formulas/SubstitutionTest.java,113,13,17,38,0.35,40,12,9,0,1,0,0,4,0,0,0,1,1,0,0,0,0,0,0,12,0,0,False
6554,logic-ng/logicng,056a86aaa5548661940b9395030c3ffb448b11e5,org/logicng/explanations/unsatcores/MUSConfigTest.java,12,1,1,9,0.17,2,1,1,0,0,0,0,0,0,0,0,0,1,0,0,0,0,0,0,1,0,0,False
6555,logic-ng/logicng,056a86aaa5548661940b9395030c3ffb448b11e5,org/logicng/explanations/unsatcores/MUSGenerationTest.java,102,7,19,29,0.06,6,6,0,0,1,0,0,2,0,0,0,0,1,0,0,0,2,1,0,3,0,0,False
6556,logic-ng/logicng,056a86aaa5548661940b9395030c3ffb448b11e5,org/logicng/explanations/unsatcores/UNSATCoreTest.java,53,5,7,13,0.28,15,4,4,0,1,0,0,0,0,0,0,2,1,0,0,0,0,0,0,4,0,0,False
6557,logic-ng/logicng,056a86aaa5548661940b9395030c3ffb448b11e5,org/logicng/formulas/AndTest.java,127,16,19,60,0.57,73,16,13,0,0,0,0,2,0,0,0,1,1,0,0,3,0,0,0,16,0,0,False
6558,logic-ng/logicng,056a86aaa5548661940b9395030c3ffb448b11e5,org/logicng/formulas/CFalseTest.java,52,14,16,36,0.33,17,14,0,0,0,0,0,1,0,0,0,0,1,0,0,0,0,0,0,14,0,0,False
6559,logic-ng/logicng,056a86aaa5548661940b9395030c3ffb448b11e5,org/logicng/formulas/CTrueTest.java,53,14,16,36,0.34,18,14,1,0,0,0,0,1,0,0,0,0,1,0,0,1,0,0,0,14,0,0,False
6560,logic-ng/logicng,056a86aaa5548661940b9395030c3ffb448b11e5,org/logicng/formulas/EquivalenceTest.java,113,16,18,50,0.57,64,16,15,0,0,0,0,1,0,0,0,1,1,0,0,4,0,0,0,16,0,0,False
6561,logic-ng/logicng,056a86aaa5548661940b9395030c3ffb448b11e5,org/logicng/formulas/ExtendedFormulaFactoryTest.java,113,7,14,46,0.12,14,7,2,0,0,0,0,0,0,0,0,0,0,0,0,2,0,1,0,5,0,0,False
6562,logic-ng/logicng,056a86aaa5548661940b9395030c3ffb448b11e5,org/logicng/formulas/FormulaTest.java,62,8,13,38,0.29,18,6,5,0,0,0,0,0,0,0,0,0,0,0,0,0,0,0,0,6,0,0,False
6563,logic-ng/logicng,056a86aaa5548661940b9395030c3ffb448b11e5,org/logicng/formulas/FormulaFactoryTest.java,80,5,5,31,0.28,22,5,2,0,0,0,0,0,0,0,0,0,1,0,0,1,0,0,0,5,0,0,False
6564,logic-ng/logicng,056a86aaa5548661940b9395030c3ffb448b11e5,org/logicng/formulas/ImplicationTest.java,109,17,19,50,0.52,57,17,15,0,0,0,0,1,0,0,0,1,1,0,0,4,0,0,0,17,0,0,False
6565,logic-ng/logicng,056a86aaa5548661940b9395030c3ffb448b11e5,org/logicng/formulas/LiteralTest.java,110,19,20,54,0.55,61,19,18,0,0,0,0,0,0,0,0,1,1,0,0,2,1,0,0,19,0,0,False
6566,logic-ng/logicng,056a86aaa5548661940b9395030c3ffb448b11e5,org/logicng/formulas/NotTest.java,91,15,17,46,0.52,47,15,14,0,0,0,0,1,0,0,0,1,1,0,0,3,0,0,0,15,0,0,False
6567,logic-ng/logicng,056a86aaa5548661940b9395030c3ffb448b11e5,org/logicng/formulas/OrTest.java,123,15,18,55,0.59,72,15,13,0,0,0,0,2,0,0,0,1,1,0,0,3,0,0,0,15,0,0,False
6568,logic-ng/logicng,056a86aaa5548661940b9395030c3ffb448b11e5,org/logicng/formulas/PBConstraintTest.java,468,30,34,153,0.53,247,29,26,0,1,0,0,1,0,0,0,2,5,0,0,3,0,0,0,29,0,0,False
6569,logic-ng/logicng,056a86aaa5548661940b9395030c3ffb448b11e5,org/logicng/formulas/printer/DefaultStringRepresentationTest.java,33,2,2,7,0.64,21,2,1,0,0,0,0,0,0,0,0,0,1,0,0,0,0,0,0,2,0,0,False
6570,logic-ng/logicng,056a86aaa5548661940b9395030c3ffb448b11e5,org/logicng/formulas/printer/LatexStringRepresentationTest.java,35,2,2,9,0.63,22,2,2,0,0,0,0,0,0,0,0,0,1,0,0,0,0,0,0,2,0,0,False
6571,logic-ng/logicng,056a86aaa5548661940b9395030c3ffb448b11e5,org/logicng/formulas/printer/UTF8StringRepresentationTest.java,35,2,2,9,0.63,22,2,2,0,0,0,0,0,0,0,0,0,1,0,0,0,0,0,0,2,0,0,False
6572,logic-ng/logicng,056a86aaa5548661940b9395030c3ffb448b11e5,org/logicng/graphs/algorithms/BronKerboschTest.java,44,1,4,13,0.16,7,1,1,1,0,0,0,1,0,0,0,0,0,0,0,0,0,0,0,1,0,0,False
6573,logic-ng/logicng,056a86aaa5548661940b9395030c3ffb448b11e5,org/logicng/graphs/datastructures/GraphTest.java,65,4,7,37,0.2,13,4,2,0,0,0,0,0,0,0,0,0,1,0,0,0,0,0,0,3,0,0,False
6574,logic-ng/logicng,056a86aaa5548661940b9395030c3ffb448b11e5,org/logicng/graphs/io/GraphDimacsFileWriterTest.java,86,6,20,31,0.1,9,6,0,1,0,0,0,3,0,0,0,0,0,0,0,0,3,1,0,3,0,0,False
6575,logic-ng/logicng,056a86aaa5548661940b9395030c3ffb448b11e5,org/logicng/graphs/io/GraphDotFileWriterTest.java,72,5,15,24,0.07,5,5,0,1,0,0,0,3,0,0,0,0,0,0,0,0,3,1,0,3,0,0,False
6576,logic-ng/logicng,056a86aaa5548661940b9395030c3ffb448b11e5,org/logicng/io/parsers/PropositionalParserTest.java,138,24,47,51,0.43,59,24,7,0,0,0,0,23,0,0,0,0,1,0,0,0,0,0,0,24,0,0,False
6577,logic-ng/logicng,056a86aaa5548661940b9395030c3ffb448b11e5,org/logicng/io/parsers/PseudoBooleanParserTest.java,176,30,59,76,0.45,80,30,11,0,0,0,0,29,0,0,0,0,1,0,0,1,0,0,0,30,0,0,False
6578,logic-ng/logicng,056a86aaa5548661940b9395030c3ffb448b11e5,org/logicng/io/writers/FormulaDimacsFileWriterTest.java,58,6,16,20,0.09,5,6,0,0,0,0,0,4,0,0,0,0,0,0,0,0,4,1,0,4,0,0,False
6579,logic-ng/logicng,056a86aaa5548661940b9395030c3ffb448b11e5,org/logicng/io/writers/FormulaDotFileWriterTest.java,53,6,16,16,0.08,4,6,0,0,0,0,0,4,0,0,0,0,0,0,0,0,4,1,0,4,0,0,False
6580,logic-ng/logicng,056a86aaa5548661940b9395030c3ffb448b11e5,org/logicng/predicates/CNFPredicateTest.java,28,2,2,8,0.57,16,2,1,0,0,0,0,0,0,0,0,0,1,0,0,0,0,0,0,2,0,0,False
6581,logic-ng/logicng,056a86aaa5548661940b9395030c3ffb448b11e5,org/logicng/predicates/DNFPredicateTest.java,28,2,2,8,0.57,16,2,1,0,0,0,0,0,0,0,0,0,1,0,0,0,0,0,0,2,0,0,False
6582,logic-ng/logicng,056a86aaa5548661940b9395030c3ffb448b11e5,org/logicng/propositions/ExtendedPropositionTest.java,78,6,14,21,0.32,25,5,5,0,1,0,0,4,0,0,0,1,1,0,0,0,0,0,0,5,0,0,False
6583,logic-ng/logicng,056a86aaa5548661940b9395030c3ffb448b11e5,org/logicng/propositions/StandardPropositionTest.java,68,6,14,18,0.4,27,5,5,0,1,0,0,4,0,0,0,1,1,0,0,0,0,0,0,5,0,0,False
6584,logic-ng/logicng,056a86aaa5548661940b9395030c3ffb448b11e5,org/logicng/pseudobooleans/PBEncoderTest.java,121,9,15,60,0.14,17,8,3,5,1,0,0,0,0,0,0,0,2,0,0,0,1,1,0,7,0,0,False
6585,logic-ng/logicng,056a86aaa5548661940b9395030c3ffb448b11e5,org/logicng/solvers/sat/MiniSatTest.java,40,6,9,22,0.1,4,6,2,0,0,0,0,0,0,0,0,0,1,0,0,0,0,0,0,4,0,0,False
6586,logic-ng/logicng,056a86aaa5548661940b9395030c3ffb448b11e5,org/logicng/solvers/datastructures/LNGHeapTest.java,23,1,1,9,0.22,5,1,1,0,0,0,0,0,0,0,0,0,1,0,0,1,0,0,0,1,0,0,False
6587,logic-ng/logicng,056a86aaa5548661940b9395030c3ffb448b11e5,org/logicng/solvers/sat/GlucoseSyrupTest.java,33,6,10,9,0.03,1,6,0,0,0,0,0,0,0,0,0,0,1,0,0,0,0,0,0,3,0,0,False
6588,logic-ng/logicng,056a86aaa5548661940b9395030c3ffb448b11e5,org/logicng/solvers/sat/MiniCardTest.java,86,8,11,33,0.17,15,8,3,0,0,0,0,0,0,0,0,0,1,0,0,1,0,0,0,6,0,0,False
6589,logic-ng/logicng,056a86aaa5548661940b9395030c3ffb448b11e5,org/logicng/transformations/DistributiveSimplifierTest.java,52,6,20,19,0.5,26,6,6,0,0,0,0,2,0,0,0,0,0,0,0,0,0,0,0,6,0,0,False
6590,logic-ng/logicng,056a86aaa5548661940b9395030c3ffb448b11e5,org/logicng/transformations/UnitPropagationTest.java,33,4,9,11,0.48,16,4,4,0,0,0,0,1,0,0,0,0,0,0,0,0,0,0,0,4,0,0,False
6591,logic-ng/logicng,056a86aaa5548661940b9395030c3ffb448b11e5,org/logicng/transformations/cnf/CNFEncoderTest.java,124,11,20,71,0.23,29,11,9,0,0,0,0,9,0,0,0,0,1,0,0,1,0,0,0,11,0,0,False
6592,logic-ng/logicng,056a86aaa5548661940b9395030c3ffb448b11e5,org/logicng/util/ComparablePairTest.java,42,5,5,13,0.52,22,5,5,0,0,0,0,0,0,0,0,1,1,0,0,0,0,0,0,5,0,0,False
6593,logic-ng/logicng,056a86aaa5548661940b9395030c3ffb448b11e5,org/logicng/util/PairTest.java,36,4,4,10,0.5,18,4,4,0,0,0,0,0,0,0,0,1,1,0,0,0,0,0,0,4,0,0,False
6594,logic-ng/logicng,295ff7d0dd0b49218404b1ca804263dbcd16b873,org/logicng/collections/ImmutableFormulaListTest.java,15,1,3,3,0.13,2,1,1,0,0,0,0,0,0,0,0,1,0,0,0,0,0,0,0,1,0,0,False
6595,logic-ng/logicng,295ff7d0dd0b49218404b1ca804263dbcd16b873,org/logicng/collections/LNGBooleanVectorTest.java,148,11,23,68,0.41,60,11,9,9,0,0,0,0,0,0,0,0,1,0,0,4,0,0,0,11,0,0,False
6596,logic-ng/logicng,295ff7d0dd0b49218404b1ca804263dbcd16b873,org/logicng/collections/LNGByteVectorTest.java,165,12,26,76,0.35,58,12,10,11,0,0,0,0,0,0,0,0,1,0,0,4,0,0,0,12,0,0,False
6597,logic-ng/logicng,295ff7d0dd0b49218404b1ca804263dbcd16b873,org/logicng/collections/LNGDoublePriorityQueueTest.java,109,6,6,31,0.39,43,6,5,0,0,0,0,0,0,0,0,0,1,0,0,3,0,0,0,6,0,0,False
6598,logic-ng/logicng,295ff7d0dd0b49218404b1ca804263dbcd16b873,org/logicng/collections/LNGDoubleVectorTest.java,162,12,26,75,0.35,57,12,10,11,0,0,0,0,0,0,0,0,1,0,0,5,0,0,0,12,0,0,False
6599,logic-ng/logicng,295ff7d0dd0b49218404b1ca804263dbcd16b873,org/logicng/collections/LNGIntVectorTest.java,162,12,26,75,0.35,57,12,10,11,0,0,0,0,0,0,0,0,1,0,0,4,0,0,0,12,0,0,False
6600,logic-ng/logicng,295ff7d0dd0b49218404b1ca804263dbcd16b873,org/logicng/collections/LNGLongPriorityQueueTest.java,88,5,5,25,0.41,36,5,4,0,0,0,0,0,0,0,0,0,1,0,0,2,0,0,0,5,0,0,False
6601,logic-ng/logicng,295ff7d0dd0b49218404b1ca804263dbcd16b873,org/logicng/collections/LNGLongVectorTest.java,165,12,26,76,0.35,58,12,10,11,0,0,0,0,0,0,0,0,1,0,0,4,0,0,0,12,0,0,False
6602,logic-ng/logicng,295ff7d0dd0b49218404b1ca804263dbcd16b873,org/logicng/collections/LNGVectorTest.java,295,23,49,138,0.36,105,21,18,20,1,0,0,0,0,0,0,0,2,0,0,7,0,0,0,21,0,0,False
6603,logic-ng/logicng,295ff7d0dd0b49218404b1ca804263dbcd16b873,org/logicng/datastructures/AssignmentTest.java,149,14,17,68,0.45,67,14,13,0,0,0,0,1,0,0,0,2,2,0,0,3,0,0,0,14,0,0,False
6604,logic-ng/logicng,295ff7d0dd0b49218404b1ca804263dbcd16b873,org/logicng/formulas/SubstitutionTest.java,113,13,17,38,0.35,40,12,9,0,1,0,0,4,0,0,0,1,1,0,0,0,0,0,0,12,0,0,False
6605,logic-ng/logicng,295ff7d0dd0b49218404b1ca804263dbcd16b873,org/logicng/explanations/unsatcores/MUSConfigTest.java,12,1,1,9,0.17,2,1,1,0,0,0,0,0,0,0,0,0,1,0,0,0,0,0,0,1,0,0,False
6606,logic-ng/logicng,295ff7d0dd0b49218404b1ca804263dbcd16b873,org/logicng/explanations/unsatcores/MUSGenerationTest.java,102,7,19,29,0.06,6,6,0,0,1,0,0,2,0,0,0,0,1,0,0,0,2,1,0,3,0,0,False
6607,logic-ng/logicng,295ff7d0dd0b49218404b1ca804263dbcd16b873,org/logicng/explanations/unsatcores/UNSATCoreTest.java,53,5,7,13,0.28,15,4,4,0,1,0,0,0,0,0,0,2,1,0,0,0,0,0,0,4,0,0,False
6608,logic-ng/logicng,295ff7d0dd0b49218404b1ca804263dbcd16b873,org/logicng/formulas/AndTest.java,127,16,19,60,0.57,73,16,13,0,0,0,0,2,0,0,0,1,1,0,0,3,0,0,0,16,0,0,False
6609,logic-ng/logicng,295ff7d0dd0b49218404b1ca804263dbcd16b873,org/logicng/formulas/CFalseTest.java,52,14,16,36,0.33,17,14,0,0,0,0,0,1,0,0,0,0,1,0,0,0,0,0,0,14,0,0,False
6610,logic-ng/logicng,295ff7d0dd0b49218404b1ca804263dbcd16b873,org/logicng/formulas/CTrueTest.java,53,14,16,36,0.34,18,14,1,0,0,0,0,1,0,0,0,0,1,0,0,1,0,0,0,14,0,0,False
6611,logic-ng/logicng,295ff7d0dd0b49218404b1ca804263dbcd16b873,org/logicng/formulas/EquivalenceTest.java,113,16,18,50,0.57,64,16,15,0,0,0,0,1,0,0,0,1,1,0,0,4,0,0,0,16,0,0,False
6612,logic-ng/logicng,295ff7d0dd0b49218404b1ca804263dbcd16b873,org/logicng/formulas/ExtendedFormulaFactoryTest.java,112,7,14,45,0.12,13,7,2,0,0,0,0,0,0,0,0,0,0,0,0,2,0,1,0,5,0,0,False
6613,logic-ng/logicng,295ff7d0dd0b49218404b1ca804263dbcd16b873,org/logicng/formulas/FormulaTest.java,60,8,13,38,0.3,18,6,5,0,0,0,0,0,0,0,0,0,0,0,0,0,0,0,0,6,0,0,False
6614,logic-ng/logicng,295ff7d0dd0b49218404b1ca804263dbcd16b873,org/logicng/formulas/FormulaFactoryTest.java,80,5,5,31,0.28,22,5,2,0,0,0,0,0,0,0,0,0,1,0,0,1,0,0,0,5,0,0,False
6615,logic-ng/logicng,295ff7d0dd0b49218404b1ca804263dbcd16b873,org/logicng/formulas/ImplicationTest.java,109,17,19,50,0.52,57,17,15,0,0,0,0,1,0,0,0,1,1,0,0,4,0,0,0,17,0,0,False
6616,logic-ng/logicng,295ff7d0dd0b49218404b1ca804263dbcd16b873,org/logicng/formulas/LiteralTest.java,110,19,20,54,0.55,61,19,18,0,0,0,0,0,0,0,0,1,1,0,0,2,1,0,0,19,0,0,False
6617,logic-ng/logicng,295ff7d0dd0b49218404b1ca804263dbcd16b873,org/logicng/formulas/NotTest.java,91,15,17,46,0.52,47,15,14,0,0,0,0,1,0,0,0,1,1,0,0,3,0,0,0,15,0,0,False
6618,logic-ng/logicng,295ff7d0dd0b49218404b1ca804263dbcd16b873,org/logicng/formulas/OrTest.java,123,15,18,55,0.59,72,15,13,0,0,0,0,2,0,0,0,1,1,0,0,3,0,0,0,15,0,0,False
6619,logic-ng/logicng,295ff7d0dd0b49218404b1ca804263dbcd16b873,org/logicng/formulas/PBConstraintTest.java,417,27,30,142,0.48,202,26,23,0,1,0,0,1,0,0,0,2,4,0,0,3,0,0,0,26,0,0,False
6620,logic-ng/logicng,295ff7d0dd0b49218404b1ca804263dbcd16b873,org/logicng/formulas/printer/DefaultStringRepresentationTest.java,33,2,2,7,0.64,21,2,1,0,0,0,0,0,0,0,0,0,1,0,0,0,0,0,0,2,0,0,False
6621,logic-ng/logicng,295ff7d0dd0b49218404b1ca804263dbcd16b873,org/logicng/formulas/printer/LatexStringRepresentationTest.java,35,2,2,9,0.63,22,2,2,0,0,0,0,0,0,0,0,0,1,0,0,0,0,0,0,2,0,0,False
6622,logic-ng/logicng,295ff7d0dd0b49218404b1ca804263dbcd16b873,org/logicng/formulas/printer/UTF8StringRepresentationTest.java,35,2,2,9,0.63,22,2,2,0,0,0,0,0,0,0,0,0,1,0,0,0,0,0,0,2,0,0,False
6623,logic-ng/logicng,295ff7d0dd0b49218404b1ca804263dbcd16b873,org/logicng/graphs/algorithms/BronKerboschTest.java,44,1,4,13,0.16,7,1,1,1,0,0,0,1,0,0,0,0,0,0,0,0,0,0,0,1,0,0,False
6624,logic-ng/logicng,295ff7d0dd0b49218404b1ca804263dbcd16b873,org/logicng/graphs/datastructures/GraphTest.java,65,4,7,37,0.2,13,4,2,0,0,0,0,0,0,0,0,0,1,0,0,0,0,0,0,3,0,0,False
6625,logic-ng/logicng,295ff7d0dd0b49218404b1ca804263dbcd16b873,org/logicng/graphs/io/GraphDimacsFileWriterTest.java,86,6,20,31,0.1,9,6,0,1,0,0,0,3,0,0,0,0,0,0,0,0,3,1,0,3,0,0,False
6626,logic-ng/logicng,295ff7d0dd0b49218404b1ca804263dbcd16b873,org/logicng/graphs/io/GraphDotFileWriterTest.java,72,5,15,24,0.07,5,5,0,1,0,0,0,3,0,0,0,0,0,0,0,0,3,1,0,3,0,0,False
6627,logic-ng/logicng,295ff7d0dd0b49218404b1ca804263dbcd16b873,org/logicng/io/parsers/PropositionalParserTest.java,138,24,47,51,0.43,59,24,7,0,0,0,0,23,0,0,0,0,1,0,0,0,0,0,0,24,0,0,False
6628,logic-ng/logicng,295ff7d0dd0b49218404b1ca804263dbcd16b873,org/logicng/io/parsers/PseudoBooleanParserTest.java,176,30,59,76,0.45,80,30,11,0,0,0,0,29,0,0,0,0,1,0,0,1,0,0,0,30,0,0,False
6629,logic-ng/logicng,295ff7d0dd0b49218404b1ca804263dbcd16b873,org/logicng/io/writers/FormulaDimacsFileWriterTest.java,58,6,16,20,0.09,5,6,0,0,0,0,0,4,0,0,0,0,0,0,0,0,4,1,0,4,0,0,False
6630,logic-ng/logicng,295ff7d0dd0b49218404b1ca804263dbcd16b873,org/logicng/io/writers/FormulaDotFileWriterTest.java,53,6,16,16,0.08,4,6,0,0,0,0,0,4,0,0,0,0,0,0,0,0,4,1,0,4,0,0,False
6631,logic-ng/logicng,295ff7d0dd0b49218404b1ca804263dbcd16b873,org/logicng/predicates/CNFPredicateTest.java,28,2,2,8,0.57,16,2,1,0,0,0,0,0,0,0,0,0,1,0,0,0,0,0,0,2,0,0,False
6632,logic-ng/logicng,295ff7d0dd0b49218404b1ca804263dbcd16b873,org/logicng/predicates/DNFPredicateTest.java,28,2,2,8,0.57,16,2,1,0,0,0,0,0,0,0,0,0,1,0,0,0,0,0,0,2,0,0,False
6633,logic-ng/logicng,295ff7d0dd0b49218404b1ca804263dbcd16b873,org/logicng/propositions/ExtendedPropositionTest.java,78,6,14,21,0.32,25,5,5,0,1,0,0,4,0,0,0,1,1,0,0,0,0,0,0,5,0,0,False
6634,logic-ng/logicng,295ff7d0dd0b49218404b1ca804263dbcd16b873,org/logicng/propositions/StandardPropositionTest.java,68,6,14,18,0.4,27,5,5,0,1,0,0,4,0,0,0,1,1,0,0,0,0,0,0,5,0,0,False
6635,logic-ng/logicng,295ff7d0dd0b49218404b1ca804263dbcd16b873,org/logicng/pseudobooleans/PBEncoderTest.java,121,9,15,60,0.14,17,8,3,5,1,0,0,0,0,0,0,0,2,0,0,0,1,1,0,7,0,0,False
6636,logic-ng/logicng,295ff7d0dd0b49218404b1ca804263dbcd16b873,org/logicng/solvers/sat/MiniSatTest.java,40,6,9,22,0.1,4,6,2,0,0,0,0,0,0,0,0,0,1,0,0,0,0,0,0,4,0,0,False
6637,logic-ng/logicng,295ff7d0dd0b49218404b1ca804263dbcd16b873,org/logicng/solvers/datastructures/LNGHeapTest.java,23,1,1,9,0.22,5,1,1,0,0,0,0,0,0,0,0,0,1,0,0,1,0,0,0,1,0,0,False
6638,logic-ng/logicng,295ff7d0dd0b49218404b1ca804263dbcd16b873,org/logicng/solvers/sat/GlucoseSyrupTest.java,33,6,10,9,0.03,1,6,0,0,0,0,0,0,0,0,0,0,1,0,0,0,0,0,0,3,0,0,False
6639,logic-ng/logicng,295ff7d0dd0b49218404b1ca804263dbcd16b873,org/logicng/solvers/sat/MiniCardTest.java,86,8,11,33,0.17,15,8,3,0,0,0,0,0,0,0,0,0,1,0,0,1,0,0,0,6,0,0,False
6640,logic-ng/logicng,295ff7d0dd0b49218404b1ca804263dbcd16b873,org/logicng/transformations/UnitPropagationTest.java,33,4,9,11,0.48,16,4,4,0,0,0,0,1,0,0,0,0,0,0,0,0,0,0,0,4,0,0,False
6641,logic-ng/logicng,295ff7d0dd0b49218404b1ca804263dbcd16b873,org/logicng/transformations/cnf/CNFEncoderTest.java,124,11,20,71,0.23,29,11,9,0,0,0,0,9,0,0,0,0,1,0,0,1,0,0,0,11,0,0,False
6642,logic-ng/logicng,295ff7d0dd0b49218404b1ca804263dbcd16b873,org/logicng/util/ComparablePairTest.java,42,5,5,13,0.52,22,5,5,0,0,0,0,0,0,0,0,1,1,0,0,0,0,0,0,5,0,0,False
6643,logic-ng/logicng,295ff7d0dd0b49218404b1ca804263dbcd16b873,org/logicng/util/PairTest.java,36,4,4,10,0.5,18,4,4,0,0,0,0,0,0,0,0,1,1,0,0,0,0,0,0,4,0,0,False
6644,logic-ng/logicng,ca506d190d9f030be7e904f34c97a2c43ba8173b,org/logicng/collections/ImmutableFormulaListTest.java,15,1,3,3,0.13,2,1,1,0,0,0,0,0,0,0,0,1,0,0,0,0,0,0,0,1,0,0,False
6645,logic-ng/logicng,ca506d190d9f030be7e904f34c97a2c43ba8173b,org/logicng/collections/LNGBooleanVectorTest.java,148,11,23,68,0.41,60,11,9,9,0,0,0,0,0,0,0,0,1,0,0,4,0,0,0,11,0,0,False
6646,logic-ng/logicng,ca506d190d9f030be7e904f34c97a2c43ba8173b,org/logicng/collections/LNGByteVectorTest.java,165,12,26,76,0.35,58,12,10,11,0,0,0,0,0,0,0,0,1,0,0,4,0,0,0,12,0,0,False
6647,logic-ng/logicng,ca506d190d9f030be7e904f34c97a2c43ba8173b,org/logicng/collections/LNGDoublePriorityQueueTest.java,109,6,6,31,0.39,43,6,5,0,0,0,0,0,0,0,0,0,1,0,0,3,0,0,0,6,0,0,False
6648,logic-ng/logicng,ca506d190d9f030be7e904f34c97a2c43ba8173b,org/logicng/collections/LNGDoubleVectorTest.java,162,12,26,75,0.35,57,12,10,11,0,0,0,0,0,0,0,0,1,0,0,5,0,0,0,12,0,0,False
6649,logic-ng/logicng,ca506d190d9f030be7e904f34c97a2c43ba8173b,org/logicng/collections/LNGIntVectorTest.java,162,12,26,75,0.35,57,12,10,11,0,0,0,0,0,0,0,0,1,0,0,4,0,0,0,12,0,0,False
6650,logic-ng/logicng,ca506d190d9f030be7e904f34c97a2c43ba8173b,org/logicng/collections/LNGLongPriorityQueueTest.java,88,5,5,25,0.41,36,5,4,0,0,0,0,0,0,0,0,0,1,0,0,2,0,0,0,5,0,0,False
6651,logic-ng/logicng,ca506d190d9f030be7e904f34c97a2c43ba8173b,org/logicng/collections/LNGLongVectorTest.java,165,12,26,76,0.35,58,12,10,11,0,0,0,0,0,0,0,0,1,0,0,4,0,0,0,12,0,0,False
6652,logic-ng/logicng,ca506d190d9f030be7e904f34c97a2c43ba8173b,org/logicng/collections/LNGVectorTest.java,295,23,49,138,0.36,105,21,18,20,1,0,0,0,0,0,0,0,2,0,0,7,0,0,0,21,0,0,False
6653,logic-ng/logicng,ca506d190d9f030be7e904f34c97a2c43ba8173b,org/logicng/datastructures/AssignmentTest.java,149,14,17,68,0.45,67,14,13,0,0,0,0,1,0,0,0,2,2,0,0,3,0,0,0,14,0,0,False
6654,logic-ng/logicng,ca506d190d9f030be7e904f34c97a2c43ba8173b,org/logicng/formulas/SubstitutionTest.java,113,13,17,38,0.35,40,12,9,0,1,0,0,4,0,0,0,1,1,0,0,0,0,0,0,12,0,0,False
6655,logic-ng/logicng,ca506d190d9f030be7e904f34c97a2c43ba8173b,org/logicng/explanations/unsatcores/MUSConfigTest.java,12,1,1,9,0.17,2,1,1,0,0,0,0,0,0,0,0,0,1,0,0,0,0,0,0,1,0,0,False
6656,logic-ng/logicng,ca506d190d9f030be7e904f34c97a2c43ba8173b,org/logicng/explanations/unsatcores/MUSGenerationTest.java,102,7,19,29,0.06,6,6,0,0,1,0,0,2,0,0,0,0,1,0,0,0,2,1,0,3,0,0,False
6657,logic-ng/logicng,ca506d190d9f030be7e904f34c97a2c43ba8173b,org/logicng/explanations/unsatcores/UNSATCoreTest.java,53,5,7,13,0.28,15,4,4,0,1,0,0,0,0,0,0,2,1,0,0,0,0,0,0,4,0,0,False
6658,logic-ng/logicng,ca506d190d9f030be7e904f34c97a2c43ba8173b,org/logicng/formulas/AndTest.java,127,16,19,60,0.57,73,16,13,0,0,0,0,2,0,0,0,1,1,0,0,3,0,0,0,16,0,0,False
6659,logic-ng/logicng,ca506d190d9f030be7e904f34c97a2c43ba8173b,org/logicng/formulas/CFalseTest.java,52,14,16,36,0.33,17,14,0,0,0,0,0,1,0,0,0,0,1,0,0,0,0,0,0,14,0,0,False
6660,logic-ng/logicng,ca506d190d9f030be7e904f34c97a2c43ba8173b,org/logicng/formulas/CTrueTest.java,53,14,16,36,0.34,18,14,1,0,0,0,0,1,0,0,0,0,1,0,0,1,0,0,0,14,0,0,False
6661,logic-ng/logicng,ca506d190d9f030be7e904f34c97a2c43ba8173b,org/logicng/formulas/EquivalenceTest.java,113,16,18,50,0.57,64,16,15,0,0,0,0,1,0,0,0,1,1,0,0,4,0,0,0,16,0,0,False
6662,logic-ng/logicng,ca506d190d9f030be7e904f34c97a2c43ba8173b,org/logicng/formulas/FormulaTest.java,60,8,13,38,0.3,18,6,5,0,0,0,0,0,0,0,0,0,0,0,0,0,0,0,0,6,0,0,False
6663,logic-ng/logicng,ca506d190d9f030be7e904f34c97a2c43ba8173b,org/logicng/formulas/FormulaFactoryTest.java,80,5,5,31,0.28,22,5,2,0,0,0,0,0,0,0,0,0,1,0,0,1,0,0,0,5,0,0,False
6664,logic-ng/logicng,ca506d190d9f030be7e904f34c97a2c43ba8173b,org/logicng/formulas/ImplicationTest.java,109,17,19,50,0.52,57,17,15,0,0,0,0,1,0,0,0,1,1,0,0,4,0,0,0,17,0,0,False
6665,logic-ng/logicng,ca506d190d9f030be7e904f34c97a2c43ba8173b,org/logicng/formulas/LiteralTest.java,110,19,20,54,0.55,61,19,18,0,0,0,0,0,0,0,0,1,1,0,0,2,1,0,0,19,0,0,False
6666,logic-ng/logicng,ca506d190d9f030be7e904f34c97a2c43ba8173b,org/logicng/formulas/NotTest.java,91,15,17,46,0.52,47,15,14,0,0,0,0,1,0,0,0,1,1,0,0,3,0,0,0,15,0,0,False
6667,logic-ng/logicng,ca506d190d9f030be7e904f34c97a2c43ba8173b,org/logicng/formulas/OrTest.java,123,15,18,55,0.59,72,15,13,0,0,0,0,2,0,0,0,1,1,0,0,3,0,0,0,15,0,0,False
6668,logic-ng/logicng,ca506d190d9f030be7e904f34c97a2c43ba8173b,org/logicng/formulas/PBConstraintTest.java,369,25,28,131,0.47,173,24,21,0,1,0,0,1,0,0,0,2,4,0,0,3,0,0,0,24,0,0,False
6669,logic-ng/logicng,ca506d190d9f030be7e904f34c97a2c43ba8173b,org/logicng/formulas/printer/DefaultStringRepresentationTest.java,33,2,2,7,0.64,21,2,1,0,0,0,0,0,0,0,0,0,1,0,0,0,0,0,0,2,0,0,False
6670,logic-ng/logicng,ca506d190d9f030be7e904f34c97a2c43ba8173b,org/logicng/formulas/printer/LatexStringRepresentationTest.java,35,2,2,9,0.63,22,2,2,0,0,0,0,0,0,0,0,0,1,0,0,0,0,0,0,2,0,0,False
6671,logic-ng/logicng,ca506d190d9f030be7e904f34c97a2c43ba8173b,org/logicng/formulas/printer/UTF8StringRepresentationTest.java,35,2,2,9,0.63,22,2,2,0,0,0,0,0,0,0,0,0,1,0,0,0,0,0,0,2,0,0,False
6672,logic-ng/logicng,ca506d190d9f030be7e904f34c97a2c43ba8173b,org/logicng/io/parsers/PropositionalParserTest.java,143,25,49,53,0.41,59,25,7,0,0,0,0,24,0,0,0,0,1,0,0,0,0,0,0,25,0,0,False
6673,logic-ng/logicng,ca506d190d9f030be7e904f34c97a2c43ba8173b,org/logicng/io/parsers/PseudoBooleanParserTest.java,181,31,61,78,0.44,80,31,11,0,0,0,0,30,0,0,0,0,1,0,0,1,0,0,0,31,0,0,False
6674,logic-ng/logicng,ca506d190d9f030be7e904f34c97a2c43ba8173b,org/logicng/io/writers/FormulaDotFileWriterTest.java,53,6,16,16,0.08,4,6,0,0,0,0,0,4,0,0,0,0,0,0,0,0,4,1,0,4,0,0,False
6675,logic-ng/logicng,ca506d190d9f030be7e904f34c97a2c43ba8173b,org/logicng/predicates/CNFPredicateTest.java,28,2,2,8,0.57,16,2,1,0,0,0,0,0,0,0,0,0,1,0,0,0,0,0,0,2,0,0,False
6676,logic-ng/logicng,ca506d190d9f030be7e904f34c97a2c43ba8173b,org/logicng/predicates/DNFPredicateTest.java,28,2,2,8,0.57,16,2,1,0,0,0,0,0,0,0,0,0,1,0,0,0,0,0,0,2,0,0,False
6677,logic-ng/logicng,ca506d190d9f030be7e904f34c97a2c43ba8173b,org/logicng/propositions/ExtendedPropositionTest.java,78,6,14,21,0.32,25,5,5,0,1,0,0,4,0,0,0,1,1,0,0,0,0,0,0,5,0,0,False
6678,logic-ng/logicng,ca506d190d9f030be7e904f34c97a2c43ba8173b,org/logicng/propositions/StandardPropositionTest.java,68,6,14,18,0.4,27,5,5,0,1,0,0,4,0,0,0,1,1,0,0,0,0,0,0,5,0,0,False
6679,logic-ng/logicng,ca506d190d9f030be7e904f34c97a2c43ba8173b,org/logicng/pseudobooleans/PBEncoderTest.java,121,9,15,60,0.14,17,8,3,5,1,0,0,0,0,0,0,0,2,0,0,0,1,1,0,7,0,0,False
6680,logic-ng/logicng,ca506d190d9f030be7e904f34c97a2c43ba8173b,org/logicng/solvers/sat/MiniSatTest.java,40,6,9,22,0.1,4,6,2,0,0,0,0,0,0,0,0,0,1,0,0,0,0,0,0,4,0,0,False
6681,logic-ng/logicng,ca506d190d9f030be7e904f34c97a2c43ba8173b,org/logicng/solvers/datastructures/LNGHeapTest.java,23,1,1,9,0.22,5,1,1,0,0,0,0,0,0,0,0,0,1,0,0,1,0,0,0,1,0,0,False
6682,logic-ng/logicng,ca506d190d9f030be7e904f34c97a2c43ba8173b,org/logicng/solvers/sat/GlucoseSyrupTest.java,33,6,10,9,0.03,1,6,0,0,0,0,0,0,0,0,0,0,1,0,0,0,0,0,0,3,0,0,False
6683,logic-ng/logicng,ca506d190d9f030be7e904f34c97a2c43ba8173b,org/logicng/solvers/sat/MiniCardTest.java,86,8,11,33,0.17,15,8,3,0,0,0,0,0,0,0,0,0,1,0,0,1,0,0,0,6,0,0,False
6684,logic-ng/logicng,ca506d190d9f030be7e904f34c97a2c43ba8173b,org/logicng/transformations/cnf/CNFEncoderTest.java,124,11,20,71,0.23,29,11,9,0,0,0,0,9,0,0,0,0,1,0,0,1,0,0,0,11,0,0,False
6685,logic-ng/logicng,ca506d190d9f030be7e904f34c97a2c43ba8173b,org/logicng/util/PairTest.java,36,4,4,10,0.5,18,4,4,0,0,0,0,0,0,0,0,1,1,0,0,0,0,0,0,4,0,0,False
6686,logic-ng/logicng,8b62ddd2a47c655afe753f3a5bea16cd25b73548,org/logicng/cardinalityconstraints/CCALKTotalizerTest.java,64,5,10,26,0.13,8,5,1,2,0,0,0,0,0,0,0,0,0,0,0,0,1,1,0,4,0,0,False
6687,logic-ng/logicng,8b62ddd2a47c655afe753f3a5bea16cd25b73548,org/logicng/cardinalityconstraints/CCAMKTotalizerTest.java,78,5,9,33,0.12,9,5,2,3,0,0,0,0,0,0,0,0,0,0,0,0,1,1,0,4,0,0,False
6688,logic-ng/logicng,8b62ddd2a47c655afe753f3a5bea16cd25b73548,org/logicng/collections/LNGBooleanVectorTest.java,133,10,22,63,0.39,52,10,8,9,0,0,0,0,0,0,0,0,1,0,0,4,0,0,0,10,0,0,False
6689,logic-ng/logicng,8b62ddd2a47c655afe753f3a5bea16cd25b73548,org/logicng/collections/LNGByteVectorTest.java,162,12,26,75,0.35,57,12,10,11,0,0,0,0,0,0,0,0,1,0,0,4,0,0,0,12,0,0,False
6690,logic-ng/logicng,8b62ddd2a47c655afe753f3a5bea16cd25b73548,org/logicng/collections/LNGDoublePriorityQueueTest.java,107,6,6,31,0.39,42,6,5,0,0,0,0,0,0,0,0,0,1,0,0,3,0,0,0,6,0,0,False
6691,logic-ng/logicng,8b62ddd2a47c655afe753f3a5bea16cd25b73548,org/logicng/collections/LNGDoubleVectorTest.java,162,12,26,75,0.35,57,12,10,11,0,0,0,0,0,0,0,0,1,0,0,5,0,0,0,12,0,0,False
6692,logic-ng/logicng,8b62ddd2a47c655afe753f3a5bea16cd25b73548,org/logicng/collections/LNGIntVectorTest.java,162,12,26,75,0.35,57,12,10,11,0,0,0,0,0,0,0,0,1,0,0,4,0,0,0,12,0,0,False
6693,logic-ng/logicng,8b62ddd2a47c655afe753f3a5bea16cd25b73548,org/logicng/collections/LNGLongPriorityQueueTest.java,88,5,5,25,0.41,36,5,4,0,0,0,0,0,0,0,0,0,1,0,0,2,0,0,0,5,0,0,False
6694,logic-ng/logicng,8b62ddd2a47c655afe753f3a5bea16cd25b73548,org/logicng/collections/LNGLongVectorTest.java,162,12,26,75,0.35,57,12,10,11,0,0,0,0,0,0,0,0,1,0,0,4,0,0,0,12,0,0,False
6695,logic-ng/logicng,8b62ddd2a47c655afe753f3a5bea16cd25b73548,org/logicng/collections/LNGVectorTest.java,292,23,49,137,0.36,104,21,18,20,1,0,0,0,0,0,0,0,2,0,0,7,0,0,0,21,0,0,False
6696,logic-ng/logicng,8b62ddd2a47c655afe753f3a5bea16cd25b73548,org/logicng/datastructures/AssignmentTest.java,133,13,16,60,0.48,64,13,12,0,0,0,0,1,0,0,0,2,1,0,0,3,0,0,0,13,0,0,False
6697,logic-ng/logicng,8b62ddd2a47c655afe753f3a5bea16cd25b73548,org/logicng/formulas/SubstitutionTest.java,113,13,17,38,0.35,40,12,9,0,1,0,0,4,0,0,0,1,1,0,0,0,0,0,0,12,0,0,False
6698,logic-ng/logicng,8b62ddd2a47c655afe753f3a5bea16cd25b73548,org/logicng/formulas/AndTest.java,124,16,18,58,0.58,72,16,13,0,0,0,0,1,0,0,0,1,1,0,0,3,0,0,0,16,0,0,False
6699,logic-ng/logicng,8b62ddd2a47c655afe753f3a5bea16cd25b73548,org/logicng/formulas/CFalseTest.java,52,14,16,36,0.33,17,14,0,0,0,0,0,1,0,0,0,0,1,0,0,0,0,0,0,14,0,0,False
6700,logic-ng/logicng,8b62ddd2a47c655afe753f3a5bea16cd25b73548,org/logicng/formulas/CTrueTest.java,53,14,16,36,0.34,18,14,1,0,0,0,0,1,0,0,0,0,1,0,0,1,0,0,0,14,0,0,False
6701,logic-ng/logicng,8b62ddd2a47c655afe753f3a5bea16cd25b73548,org/logicng/formulas/EquivalenceTest.java,111,16,18,49,0.56,62,16,15,0,0,0,0,1,0,0,0,1,1,0,0,4,0,0,0,16,0,0,False
6702,logic-ng/logicng,8b62ddd2a47c655afe753f3a5bea16cd25b73548,org/logicng/formulas/FormulaTest.java,48,6,11,26,0.21,10,4,3,0,0,0,0,0,0,0,0,0,0,0,0,0,0,0,0,4,0,0,False
6703,logic-ng/logicng,8b62ddd2a47c655afe753f3a5bea16cd25b73548,org/logicng/formulas/FormulaFactoryTest.java,59,4,4,23,0.34,20,4,2,0,0,0,0,0,0,0,0,0,1,0,0,1,0,0,0,4,0,0,False
6704,logic-ng/logicng,8b62ddd2a47c655afe753f3a5bea16cd25b73548,org/logicng/formulas/ImplicationTest.java,109,17,19,50,0.52,57,17,15,0,0,0,0,1,0,0,0,1,1,0,0,4,0,0,0,17,0,0,False
6705,logic-ng/logicng,8b62ddd2a47c655afe753f3a5bea16cd25b73548,org/logicng/formulas/LiteralTest.java,110,19,20,54,0.55,61,19,18,0,0,0,0,0,0,0,0,1,1,0,0,2,1,0,0,19,0,0,False
6706,logic-ng/logicng,8b62ddd2a47c655afe753f3a5bea16cd25b73548,org/logicng/formulas/NotTest.java,90,15,17,46,0.51,46,15,14,0,0,0,0,1,0,0,0,1,1,0,0,3,0,0,0,15,0,0,False
6707,logic-ng/logicng,8b62ddd2a47c655afe753f3a5bea16cd25b73548,org/logicng/formulas/OrTest.java,120,15,17,53,0.59,71,15,13,0,0,0,0,1,0,0,0,1,1,0,0,3,0,0,0,15,0,0,False
6708,logic-ng/logicng,8b62ddd2a47c655afe753f3a5bea16cd25b73548,org/logicng/formulas/PBConstraintTest.java,365,25,28,130,0.46,169,24,21,0,1,0,0,1,0,0,0,2,4,0,0,2,0,0,0,24,0,0,False
6709,logic-ng/logicng,8b62ddd2a47c655afe753f3a5bea16cd25b73548,org/logicng/formulas/printer/LatexStringRepresentationTest.java,30,1,1,5,0.67,20,1,1,0,0,0,0,0,0,0,0,0,0,0,0,0,0,0,0,1,0,0,False
6710,logic-ng/logicng,8b62ddd2a47c655afe753f3a5bea16cd25b73548,org/logicng/formulas/printer/UTF8StringRepresentationTest.java,30,1,1,5,0.67,20,1,1,0,0,0,0,0,0,0,0,0,0,0,0,0,0,0,0,1,0,0,False
6711,logic-ng/logicng,8b62ddd2a47c655afe753f3a5bea16cd25b73548,org/logicng/io/parsers/PropositionalParserTest.java,137,24,47,50,0.42,57,24,6,0,0,0,0,23,0,0,0,0,1,0,0,0,0,0,0,24,0,0,False
6712,logic-ng/logicng,8b62ddd2a47c655afe753f3a5bea16cd25b73548,org/logicng/io/parsers/PseudoBooleanParserTest.java,170,30,59,74,0.42,72,30,10,0,0,0,0,29,0,0,0,0,1,0,0,1,0,0,0,30,0,0,False
6713,logic-ng/logicng,8b62ddd2a47c655afe753f3a5bea16cd25b73548,org/logicng/io/writers/FormulaDotFileWriterTest.java,47,5,14,14,0.09,4,5,0,0,0,0,0,3,0,0,0,0,0,0,0,0,3,1,0,3,0,0,False
6714,logic-ng/logicng,8b62ddd2a47c655afe753f3a5bea16cd25b73548,org/logicng/predicates/CNFPredicateTest.java,25,1,1,6,0.6,15,1,1,0,0,0,0,0,0,0,0,0,0,0,0,0,0,0,0,1,0,0,False
6715,logic-ng/logicng,8b62ddd2a47c655afe753f3a5bea16cd25b73548,org/logicng/predicates/DNFPredicateTest.java,25,1,1,6,0.6,15,1,1,0,0,0,0,0,0,0,0,0,0,0,0,0,0,0,0,1,0,0,False
6716,logic-ng/logicng,8b62ddd2a47c655afe753f3a5bea16cd25b73548,org/logicng/propositions/ExtendedPropositionTest.java,73,5,11,17,0.32,23,4,4,0,1,0,0,3,0,0,0,1,1,0,0,0,0,0,0,4,0,0,False
6717,logic-ng/logicng,8b62ddd2a47c655afe753f3a5bea16cd25b73548,org/logicng/propositions/StandardPropositionTest.java,60,5,11,15,0.4,24,4,4,0,1,0,0,3,0,0,0,1,1,0,0,0,0,0,0,4,0,0,False
6718,logic-ng/logicng,8b62ddd2a47c655afe753f3a5bea16cd25b73548,org/logicng/pseudobooleans/PBSWCTest.java,77,4,7,31,0.12,9,4,2,2,0,0,0,0,0,0,0,0,0,0,0,0,1,1,0,3,0,0,False
6719,logic-ng/logicng,8b62ddd2a47c655afe753f3a5bea16cd25b73548,org/logicng/solvers/sat/MiniSatTest.java,36,5,8,13,0.06,2,5,1,0,0,0,0,0,0,0,0,0,0,0,0,0,0,0,0,3,0,0,False
6720,logic-ng/logicng,8b62ddd2a47c655afe753f3a5bea16cd25b73548,org/logicng/solvers/sat/MiniCardTest.java,75,7,10,27,0.19,14,7,3,0,0,0,0,0,0,0,0,0,0,0,0,1,0,0,0,5,0,0,False
6721,logic-ng/logicng,8b62ddd2a47c655afe753f3a5bea16cd25b73548,org/logicng/util/PairTest.java,36,4,4,10,0.5,18,4,4,0,0,0,0,0,0,0,0,1,1,0,0,0,0,0,0,4,0,0,False
6722,logic-ng/logicng,1c7f6c144fcebb4ce4b313f54e57fb91878b4bbe,org/logicng/cardinalityconstraints/CCALKTotalizerTest.java,64,5,10,26,0.13,8,5,1,2,0,0,0,0,0,0,0,0,0,0,0,0,1,1,0,4,0,0,False
6723,logic-ng/logicng,1c7f6c144fcebb4ce4b313f54e57fb91878b4bbe,org/logicng/cardinalityconstraints/CCAMKTotalizerTest.java,78,5,9,33,0.12,9,5,2,3,0,0,0,0,0,0,0,0,0,0,0,0,1,1,0,4,0,0,False
6724,logic-ng/logicng,1c7f6c144fcebb4ce4b313f54e57fb91878b4bbe,org/logicng/collections/LNGBooleanVectorTest.java,133,10,22,63,0.39,52,10,8,9,0,0,0,0,0,0,0,0,1,0,0,4,0,0,0,10,0,0,False
6725,logic-ng/logicng,1c7f6c144fcebb4ce4b313f54e57fb91878b4bbe,org/logicng/collections/LNGByteVectorTest.java,162,12,26,75,0.35,57,12,10,11,0,0,0,0,0,0,0,0,1,0,0,4,0,0,0,12,0,0,False
6726,logic-ng/logicng,1c7f6c144fcebb4ce4b313f54e57fb91878b4bbe,org/logicng/collections/LNGDoublePriorityQueueTest.java,107,6,6,31,0.39,42,6,5,0,0,0,0,0,0,0,0,0,1,0,0,3,0,0,0,6,0,0,False
6727,logic-ng/logicng,1c7f6c144fcebb4ce4b313f54e57fb91878b4bbe,org/logicng/collections/LNGDoubleVectorTest.java,162,12,26,75,0.35,57,12,10,11,0,0,0,0,0,0,0,0,1,0,0,5,0,0,0,12,0,0,False
6728,logic-ng/logicng,1c7f6c144fcebb4ce4b313f54e57fb91878b4bbe,org/logicng/collections/LNGIntVectorTest.java,162,12,26,75,0.35,57,12,10,11,0,0,0,0,0,0,0,0,1,0,0,4,0,0,0,12,0,0,False
6729,logic-ng/logicng,1c7f6c144fcebb4ce4b313f54e57fb91878b4bbe,org/logicng/collections/LNGLongPriorityQueueTest.java,88,5,5,25,0.41,36,5,4,0,0,0,0,0,0,0,0,0,1,0,0,2,0,0,0,5,0,0,False
6730,logic-ng/logicng,1c7f6c144fcebb4ce4b313f54e57fb91878b4bbe,org/logicng/collections/LNGLongVectorTest.java,162,12,26,75,0.35,57,12,10,11,0,0,0,0,0,0,0,0,1,0,0,4,0,0,0,12,0,0,False
6731,logic-ng/logicng,1c7f6c144fcebb4ce4b313f54e57fb91878b4bbe,org/logicng/collections/LNGVectorTest.java,292,23,49,137,0.36,104,21,18,20,1,0,0,0,0,0,0,0,2,0,0,7,0,0,0,21,0,0,False
6732,logic-ng/logicng,1c7f6c144fcebb4ce4b313f54e57fb91878b4bbe,org/logicng/datastructures/AssignmentTest.java,133,13,16,60,0.48,64,13,12,0,0,0,0,1,0,0,0,2,1,0,0,3,0,0,0,13,0,0,False
6733,logic-ng/logicng,1c7f6c144fcebb4ce4b313f54e57fb91878b4bbe,org/logicng/formulas/SubstitutionTest.java,113,13,17,38,0.35,40,12,9,0,1,0,0,4,0,0,0,1,1,0,0,0,0,0,0,12,0,0,False
6734,logic-ng/logicng,1c7f6c144fcebb4ce4b313f54e57fb91878b4bbe,org/logicng/formulas/AndTest.java,124,16,18,58,0.58,72,16,13,0,0,0,0,1,0,0,0,1,1,0,0,3,0,0,0,16,0,0,False
6735,logic-ng/logicng,1c7f6c144fcebb4ce4b313f54e57fb91878b4bbe,org/logicng/formulas/CFalseTest.java,52,14,16,36,0.33,17,14,0,0,0,0,0,1,0,0,0,0,1,0,0,0,0,0,0,14,0,0,False
6736,logic-ng/logicng,1c7f6c144fcebb4ce4b313f54e57fb91878b4bbe,org/logicng/formulas/CTrueTest.java,53,14,16,36,0.34,18,14,1,0,0,0,0,1,0,0,0,0,1,0,0,1,0,0,0,14,0,0,False
6737,logic-ng/logicng,1c7f6c144fcebb4ce4b313f54e57fb91878b4bbe,org/logicng/formulas/EquivalenceTest.java,111,16,18,49,0.56,62,16,15,0,0,0,0,1,0,0,0,1,1,0,0,4,0,0,0,16,0,0,False
6738,logic-ng/logicng,1c7f6c144fcebb4ce4b313f54e57fb91878b4bbe,org/logicng/formulas/FormulaTest.java,48,6,11,26,0.21,10,4,3,0,0,0,0,0,0,0,0,0,0,0,0,0,0,0,0,4,0,0,False
6739,logic-ng/logicng,1c7f6c144fcebb4ce4b313f54e57fb91878b4bbe,org/logicng/formulas/FormulaFactoryTest.java,59,4,4,23,0.34,20,4,2,0,0,0,0,0,0,0,0,0,1,0,0,1,0,0,0,4,0,0,False
6740,logic-ng/logicng,1c7f6c144fcebb4ce4b313f54e57fb91878b4bbe,org/logicng/formulas/ImplicationTest.java,109,17,19,50,0.52,57,17,15,0,0,0,0,1,0,0,0,1,1,0,0,4,0,0,0,17,0,0,False
6741,logic-ng/logicng,1c7f6c144fcebb4ce4b313f54e57fb91878b4bbe,org/logicng/formulas/LiteralTest.java,110,19,20,54,0.55,61,19,18,0,0,0,0,0,0,0,0,1,1,0,0,2,1,0,0,19,0,0,False
6742,logic-ng/logicng,1c7f6c144fcebb4ce4b313f54e57fb91878b4bbe,org/logicng/formulas/NotTest.java,90,15,17,46,0.51,46,15,14,0,0,0,0,1,0,0,0,1,1,0,0,3,0,0,0,15,0,0,False
6743,logic-ng/logicng,1c7f6c144fcebb4ce4b313f54e57fb91878b4bbe,org/logicng/formulas/OrTest.java,120,15,17,53,0.59,71,15,13,0,0,0,0,1,0,0,0,1,1,0,0,3,0,0,0,15,0,0,False
6744,logic-ng/logicng,1c7f6c144fcebb4ce4b313f54e57fb91878b4bbe,org/logicng/formulas/PBConstraintTest.java,365,25,28,130,0.46,169,24,21,0,1,0,0,1,0,0,0,2,4,0,0,2,0,0,0,24,0,0,False
6745,logic-ng/logicng,1c7f6c144fcebb4ce4b313f54e57fb91878b4bbe,org/logicng/formulas/printer/LatexStringRepresentationTest.java,30,1,1,5,0.67,20,1,1,0,0,0,0,0,0,0,0,0,0,0,0,0,0,0,0,1,0,0,False
6746,logic-ng/logicng,1c7f6c144fcebb4ce4b313f54e57fb91878b4bbe,org/logicng/formulas/printer/UTF8StringRepresentationTest.java,30,1,1,5,0.67,20,1,1,0,0,0,0,0,0,0,0,0,0,0,0,0,0,0,0,1,0,0,False
6747,logic-ng/logicng,1c7f6c144fcebb4ce4b313f54e57fb91878b4bbe,org/logicng/io/parsers/PropositionalParserTest.java,137,24,47,50,0.42,57,24,6,0,0,0,0,23,0,0,0,0,1,0,0,0,0,0,0,24,0,0,False
6748,logic-ng/logicng,1c7f6c144fcebb4ce4b313f54e57fb91878b4bbe,org/logicng/io/parsers/PseudoBooleanParserTest.java,170,30,59,74,0.42,72,30,10,0,0,0,0,29,0,0,0,0,1,0,0,1,0,0,0,30,0,0,False
6749,logic-ng/logicng,1c7f6c144fcebb4ce4b313f54e57fb91878b4bbe,org/logicng/io/writers/FormulaDotFileWriterTest.java,47,5,14,14,0.09,4,5,0,0,0,0,0,3,0,0,0,0,0,0,0,0,3,1,0,3,0,0,False
6750,logic-ng/logicng,1c7f6c144fcebb4ce4b313f54e57fb91878b4bbe,org/logicng/predicates/CNFPredicateTest.java,25,1,1,6,0.6,15,1,1,0,0,0,0,0,0,0,0,0,0,0,0,0,0,0,0,1,0,0,False
6751,logic-ng/logicng,1c7f6c144fcebb4ce4b313f54e57fb91878b4bbe,org/logicng/predicates/DNFPredicateTest.java,25,1,1,6,0.6,15,1,1,0,0,0,0,0,0,0,0,0,0,0,0,0,0,0,0,1,0,0,False
6752,logic-ng/logicng,1c7f6c144fcebb4ce4b313f54e57fb91878b4bbe,org/logicng/propositions/ExtendedPropositionTest.java,73,5,11,17,0.32,23,4,4,0,1,0,0,3,0,0,0,1,1,0,0,0,0,0,0,4,0,0,False
6753,logic-ng/logicng,1c7f6c144fcebb4ce4b313f54e57fb91878b4bbe,org/logicng/propositions/StandardPropositionTest.java,60,5,11,15,0.4,24,4,4,0,1,0,0,3,0,0,0,1,1,0,0,0,0,0,0,4,0,0,False
6754,logic-ng/logicng,1c7f6c144fcebb4ce4b313f54e57fb91878b4bbe,org/logicng/pseudobooleans/PBSWCTest.java,77,4,7,31,0.12,9,4,2,2,0,0,0,0,0,0,0,0,0,0,0,0,1,1,0,3,0,0,False
6755,logic-ng/logicng,1c7f6c144fcebb4ce4b313f54e57fb91878b4bbe,org/logicng/solvers/sat/MiniSatTest.java,36,5,8,13,0.06,2,5,1,0,0,0,0,0,0,0,0,0,0,0,0,0,0,0,0,3,0,0,False
6756,logic-ng/logicng,1c7f6c144fcebb4ce4b313f54e57fb91878b4bbe,org/logicng/solvers/sat/MiniCardTest.java,75,7,10,27,0.19,14,7,3,0,0,0,0,0,0,0,0,0,0,0,0,1,0,0,0,5,0,0,False
6757,logic-ng/logicng,1c7f6c144fcebb4ce4b313f54e57fb91878b4bbe,org/logicng/util/PairTest.java,36,4,4,10,0.5,18,4,4,0,0,0,0,0,0,0,0,1,1,0,0,0,0,0,0,4,0,0,False
6758,logic-ng/logicng,4d21492f577b97c35e3f087604a231b6bd8ed85a,org/logicng/cardinalityconstraints/CCALKTotalizerTest.java,64,5,10,26,0.13,8,5,1,2,0,0,0,0,0,0,0,0,0,0,0,0,1,1,0,4,0,0,False
6759,logic-ng/logicng,4d21492f577b97c35e3f087604a231b6bd8ed85a,org/logicng/cardinalityconstraints/CCAMKTotalizerTest.java,78,5,9,33,0.12,9,5,2,3,0,0,0,0,0,0,0,0,0,0,0,0,1,1,0,4,0,0,False
6760,logic-ng/logicng,4d21492f577b97c35e3f087604a231b6bd8ed85a,org/logicng/collections/LNGBooleanVectorTest.java,133,10,22,63,0.39,52,10,8,9,0,0,0,0,0,0,0,0,1,0,0,4,0,0,0,10,0,0,False
6761,logic-ng/logicng,4d21492f577b97c35e3f087604a231b6bd8ed85a,org/logicng/collections/LNGByteVectorTest.java,162,12,26,75,0.35,57,12,10,11,0,0,0,0,0,0,0,0,1,0,0,4,0,0,0,12,0,0,False
6762,logic-ng/logicng,4d21492f577b97c35e3f087604a231b6bd8ed85a,org/logicng/collections/LNGDoublePriorityQueueTest.java,107,6,6,31,0.39,42,6,5,0,0,0,0,0,0,0,0,0,1,0,0,3,0,0,0,6,0,0,False
6763,logic-ng/logicng,4d21492f577b97c35e3f087604a231b6bd8ed85a,org/logicng/collections/LNGDoubleVectorTest.java,162,12,26,75,0.35,57,12,10,11,0,0,0,0,0,0,0,0,1,0,0,5,0,0,0,12,0,0,False
6764,logic-ng/logicng,4d21492f577b97c35e3f087604a231b6bd8ed85a,org/logicng/collections/LNGIntVectorTest.java,162,12,26,75,0.35,57,12,10,11,0,0,0,0,0,0,0,0,1,0,0,4,0,0,0,12,0,0,False
6765,logic-ng/logicng,4d21492f577b97c35e3f087604a231b6bd8ed85a,org/logicng/collections/LNGLongPriorityQueueTest.java,88,5,5,25,0.41,36,5,4,0,0,0,0,0,0,0,0,0,1,0,0,2,0,0,0,5,0,0,False
6766,logic-ng/logicng,4d21492f577b97c35e3f087604a231b6bd8ed85a,org/logicng/collections/LNGLongVectorTest.java,162,12,26,75,0.35,57,12,10,11,0,0,0,0,0,0,0,0,1,0,0,4,0,0,0,12,0,0,False
6767,logic-ng/logicng,4d21492f577b97c35e3f087604a231b6bd8ed85a,org/logicng/collections/LNGVectorTest.java,292,23,49,137,0.36,104,21,18,20,1,0,0,0,0,0,0,0,2,0,0,7,0,0,0,21,0,0,False
6768,logic-ng/logicng,4d21492f577b97c35e3f087604a231b6bd8ed85a,org/logicng/datastructures/AssignmentTest.java,133,13,16,60,0.48,64,13,12,0,0,0,0,1,0,0,0,2,1,0,0,3,0,0,0,13,0,0,False
6769,logic-ng/logicng,4d21492f577b97c35e3f087604a231b6bd8ed85a,org/logicng/formulas/SubstitutionTest.java,113,13,17,38,0.35,40,12,9,0,1,0,0,4,0,0,0,1,1,0,0,0,0,0,0,12,0,0,False
6770,logic-ng/logicng,4d21492f577b97c35e3f087604a231b6bd8ed85a,org/logicng/formulas/AndTest.java,124,16,18,58,0.58,72,16,13,0,0,0,0,1,0,0,0,1,1,0,0,3,0,0,0,16,0,0,False
6771,logic-ng/logicng,4d21492f577b97c35e3f087604a231b6bd8ed85a,org/logicng/formulas/CFalseTest.java,52,14,16,36,0.33,17,14,0,0,0,0,0,1,0,0,0,0,1,0,0,0,0,0,0,14,0,0,False
6772,logic-ng/logicng,4d21492f577b97c35e3f087604a231b6bd8ed85a,org/logicng/formulas/CTrueTest.java,53,14,16,36,0.34,18,14,1,0,0,0,0,1,0,0,0,0,1,0,0,1,0,0,0,14,0,0,False
6773,logic-ng/logicng,4d21492f577b97c35e3f087604a231b6bd8ed85a,org/logicng/formulas/EquivalenceTest.java,111,16,18,49,0.56,62,16,15,0,0,0,0,1,0,0,0,1,1,0,0,4,0,0,0,16,0,0,False
6774,logic-ng/logicng,4d21492f577b97c35e3f087604a231b6bd8ed85a,org/logicng/formulas/FormulaTest.java,48,6,11,26,0.21,10,4,3,0,0,0,0,0,0,0,0,0,0,0,0,0,0,0,0,4,0,0,False
6775,logic-ng/logicng,4d21492f577b97c35e3f087604a231b6bd8ed85a,org/logicng/formulas/FormulaFactoryTest.java,59,4,4,23,0.34,20,4,2,0,0,0,0,0,0,0,0,0,1,0,0,1,0,0,0,4,0,0,False
6776,logic-ng/logicng,4d21492f577b97c35e3f087604a231b6bd8ed85a,org/logicng/formulas/ImplicationTest.java,109,17,19,50,0.52,57,17,15,0,0,0,0,1,0,0,0,1,1,0,0,4,0,0,0,17,0,0,False
6777,logic-ng/logicng,4d21492f577b97c35e3f087604a231b6bd8ed85a,org/logicng/formulas/LiteralTest.java,110,19,20,54,0.55,61,19,18,0,0,0,0,0,0,0,0,1,1,0,0,2,1,0,0,19,0,0,False
6778,logic-ng/logicng,4d21492f577b97c35e3f087604a231b6bd8ed85a,org/logicng/formulas/NotTest.java,90,15,17,46,0.51,46,15,14,0,0,0,0,1,0,0,0,1,1,0,0,3,0,0,0,15,0,0,False
6779,logic-ng/logicng,4d21492f577b97c35e3f087604a231b6bd8ed85a,org/logicng/formulas/OrTest.java,120,15,17,53,0.59,71,15,13,0,0,0,0,1,0,0,0,1,1,0,0,3,0,0,0,15,0,0,False
6780,logic-ng/logicng,4d21492f577b97c35e3f087604a231b6bd8ed85a,org/logicng/formulas/PBConstraintTest.java,365,25,28,130,0.46,169,24,21,0,1,0,0,1,0,0,0,2,4,0,0,2,0,0,0,24,0,0,False
6781,logic-ng/logicng,4d21492f577b97c35e3f087604a231b6bd8ed85a,org/logicng/formulas/printer/LatexStringRepresentationTest.java,30,1,1,5,0.67,20,1,1,0,0,0,0,0,0,0,0,0,0,0,0,0,0,0,0,1,0,0,False
6782,logic-ng/logicng,4d21492f577b97c35e3f087604a231b6bd8ed85a,org/logicng/formulas/printer/UTF8StringRepresentationTest.java,30,1,1,5,0.67,20,1,1,0,0,0,0,0,0,0,0,0,0,0,0,0,0,0,0,1,0,0,False
6783,logic-ng/logicng,4d21492f577b97c35e3f087604a231b6bd8ed85a,org/logicng/io/parsers/PropositionalParserTest.java,137,24,47,50,0.42,57,24,6,0,0,0,0,23,0,0,0,0,1,0,0,0,0,0,0,24,0,0,False
6784,logic-ng/logicng,4d21492f577b97c35e3f087604a231b6bd8ed85a,org/logicng/io/parsers/PseudoBooleanParserTest.java,170,30,59,74,0.42,72,30,10,0,0,0,0,29,0,0,0,0,1,0,0,1,0,0,0,30,0,0,False
6785,logic-ng/logicng,4d21492f577b97c35e3f087604a231b6bd8ed85a,org/logicng/io/writers/FormulaDotFileWriterTest.java,47,5,14,14,0.09,4,5,0,0,0,0,0,3,0,0,0,0,0,0,0,0,3,1,0,3,0,0,False
6786,logic-ng/logicng,4d21492f577b97c35e3f087604a231b6bd8ed85a,org/logicng/predicates/CNFPredicateTest.java,25,1,1,6,0.6,15,1,1,0,0,0,0,0,0,0,0,0,0,0,0,0,0,0,0,1,0,0,False
6787,logic-ng/logicng,4d21492f577b97c35e3f087604a231b6bd8ed85a,org/logicng/predicates/DNFPredicateTest.java,25,1,1,6,0.6,15,1,1,0,0,0,0,0,0,0,0,0,0,0,0,0,0,0,0,1,0,0,False
6788,logic-ng/logicng,4d21492f577b97c35e3f087604a231b6bd8ed85a,org/logicng/propositions/ExtendedPropositionTest.java,73,5,11,17,0.32,23,4,4,0,1,0,0,3,0,0,0,1,1,0,0,0,0,0,0,4,0,0,False
6789,logic-ng/logicng,4d21492f577b97c35e3f087604a231b6bd8ed85a,org/logicng/propositions/StandardPropositionTest.java,60,5,11,15,0.4,24,4,4,0,1,0,0,3,0,0,0,1,1,0,0,0,0,0,0,4,0,0,False
6790,logic-ng/logicng,4d21492f577b97c35e3f087604a231b6bd8ed85a,org/logicng/pseudobooleans/PBSWCTest.java,77,4,7,31,0.12,9,4,2,2,0,0,0,0,0,0,0,0,0,0,0,0,1,1,0,3,0,0,False
6791,logic-ng/logicng,4d21492f577b97c35e3f087604a231b6bd8ed85a,org/logicng/solvers/sat/MiniSatTest.java,36,5,8,13,0.06,2,5,1,0,0,0,0,0,0,0,0,0,0,0,0,0,0,0,0,3,0,0,False
6792,logic-ng/logicng,4d21492f577b97c35e3f087604a231b6bd8ed85a,org/logicng/solvers/sat/MiniCardTest.java,75,7,10,27,0.19,14,7,3,0,0,0,0,0,0,0,0,0,0,0,0,1,0,0,0,5,0,0,False
6793,logic-ng/logicng,4d21492f577b97c35e3f087604a231b6bd8ed85a,org/logicng/util/PairTest.java,36,4,4,10,0.5,18,4,4,0,0,0,0,0,0,0,0,1,1,0,0,0,0,0,0,4,0,0,False
6794,logic-ng/logicng,3f7c38a5a142206a453af1e1b54074b02b172620,org/logicng/cardinalityconstraints/CCALKTotalizerTest.java,65,5,10,26,0.12,8,5,1,2,0,0,0,0,0,0,0,0,0,0,0,0,1,1,0,4,0,0,False
6795,logic-ng/logicng,3f7c38a5a142206a453af1e1b54074b02b172620,org/logicng/cardinalityconstraints/CCAMKTotalizerTest.java,79,5,9,33,0.11,9,5,2,3,0,0,0,0,0,0,0,0,0,0,0,0,1,1,0,4,0,0,False
6796,logic-ng/logicng,3f7c38a5a142206a453af1e1b54074b02b172620,org/logicng/collections/LNGBooleanVectorTest.java,134,10,22,63,0.39,52,10,8,9,0,0,0,0,0,0,0,0,1,0,0,4,0,0,0,10,0,0,False
6797,logic-ng/logicng,3f7c38a5a142206a453af1e1b54074b02b172620,org/logicng/collections/LNGByteVectorTest.java,163,12,26,75,0.35,57,12,10,11,0,0,0,0,0,0,0,0,1,0,0,4,0,0,0,12,0,0,False
6798,logic-ng/logicng,3f7c38a5a142206a453af1e1b54074b02b172620,org/logicng/collections/LNGDoublePriorityQueueTest.java,108,6,6,31,0.39,42,6,5,0,0,0,0,0,0,0,0,0,1,0,0,3,0,0,0,6,0,0,False
6799,logic-ng/logicng,3f7c38a5a142206a453af1e1b54074b02b172620,org/logicng/collections/LNGDoubleVectorTest.java,163,12,26,75,0.35,57,12,10,11,0,0,0,0,0,0,0,0,1,0,0,5,0,0,0,12,0,0,False
6800,logic-ng/logicng,3f7c38a5a142206a453af1e1b54074b02b172620,org/logicng/collections/LNGIntVectorTest.java,163,12,26,75,0.35,57,12,10,11,0,0,0,0,0,0,0,0,1,0,0,4,0,0,0,12,0,0,False
6801,logic-ng/logicng,3f7c38a5a142206a453af1e1b54074b02b172620,org/logicng/collections/LNGLongPriorityQueueTest.java,89,5,5,25,0.4,36,5,4,0,0,0,0,0,0,0,0,0,1,0,0,2,0,0,0,5,0,0,False
6802,logic-ng/logicng,3f7c38a5a142206a453af1e1b54074b02b172620,org/logicng/collections/LNGLongVectorTest.java,163,12,26,75,0.35,57,12,10,11,0,0,0,0,0,0,0,0,1,0,0,4,0,0,0,12,0,0,False
6803,logic-ng/logicng,3f7c38a5a142206a453af1e1b54074b02b172620,org/logicng/collections/LNGVectorTest.java,293,23,49,137,0.35,104,21,18,20,1,0,0,0,0,0,0,0,2,0,0,7,0,0,0,21,0,0,False
6804,logic-ng/logicng,3f7c38a5a142206a453af1e1b54074b02b172620,org/logicng/datastructures/AssignmentTest.java,134,13,16,60,0.48,64,13,12,0,0,0,0,1,0,0,0,2,1,0,0,3,0,0,0,13,0,0,False
6805,logic-ng/logicng,3f7c38a5a142206a453af1e1b54074b02b172620,org/logicng/formulas/SubstitutionTest.java,114,13,17,38,0.35,40,12,9,0,1,0,0,4,0,0,0,1,1,0,0,0,0,0,0,12,0,0,False
6806,logic-ng/logicng,3f7c38a5a142206a453af1e1b54074b02b172620,org/logicng/formulas/AndTest.java,125,16,18,58,0.58,72,16,13,0,0,0,0,1,0,0,0,1,1,0,0,3,0,0,0,16,0,0,False
6807,logic-ng/logicng,3f7c38a5a142206a453af1e1b54074b02b172620,org/logicng/formulas/CFalseTest.java,53,14,16,36,0.32,17,14,0,0,0,0,0,1,0,0,0,0,1,0,0,0,0,0,0,14,0,0,False
6808,logic-ng/logicng,3f7c38a5a142206a453af1e1b54074b02b172620,org/logicng/formulas/CTrueTest.java,54,14,16,36,0.33,18,14,1,0,0,0,0,1,0,0,0,0,1,0,0,1,0,0,0,14,0,0,False
6809,logic-ng/logicng,3f7c38a5a142206a453af1e1b54074b02b172620,org/logicng/formulas/EquivalenceTest.java,112,16,18,49,0.55,62,16,15,0,0,0,0,1,0,0,0,1,1,0,0,4,0,0,0,16,0,0,False
6810,logic-ng/logicng,3f7c38a5a142206a453af1e1b54074b02b172620,org/logicng/formulas/FormulaTest.java,49,6,11,26,0.2,10,4,3,0,0,0,0,0,0,0,0,0,0,0,0,0,0,0,0,4,0,0,False
6811,logic-ng/logicng,3f7c38a5a142206a453af1e1b54074b02b172620,org/logicng/formulas/FormulaFactoryTest.java,60,4,4,23,0.33,20,4,2,0,0,0,0,0,0,0,0,0,1,0,0,1,0,0,0,4,0,0,False
6812,logic-ng/logicng,3f7c38a5a142206a453af1e1b54074b02b172620,org/logicng/formulas/ImplicationTest.java,110,17,19,50,0.52,57,17,15,0,0,0,0,1,0,0,0,1,1,0,0,4,0,0,0,17,0,0,False
6813,logic-ng/logicng,3f7c38a5a142206a453af1e1b54074b02b172620,org/logicng/formulas/LiteralTest.java,111,19,20,54,0.55,61,19,18,0,0,0,0,0,0,0,0,1,1,0,0,2,1,0,0,19,0,0,False
6814,logic-ng/logicng,3f7c38a5a142206a453af1e1b54074b02b172620,org/logicng/formulas/NotTest.java,91,15,17,46,0.51,46,15,14,0,0,0,0,1,0,0,0,1,1,0,0,3,0,0,0,15,0,0,False
6815,logic-ng/logicng,3f7c38a5a142206a453af1e1b54074b02b172620,org/logicng/formulas/OrTest.java,121,15,17,53,0.59,71,15,13,0,0,0,0,1,0,0,0,1,1,0,0,3,0,0,0,15,0,0,False
6816,logic-ng/logicng,3f7c38a5a142206a453af1e1b54074b02b172620,org/logicng/formulas/PBConstraintTest.java,366,25,28,130,0.46,169,24,21,0,1,0,0,1,0,0,0,2,4,0,0,2,0,0,0,24,0,0,False
6817,logic-ng/logicng,3f7c38a5a142206a453af1e1b54074b02b172620,org/logicng/formulas/printer/LatexStringRepresentationTest.java,31,1,1,5,0.65,20,1,1,0,0,0,0,0,0,0,0,0,0,0,0,0,0,0,0,1,0,0,False
6818,logic-ng/logicng,3f7c38a5a142206a453af1e1b54074b02b172620,org/logicng/formulas/printer/UTF8StringRepresentationTest.java,31,1,1,5,0.65,20,1,1,0,0,0,0,0,0,0,0,0,0,0,0,0,0,0,0,1,0,0,False
6819,logic-ng/logicng,3f7c38a5a142206a453af1e1b54074b02b172620,org/logicng/io/parsers/PropositionalParserTest.java,138,24,47,50,0.41,57,24,6,0,0,0,0,23,0,0,0,0,1,0,0,0,0,0,0,24,0,0,False
6820,logic-ng/logicng,3f7c38a5a142206a453af1e1b54074b02b172620,org/logicng/io/parsers/PseudoBooleanParserTest.java,171,30,59,74,0.42,72,30,10,0,0,0,0,29,0,0,0,0,1,0,0,1,0,0,0,30,0,0,False
6821,logic-ng/logicng,3f7c38a5a142206a453af1e1b54074b02b172620,org/logicng/io/writers/FormulaDotFileWriterTest.java,48,5,14,14,0.08,4,5,0,0,0,0,0,3,0,0,0,0,0,0,0,0,3,1,0,3,0,0,False
6822,logic-ng/logicng,3f7c38a5a142206a453af1e1b54074b02b172620,org/logicng/predicates/CNFPredicateTest.java,26,1,1,6,0.58,15,1,1,0,0,0,0,0,0,0,0,0,0,0,0,0,0,0,0,1,0,0,False
6823,logic-ng/logicng,3f7c38a5a142206a453af1e1b54074b02b172620,org/logicng/predicates/DNFPredicateTest.java,26,1,1,6,0.58,15,1,1,0,0,0,0,0,0,0,0,0,0,0,0,0,0,0,0,1,0,0,False
6824,logic-ng/logicng,3f7c38a5a142206a453af1e1b54074b02b172620,org/logicng/propositions/ExtendedPropositionTest.java,74,5,11,17,0.31,23,4,4,0,1,0,0,3,0,0,0,1,1,0,0,0,0,0,0,4,0,0,False
6825,logic-ng/logicng,3f7c38a5a142206a453af1e1b54074b02b172620,org/logicng/propositions/StandardPropositionTest.java,61,5,11,15,0.39,24,4,4,0,1,0,0,3,0,0,0,1,1,0,0,0,0,0,0,4,0,0,False
6826,logic-ng/logicng,3f7c38a5a142206a453af1e1b54074b02b172620,org/logicng/pseudobooleans/PBSWCTest.java,78,4,7,31,0.12,9,4,2,2,0,0,0,0,0,0,0,0,0,0,0,0,1,1,0,3,0,0,False
6827,logic-ng/logicng,3f7c38a5a142206a453af1e1b54074b02b172620,org/logicng/solvers/sat/MiniSatTest.java,37,5,8,13,0.05,2,5,1,0,0,0,0,0,0,0,0,0,0,0,0,0,0,0,0,3,0,0,False
6828,logic-ng/logicng,3f7c38a5a142206a453af1e1b54074b02b172620,org/logicng/solvers/sat/MiniCardTest.java,76,7,10,27,0.18,14,7,3,0,0,0,0,0,0,0,0,0,0,0,0,1,0,0,0,5,0,0,False
6829,logic-ng/logicng,3f7c38a5a142206a453af1e1b54074b02b172620,org/logicng/util/PairTest.java,37,4,4,10,0.49,18,4,4,0,0,0,0,0,0,0,0,1,1,0,0,0,0,0,0,4,0,0,False
6830,logic-ng/logicng,ca89698aab46e5083c06176f1a89f23b054e346a,org/logicng/cardinalityconstraints/CCALKTotalizerTest.java,65,5,10,26,0.12,8,5,1,2,0,0,0,0,0,0,0,0,0,0,0,0,1,1,0,4,0,0,False
6831,logic-ng/logicng,ca89698aab46e5083c06176f1a89f23b054e346a,org/logicng/cardinalityconstraints/CCAMKTotalizerTest.java,79,5,9,33,0.11,9,5,2,3,0,0,0,0,0,0,0,0,0,0,0,0,1,1,0,4,0,0,False
6832,logic-ng/logicng,ca89698aab46e5083c06176f1a89f23b054e346a,org/logicng/collections/LNGBooleanVectorTest.java,134,10,22,63,0.39,52,10,8,9,0,0,0,0,0,0,0,0,1,0,0,4,0,0,0,10,0,0,False
6833,logic-ng/logicng,ca89698aab46e5083c06176f1a89f23b054e346a,org/logicng/collections/LNGByteVectorTest.java,163,12,26,75,0.35,57,12,10,11,0,0,0,0,0,0,0,0,1,0,0,4,0,0,0,12,0,0,False
6834,logic-ng/logicng,ca89698aab46e5083c06176f1a89f23b054e346a,org/logicng/collections/LNGDoublePriorityQueueTest.java,108,6,6,31,0.39,42,6,5,0,0,0,0,0,0,0,0,0,1,0,0,3,0,0,0,6,0,0,False
6835,logic-ng/logicng,ca89698aab46e5083c06176f1a89f23b054e346a,org/logicng/collections/LNGDoubleVectorTest.java,163,12,26,75,0.35,57,12,10,11,0,0,0,0,0,0,0,0,1,0,0,5,0,0,0,12,0,0,False
6836,logic-ng/logicng,ca89698aab46e5083c06176f1a89f23b054e346a,org/logicng/collections/LNGIntVectorTest.java,163,12,26,75,0.35,57,12,10,11,0,0,0,0,0,0,0,0,1,0,0,4,0,0,0,12,0,0,False
6837,logic-ng/logicng,ca89698aab46e5083c06176f1a89f23b054e346a,org/logicng/collections/LNGLongPriorityQueueTest.java,89,5,5,25,0.4,36,5,4,0,0,0,0,0,0,0,0,0,1,0,0,2,0,0,0,5,0,0,False
6838,logic-ng/logicng,ca89698aab46e5083c06176f1a89f23b054e346a,org/logicng/collections/LNGLongVectorTest.java,163,12,26,75,0.35,57,12,10,11,0,0,0,0,0,0,0,0,1,0,0,4,0,0,0,12,0,0,False
6839,logic-ng/logicng,ca89698aab46e5083c06176f1a89f23b054e346a,org/logicng/collections/LNGVectorTest.java,293,23,49,137,0.35,104,21,18,20,1,0,0,0,0,0,0,0,2,0,0,7,0,0,0,21,0,0,False
6840,logic-ng/logicng,ca89698aab46e5083c06176f1a89f23b054e346a,org/logicng/datastructures/AssignmentTest.java,134,13,16,60,0.48,64,13,12,0,0,0,0,1,0,0,0,2,1,0,0,3,0,0,0,13,0,0,False
6841,logic-ng/logicng,ca89698aab46e5083c06176f1a89f23b054e346a,org/logicng/formulas/SubstitutionTest.java,114,13,17,38,0.35,40,12,9,0,1,0,0,4,0,0,0,1,1,0,0,0,0,0,0,12,0,0,False
6842,logic-ng/logicng,ca89698aab46e5083c06176f1a89f23b054e346a,org/logicng/formulas/AndTest.java,125,16,18,58,0.58,72,16,13,0,0,0,0,1,0,0,0,1,1,0,0,3,0,0,0,16,0,0,False
6843,logic-ng/logicng,ca89698aab46e5083c06176f1a89f23b054e346a,org/logicng/formulas/CFalseTest.java,53,14,16,36,0.32,17,14,0,0,0,0,0,1,0,0,0,0,1,0,0,0,0,0,0,14,0,0,False
6844,logic-ng/logicng,ca89698aab46e5083c06176f1a89f23b054e346a,org/logicng/formulas/CTrueTest.java,54,14,16,36,0.33,18,14,1,0,0,0,0,1,0,0,0,0,1,0,0,1,0,0,0,14,0,0,False
6845,logic-ng/logicng,ca89698aab46e5083c06176f1a89f23b054e346a,org/logicng/formulas/EquivalenceTest.java,112,16,18,49,0.55,62,16,15,0,0,0,0,1,0,0,0,1,1,0,0,4,0,0,0,16,0,0,False
6846,logic-ng/logicng,ca89698aab46e5083c06176f1a89f23b054e346a,org/logicng/formulas/FormulaTest.java,49,6,11,26,0.2,10,4,3,0,0,0,0,0,0,0,0,0,0,0,0,0,0,0,0,4,0,0,False
6847,logic-ng/logicng,ca89698aab46e5083c06176f1a89f23b054e346a,org/logicng/formulas/FormulaFactoryTest.java,60,4,4,23,0.33,20,4,2,0,0,0,0,0,0,0,0,0,1,0,0,1,0,0,0,4,0,0,False
6848,logic-ng/logicng,ca89698aab46e5083c06176f1a89f23b054e346a,org/logicng/formulas/ImplicationTest.java,110,17,19,50,0.52,57,17,15,0,0,0,0,1,0,0,0,1,1,0,0,4,0,0,0,17,0,0,False
6849,logic-ng/logicng,ca89698aab46e5083c06176f1a89f23b054e346a,org/logicng/formulas/LiteralTest.java,111,19,20,54,0.55,61,19,18,0,0,0,0,0,0,0,0,1,1,0,0,2,1,0,0,19,0,0,False
6850,logic-ng/logicng,ca89698aab46e5083c06176f1a89f23b054e346a,org/logicng/formulas/NotTest.java,91,15,17,46,0.51,46,15,14,0,0,0,0,1,0,0,0,1,1,0,0,3,0,0,0,15,0,0,False
6851,logic-ng/logicng,ca89698aab46e5083c06176f1a89f23b054e346a,org/logicng/formulas/OrTest.java,121,15,17,53,0.59,71,15,13,0,0,0,0,1,0,0,0,1,1,0,0,3,0,0,0,15,0,0,False
6852,logic-ng/logicng,ca89698aab46e5083c06176f1a89f23b054e346a,org/logicng/formulas/PBConstraintTest.java,366,25,28,130,0.46,169,24,21,0,1,0,0,1,0,0,0,2,4,0,0,2,0,0,0,24,0,0,False
6853,logic-ng/logicng,ca89698aab46e5083c06176f1a89f23b054e346a,org/logicng/formulas/printer/LatexStringRepresentationTest.java,31,1,1,5,0.65,20,1,1,0,0,0,0,0,0,0,0,0,0,0,0,0,0,0,0,1,0,0,False
6854,logic-ng/logicng,ca89698aab46e5083c06176f1a89f23b054e346a,org/logicng/formulas/printer/UTF8StringRepresentationTest.java,31,1,1,5,0.65,20,1,1,0,0,0,0,0,0,0,0,0,0,0,0,0,0,0,0,1,0,0,False
6855,logic-ng/logicng,ca89698aab46e5083c06176f1a89f23b054e346a,org/logicng/io/parsers/PropositionalParserTest.java,128,23,45,47,0.39,50,23,5,0,0,0,0,22,0,0,0,0,1,0,0,0,0,0,0,23,0,0,False
6856,logic-ng/logicng,ca89698aab46e5083c06176f1a89f23b054e346a,org/logicng/io/parsers/PseudoBooleanParserTest.java,157,28,55,70,0.41,64,28,9,0,0,0,0,27,0,0,0,0,1,0,0,1,0,0,0,28,0,0,False
6857,logic-ng/logicng,ca89698aab46e5083c06176f1a89f23b054e346a,org/logicng/io/writers/FormulaDotFileWriterTest.java,48,5,14,14,0.08,4,5,0,0,0,0,0,3,0,0,0,0,0,0,0,0,3,1,0,3,0,0,False
6858,logic-ng/logicng,ca89698aab46e5083c06176f1a89f23b054e346a,org/logicng/predicates/CNFPredicateTest.java,26,1,1,6,0.58,15,1,1,0,0,0,0,0,0,0,0,0,0,0,0,0,0,0,0,1,0,0,False
6859,logic-ng/logicng,ca89698aab46e5083c06176f1a89f23b054e346a,org/logicng/predicates/DNFPredicateTest.java,26,1,1,6,0.58,15,1,1,0,0,0,0,0,0,0,0,0,0,0,0,0,0,0,0,1,0,0,False
6860,logic-ng/logicng,ca89698aab46e5083c06176f1a89f23b054e346a,org/logicng/propositions/ExtendedPropositionTest.java,74,5,11,17,0.31,23,4,4,0,1,0,0,3,0,0,0,1,1,0,0,0,0,0,0,4,0,0,False
6861,logic-ng/logicng,ca89698aab46e5083c06176f1a89f23b054e346a,org/logicng/propositions/StandardPropositionTest.java,61,5,11,15,0.39,24,4,4,0,1,0,0,3,0,0,0,1,1,0,0,0,0,0,0,4,0,0,False
6862,logic-ng/logicng,ca89698aab46e5083c06176f1a89f23b054e346a,org/logicng/pseudobooleans/PBSWCTest.java,78,4,7,31,0.12,9,4,2,2,0,0,0,0,0,0,0,0,0,0,0,0,1,1,0,3,0,0,False
6863,logic-ng/logicng,ca89698aab46e5083c06176f1a89f23b054e346a,org/logicng/solvers/sat/MiniSatTest.java,37,5,8,13,0.05,2,5,1,0,0,0,0,0,0,0,0,0,0,0,0,0,0,0,0,3,0,0,False
6864,logic-ng/logicng,ca89698aab46e5083c06176f1a89f23b054e346a,org/logicng/solvers/sat/MiniCardTest.java,76,7,10,27,0.18,14,7,3,0,0,0,0,0,0,0,0,0,0,0,0,1,0,0,0,5,0,0,False
6865,logic-ng/logicng,ca89698aab46e5083c06176f1a89f23b054e346a,org/logicng/util/PairTest.java,37,4,4,10,0.49,18,4,4,0,0,0,0,0,0,0,0,1,1,0,0,0,0,0,0,4,0,0,False
6866,logic-ng/logicng,fc5de39caa66cbf44c7fefec14d0d5ddd6625b6e,org/logicng/cardinalityconstraints/CCALKTotalizerTest.java,65,5,10,26,0.12,8,5,1,2,0,0,0,0,0,0,0,0,0,0,0,0,1,1,0,4,0,0,False
6867,logic-ng/logicng,fc5de39caa66cbf44c7fefec14d0d5ddd6625b6e,org/logicng/cardinalityconstraints/CCAMKTotalizerTest.java,79,5,9,33,0.11,9,5,2,3,0,0,0,0,0,0,0,0,0,0,0,0,1,1,0,4,0,0,False
6868,logic-ng/logicng,fc5de39caa66cbf44c7fefec14d0d5ddd6625b6e,org/logicng/collections/LNGBooleanVectorTest.java,134,10,22,63,0.39,52,10,8,9,0,0,0,0,0,0,0,0,1,0,0,4,0,0,0,10,0,0,False
6869,logic-ng/logicng,fc5de39caa66cbf44c7fefec14d0d5ddd6625b6e,org/logicng/collections/LNGByteVectorTest.java,163,12,26,75,0.35,57,12,10,11,0,0,0,0,0,0,0,0,1,0,0,4,0,0,0,12,0,0,False
6870,logic-ng/logicng,fc5de39caa66cbf44c7fefec14d0d5ddd6625b6e,org/logicng/collections/LNGDoublePriorityQueueTest.java,108,6,6,31,0.39,42,6,5,0,0,0,0,0,0,0,0,0,1,0,0,3,0,0,0,6,0,0,False
6871,logic-ng/logicng,fc5de39caa66cbf44c7fefec14d0d5ddd6625b6e,org/logicng/collections/LNGDoubleVectorTest.java,163,12,26,75,0.35,57,12,10,11,0,0,0,0,0,0,0,0,1,0,0,5,0,0,0,12,0,0,False
6872,logic-ng/logicng,fc5de39caa66cbf44c7fefec14d0d5ddd6625b6e,org/logicng/collections/LNGIntVectorTest.java,163,12,26,75,0.35,57,12,10,11,0,0,0,0,0,0,0,0,1,0,0,4,0,0,0,12,0,0,False
6873,logic-ng/logicng,fc5de39caa66cbf44c7fefec14d0d5ddd6625b6e,org/logicng/collections/LNGLongPriorityQueueTest.java,89,5,5,25,0.4,36,5,4,0,0,0,0,0,0,0,0,0,1,0,0,2,0,0,0,5,0,0,False
6874,logic-ng/logicng,fc5de39caa66cbf44c7fefec14d0d5ddd6625b6e,org/logicng/collections/LNGLongVectorTest.java,163,12,26,75,0.35,57,12,10,11,0,0,0,0,0,0,0,0,1,0,0,4,0,0,0,12,0,0,False
6875,logic-ng/logicng,fc5de39caa66cbf44c7fefec14d0d5ddd6625b6e,org/logicng/collections/LNGVectorTest.java,293,23,49,137,0.35,104,21,18,20,1,0,0,0,0,0,0,0,2,0,0,7,0,0,0,21,0,0,False
6876,logic-ng/logicng,fc5de39caa66cbf44c7fefec14d0d5ddd6625b6e,org/logicng/datastructures/AssignmentTest.java,134,13,16,60,0.48,64,13,12,0,0,0,0,1,0,0,0,2,1,0,0,3,0,0,0,13,0,0,False
6877,logic-ng/logicng,fc5de39caa66cbf44c7fefec14d0d5ddd6625b6e,org/logicng/formulas/SubstitutionTest.java,123,14,18,39,0.35,43,13,9,0,1,0,0,4,0,0,0,1,1,0,0,0,0,0,0,13,0,0,False
6878,logic-ng/logicng,fc5de39caa66cbf44c7fefec14d0d5ddd6625b6e,org/logicng/formulas/AndTest.java,125,16,18,56,0.58,72,16,13,0,0,0,0,1,0,0,0,1,1,0,0,3,0,0,0,16,0,0,False
6879,logic-ng/logicng,fc5de39caa66cbf44c7fefec14d0d5ddd6625b6e,org/logicng/formulas/CFalseTest.java,53,14,16,36,0.32,17,14,0,0,0,0,0,1,0,0,0,0,1,0,0,0,0,0,0,14,0,0,False
6880,logic-ng/logicng,fc5de39caa66cbf44c7fefec14d0d5ddd6625b6e,org/logicng/formulas/CTrueTest.java,54,14,16,36,0.33,18,14,1,0,0,0,0,1,0,0,0,0,1,0,0,1,0,0,0,14,0,0,False
6881,logic-ng/logicng,fc5de39caa66cbf44c7fefec14d0d5ddd6625b6e,org/logicng/formulas/EquivalenceTest.java,112,16,18,48,0.55,62,16,15,0,0,0,0,1,0,0,0,1,1,0,0,4,0,0,0,16,0,0,False
6882,logic-ng/logicng,fc5de39caa66cbf44c7fefec14d0d5ddd6625b6e,org/logicng/formulas/FormulaTest.java,49,6,11,25,0.2,10,4,3,0,0,0,0,0,0,0,0,0,0,0,0,0,0,0,0,4,0,0,False
6883,logic-ng/logicng,fc5de39caa66cbf44c7fefec14d0d5ddd6625b6e,org/logicng/formulas/FormulaFactoryTest.java,41,3,3,18,0.22,9,3,2,0,0,0,0,0,0,0,0,0,1,0,0,0,0,0,0,3,0,0,False
6884,logic-ng/logicng,fc5de39caa66cbf44c7fefec14d0d5ddd6625b6e,org/logicng/formulas/ImplicationTest.java,110,17,19,49,0.52,57,17,15,0,0,0,0,1,0,0,0,1,1,0,0,4,0,0,0,17,0,0,False
6885,logic-ng/logicng,fc5de39caa66cbf44c7fefec14d0d5ddd6625b6e,org/logicng/formulas/LiteralTest.java,105,18,19,49,0.54,57,18,17,0,0,0,0,0,0,0,0,1,1,0,0,2,1,0,0,18,0,0,False
6886,logic-ng/logicng,fc5de39caa66cbf44c7fefec14d0d5ddd6625b6e,org/logicng/formulas/NotTest.java,91,15,17,46,0.51,46,15,14,0,0,0,0,1,0,0,0,1,1,0,0,3,0,0,0,15,0,0,False
6887,logic-ng/logicng,fc5de39caa66cbf44c7fefec14d0d5ddd6625b6e,org/logicng/formulas/OrTest.java,121,15,17,52,0.59,71,15,13,0,0,0,0,1,0,0,0,1,1,0,0,3,0,0,0,15,0,0,False
6888,logic-ng/logicng,fc5de39caa66cbf44c7fefec14d0d5ddd6625b6e,org/logicng/formulas/PBConstraintTest.java,381,28,31,125,0.45,172,27,21,0,1,0,0,1,0,0,0,2,4,0,0,2,0,0,0,27,0,0,False
6889,logic-ng/logicng,fc5de39caa66cbf44c7fefec14d0d5ddd6625b6e,org/logicng/formulas/printer/LatexStringRepresentationTest.java,31,1,1,5,0.65,20,1,1,0,0,0,0,0,0,0,0,0,0,0,0,0,0,0,0,1,0,0,False
6890,logic-ng/logicng,fc5de39caa66cbf44c7fefec14d0d5ddd6625b6e,org/logicng/formulas/printer/UTF8StringRepresentationTest.java,31,1,1,5,0.65,20,1,1,0,0,0,0,0,0,0,0,0,0,0,0,0,0,0,0,1,0,0,False
6891,logic-ng/logicng,fc5de39caa66cbf44c7fefec14d0d5ddd6625b6e,org/logicng/io/parsers/PropositionalParserTest.java,128,23,45,45,0.39,50,23,5,0,0,0,0,22,0,0,0,0,1,0,0,0,0,0,0,23,0,0,False
6892,logic-ng/logicng,fc5de39caa66cbf44c7fefec14d0d5ddd6625b6e,org/logicng/io/parsers/PseudoBooleanParserTest.java,157,28,55,65,0.41,64,28,9,0,0,0,0,27,0,0,0,0,1,0,0,1,0,0,0,28,0,0,False
6893,logic-ng/logicng,fc5de39caa66cbf44c7fefec14d0d5ddd6625b6e,org/logicng/io/writers/FormulaDotFileWriterTest.java,41,4,9,9,0.05,2,4,0,0,0,0,0,3,0,0,0,0,0,0,0,0,3,1,0,3,0,0,False
6894,logic-ng/logicng,fc5de39caa66cbf44c7fefec14d0d5ddd6625b6e,org/logicng/predicates/CNFPredicateTest.java,26,1,1,6,0.58,15,1,1,0,0,0,0,0,0,0,0,0,0,0,0,0,0,0,0,1,0,0,False
6895,logic-ng/logicng,fc5de39caa66cbf44c7fefec14d0d5ddd6625b6e,org/logicng/predicates/DNFPredicateTest.java,26,1,1,6,0.58,15,1,1,0,0,0,0,0,0,0,0,0,0,0,0,0,0,0,0,1,0,0,False
6896,logic-ng/logicng,fc5de39caa66cbf44c7fefec14d0d5ddd6625b6e,org/logicng/propositions/ExtendedPropositionTest.java,74,5,11,17,0.31,23,4,4,0,1,0,0,3,0,0,0,1,1,0,0,0,0,0,0,4,0,0,False
6897,logic-ng/logicng,fc5de39caa66cbf44c7fefec14d0d5ddd6625b6e,org/logicng/propositions/StandardPropositionTest.java,61,5,11,15,0.39,24,4,4,0,1,0,0,3,0,0,0,1,1,0,0,0,0,0,0,4,0,0,False
6898,logic-ng/logicng,fc5de39caa66cbf44c7fefec14d0d5ddd6625b6e,org/logicng/pseudobooleans/PBSWCTest.java,78,4,7,31,0.12,9,4,2,2,0,0,0,0,0,0,0,0,0,0,0,0,1,1,0,3,0,0,False
6899,logic-ng/logicng,fc5de39caa66cbf44c7fefec14d0d5ddd6625b6e,org/logicng/solvers/sat/MiniSatTest.java,37,5,8,13,0.05,2,5,1,0,0,0,0,0,0,0,0,0,0,0,0,0,0,0,0,3,0,0,False
6900,logic-ng/logicng,fc5de39caa66cbf44c7fefec14d0d5ddd6625b6e,org/logicng/solvers/sat/MiniCardTest.java,76,7,10,27,0.18,14,7,3,0,0,0,0,0,0,0,0,0,0,0,0,1,0,0,0,5,0,0,False
6901,logic-ng/logicng,fc5de39caa66cbf44c7fefec14d0d5ddd6625b6e,org/logicng/util/PairTest.java,37,4,4,10,0.49,18,4,4,0,0,0,0,0,0,0,0,1,1,0,0,0,0,0,0,4,0,0,False
6902,logic-ng/logicng,0188080e0c29d6564dcf971163a8a86d60034ac2,org/logicng/cardinalityconstraints/CCALKTotalizerTest.java,65,5,10,26,0.12,8,5,1,2,0,0,0,0,0,0,0,0,0,0,0,0,1,1,0,4,0,0,False
6903,logic-ng/logicng,0188080e0c29d6564dcf971163a8a86d60034ac2,org/logicng/cardinalityconstraints/CCAMKTotalizerTest.java,79,5,9,33,0.11,9,5,2,3,0,0,0,0,0,0,0,0,0,0,0,0,1,1,0,4,0,0,False
6904,logic-ng/logicng,0188080e0c29d6564dcf971163a8a86d60034ac2,org/logicng/collections/LNGBooleanVectorTest.java,134,10,22,63,0.39,52,10,8,9,0,0,0,0,0,0,0,0,1,0,0,4,0,0,0,10,0,0,False
6905,logic-ng/logicng,0188080e0c29d6564dcf971163a8a86d60034ac2,org/logicng/collections/LNGByteVectorTest.java,163,12,26,75,0.35,57,12,10,11,0,0,0,0,0,0,0,0,1,0,0,4,0,0,0,12,0,0,False
6906,logic-ng/logicng,0188080e0c29d6564dcf971163a8a86d60034ac2,org/logicng/collections/LNGDoublePriorityQueueTest.java,108,6,6,31,0.39,42,6,5,0,0,0,0,0,0,0,0,0,1,0,0,3,0,0,0,6,0,0,False
6907,logic-ng/logicng,0188080e0c29d6564dcf971163a8a86d60034ac2,org/logicng/collections/LNGDoubleVectorTest.java,163,12,26,75,0.35,57,12,10,11,0,0,0,0,0,0,0,0,1,0,0,5,0,0,0,12,0,0,False
6908,logic-ng/logicng,0188080e0c29d6564dcf971163a8a86d60034ac2,org/logicng/collections/LNGIntVectorTest.java,163,12,26,75,0.35,57,12,10,11,0,0,0,0,0,0,0,0,1,0,0,4,0,0,0,12,0,0,False
6909,logic-ng/logicng,0188080e0c29d6564dcf971163a8a86d60034ac2,org/logicng/collections/LNGLongPriorityQueueTest.java,89,5,5,25,0.4,36,5,4,0,0,0,0,0,0,0,0,0,1,0,0,2,0,0,0,5,0,0,False
6910,logic-ng/logicng,0188080e0c29d6564dcf971163a8a86d60034ac2,org/logicng/collections/LNGLongVectorTest.java,163,12,26,75,0.35,57,12,10,11,0,0,0,0,0,0,0,0,1,0,0,4,0,0,0,12,0,0,False
6911,logic-ng/logicng,0188080e0c29d6564dcf971163a8a86d60034ac2,org/logicng/collections/LNGVectorTest.java,293,23,49,137,0.35,104,21,18,20,1,0,0,0,0,0,0,0,2,0,0,7,0,0,0,21,0,0,False
6912,logic-ng/logicng,0188080e0c29d6564dcf971163a8a86d60034ac2,org/logicng/datastructures/AssignmentTest.java,102,11,13,42,0.45,46,11,10,0,0,0,0,1,0,0,0,2,1,0,0,2,0,0,0,11,0,0,False
6913,logic-ng/logicng,0188080e0c29d6564dcf971163a8a86d60034ac2,org/logicng/formulas/SubstitutionTest.java,123,14,18,39,0.35,43,13,9,0,1,0,0,4,0,0,0,1,1,0,0,0,0,0,0,13,0,0,False
6914,logic-ng/logicng,0188080e0c29d6564dcf971163a8a86d60034ac2,org/logicng/formulas/AndTest.java,110,14,15,48,0.55,61,14,11,0,0,0,0,1,0,0,0,1,1,0,0,3,0,0,0,14,0,0,False
6915,logic-ng/logicng,0188080e0c29d6564dcf971163a8a86d60034ac2,org/logicng/formulas/CFalseTest.java,47,12,13,28,0.32,15,12,2,0,0,0,0,1,0,0,0,1,1,0,0,2,0,0,0,12,0,0,False
6916,logic-ng/logicng,0188080e0c29d6564dcf971163a8a86d60034ac2,org/logicng/formulas/CTrueTest.java,47,12,13,28,0.32,15,12,2,0,0,0,0,1,0,0,0,1,1,0,0,2,0,0,0,12,0,0,False
6917,logic-ng/logicng,0188080e0c29d6564dcf971163a8a86d60034ac2,org/logicng/formulas/EquivalenceTest.java,99,14,15,42,0.54,53,14,13,0,0,0,0,1,0,0,0,1,1,0,0,4,0,0,0,14,0,0,False
6918,logic-ng/logicng,0188080e0c29d6564dcf971163a8a86d60034ac2,org/logicng/formulas/FormulaTest.java,49,6,11,25,0.2,10,4,3,0,0,0,0,0,0,0,0,0,0,0,0,0,0,0,0,4,0,0,False
6919,logic-ng/logicng,0188080e0c29d6564dcf971163a8a86d60034ac2,org/logicng/formulas/FormulaFactoryTest.java,41,3,3,18,0.22,9,3,2,0,0,0,0,0,0,0,0,0,1,0,0,0,0,0,0,3,0,0,False
6920,logic-ng/logicng,0188080e0c29d6564dcf971163a8a86d60034ac2,org/logicng/formulas/ImplicationTest.java,97,15,16,43,0.49,48,15,13,0,0,0,0,1,0,0,0,1,1,0,0,4,0,0,0,15,0,0,False
6921,logic-ng/logicng,0188080e0c29d6564dcf971163a8a86d60034ac2,org/logicng/formulas/LiteralTest.java,94,16,17,43,0.53,50,16,15,0,0,0,0,1,0,0,0,1,1,0,0,2,1,0,0,16,0,0,False
6922,logic-ng/logicng,0188080e0c29d6564dcf971163a8a86d60034ac2,org/logicng/formulas/NotTest.java,81,13,14,38,0.49,40,13,12,0,0,0,0,1,0,0,0,1,1,0,0,3,0,0,0,13,0,0,False
6923,logic-ng/logicng,0188080e0c29d6564dcf971163a8a86d60034ac2,org/logicng/formulas/OrTest.java,106,13,14,44,0.57,60,13,11,0,0,0,0,1,0,0,0,1,1,0,0,3,0,0,0,13,0,0,False
6924,logic-ng/logicng,0188080e0c29d6564dcf971163a8a86d60034ac2,org/logicng/formulas/PBConstraintTest.java,377,27,30,123,0.45,170,26,20,0,1,0,0,1,0,0,0,2,4,0,0,2,0,0,0,26,0,0,False
6925,logic-ng/logicng,0188080e0c29d6564dcf971163a8a86d60034ac2,org/logicng/formulas/printer/LatexStringRepresentationTest.java,26,1,1,5,0.58,15,1,1,0,0,0,0,0,0,0,0,0,0,0,0,0,0,0,0,1,0,0,False
6926,logic-ng/logicng,0188080e0c29d6564dcf971163a8a86d60034ac2,org/logicng/formulas/printer/UTF8StringRepresentationTest.java,26,1,1,5,0.58,15,1,1,0,0,0,0,0,0,0,0,0,0,0,0,0,0,0,0,1,0,0,False
6927,logic-ng/logicng,0188080e0c29d6564dcf971163a8a86d60034ac2,org/logicng/io/parsers/PropositionalParserTest.java,115,20,40,38,0.41,47,20,4,0,0,0,0,20,0,0,0,0,0,0,0,0,0,0,0,20,0,0,False
6928,logic-ng/logicng,0188080e0c29d6564dcf971163a8a86d60034ac2,org/logicng/io/parsers/PseudoBooleanParserTest.java,140,24,48,54,0.42,59,24,7,0,0,0,0,24,0,0,0,0,0,0,0,1,0,0,0,24,0,0,False
6929,logic-ng/logicng,0188080e0c29d6564dcf971163a8a86d60034ac2,org/logicng/io/writers/FormulaDotFileWriterTest.java,41,4,9,9,0.05,2,4,0,0,0,0,0,3,0,0,0,0,0,0,0,0,3,1,0,3,0,0,False
6930,logic-ng/logicng,0188080e0c29d6564dcf971163a8a86d60034ac2,org/logicng/propositions/ExtendedPropositionTest.java,74,5,11,17,0.31,23,4,4,0,1,0,0,3,0,0,0,1,1,0,0,0,0,0,0,4,0,0,False
6931,logic-ng/logicng,0188080e0c29d6564dcf971163a8a86d60034ac2,org/logicng/propositions/StandardPropositionTest.java,61,5,11,15,0.39,24,4,4,0,1,0,0,3,0,0,0,1,1,0,0,0,0,0,0,4,0,0,False
6932,logic-ng/logicng,0188080e0c29d6564dcf971163a8a86d60034ac2,org/logicng/pseudobooleans/PBSWCTest.java,78,4,7,31,0.12,9,4,2,2,0,0,0,0,0,0,0,0,0,0,0,0,1,1,0,3,0,0,False
6933,logic-ng/logicng,0188080e0c29d6564dcf971163a8a86d60034ac2,org/logicng/util/PairTest.java,37,4,4,10,0.49,18,4,4,0,0,0,0,0,0,0,0,1,1,0,0,0,0,0,0,4,0,0,False
6934,logic-ng/logicng,b20e782b8710b9d62dbd25110fbb6c545a673867,src/test/java/org/logicng/functions/MinimumPrimeImplicantTest.java,0,0,0,0,0.0,0,5,2,2,1,0,0,4,0,0,0,0,0,0,0,2,2,0,0,4,0,0,False
6935,logic-ng/logicng,b20e782b8710b9d62dbd25110fbb6c545a673867,src/test/java/org/logicng/functions/VariableProfileTest.java,0,0,0,0,0.0,0,6,6,0,1,0,0,3,0,0,0,0,0,0,0,0,0,0,0,6,0,0,False
6936,logic-ng/logicng,b20e782b8710b9d62dbd25110fbb6c545a673867,src/test/java/org/logicng/functions/LiteralProfileTest.java,0,0,0,0,0.0,0,6,6,0,1,0,0,3,0,0,0,0,0,0,0,0,0,0,0,6,0,0,False
6937,logic-ng/logicng,b20e782b8710b9d62dbd25110fbb6c545a673867,src/test/java/org/logicng/functions/SubformulaTest.java,0,0,0,0,0.0,0,9,7,0,0,0,0,2,0,0,0,0,0,0,0,0,0,0,0,9,0,0,False
6938,logic-ng/logicng,b20e782b8710b9d62dbd25110fbb6c545a673867,src/test/java/org/logicng/io/FormulaWriterReaderTest.java,0,0,0,0,0.0,0,6,5,4,0,0,0,6,0,6,0,0,0,0,0,1,0,0,6,6,0,0,False
6939,logic-ng/logicng,b20e782b8710b9d62dbd25110fbb6c545a673867,src/test/java/org/logicng/TestWithExampleFormulas.java,0,0,0,0,0.0,0,0,0,0,0,0,0,0,0,0,0,0,0,0,0,0,0,0,0,0,0,0,False
6940,logic-ng/logicng,b20e782b8710b9d62dbd25110fbb6c545a673867,src/test/java/org/logicng/graphs/algorithms/ConnectedComponentsComputerTest.java,0,0,0,0,0.0,0,4,3,3,0,0,0,3,0,0,0,0,0,0,0,1,0,0,0,4,0,0,False
6941,logic-ng/logicng,b20e782b8710b9d62dbd25110fbb6c545a673867,src/test/java/org/logicng/handlers/TimerTypeTest.java,0,0,0,0,0.0,0,8,6,6,0,0,0,4,0,0,0,0,0,0,4,6,0,0,0,6,0,0,False
6942,logic-ng/logicng,b20e782b8710b9d62dbd25110fbb6c545a673867,src/test/java/org/logicng/pseudobooleans/PBSolvingTest.java,0,0,0,0,0.0,0,17,6,12,1,0,0,0,0,0,0,0,0,0,0,4,5,5,0,12,0,0,False
6943,logic-ng/logicng,b20e782b8710b9d62dbd25110fbb6c545a673867,src/test/java/org/logicng/LogicNGTest.java,0,0,0,0,0.0,0,2,0,0,0,0,0,0,0,0,0,0,0,0,0,0,0,0,0,0,0,0,False
6944,logic-ng/logicng,b20e782b8710b9d62dbd25110fbb6c545a673867,src/test/java/org/logicng/transformations/simplification/FactorOutSimplificationTest.java,0,0,0,0,0.0,0,4,1,1,0,0,0,1,0,0,0,0,0,0,0,0,2,0,0,3,0,0,False
6945,logic-ng/logicng,b20e782b8710b9d62dbd25110fbb6c545a673867,src/test/java/org/logicng/transformations/simplification/NegationMinimizerTest.java,0,0,0,0,0.0,0,4,1,1,0,0,0,1,0,0,0,0,0,0,0,1,2,0,0,3,0,0,False
6946,logic-ng/logicng,b20e782b8710b9d62dbd25110fbb6c545a673867,src/test/java/org/logicng/transformations/AIGTest.java,0,0,0,0,0.0,0,7,6,0,0,0,0,3,0,0,0,0,1,0,0,1,0,0,0,7,0,0,False
6947,logic-ng/logicng,b20e782b8710b9d62dbd25110fbb6c545a673867,src/test/java/org/logicng/transformations/cnf/TseitinTest.java,0,0,0,0,0.0,0,9,7,0,0,0,0,4,0,0,0,0,1,0,0,1,0,0,0,8,0,0,False
6948,logic-ng/logicng,b20e782b8710b9d62dbd25110fbb6c545a673867,src/test/java/org/logicng/transformations/cnf/CNFTest.java,0,0,0,0,0.0,0,8,7,0,0,0,0,5,0,0,0,0,1,0,0,2,0,0,0,8,0,0,False
6949,logic-ng/logicng,b20e782b8710b9d62dbd25110fbb6c545a673867,src/test/java/org/logicng/transformations/cnf/PlaistedGreenbaumTest.java,0,0,0,0,0.0,0,11,9,0,0,0,0,6,0,0,0,0,1,0,0,1,0,0,0,10,0,0,False
6950,logic-ng/logicng,b20e782b8710b9d62dbd25110fbb6c545a673867,src/test/java/org/logicng/transformations/cnf/CnfMethodComparisonTest.java,0,0,0,0,0.0,0,6,0,0,0,0,0,1,0,0,0,0,0,0,0,0,1,0,0,1,0,0,False
6951,logic-ng/logicng,b20e782b8710b9d62dbd25110fbb6c545a673867,src/test/java/org/logicng/transformations/cnf/BDDCNFTest.java,0,0,0,0,0.0,0,8,8,0,0,0,0,5,0,0,0,0,0,0,0,1,0,0,0,8,0,0,False
6952,logic-ng/logicng,b20e782b8710b9d62dbd25110fbb6c545a673867,src/test/java/org/logicng/transformations/qmc/QuineMcCluskeyTest.java,0,0,0,0,0.0,0,15,13,3,0,0,0,13,0,0,0,0,0,0,0,4,0,0,0,14,0,0,False
6953,logic-ng/logicng,b20e782b8710b9d62dbd25110fbb6c545a673867,src/test/java/org/logicng/transformations/qe/QETest.java,0,0,0,0,0.0,0,3,3,0,0,0,0,1,0,0,0,0,0,0,0,0,0,0,0,3,0,0,False
6954,logic-ng/logicng,b20e782b8710b9d62dbd25110fbb6c545a673867,src/test/java/org/logicng/transformations/dnf/BDDDNFTest.java,0,0,0,0,0.0,0,8,8,0,0,0,0,5,0,0,0,0,0,0,0,1,0,0,0,8,0,0,False
6955,logic-ng/logicng,b20e782b8710b9d62dbd25110fbb6c545a673867,src/test/java/org/logicng/solvers/sat/IncDecTest.java,0,0,0,0,0.0,0,2,1,2,1,0,0,1,0,0,0,0,1,0,0,1,0,0,0,2,0,0,False
6956,logic-ng/logicng,b20e782b8710b9d62dbd25110fbb6c545a673867,src/test/java/org/logicng/solvers/sat/AssumeTest.java,0,0,0,0,0.0,0,1,1,1,1,0,0,1,0,0,0,0,0,0,0,0,0,0,0,1,0,0,False
6957,logic-ng/logicng,b20e782b8710b9d62dbd25110fbb6c545a673867,src/test/java/org/logicng/solvers/sat/SATTest.java,0,0,0,0,0.0,0,53,25,45,1,0,0,17,0,3,0,0,1,0,0,9,1,2,3,49,0,0,False
6958,logic-ng/logicng,b20e782b8710b9d62dbd25110fbb6c545a673867,src/test/java/org/logicng/solvers/sat/ConfigurationsTest.java,0,0,0,0,0.0,0,4,0,0,0,0,0,0,0,0,0,0,4,0,0,0,0,0,0,4,0,0,False
6959,logic-ng/logicng,b20e782b8710b9d62dbd25110fbb6c545a673867,src/test/java/org/logicng/solvers/maxsat/MaxSatLongRunningTest.java,0,0,0,0,0.0,0,2,0,1,0,0,0,1,0,1,1,0,0,0,0,0,0,0,1,1,0,0,False
6960,logic-ng/logicng,b20e782b8710b9d62dbd25110fbb6c545a673867,src/test/java/org/logicng/solvers/maxsat/MaxSATClassTest.java,0,0,0,0,0.0,0,3,3,0,0,0,0,0,0,0,0,0,1,0,0,0,0,0,0,3,0,0,False
6961,logic-ng/logicng,b20e782b8710b9d62dbd25110fbb6c545a673867,src/test/java/org/logicng/solvers/maxsat/PureMaxSATTest.java,0,0,0,0,0.0,0,13,11,7,1,0,0,10,0,0,0,0,2,0,0,8,0,0,0,13,0,0,False
6962,logic-ng/logicng,b20e782b8710b9d62dbd25110fbb6c545a673867,src/test/java/org/logicng/solvers/maxsat/PartialMaxSATTest.java,0,0,0,0,0.0,0,18,12,14,1,0,0,11,0,0,0,0,0,0,0,1,5,1,0,17,0,0,False
6963,logic-ng/logicng,b20e782b8710b9d62dbd25110fbb6c545a673867,src/test/java/org/logicng/solvers/maxsat/PartialWeightedMaxSATTest.java,0,0,0,0,0.0,0,21,14,16,1,0,0,13,0,0,0,0,0,0,0,1,6,1,0,20,0,0,False
6964,logic-ng/logicng,b20e782b8710b9d62dbd25110fbb6c545a673867,src/test/java/org/logicng/solvers/maxsat/encodings/EncodingsTest.java,0,0,0,0,0.0,0,6,4,0,0,0,0,0,0,0,0,0,5,0,0,0,0,0,0,6,0,0,False
6965,logic-ng/logicng,b20e782b8710b9d62dbd25110fbb6c545a673867,src/test/java/org/logicng/solvers/ModelTest.java,0,0,0,0,0.0,0,12,10,7,0,0,0,9,0,0,0,0,0,0,0,4,0,0,0,11,0,0,False
6966,logic-ng/logicng,b20e782b8710b9d62dbd25110fbb6c545a673867,src/test/java/org/logicng/solvers/datastructures/SolversDatastructuresTest.java,0,0,0,0,0.0,0,7,2,0,0,0,0,0,0,0,0,0,7,0,0,0,0,0,0,7,0,0,False
6967,logic-ng/logicng,b20e782b8710b9d62dbd25110fbb6c545a673867,src/test/java/org/logicng/cardinalityconstraints/CCAMOTest.java,0,0,0,0,0.0,0,6,2,2,1,0,0,0,0,0,0,0,1,0,0,0,0,1,0,5,0,0,False
6968,logic-ng/logicng,b20e782b8710b9d62dbd25110fbb6c545a673867,src/test/java/org/logicng/cardinalityconstraints/CCIncrementalFormulaTest.java,0,0,0,0,0.0,0,8,2,7,1,0,0,0,0,0,0,0,2,0,0,1,0,0,0,8,0,0,False
6969,logic-ng/logicng,b20e782b8710b9d62dbd25110fbb6c545a673867,src/test/java/org/logicng/cardinalityconstraints/CCAMKTest.java,0,0,0,0,0.0,0,8,1,3,1,0,0,0,0,0,0,0,1,0,0,0,0,1,0,7,0,0,False
6970,logic-ng/logicng,b20e782b8710b9d62dbd25110fbb6c545a673867,src/test/java/org/logicng/cardinalityconstraints/CCIncrementalSolverTest.java,0,0,0,0,0.0,0,6,0,6,1,0,0,0,0,0,0,0,0,0,0,0,0,0,0,6,0,0,False
6971,logic-ng/logicng,b20e782b8710b9d62dbd25110fbb6c545a673867,src/test/java/org/logicng/cardinalityconstraints/CCPerformanceTest.java,0,0,0,0,0.0,0,3,0,1,1,0,0,0,0,0,0,0,0,0,0,0,0,0,0,2,0,0,False
6972,logic-ng/logicng,b20e782b8710b9d62dbd25110fbb6c545a673867,src/test/java/org/logicng/cardinalityconstraints/CCALKTest.java,0,0,0,0,0.0,0,4,1,2,1,0,0,0,0,0,0,0,1,0,0,0,0,1,0,3,0,0,False
6973,logic-ng/logicng,b20e782b8710b9d62dbd25110fbb6c545a673867,src/test/java/org/logicng/cardinalityconstraints/CCEXOTest.java,0,0,0,0,0.0,0,6,3,2,1,0,0,0,0,0,0,0,1,0,0,0,0,1,0,5,0,0,False
6974,logic-ng/logicng,b20e782b8710b9d62dbd25110fbb6c545a673867,src/test/java/org/logicng/cardinalityconstraints/CCEXKTest.java,0,0,0,0,0.0,0,4,2,1,1,0,0,0,0,0,0,0,2,0,0,0,0,1,0,3,0,0,False
6975,logic-ng/logicng,b20e782b8710b9d62dbd25110fbb6c545a673867,src/test/java/org/logicng/knowledgecompilation/bdds/BDDConstructionTests.java,0,0,0,0,0.0,0,7,0,0,0,0,0,0,0,0,0,0,0,0,0,0,0,0,0,6,0,0,False
6976,logic-ng/logicng,b20e782b8710b9d62dbd25110fbb6c545a673867,src/test/java/org/logicng/knowledgecompilation/bdds/orderings/OccurrenceOrderingTest.java,0,0,0,0,0.0,0,4,2,0,0,0,0,4,0,0,0,0,0,0,0,0,0,0,0,4,0,0,False
6977,logic-ng/logicng,b20e782b8710b9d62dbd25110fbb6c545a673867,src/test/java/org/logicng/knowledgecompilation/bdds/BDDModelEnumerationTest.java,0,0,0,0,0.0,0,6,4,2,1,0,0,0,0,0,0,0,0,0,0,0,0,0,0,5,0,0,False
6978,logic-ng/logicng,b20e782b8710b9d62dbd25110fbb6c545a673867,src/test/java/org/logicng/knowledgecompilation/bdds/FormulaBDDTest.java,0,0,0,0,0.0,0,3,3,0,0,0,0,2,0,0,0,0,0,0,0,0,0,0,0,3,0,0,False
6979,logic-ng/logicng,b20e782b8710b9d62dbd25110fbb6c545a673867,src/test/java/org/logicng/knowledgecompilation/bdds/BDDLowLevelTest.java,0,0,0,0,0.0,0,9,2,0,0,0,0,0,0,0,0,0,1,0,0,0,0,0,0,8,0,0,False
6980,logic-ng/logicng,b20e782b8710b9d62dbd25110fbb6c545a673867,src/test/java/org/logicng/knowledgecompilation/bdds/LargeBDDTest.java,0,0,0,0,0.0,0,9,5,0,0,0,0,1,0,0,0,0,0,0,0,0,2,2,0,7,0,0,False
6981,logic-ng/logicng,b20e782b8710b9d62dbd25110fbb6c545a673867,src/test/java/org/logicng/knowledgecompilation/bdds/SimpleBDDTest.java,0,0,0,0,0.0,0,10,10,0,0,0,0,6,0,0,0,0,7,0,0,0,0,0,0,10,0,0,False
6982,logic-ng/logicng,b20e782b8710b9d62dbd25110fbb6c545a673867,src/test/java/org/logicng/formulas/FormulaFactoryWithoutContradictionCheckTest.java,0,0,0,0,0.0,0,12,12,0,0,0,0,6,0,0,0,0,3,0,0,1,0,0,0,12,0,0,False
6983,logic-ng/logicng,b20e782b8710b9d62dbd25110fbb6c545a673867,src/test/java/org/logicng/formulas/FormulaIteratorTest.java,0,0,0,0,0.0,0,9,9,0,0,0,0,6,0,0,0,0,0,0,0,4,0,0,0,9,0,0,False
6984,logic-ng/logicng,b20e782b8710b9d62dbd25110fbb6c545a673867,src/test/java/org/logicng/formulas/CacheTest.java,0,0,0,0,0.0,0,2,2,0,0,0,0,0,0,0,0,0,0,0,0,0,0,0,0,2,0,0,False
6985,logic-ng/logicng,b20e782b8710b9d62dbd25110fbb6c545a673867,src/test/java/org/logicng/formulas/FormulaMergeTest.java,0,0,0,0,0.0,0,2,2,0,0,0,0,0,0,0,0,0,0,0,0,0,0,0,0,2,0,0,False
6986,logic-ng/logicng,b20e782b8710b9d62dbd25110fbb6c545a673867,src/test/java/org/logicng/formulas/EvaluationTest.java,0,0,0,0,0.0,0,5,5,0,0,0,0,1,0,0,0,0,0,0,0,0,0,0,0,5,0,0,False
6987,logic-ng/logicng,b20e782b8710b9d62dbd25110fbb6c545a673867,src/test/java/org/logicng/formulas/NNFTest.java,0,0,0,0,0.0,0,5,5,0,0,0,0,3,0,0,0,0,0,0,0,1,0,0,0,5,0,0,False
6988,logic-ng/logicng,b20e782b8710b9d62dbd25110fbb6c545a673867,src/test/java/org/logicng/formulas/RestrictionTest.java,0,0,0,0,0.0,0,5,5,0,0,0,0,1,0,0,0,0,0,0,0,0,0,0,0,5,0,0,False
6989,logic-ng/logicng,b20e782b8710b9d62dbd25110fbb6c545a673867,src/test/java/org/logicng/formulas/FTypeTest.java,0,0,0,0,0.0,0,1,1,0,0,0,0,0,0,0,0,0,0,0,0,0,0,0,0,1,0,0,False
6990,logic-ng/logicng,b20e782b8710b9d62dbd25110fbb6c545a673867,src/test/java/org/logicng/predicates/satisfiability/PredicatesTest.java,0,0,0,0,0.0,0,9,9,0,0,0,0,0,0,0,0,0,1,0,0,0,0,0,0,9,0,0,False
6991,logic-ng/logicng,b20e782b8710b9d62dbd25110fbb6c545a673867,src/test/java/org/logicng/configurations/ConfigurationsTest.java,0,0,0,0,0.0,0,1,1,0,0,0,0,0,0,0,0,0,0,0,0,0,0,0,0,1,0,0,False
6992,logic-ng/logicng,b20e782b8710b9d62dbd25110fbb6c545a673867,src/test/java/org/logicng/explanations/drup/DRUPTest.java,0,0,0,0,0.0,0,14,6,9,1,0,0,13,0,2,0,0,0,0,0,4,0,0,2,13,0,0,False
6993,logic-ng/logicng,b20e782b8710b9d62dbd25110fbb6c545a673867,src/test/java/org/logicng/testutils/TestUtil.java,0,0,0,0,0.0,0,1,0,0,1,0,0,0,0,0,0,0,0,0,0,0,0,0,0,0,0,0,False
6994,logic-ng/logicng,b20e782b8710b9d62dbd25110fbb6c545a673867,src/test/java/org/logicng/primecomputation/PrimeImplicateReductionTest.java,0,0,0,0,0.0,0,11,2,4,0,0,0,6,0,0,0,0,0,0,0,0,7,2,0,9,0,0,False
6995,logic-ng/logicng,b20e782b8710b9d62dbd25110fbb6c545a673867,src/test/java/org/logicng/primecomputation/PrimeImplicantReductionTest.java,0,0,0,0,0.0,0,11,2,4,0,0,0,6,0,0,0,0,0,0,0,1,7,2,0,9,0,0,False
6996,logic-ng/logicng,b20e782b8710b9d62dbd25110fbb6c545a673867,src/test/java/org/logicng/datastructures/DatastructuresTest.java,0,0,0,0,0.0,0,2,1,0,0,0,0,0,0,0,0,0,1,0,0,0,0,0,0,2,0,0,False
6997,logic-ng/logicng,38e007c1794193a7b55bf9f82f9f2903fb66a14e,src/test/java/org/logicng/functions/MinimumPrimeImplicantTest.java,0,0,0,0,0.0,0,5,2,2,1,0,0,4,0,0,0,0,0,0,0,2,2,0,0,4,0,0,False
6998,logic-ng/logicng,38e007c1794193a7b55bf9f82f9f2903fb66a14e,src/test/java/org/logicng/functions/VariableProfileTest.java,0,0,0,0,0.0,0,6,6,0,1,0,0,3,0,0,0,0,0,0,0,0,0,0,0,6,0,0,False
6999,logic-ng/logicng,38e007c1794193a7b55bf9f82f9f2903fb66a14e,src/test/java/org/logicng/functions/LiteralProfileTest.java,0,0,0,0,0.0,0,6,6,0,1,0,0,3,0,0,0,0,0,0,0,0,0,0,0,6,0,0,False
7000,logic-ng/logicng,38e007c1794193a7b55bf9f82f9f2903fb66a14e,src/test/java/org/logicng/functions/SubformulaTest.java,0,0,0,0,0.0,0,9,7,0,0,0,0,2,0,0,0,0,0,0,0,0,0,0,0,9,0,0,False
7001,logic-ng/logicng,38e007c1794193a7b55bf9f82f9f2903fb66a14e,src/test/java/org/logicng/io/FormulaWriterReaderTest.java,0,0,0,0,0.0,0,6,5,4,0,0,0,6,0,6,0,0,0,0,0,1,0,0,6,6,0,0,False
7002,logic-ng/logicng,38e007c1794193a7b55bf9f82f9f2903fb66a14e,src/test/java/org/logicng/TestWithExampleFormulas.java,0,0,0,0,0.0,0,0,0,0,0,0,0,0,0,0,0,0,0,0,0,0,0,0,0,0,0,0,False
7003,logic-ng/logicng,38e007c1794193a7b55bf9f82f9f2903fb66a14e,src/test/java/org/logicng/graphs/algorithms/ConnectedComponentsComputerTest.java,0,0,0,0,0.0,0,4,3,3,0,0,0,3,0,0,0,0,0,0,0,1,0,0,0,4,0,0,False
7004,logic-ng/logicng,38e007c1794193a7b55bf9f82f9f2903fb66a14e,src/test/java/org/logicng/handlers/TimerTypeTest.java,0,0,0,0,0.0,0,8,6,6,0,0,0,4,0,0,0,0,0,0,4,6,0,0,0,6,0,0,False
7005,logic-ng/logicng,38e007c1794193a7b55bf9f82f9f2903fb66a14e,src/test/java/org/logicng/pseudobooleans/PBSolvingTest.java,0,0,0,0,0.0,0,17,6,12,1,0,0,0,0,0,0,0,0,0,0,4,5,5,0,12,0,0,False
7006,logic-ng/logicng,38e007c1794193a7b55bf9f82f9f2903fb66a14e,src/test/java/org/logicng/LogicNGTest.java,0,0,0,0,0.0,0,2,0,0,0,0,0,0,0,0,0,0,0,0,0,0,0,0,0,0,0,0,False
7007,logic-ng/logicng,38e007c1794193a7b55bf9f82f9f2903fb66a14e,src/test/java/org/logicng/transformations/simplification/FactorOutSimplificationTest.java,0,0,0,0,0.0,0,4,1,1,0,0,0,1,0,0,0,0,0,0,0,0,2,0,0,3,0,0,False
7008,logic-ng/logicng,38e007c1794193a7b55bf9f82f9f2903fb66a14e,src/test/java/org/logicng/transformations/simplification/NegationMinimizerTest.java,0,0,0,0,0.0,0,4,1,1,0,0,0,1,0,0,0,0,0,0,0,1,2,0,0,3,0,0,False
7009,logic-ng/logicng,38e007c1794193a7b55bf9f82f9f2903fb66a14e,src/test/java/org/logicng/transformations/AIGTest.java,0,0,0,0,0.0,0,7,6,0,0,0,0,3,0,0,0,0,1,0,0,1,0,0,0,7,0,0,False
7010,logic-ng/logicng,38e007c1794193a7b55bf9f82f9f2903fb66a14e,src/test/java/org/logicng/transformations/cnf/TseitinTest.java,0,0,0,0,0.0,0,9,7,0,0,0,0,4,0,0,0,0,1,0,0,1,0,0,0,8,0,0,False
7011,logic-ng/logicng,38e007c1794193a7b55bf9f82f9f2903fb66a14e,src/test/java/org/logicng/transformations/cnf/CNFTest.java,0,0,0,0,0.0,0,8,7,0,0,0,0,5,0,0,0,0,1,0,0,2,0,0,0,8,0,0,False
7012,logic-ng/logicng,38e007c1794193a7b55bf9f82f9f2903fb66a14e,src/test/java/org/logicng/transformations/cnf/PlaistedGreenbaumTest.java,0,0,0,0,0.0,0,11,9,0,0,0,0,6,0,0,0,0,1,0,0,1,0,0,0,10,0,0,False
7013,logic-ng/logicng,38e007c1794193a7b55bf9f82f9f2903fb66a14e,src/test/java/org/logicng/transformations/cnf/CnfMethodComparisonTest.java,0,0,0,0,0.0,0,6,0,0,0,0,0,1,0,0,0,0,0,0,0,0,1,0,0,1,0,0,False
7014,logic-ng/logicng,38e007c1794193a7b55bf9f82f9f2903fb66a14e,src/test/java/org/logicng/transformations/cnf/BDDCNFTest.java,0,0,0,0,0.0,0,8,8,0,0,0,0,5,0,0,0,0,0,0,0,1,0,0,0,8,0,0,False
7015,logic-ng/logicng,38e007c1794193a7b55bf9f82f9f2903fb66a14e,src/test/java/org/logicng/transformations/qmc/QuineMcCluskeyTest.java,0,0,0,0,0.0,0,15,13,3,0,0,0,13,0,0,0,0,0,0,0,4,0,0,0,14,0,0,False
7016,logic-ng/logicng,38e007c1794193a7b55bf9f82f9f2903fb66a14e,src/test/java/org/logicng/transformations/qe/QETest.java,0,0,0,0,0.0,0,3,3,0,0,0,0,1,0,0,0,0,0,0,0,0,0,0,0,3,0,0,False
7017,logic-ng/logicng,38e007c1794193a7b55bf9f82f9f2903fb66a14e,src/test/java/org/logicng/transformations/dnf/BDDDNFTest.java,0,0,0,0,0.0,0,8,8,0,0,0,0,5,0,0,0,0,0,0,0,1,0,0,0,8,0,0,False
7018,logic-ng/logicng,38e007c1794193a7b55bf9f82f9f2903fb66a14e,src/test/java/org/logicng/solvers/sat/IncDecTest.java,0,0,0,0,0.0,0,2,1,2,1,0,0,1,0,0,0,0,1,0,0,1,0,0,0,2,0,0,False
7019,logic-ng/logicng,38e007c1794193a7b55bf9f82f9f2903fb66a14e,src/test/java/org/logicng/solvers/sat/AssumeTest.java,0,0,0,0,0.0,0,1,1,1,1,0,0,1,0,0,0,0,0,0,0,0,0,0,0,1,0,0,False
7020,logic-ng/logicng,38e007c1794193a7b55bf9f82f9f2903fb66a14e,src/test/java/org/logicng/solvers/sat/SATTest.java,0,0,0,0,0.0,0,53,25,45,1,0,0,17,0,3,0,0,1,0,0,9,1,2,3,49,0,0,False
7021,logic-ng/logicng,38e007c1794193a7b55bf9f82f9f2903fb66a14e,src/test/java/org/logicng/solvers/sat/ConfigurationsTest.java,0,0,0,0,0.0,0,4,0,0,0,0,0,0,0,0,0,0,4,0,0,0,0,0,0,4,0,0,False
7022,logic-ng/logicng,38e007c1794193a7b55bf9f82f9f2903fb66a14e,src/test/java/org/logicng/solvers/maxsat/MaxSatLongRunningTest.java,0,0,0,0,0.0,0,2,0,1,0,0,0,1,0,1,1,0,0,0,0,0,0,0,1,1,0,0,False
7023,logic-ng/logicng,38e007c1794193a7b55bf9f82f9f2903fb66a14e,src/test/java/org/logicng/solvers/maxsat/MaxSATClassTest.java,0,0,0,0,0.0,0,3,3,0,0,0,0,0,0,0,0,0,1,0,0,0,0,0,0,3,0,0,False
7024,logic-ng/logicng,38e007c1794193a7b55bf9f82f9f2903fb66a14e,src/test/java/org/logicng/solvers/maxsat/PureMaxSATTest.java,0,0,0,0,0.0,0,13,11,7,1,0,0,10,0,0,0,0,2,0,0,8,0,0,0,13,0,0,False
7025,logic-ng/logicng,38e007c1794193a7b55bf9f82f9f2903fb66a14e,src/test/java/org/logicng/solvers/maxsat/PartialMaxSATTest.java,0,0,0,0,0.0,0,18,12,14,1,0,0,11,0,0,0,0,0,0,0,1,5,1,0,17,0,0,False
7026,logic-ng/logicng,38e007c1794193a7b55bf9f82f9f2903fb66a14e,src/test/java/org/logicng/solvers/maxsat/PartialWeightedMaxSATTest.java,0,0,0,0,0.0,0,21,14,16,1,0,0,13,0,0,0,0,0,0,0,1,6,1,0,20,0,0,False
7027,logic-ng/logicng,38e007c1794193a7b55bf9f82f9f2903fb66a14e,src/test/java/org/logicng/solvers/maxsat/encodings/EncodingsTest.java,0,0,0,0,0.0,0,6,4,0,0,0,0,0,0,0,0,0,5,0,0,0,0,0,0,6,0,0,False
7028,logic-ng/logicng,38e007c1794193a7b55bf9f82f9f2903fb66a14e,src/test/java/org/logicng/solvers/ModelTest.java,0,0,0,0,0.0,0,12,10,7,0,0,0,9,0,0,0,0,0,0,0,4,0,0,0,11,0,0,False
7029,logic-ng/logicng,38e007c1794193a7b55bf9f82f9f2903fb66a14e,src/test/java/org/logicng/solvers/datastructures/SolversDatastructuresTest.java,0,0,0,0,0.0,0,7,2,0,0,0,0,0,0,0,0,0,7,0,0,0,0,0,0,7,0,0,False
7030,logic-ng/logicng,38e007c1794193a7b55bf9f82f9f2903fb66a14e,src/test/java/org/logicng/cardinalityconstraints/CCAMOTest.java,0,0,0,0,0.0,0,6,2,2,1,0,0,0,0,0,0,0,1,0,0,0,0,1,0,5,0,0,False
7031,logic-ng/logicng,38e007c1794193a7b55bf9f82f9f2903fb66a14e,src/test/java/org/logicng/cardinalityconstraints/CCIncrementalFormulaTest.java,0,0,0,0,0.0,0,8,2,7,1,0,0,0,0,0,0,0,2,0,0,1,0,0,0,8,0,0,False
7032,logic-ng/logicng,38e007c1794193a7b55bf9f82f9f2903fb66a14e,src/test/java/org/logicng/cardinalityconstraints/CCAMKTest.java,0,0,0,0,0.0,0,8,1,3,1,0,0,0,0,0,0,0,1,0,0,0,0,1,0,7,0,0,False
7033,logic-ng/logicng,38e007c1794193a7b55bf9f82f9f2903fb66a14e,src/test/java/org/logicng/cardinalityconstraints/CCIncrementalSolverTest.java,0,0,0,0,0.0,0,6,0,6,1,0,0,0,0,0,0,0,0,0,0,0,0,0,0,6,0,0,False
7034,logic-ng/logicng,38e007c1794193a7b55bf9f82f9f2903fb66a14e,src/test/java/org/logicng/cardinalityconstraints/CCPerformanceTest.java,0,0,0,0,0.0,0,3,0,1,1,0,0,0,0,0,0,0,0,0,0,0,0,0,0,2,0,0,False
7035,logic-ng/logicng,38e007c1794193a7b55bf9f82f9f2903fb66a14e,src/test/java/org/logicng/cardinalityconstraints/CCALKTest.java,0,0,0,0,0.0,0,4,1,2,1,0,0,0,0,0,0,0,1,0,0,0,0,1,0,3,0,0,False
7036,logic-ng/logicng,38e007c1794193a7b55bf9f82f9f2903fb66a14e,src/test/java/org/logicng/cardinalityconstraints/CCEXOTest.java,0,0,0,0,0.0,0,6,3,2,1,0,0,0,0,0,0,0,1,0,0,0,0,1,0,5,0,0,False
7037,logic-ng/logicng,38e007c1794193a7b55bf9f82f9f2903fb66a14e,src/test/java/org/logicng/cardinalityconstraints/CCEXKTest.java,0,0,0,0,0.0,0,4,2,1,1,0,0,0,0,0,0,0,2,0,0,0,0,1,0,3,0,0,False
7038,logic-ng/logicng,38e007c1794193a7b55bf9f82f9f2903fb66a14e,src/test/java/org/logicng/knowledgecompilation/bdds/BDDConstructionTests.java,0,0,0,0,0.0,0,7,0,0,0,0,0,0,0,0,0,0,0,0,0,0,0,0,0,6,0,0,False
7039,logic-ng/logicng,38e007c1794193a7b55bf9f82f9f2903fb66a14e,src/test/java/org/logicng/knowledgecompilation/bdds/orderings/OccurrenceOrderingTest.java,0,0,0,0,0.0,0,4,2,0,0,0,0,4,0,0,0,0,0,0,0,0,0,0,0,4,0,0,False
7040,logic-ng/logicng,38e007c1794193a7b55bf9f82f9f2903fb66a14e,src/test/java/org/logicng/knowledgecompilation/bdds/BDDModelEnumerationTest.java,0,0,0,0,0.0,0,6,4,2,1,0,0,0,0,0,0,0,0,0,0,0,0,0,0,5,0,0,False
7041,logic-ng/logicng,38e007c1794193a7b55bf9f82f9f2903fb66a14e,src/test/java/org/logicng/knowledgecompilation/bdds/FormulaBDDTest.java,0,0,0,0,0.0,0,3,3,0,0,0,0,2,0,0,0,0,0,0,0,0,0,0,0,3,0,0,False
7042,logic-ng/logicng,38e007c1794193a7b55bf9f82f9f2903fb66a14e,src/test/java/org/logicng/knowledgecompilation/bdds/BDDLowLevelTest.java,0,0,0,0,0.0,0,9,2,0,0,0,0,0,0,0,0,0,1,0,0,0,0,0,0,8,0,0,False
7043,logic-ng/logicng,38e007c1794193a7b55bf9f82f9f2903fb66a14e,src/test/java/org/logicng/knowledgecompilation/bdds/LargeBDDTest.java,0,0,0,0,0.0,0,9,5,0,0,0,0,1,0,0,0,0,0,0,0,0,2,2,0,7,0,0,False
7044,logic-ng/logicng,38e007c1794193a7b55bf9f82f9f2903fb66a14e,src/test/java/org/logicng/knowledgecompilation/bdds/SimpleBDDTest.java,0,0,0,0,0.0,0,10,10,0,0,0,0,6,0,0,0,0,7,0,0,0,0,0,0,10,0,0,False
7045,logic-ng/logicng,38e007c1794193a7b55bf9f82f9f2903fb66a14e,src/test/java/org/logicng/formulas/FormulaFactoryWithoutContradictionCheckTest.java,0,0,0,0,0.0,0,12,12,0,0,0,0,6,0,0,0,0,3,0,0,1,0,0,0,12,0,0,False
7046,logic-ng/logicng,38e007c1794193a7b55bf9f82f9f2903fb66a14e,src/test/java/org/logicng/formulas/FormulaIteratorTest.java,0,0,0,0,0.0,0,9,9,0,0,0,0,6,0,0,0,0,0,0,0,4,0,0,0,9,0,0,False
7047,logic-ng/logicng,38e007c1794193a7b55bf9f82f9f2903fb66a14e,src/test/java/org/logicng/formulas/CacheTest.java,0,0,0,0,0.0,0,2,2,0,0,0,0,0,0,0,0,0,0,0,0,0,0,0,0,2,0,0,False
7048,logic-ng/logicng,38e007c1794193a7b55bf9f82f9f2903fb66a14e,src/test/java/org/logicng/formulas/FormulaMergeTest.java,0,0,0,0,0.0,0,2,2,0,0,0,0,0,0,0,0,0,0,0,0,0,0,0,0,2,0,0,False
7049,logic-ng/logicng,38e007c1794193a7b55bf9f82f9f2903fb66a14e,src/test/java/org/logicng/formulas/EvaluationTest.java,0,0,0,0,0.0,0,5,5,0,0,0,0,1,0,0,0,0,0,0,0,0,0,0,0,5,0,0,False
7050,logic-ng/logicng,38e007c1794193a7b55bf9f82f9f2903fb66a14e,src/test/java/org/logicng/formulas/NNFTest.java,0,0,0,0,0.0,0,5,5,0,0,0,0,3,0,0,0,0,0,0,0,1,0,0,0,5,0,0,False
7051,logic-ng/logicng,38e007c1794193a7b55bf9f82f9f2903fb66a14e,src/test/java/org/logicng/formulas/RestrictionTest.java,0,0,0,0,0.0,0,5,5,0,0,0,0,1,0,0,0,0,0,0,0,0,0,0,0,5,0,0,False
7052,logic-ng/logicng,38e007c1794193a7b55bf9f82f9f2903fb66a14e,src/test/java/org/logicng/formulas/FTypeTest.java,0,0,0,0,0.0,0,1,1,0,0,0,0,0,0,0,0,0,0,0,0,0,0,0,0,1,0,0,False
7053,logic-ng/logicng,38e007c1794193a7b55bf9f82f9f2903fb66a14e,src/test/java/org/logicng/predicates/satisfiability/PredicatesTest.java,0,0,0,0,0.0,0,9,9,0,0,0,0,0,0,0,0,0,1,0,0,0,0,0,0,9,0,0,False
7054,logic-ng/logicng,38e007c1794193a7b55bf9f82f9f2903fb66a14e,src/test/java/org/logicng/configurations/ConfigurationsTest.java,0,0,0,0,0.0,0,1,1,0,0,0,0,0,0,0,0,0,0,0,0,0,0,0,0,1,0,0,False
7055,logic-ng/logicng,38e007c1794193a7b55bf9f82f9f2903fb66a14e,src/test/java/org/logicng/explanations/drup/DRUPTest.java,0,0,0,0,0.0,0,14,6,9,1,0,0,13,0,2,0,0,0,0,0,4,0,0,2,13,0,0,False
7056,logic-ng/logicng,38e007c1794193a7b55bf9f82f9f2903fb66a14e,src/test/java/org/logicng/testutils/TestUtil.java,0,0,0,0,0.0,0,1,0,0,1,0,0,0,0,0,0,0,0,0,0,0,0,0,0,0,0,0,False
7057,logic-ng/logicng,38e007c1794193a7b55bf9f82f9f2903fb66a14e,src/test/java/org/logicng/primecomputation/PrimeImplicateReductionTest.java,0,0,0,0,0.0,0,11,2,4,0,0,0,6,0,0,0,0,0,0,0,0,7,2,0,9,0,0,False
7058,logic-ng/logicng,38e007c1794193a7b55bf9f82f9f2903fb66a14e,src/test/java/org/logicng/primecomputation/PrimeImplicantReductionTest.java,0,0,0,0,0.0,0,11,2,4,0,0,0,6,0,0,0,0,0,0,0,1,7,2,0,9,0,0,False
7059,logic-ng/logicng,38e007c1794193a7b55bf9f82f9f2903fb66a14e,src/test/java/org/logicng/datastructures/DatastructuresTest.java,0,0,0,0,0.0,0,2,1,0,0,0,0,0,0,0,0,0,1,0,0,0,0,0,0,2,0,0,False
7060,logic-ng/logicng,3e2dfe7d1f789a50a7bd0c68111139565b95665b,src/test/java/org/logicng/functions/MinimumPrimeImplicantTest.java,0,0,0,0,0.0,0,5,2,2,1,0,0,4,0,0,0,0,0,0,0,2,2,0,0,4,0,0,False
7061,logic-ng/logicng,3e2dfe7d1f789a50a7bd0c68111139565b95665b,src/test/java/org/logicng/functions/VariableProfileTest.java,0,0,0,0,0.0,0,6,6,0,1,0,0,3,0,0,0,0,0,0,0,0,0,0,0,6,0,0,False
7062,logic-ng/logicng,3e2dfe7d1f789a50a7bd0c68111139565b95665b,src/test/java/org/logicng/functions/LiteralProfileTest.java,0,0,0,0,0.0,0,6,6,0,1,0,0,3,0,0,0,0,0,0,0,0,0,0,0,6,0,0,False
7063,logic-ng/logicng,3e2dfe7d1f789a50a7bd0c68111139565b95665b,src/test/java/org/logicng/functions/SubformulaTest.java,0,0,0,0,0.0,0,9,7,0,0,0,0,2,0,0,0,0,0,0,0,0,0,0,0,9,0,0,False
7064,logic-ng/logicng,3e2dfe7d1f789a50a7bd0c68111139565b95665b,src/test/java/org/logicng/io/FormulaWriterReaderTest.java,0,0,0,0,0.0,0,6,5,4,0,0,0,6,0,6,0,0,0,0,0,1,0,0,6,6,0,0,False
7065,logic-ng/logicng,3e2dfe7d1f789a50a7bd0c68111139565b95665b,src/test/java/org/logicng/TestWithExampleFormulas.java,0,0,0,0,0.0,0,0,0,0,0,0,0,0,0,0,0,0,0,0,0,0,0,0,0,0,0,0,False
7066,logic-ng/logicng,3e2dfe7d1f789a50a7bd0c68111139565b95665b,src/test/java/org/logicng/graphs/algorithms/ConnectedComponentsComputerTest.java,0,0,0,0,0.0,0,4,3,3,0,0,0,3,0,0,0,0,0,0,0,1,0,0,0,4,0,0,False
7067,logic-ng/logicng,3e2dfe7d1f789a50a7bd0c68111139565b95665b,src/test/java/org/logicng/handlers/TimerTypeTest.java,0,0,0,0,0.0,0,8,6,6,0,0,0,4,0,0,0,0,0,0,4,6,0,0,0,6,0,0,False
7068,logic-ng/logicng,3e2dfe7d1f789a50a7bd0c68111139565b95665b,src/test/java/org/logicng/pseudobooleans/PBSolvingTest.java,0,0,0,0,0.0,0,17,6,12,1,0,0,0,0,0,0,0,0,0,0,4,5,5,0,12,0,0,False
7069,logic-ng/logicng,3e2dfe7d1f789a50a7bd0c68111139565b95665b,src/test/java/org/logicng/LogicNGTest.java,0,0,0,0,0.0,0,2,0,0,0,0,0,0,0,0,0,0,0,0,0,0,0,0,0,0,0,0,False
7070,logic-ng/logicng,3e2dfe7d1f789a50a7bd0c68111139565b95665b,src/test/java/org/logicng/transformations/simplification/FactorOutSimplificationTest.java,0,0,0,0,0.0,0,4,1,1,0,0,0,1,0,0,0,0,0,0,0,0,2,0,0,3,0,0,False
7071,logic-ng/logicng,3e2dfe7d1f789a50a7bd0c68111139565b95665b,src/test/java/org/logicng/transformations/simplification/NegationMinimizerTest.java,0,0,0,0,0.0,0,4,1,1,0,0,0,1,0,0,0,0,0,0,0,1,2,0,0,3,0,0,False
7072,logic-ng/logicng,3e2dfe7d1f789a50a7bd0c68111139565b95665b,src/test/java/org/logicng/transformations/AIGTest.java,0,0,0,0,0.0,0,7,6,0,0,0,0,3,0,0,0,0,1,0,0,1,0,0,0,7,0,0,False
7073,logic-ng/logicng,3e2dfe7d1f789a50a7bd0c68111139565b95665b,src/test/java/org/logicng/transformations/cnf/TseitinTest.java,0,0,0,0,0.0,0,9,7,0,0,0,0,4,0,0,0,0,1,0,0,1,0,0,0,8,0,0,False
7074,logic-ng/logicng,3e2dfe7d1f789a50a7bd0c68111139565b95665b,src/test/java/org/logicng/transformations/cnf/CNFTest.java,0,0,0,0,0.0,0,8,7,0,0,0,0,5,0,0,0,0,1,0,0,2,0,0,0,8,0,0,False
7075,logic-ng/logicng,3e2dfe7d1f789a50a7bd0c68111139565b95665b,src/test/java/org/logicng/transformations/cnf/PlaistedGreenbaumTest.java,0,0,0,0,0.0,0,11,9,0,0,0,0,6,0,0,0,0,1,0,0,1,0,0,0,10,0,0,False
7076,logic-ng/logicng,3e2dfe7d1f789a50a7bd0c68111139565b95665b,src/test/java/org/logicng/transformations/cnf/CnfMethodComparisonTest.java,0,0,0,0,0.0,0,6,0,0,0,0,0,1,0,0,0,0,0,0,0,0,1,0,0,1,0,0,False
7077,logic-ng/logicng,3e2dfe7d1f789a50a7bd0c68111139565b95665b,src/test/java/org/logicng/transformations/cnf/BDDCNFTest.java,0,0,0,0,0.0,0,8,8,0,0,0,0,5,0,0,0,0,0,0,0,1,0,0,0,8,0,0,False
7078,logic-ng/logicng,3e2dfe7d1f789a50a7bd0c68111139565b95665b,src/test/java/org/logicng/transformations/qmc/QuineMcCluskeyTest.java,0,0,0,0,0.0,0,15,13,3,0,0,0,13,0,0,0,0,0,0,0,4,0,0,0,14,0,0,False
7079,logic-ng/logicng,3e2dfe7d1f789a50a7bd0c68111139565b95665b,src/test/java/org/logicng/transformations/qe/QETest.java,0,0,0,0,0.0,0,3,3,0,0,0,0,1,0,0,0,0,0,0,0,0,0,0,0,3,0,0,False
7080,logic-ng/logicng,3e2dfe7d1f789a50a7bd0c68111139565b95665b,src/test/java/org/logicng/transformations/dnf/BDDDNFTest.java,0,0,0,0,0.0,0,8,8,0,0,0,0,5,0,0,0,0,0,0,0,1,0,0,0,8,0,0,False
7081,logic-ng/logicng,3e2dfe7d1f789a50a7bd0c68111139565b95665b,src/test/java/org/logicng/solvers/sat/IncDecTest.java,0,0,0,0,0.0,0,2,1,2,1,0,0,1,0,0,0,0,1,0,0,1,0,0,0,2,0,0,False
7082,logic-ng/logicng,3e2dfe7d1f789a50a7bd0c68111139565b95665b,src/test/java/org/logicng/solvers/sat/AssumeTest.java,0,0,0,0,0.0,0,1,1,1,1,0,0,1,0,0,0,0,0,0,0,0,0,0,0,1,0,0,False
7083,logic-ng/logicng,3e2dfe7d1f789a50a7bd0c68111139565b95665b,src/test/java/org/logicng/solvers/sat/SATTest.java,0,0,0,0,0.0,0,53,25,45,1,0,0,17,0,3,0,0,1,0,0,9,1,2,3,49,0,0,False
7084,logic-ng/logicng,3e2dfe7d1f789a50a7bd0c68111139565b95665b,src/test/java/org/logicng/solvers/sat/ConfigurationsTest.java,0,0,0,0,0.0,0,4,0,0,0,0,0,0,0,0,0,0,4,0,0,0,0,0,0,4,0,0,False
7085,logic-ng/logicng,3e2dfe7d1f789a50a7bd0c68111139565b95665b,src/test/java/org/logicng/solvers/maxsat/MaxSatLongRunningTest.java,0,0,0,0,0.0,0,2,0,1,0,0,0,1,0,1,1,0,0,0,0,0,0,0,1,1,0,0,False
7086,logic-ng/logicng,3e2dfe7d1f789a50a7bd0c68111139565b95665b,src/test/java/org/logicng/solvers/maxsat/MaxSATClassTest.java,0,0,0,0,0.0,0,3,3,0,0,0,0,0,0,0,0,0,1,0,0,0,0,0,0,3,0,0,False
7087,logic-ng/logicng,3e2dfe7d1f789a50a7bd0c68111139565b95665b,src/test/java/org/logicng/solvers/maxsat/PureMaxSATTest.java,0,0,0,0,0.0,0,13,11,7,1,0,0,10,0,0,0,0,2,0,0,8,0,0,0,13,0,0,False
7088,logic-ng/logicng,3e2dfe7d1f789a50a7bd0c68111139565b95665b,src/test/java/org/logicng/solvers/maxsat/PartialMaxSATTest.java,0,0,0,0,0.0,0,18,12,14,1,0,0,11,0,0,0,0,0,0,0,1,5,1,0,17,0,0,False
7089,logic-ng/logicng,3e2dfe7d1f789a50a7bd0c68111139565b95665b,src/test/java/org/logicng/solvers/maxsat/PartialWeightedMaxSATTest.java,0,0,0,0,0.0,0,21,14,16,1,0,0,13,0,0,0,0,0,0,0,1,6,1,0,20,0,0,False
7090,logic-ng/logicng,3e2dfe7d1f789a50a7bd0c68111139565b95665b,src/test/java/org/logicng/solvers/maxsat/encodings/EncodingsTest.java,0,0,0,0,0.0,0,6,4,0,0,0,0,0,0,0,0,0,5,0,0,0,0,0,0,6,0,0,False
7091,logic-ng/logicng,3e2dfe7d1f789a50a7bd0c68111139565b95665b,src/test/java/org/logicng/solvers/ModelTest.java,0,0,0,0,0.0,0,12,10,7,0,0,0,9,0,0,0,0,0,0,0,4,0,0,0,11,0,0,False
7092,logic-ng/logicng,3e2dfe7d1f789a50a7bd0c68111139565b95665b,src/test/java/org/logicng/solvers/datastructures/SolversDatastructuresTest.java,0,0,0,0,0.0,0,7,2,0,0,0,0,0,0,0,0,0,7,0,0,0,0,0,0,7,0,0,False
7093,logic-ng/logicng,3e2dfe7d1f789a50a7bd0c68111139565b95665b,src/test/java/org/logicng/cardinalityconstraints/CCAMOTest.java,0,0,0,0,0.0,0,6,2,2,1,0,0,0,0,0,0,0,1,0,0,0,0,1,0,5,0,0,False
7094,logic-ng/logicng,3e2dfe7d1f789a50a7bd0c68111139565b95665b,src/test/java/org/logicng/cardinalityconstraints/CCIncrementalFormulaTest.java,0,0,0,0,0.0,0,8,2,7,1,0,0,0,0,0,0,0,2,0,0,1,0,0,0,8,0,0,False
7095,logic-ng/logicng,3e2dfe7d1f789a50a7bd0c68111139565b95665b,src/test/java/org/logicng/cardinalityconstraints/CCAMKTest.java,0,0,0,0,0.0,0,8,1,3,1,0,0,0,0,0,0,0,1,0,0,0,0,1,0,7,0,0,False
7096,logic-ng/logicng,3e2dfe7d1f789a50a7bd0c68111139565b95665b,src/test/java/org/logicng/cardinalityconstraints/CCIncrementalSolverTest.java,0,0,0,0,0.0,0,6,0,6,1,0,0,0,0,0,0,0,0,0,0,0,0,0,0,6,0,0,False
7097,logic-ng/logicng,3e2dfe7d1f789a50a7bd0c68111139565b95665b,src/test/java/org/logicng/cardinalityconstraints/CCPerformanceTest.java,0,0,0,0,0.0,0,3,0,1,1,0,0,0,0,0,0,0,0,0,0,0,0,0,0,2,0,0,False
7098,logic-ng/logicng,3e2dfe7d1f789a50a7bd0c68111139565b95665b,src/test/java/org/logicng/cardinalityconstraints/CCALKTest.java,0,0,0,0,0.0,0,4,1,2,1,0,0,0,0,0,0,0,1,0,0,0,0,1,0,3,0,0,False
7099,logic-ng/logicng,3e2dfe7d1f789a50a7bd0c68111139565b95665b,src/test/java/org/logicng/cardinalityconstraints/CCEXOTest.java,0,0,0,0,0.0,0,6,3,2,1,0,0,0,0,0,0,0,1,0,0,0,0,1,0,5,0,0,False
7100,logic-ng/logicng,3e2dfe7d1f789a50a7bd0c68111139565b95665b,src/test/java/org/logicng/cardinalityconstraints/CCEXKTest.java,0,0,0,0,0.0,0,4,2,1,1,0,0,0,0,0,0,0,2,0,0,0,0,1,0,3,0,0,False
7101,logic-ng/logicng,3e2dfe7d1f789a50a7bd0c68111139565b95665b,src/test/java/org/logicng/knowledgecompilation/bdds/BDDConstructionTests.java,0,0,0,0,0.0,0,7,0,0,0,0,0,0,0,0,0,0,0,0,0,0,0,0,0,6,0,0,False
7102,logic-ng/logicng,3e2dfe7d1f789a50a7bd0c68111139565b95665b,src/test/java/org/logicng/knowledgecompilation/bdds/orderings/OccurrenceOrderingTest.java,0,0,0,0,0.0,0,4,2,0,0,0,0,4,0,0,0,0,0,0,0,0,0,0,0,4,0,0,False
7103,logic-ng/logicng,3e2dfe7d1f789a50a7bd0c68111139565b95665b,src/test/java/org/logicng/knowledgecompilation/bdds/BDDModelEnumerationTest.java,0,0,0,0,0.0,0,6,4,2,1,0,0,0,0,0,0,0,0,0,0,0,0,0,0,5,0,0,False
7104,logic-ng/logicng,3e2dfe7d1f789a50a7bd0c68111139565b95665b,src/test/java/org/logicng/knowledgecompilation/bdds/FormulaBDDTest.java,0,0,0,0,0.0,0,3,3,0,0,0,0,2,0,0,0,0,0,0,0,0,0,0,0,3,0,0,False
7105,logic-ng/logicng,3e2dfe7d1f789a50a7bd0c68111139565b95665b,src/test/java/org/logicng/knowledgecompilation/bdds/BDDLowLevelTest.java,0,0,0,0,0.0,0,9,2,0,0,0,0,0,0,0,0,0,1,0,0,0,0,0,0,8,0,0,False
7106,logic-ng/logicng,3e2dfe7d1f789a50a7bd0c68111139565b95665b,src/test/java/org/logicng/knowledgecompilation/bdds/LargeBDDTest.java,0,0,0,0,0.0,0,9,5,0,0,0,0,1,0,0,0,0,0,0,0,0,2,2,0,7,0,0,False
7107,logic-ng/logicng,3e2dfe7d1f789a50a7bd0c68111139565b95665b,src/test/java/org/logicng/knowledgecompilation/bdds/SimpleBDDTest.java,0,0,0,0,0.0,0,10,10,0,0,0,0,6,0,0,0,0,7,0,0,0,0,0,0,10,0,0,False
7108,logic-ng/logicng,3e2dfe7d1f789a50a7bd0c68111139565b95665b,src/test/java/org/logicng/formulas/FormulaFactoryWithoutContradictionCheckTest.java,0,0,0,0,0.0,0,12,12,0,0,0,0,6,0,0,0,0,3,0,0,1,0,0,0,12,0,0,False
7109,logic-ng/logicng,3e2dfe7d1f789a50a7bd0c68111139565b95665b,src/test/java/org/logicng/formulas/FormulaIteratorTest.java,0,0,0,0,0.0,0,9,9,0,0,0,0,6,0,0,0,0,0,0,0,4,0,0,0,9,0,0,False
7110,logic-ng/logicng,3e2dfe7d1f789a50a7bd0c68111139565b95665b,src/test/java/org/logicng/formulas/CacheTest.java,0,0,0,0,0.0,0,2,2,0,0,0,0,0,0,0,0,0,0,0,0,0,0,0,0,2,0,0,False
7111,logic-ng/logicng,3e2dfe7d1f789a50a7bd0c68111139565b95665b,src/test/java/org/logicng/formulas/FormulaMergeTest.java,0,0,0,0,0.0,0,2,2,0,0,0,0,0,0,0,0,0,0,0,0,0,0,0,0,2,0,0,False
7112,logic-ng/logicng,3e2dfe7d1f789a50a7bd0c68111139565b95665b,src/test/java/org/logicng/formulas/EvaluationTest.java,0,0,0,0,0.0,0,5,5,0,0,0,0,1,0,0,0,0,0,0,0,0,0,0,0,5,0,0,False
7113,logic-ng/logicng,3e2dfe7d1f789a50a7bd0c68111139565b95665b,src/test/java/org/logicng/formulas/NNFTest.java,0,0,0,0,0.0,0,5,5,0,0,0,0,3,0,0,0,0,0,0,0,1,0,0,0,5,0,0,False
7114,logic-ng/logicng,3e2dfe7d1f789a50a7bd0c68111139565b95665b,src/test/java/org/logicng/formulas/RestrictionTest.java,0,0,0,0,0.0,0,5,5,0,0,0,0,1,0,0,0,0,0,0,0,0,0,0,0,5,0,0,False
7115,logic-ng/logicng,3e2dfe7d1f789a50a7bd0c68111139565b95665b,src/test/java/org/logicng/formulas/FTypeTest.java,0,0,0,0,0.0,0,1,1,0,0,0,0,0,0,0,0,0,0,0,0,0,0,0,0,1,0,0,False
7116,logic-ng/logicng,3e2dfe7d1f789a50a7bd0c68111139565b95665b,src/test/java/org/logicng/predicates/satisfiability/PredicatesTest.java,0,0,0,0,0.0,0,9,9,0,0,0,0,0,0,0,0,0,1,0,0,0,0,0,0,9,0,0,False
7117,logic-ng/logicng,3e2dfe7d1f789a50a7bd0c68111139565b95665b,src/test/java/org/logicng/configurations/ConfigurationsTest.java,0,0,0,0,0.0,0,1,1,0,0,0,0,0,0,0,0,0,0,0,0,0,0,0,0,1,0,0,False
7118,logic-ng/logicng,3e2dfe7d1f789a50a7bd0c68111139565b95665b,src/test/java/org/logicng/explanations/drup/DRUPTest.java,0,0,0,0,0.0,0,14,6,9,1,0,0,13,0,2,0,0,0,0,0,4,0,0,2,13,0,0,False
7119,logic-ng/logicng,3e2dfe7d1f789a50a7bd0c68111139565b95665b,src/test/java/org/logicng/testutils/TestUtil.java,0,0,0,0,0.0,0,1,0,0,1,0,0,0,0,0,0,0,0,0,0,0,0,0,0,0,0,0,False
7120,logic-ng/logicng,3e2dfe7d1f789a50a7bd0c68111139565b95665b,src/test/java/org/logicng/primecomputation/PrimeImplicateReductionTest.java,0,0,0,0,0.0,0,11,2,4,0,0,0,6,0,0,0,0,0,0,0,0,7,2,0,9,0,0,False
7121,logic-ng/logicng,3e2dfe7d1f789a50a7bd0c68111139565b95665b,src/test/java/org/logicng/primecomputation/PrimeImplicantReductionTest.java,0,0,0,0,0.0,0,11,2,4,0,0,0,6,0,0,0,0,0,0,0,1,7,2,0,9,0,0,False
7122,logic-ng/logicng,3e2dfe7d1f789a50a7bd0c68111139565b95665b,src/test/java/org/logicng/datastructures/DatastructuresTest.java,0,0,0,0,0.0,0,2,1,0,0,0,0,0,0,0,0,0,1,0,0,0,0,0,0,2,0,0,False
7123,logic-ng/logicng,53c33f828125b861b4b76932fad4855087978869,src/test/java/org/logicng/functions/MinimumPrimeImplicantTest.java,0,0,0,0,0.0,0,5,2,2,1,0,0,4,0,0,0,0,0,0,0,2,2,0,0,4,0,0,False
7124,logic-ng/logicng,53c33f828125b861b4b76932fad4855087978869,src/test/java/org/logicng/functions/VariableProfileTest.java,0,0,0,0,0.0,0,6,6,0,1,0,0,3,0,0,0,0,0,0,0,0,0,0,0,6,0,0,False
7125,logic-ng/logicng,53c33f828125b861b4b76932fad4855087978869,src/test/java/org/logicng/functions/LiteralProfileTest.java,0,0,0,0,0.0,0,6,6,0,1,0,0,3,0,0,0,0,0,0,0,0,0,0,0,6,0,0,False
7126,logic-ng/logicng,53c33f828125b861b4b76932fad4855087978869,src/test/java/org/logicng/functions/SubformulaTest.java,0,0,0,0,0.0,0,9,7,0,0,0,0,2,0,0,0,0,0,0,0,0,0,0,0,9,0,0,False
7127,logic-ng/logicng,53c33f828125b861b4b76932fad4855087978869,src/test/java/org/logicng/io/FormulaWriterReaderTest.java,0,0,0,0,0.0,0,6,5,4,0,0,0,6,0,6,0,0,0,0,0,1,0,0,6,6,0,0,False
7128,logic-ng/logicng,53c33f828125b861b4b76932fad4855087978869,src/test/java/org/logicng/TestWithExampleFormulas.java,0,0,0,0,0.0,0,0,0,0,0,0,0,0,0,0,0,0,0,0,0,0,0,0,0,0,0,0,False
7129,logic-ng/logicng,53c33f828125b861b4b76932fad4855087978869,src/test/java/org/logicng/graphs/algorithms/ConnectedComponentsComputerTest.java,0,0,0,0,0.0,0,4,3,3,0,0,0,3,0,0,0,0,0,0,0,1,0,0,0,4,0,0,False
7130,logic-ng/logicng,53c33f828125b861b4b76932fad4855087978869,src/test/java/org/logicng/handlers/TimerTypeTest.java,0,0,0,0,0.0,0,8,6,6,0,0,0,4,0,0,0,0,0,0,4,6,0,0,0,6,0,0,False
7131,logic-ng/logicng,53c33f828125b861b4b76932fad4855087978869,src/test/java/org/logicng/pseudobooleans/PBSolvingTest.java,0,0,0,0,0.0,0,17,6,12,1,0,0,0,0,0,0,0,0,0,0,4,5,5,0,12,0,0,False
7132,logic-ng/logicng,53c33f828125b861b4b76932fad4855087978869,src/test/java/org/logicng/LogicNGTest.java,0,0,0,0,0.0,0,2,0,0,0,0,0,0,0,0,0,0,0,0,0,0,0,0,0,0,0,0,False
7133,logic-ng/logicng,53c33f828125b861b4b76932fad4855087978869,src/test/java/org/logicng/transformations/simplification/FactorOutSimplificationTest.java,0,0,0,0,0.0,0,4,1,1,0,0,0,1,0,0,0,0,0,0,0,0,2,0,0,3,0,0,False
7134,logic-ng/logicng,53c33f828125b861b4b76932fad4855087978869,src/test/java/org/logicng/transformations/simplification/NegationMinimizerTest.java,0,0,0,0,0.0,0,4,1,1,0,0,0,1,0,0,0,0,0,0,0,1,2,0,0,3,0,0,False
7135,logic-ng/logicng,53c33f828125b861b4b76932fad4855087978869,src/test/java/org/logicng/transformations/AIGTest.java,0,0,0,0,0.0,0,7,6,0,0,0,0,3,0,0,0,0,1,0,0,1,0,0,0,7,0,0,False
7136,logic-ng/logicng,53c33f828125b861b4b76932fad4855087978869,src/test/java/org/logicng/transformations/cnf/TseitinTest.java,0,0,0,0,0.0,0,9,7,0,0,0,0,4,0,0,0,0,1,0,0,1,0,0,0,8,0,0,False
7137,logic-ng/logicng,53c33f828125b861b4b76932fad4855087978869,src/test/java/org/logicng/transformations/cnf/CNFTest.java,0,0,0,0,0.0,0,8,7,0,0,0,0,5,0,0,0,0,1,0,0,2,0,0,0,8,0,0,False
7138,logic-ng/logicng,53c33f828125b861b4b76932fad4855087978869,src/test/java/org/logicng/transformations/cnf/PlaistedGreenbaumTest.java,0,0,0,0,0.0,0,11,9,0,0,0,0,6,0,0,0,0,1,0,0,1,0,0,0,10,0,0,False
7139,logic-ng/logicng,53c33f828125b861b4b76932fad4855087978869,src/test/java/org/logicng/transformations/cnf/CnfMethodComparisonTest.java,0,0,0,0,0.0,0,6,0,0,0,0,0,1,0,0,0,0,0,0,0,0,1,0,0,1,0,0,False
7140,logic-ng/logicng,53c33f828125b861b4b76932fad4855087978869,src/test/java/org/logicng/transformations/cnf/BDDCNFTest.java,0,0,0,0,0.0,0,8,8,0,0,0,0,5,0,0,0,0,0,0,0,1,0,0,0,8,0,0,False
7141,logic-ng/logicng,53c33f828125b861b4b76932fad4855087978869,src/test/java/org/logicng/transformations/qmc/QuineMcCluskeyTest.java,0,0,0,0,0.0,0,15,13,3,0,0,0,13,0,0,0,0,0,0,0,4,0,0,0,14,0,0,False
7142,logic-ng/logicng,53c33f828125b861b4b76932fad4855087978869,src/test/java/org/logicng/transformations/qe/QETest.java,0,0,0,0,0.0,0,3,3,0,0,0,0,1,0,0,0,0,0,0,0,0,0,0,0,3,0,0,False
7143,logic-ng/logicng,53c33f828125b861b4b76932fad4855087978869,src/test/java/org/logicng/transformations/dnf/BDDDNFTest.java,0,0,0,0,0.0,0,8,8,0,0,0,0,5,0,0,0,0,0,0,0,1,0,0,0,8,0,0,False
7144,logic-ng/logicng,53c33f828125b861b4b76932fad4855087978869,src/test/java/org/logicng/solvers/sat/IncDecTest.java,0,0,0,0,0.0,0,2,1,2,1,0,0,1,0,0,0,0,1,0,0,1,0,0,0,2,0,0,False
7145,logic-ng/logicng,53c33f828125b861b4b76932fad4855087978869,src/test/java/org/logicng/solvers/sat/AssumeTest.java,0,0,0,0,0.0,0,1,1,1,1,0,0,1,0,0,0,0,0,0,0,0,0,0,0,1,0,0,False
7146,logic-ng/logicng,53c33f828125b861b4b76932fad4855087978869,src/test/java/org/logicng/solvers/sat/SATTest.java,0,0,0,0,0.0,0,53,25,45,1,0,0,17,0,3,0,0,1,0,0,9,1,2,3,49,0,0,False
7147,logic-ng/logicng,53c33f828125b861b4b76932fad4855087978869,src/test/java/org/logicng/solvers/sat/ConfigurationsTest.java,0,0,0,0,0.0,0,4,0,0,0,0,0,0,0,0,0,0,4,0,0,0,0,0,0,4,0,0,False
7148,logic-ng/logicng,53c33f828125b861b4b76932fad4855087978869,src/test/java/org/logicng/solvers/maxsat/MaxSATClassTest.java,0,0,0,0,0.0,0,3,3,0,0,0,0,0,0,0,0,0,1,0,0,0,0,0,0,3,0,0,False
7149,logic-ng/logicng,53c33f828125b861b4b76932fad4855087978869,src/test/java/org/logicng/solvers/maxsat/PureMaxSATTest.java,0,0,0,0,0.0,0,13,10,6,1,0,0,9,0,0,0,0,2,0,0,7,0,0,0,12,0,0,False
7150,logic-ng/logicng,53c33f828125b861b4b76932fad4855087978869,src/test/java/org/logicng/solvers/maxsat/PartialMaxSATTest.java,0,0,0,0,0.0,0,18,11,13,1,0,0,10,0,0,0,0,0,0,0,1,5,1,0,16,0,0,False
7151,logic-ng/logicng,53c33f828125b861b4b76932fad4855087978869,src/test/java/org/logicng/solvers/maxsat/PartialWeightedMaxSATTest.java,0,0,0,0,0.0,0,18,10,15,1,0,0,9,0,0,0,0,0,0,0,0,6,1,0,16,0,0,False
7152,logic-ng/logicng,53c33f828125b861b4b76932fad4855087978869,src/test/java/org/logicng/solvers/maxsat/encodings/EncodingsTest.java,0,0,0,0,0.0,0,6,4,0,0,0,0,0,0,0,0,0,5,0,0,0,0,0,0,6,0,0,False
7153,logic-ng/logicng,53c33f828125b861b4b76932fad4855087978869,src/test/java/org/logicng/solvers/ModelTest.java,0,0,0,0,0.0,0,12,10,7,0,0,0,9,0,0,0,0,0,0,0,4,0,0,0,11,0,0,False
7154,logic-ng/logicng,53c33f828125b861b4b76932fad4855087978869,src/test/java/org/logicng/solvers/datastructures/SolversDatastructuresTest.java,0,0,0,0,0.0,0,7,2,0,0,0,0,0,0,0,0,0,7,0,0,0,0,0,0,7,0,0,False
7155,logic-ng/logicng,53c33f828125b861b4b76932fad4855087978869,src/test/java/org/logicng/cardinalityconstraints/CCAMOTest.java,0,0,0,0,0.0,0,6,2,2,1,0,0,0,0,0,0,0,1,0,0,0,0,1,0,5,0,0,False
7156,logic-ng/logicng,53c33f828125b861b4b76932fad4855087978869,src/test/java/org/logicng/cardinalityconstraints/CCIncrementalFormulaTest.java,0,0,0,0,0.0,0,8,2,7,1,0,0,0,0,0,0,0,2,0,0,1,0,0,0,8,0,0,False
7157,logic-ng/logicng,53c33f828125b861b4b76932fad4855087978869,src/test/java/org/logicng/cardinalityconstraints/CCAMKTest.java,0,0,0,0,0.0,0,8,1,3,1,0,0,0,0,0,0,0,1,0,0,0,0,1,0,7,0,0,False
7158,logic-ng/logicng,53c33f828125b861b4b76932fad4855087978869,src/test/java/org/logicng/cardinalityconstraints/CCIncrementalSolverTest.java,0,0,0,0,0.0,0,6,0,6,1,0,0,0,0,0,0,0,0,0,0,0,0,0,0,6,0,0,False
7159,logic-ng/logicng,53c33f828125b861b4b76932fad4855087978869,src/test/java/org/logicng/cardinalityconstraints/CCPerformanceTest.java,0,0,0,0,0.0,0,3,0,1,1,0,0,0,0,0,0,0,0,0,0,0,0,0,0,2,0,0,False
7160,logic-ng/logicng,53c33f828125b861b4b76932fad4855087978869,src/test/java/org/logicng/cardinalityconstraints/CCALKTest.java,0,0,0,0,0.0,0,4,1,2,1,0,0,0,0,0,0,0,1,0,0,0,0,1,0,3,0,0,False
7161,logic-ng/logicng,53c33f828125b861b4b76932fad4855087978869,src/test/java/org/logicng/cardinalityconstraints/CCEXOTest.java,0,0,0,0,0.0,0,6,3,2,1,0,0,0,0,0,0,0,1,0,0,0,0,1,0,5,0,0,False
7162,logic-ng/logicng,53c33f828125b861b4b76932fad4855087978869,src/test/java/org/logicng/cardinalityconstraints/CCEXKTest.java,0,0,0,0,0.0,0,4,2,1,1,0,0,0,0,0,0,0,2,0,0,0,0,1,0,3,0,0,False
7163,logic-ng/logicng,53c33f828125b861b4b76932fad4855087978869,src/test/java/org/logicng/knowledgecompilation/bdds/orderings/OccurrenceOrderingTest.java,0,0,0,0,0.0,0,4,2,0,0,0,0,4,0,0,0,0,0,0,0,0,0,0,0,4,0,0,False
7164,logic-ng/logicng,53c33f828125b861b4b76932fad4855087978869,src/test/java/org/logicng/knowledgecompilation/bdds/BDDModelEnumerationTest.java,0,0,0,0,0.0,0,6,4,2,1,0,0,0,0,0,0,0,0,0,0,0,0,0,0,5,0,0,False
7165,logic-ng/logicng,53c33f828125b861b4b76932fad4855087978869,src/test/java/org/logicng/knowledgecompilation/bdds/FormulaBDDTest.java,0,0,0,0,0.0,0,3,3,0,0,0,0,2,0,0,0,0,0,0,0,0,0,0,0,3,0,0,False
7166,logic-ng/logicng,53c33f828125b861b4b76932fad4855087978869,src/test/java/org/logicng/knowledgecompilation/bdds/BDDLowLevelTest.java,0,0,0,0,0.0,0,9,2,0,0,0,0,0,0,0,0,0,1,0,0,0,0,0,0,8,0,0,False
7167,logic-ng/logicng,53c33f828125b861b4b76932fad4855087978869,src/test/java/org/logicng/knowledgecompilation/bdds/LargeBDDTest.java,0,0,0,0,0.0,0,9,5,0,0,0,0,1,0,0,0,0,0,0,0,0,2,2,0,7,0,0,False
7168,logic-ng/logicng,53c33f828125b861b4b76932fad4855087978869,src/test/java/org/logicng/knowledgecompilation/bdds/SimpleBDDTest.java,0,0,0,0,0.0,0,10,10,0,0,0,0,6,0,0,0,0,7,0,0,0,0,0,0,10,0,0,False
7169,logic-ng/logicng,53c33f828125b861b4b76932fad4855087978869,src/test/java/org/logicng/formulas/FormulaFactoryWithoutContradictionCheckTest.java,0,0,0,0,0.0,0,12,12,0,0,0,0,6,0,0,0,0,3,0,0,1,0,0,0,12,0,0,False
7170,logic-ng/logicng,53c33f828125b861b4b76932fad4855087978869,src/test/java/org/logicng/formulas/FormulaIteratorTest.java,0,0,0,0,0.0,0,9,9,0,0,0,0,6,0,0,0,0,0,0,0,4,0,0,0,9,0,0,False
7171,logic-ng/logicng,53c33f828125b861b4b76932fad4855087978869,src/test/java/org/logicng/formulas/CacheTest.java,0,0,0,0,0.0,0,2,2,0,0,0,0,0,0,0,0,0,0,0,0,0,0,0,0,2,0,0,False
7172,logic-ng/logicng,53c33f828125b861b4b76932fad4855087978869,src/test/java/org/logicng/formulas/FormulaMergeTest.java,0,0,0,0,0.0,0,2,2,0,0,0,0,0,0,0,0,0,0,0,0,0,0,0,0,2,0,0,False
7173,logic-ng/logicng,53c33f828125b861b4b76932fad4855087978869,src/test/java/org/logicng/formulas/EvaluationTest.java,0,0,0,0,0.0,0,5,5,0,0,0,0,1,0,0,0,0,0,0,0,0,0,0,0,5,0,0,False
7174,logic-ng/logicng,53c33f828125b861b4b76932fad4855087978869,src/test/java/org/logicng/formulas/NNFTest.java,0,0,0,0,0.0,0,5,5,0,0,0,0,3,0,0,0,0,0,0,0,1,0,0,0,5,0,0,False
7175,logic-ng/logicng,53c33f828125b861b4b76932fad4855087978869,src/test/java/org/logicng/formulas/RestrictionTest.java,0,0,0,0,0.0,0,5,5,0,0,0,0,1,0,0,0,0,0,0,0,0,0,0,0,5,0,0,False
7176,logic-ng/logicng,53c33f828125b861b4b76932fad4855087978869,src/test/java/org/logicng/formulas/FTypeTest.java,0,0,0,0,0.0,0,1,1,0,0,0,0,0,0,0,0,0,0,0,0,0,0,0,0,1,0,0,False
7177,logic-ng/logicng,53c33f828125b861b4b76932fad4855087978869,src/test/java/org/logicng/predicates/satisfiability/PredicatesTest.java,0,0,0,0,0.0,0,9,9,0,0,0,0,0,0,0,0,0,1,0,0,0,0,0,0,9,0,0,False
7178,logic-ng/logicng,53c33f828125b861b4b76932fad4855087978869,src/test/java/org/logicng/configurations/ConfigurationsTest.java,0,0,0,0,0.0,0,1,1,0,0,0,0,0,0,0,0,0,0,0,0,0,0,0,0,1,0,0,False
7179,logic-ng/logicng,53c33f828125b861b4b76932fad4855087978869,src/test/java/org/logicng/explanations/drup/DRUPTest.java,0,0,0,0,0.0,0,14,6,9,1,0,0,13,0,2,0,0,0,0,0,4,0,0,2,13,0,0,False
7180,logic-ng/logicng,53c33f828125b861b4b76932fad4855087978869,src/test/java/org/logicng/testutils/TestUtil.java,0,0,0,0,0.0,0,1,0,0,1,0,0,0,0,0,0,0,0,0,0,0,0,0,0,0,0,0,False
7181,logic-ng/logicng,53c33f828125b861b4b76932fad4855087978869,src/test/java/org/logicng/primecomputation/PrimeImplicateReductionTest.java,0,0,0,0,0.0,0,11,2,4,0,0,0,6,0,0,0,0,0,0,0,0,7,2,0,9,0,0,False
7182,logic-ng/logicng,53c33f828125b861b4b76932fad4855087978869,src/test/java/org/logicng/primecomputation/PrimeImplicantReductionTest.java,0,0,0,0,0.0,0,11,2,4,0,0,0,6,0,0,0,0,0,0,0,1,7,2,0,9,0,0,False
7183,logic-ng/logicng,53c33f828125b861b4b76932fad4855087978869,src/test/java/org/logicng/datastructures/DatastructuresTest.java,0,0,0,0,0.0,0,2,1,0,0,0,0,0,0,0,0,0,1,0,0,0,0,0,0,2,0,0,False
7184,logic-ng/logicng,e5e5b099bf3b8d6349d6daffce1d3d56f66e4e58,src/test/java/org/logicng/functions/MinimumPrimeImplicantTest.java,0,0,0,0,0.0,0,5,2,2,1,0,0,4,0,0,0,0,0,0,0,2,2,0,0,4,0,0,False
7185,logic-ng/logicng,e5e5b099bf3b8d6349d6daffce1d3d56f66e4e58,src/test/java/org/logicng/functions/VariableProfileTest.java,0,0,0,0,0.0,0,6,6,0,1,0,0,3,0,0,0,0,0,0,0,0,0,0,0,6,0,0,False
7186,logic-ng/logicng,e5e5b099bf3b8d6349d6daffce1d3d56f66e4e58,src/test/java/org/logicng/functions/LiteralProfileTest.java,0,0,0,0,0.0,0,6,6,0,1,0,0,3,0,0,0,0,0,0,0,0,0,0,0,6,0,0,False
7187,logic-ng/logicng,e5e5b099bf3b8d6349d6daffce1d3d56f66e4e58,src/test/java/org/logicng/functions/SubformulaTest.java,0,0,0,0,0.0,0,9,7,0,0,0,0,2,0,0,0,0,0,0,0,0,0,0,0,9,0,0,False
7188,logic-ng/logicng,e5e5b099bf3b8d6349d6daffce1d3d56f66e4e58,src/test/java/org/logicng/io/FormulaWriterReaderTest.java,0,0,0,0,0.0,0,6,5,4,0,0,0,6,0,6,0,0,0,0,0,1,0,0,6,6,0,0,False
7189,logic-ng/logicng,e5e5b099bf3b8d6349d6daffce1d3d56f66e4e58,src/test/java/org/logicng/TestWithExampleFormulas.java,0,0,0,0,0.0,0,0,0,0,0,0,0,0,0,0,0,0,0,0,0,0,0,0,0,0,0,0,False
7190,logic-ng/logicng,e5e5b099bf3b8d6349d6daffce1d3d56f66e4e58,src/test/java/org/logicng/graphs/algorithms/ConnectedComponentsComputerTest.java,0,0,0,0,0.0,0,4,3,3,0,0,0,3,0,0,0,0,0,0,0,1,0,0,0,4,0,0,False
7191,logic-ng/logicng,e5e5b099bf3b8d6349d6daffce1d3d56f66e4e58,src/test/java/org/logicng/handlers/TimerTypeTest.java,0,0,0,0,0.0,0,8,6,6,0,0,0,4,0,0,0,0,0,0,4,6,0,0,0,6,0,0,False
7192,logic-ng/logicng,e5e5b099bf3b8d6349d6daffce1d3d56f66e4e58,src/test/java/org/logicng/pseudobooleans/PBSolvingTest.java,0,0,0,0,0.0,0,17,6,12,1,0,0,0,0,0,0,0,0,0,0,4,5,5,0,12,0,0,False
7193,logic-ng/logicng,e5e5b099bf3b8d6349d6daffce1d3d56f66e4e58,src/test/java/org/logicng/LogicNGTest.java,0,0,0,0,0.0,0,2,0,0,0,0,0,0,0,0,0,0,0,0,0,0,0,0,0,0,0,0,False
7194,logic-ng/logicng,e5e5b099bf3b8d6349d6daffce1d3d56f66e4e58,src/test/java/org/logicng/transformations/simplification/FactorOutSimplificationTest.java,0,0,0,0,0.0,0,4,1,1,0,0,0,1,0,0,0,0,0,0,0,0,2,0,0,3,0,0,False
7195,logic-ng/logicng,e5e5b099bf3b8d6349d6daffce1d3d56f66e4e58,src/test/java/org/logicng/transformations/simplification/NegationMinimizerTest.java,0,0,0,0,0.0,0,4,1,1,0,0,0,1,0,0,0,0,0,0,0,1,2,0,0,3,0,0,False
7196,logic-ng/logicng,e5e5b099bf3b8d6349d6daffce1d3d56f66e4e58,src/test/java/org/logicng/transformations/AIGTest.java,0,0,0,0,0.0,0,7,6,0,0,0,0,3,0,0,0,0,1,0,0,1,0,0,0,7,0,0,False
7197,logic-ng/logicng,e5e5b099bf3b8d6349d6daffce1d3d56f66e4e58,src/test/java/org/logicng/transformations/cnf/TseitinTest.java,0,0,0,0,0.0,0,9,7,0,0,0,0,4,0,0,0,0,1,0,0,1,0,0,0,8,0,0,False
7198,logic-ng/logicng,e5e5b099bf3b8d6349d6daffce1d3d56f66e4e58,src/test/java/org/logicng/transformations/cnf/CNFTest.java,0,0,0,0,0.0,0,8,7,0,0,0,0,5,0,0,0,0,1,0,0,2,0,0,0,8,0,0,False
7199,logic-ng/logicng,e5e5b099bf3b8d6349d6daffce1d3d56f66e4e58,src/test/java/org/logicng/transformations/cnf/PlaistedGreenbaumTest.java,0,0,0,0,0.0,0,11,9,0,0,0,0,6,0,0,0,0,1,0,0,1,0,0,0,10,0,0,False
7200,logic-ng/logicng,e5e5b099bf3b8d6349d6daffce1d3d56f66e4e58,src/test/java/org/logicng/transformations/cnf/CnfMethodComparisonTest.java,0,0,0,0,0.0,0,6,0,0,0,0,0,1,0,0,0,0,0,0,0,0,1,0,0,1,0,0,False
7201,logic-ng/logicng,e5e5b099bf3b8d6349d6daffce1d3d56f66e4e58,src/test/java/org/logicng/transformations/cnf/BDDCNFTest.java,0,0,0,0,0.0,0,8,8,0,0,0,0,5,0,0,0,0,0,0,0,1,0,0,0,8,0,0,False
7202,logic-ng/logicng,e5e5b099bf3b8d6349d6daffce1d3d56f66e4e58,src/test/java/org/logicng/transformations/qmc/QuineMcCluskeyTest.java,0,0,0,0,0.0,0,15,13,3,0,0,0,13,0,0,0,0,0,0,0,4,0,0,0,14,0,0,False
7203,logic-ng/logicng,e5e5b099bf3b8d6349d6daffce1d3d56f66e4e58,src/test/java/org/logicng/transformations/qe/QETest.java,0,0,0,0,0.0,0,3,3,0,0,0,0,1,0,0,0,0,0,0,0,0,0,0,0,3,0,0,False
7204,logic-ng/logicng,e5e5b099bf3b8d6349d6daffce1d3d56f66e4e58,src/test/java/org/logicng/transformations/dnf/BDDDNFTest.java,0,0,0,0,0.0,0,8,8,0,0,0,0,5,0,0,0,0,0,0,0,1,0,0,0,8,0,0,False
7205,logic-ng/logicng,e5e5b099bf3b8d6349d6daffce1d3d56f66e4e58,src/test/java/org/logicng/solvers/sat/IncDecTest.java,0,0,0,0,0.0,0,2,1,2,1,0,0,1,0,0,0,0,1,0,0,1,0,0,0,2,0,0,False
7206,logic-ng/logicng,e5e5b099bf3b8d6349d6daffce1d3d56f66e4e58,src/test/java/org/logicng/solvers/sat/AssumeTest.java,0,0,0,0,0.0,0,1,1,1,1,0,0,1,0,0,0,0,0,0,0,0,0,0,0,1,0,0,False
7207,logic-ng/logicng,e5e5b099bf3b8d6349d6daffce1d3d56f66e4e58,src/test/java/org/logicng/solvers/sat/SATTest.java,0,0,0,0,0.0,0,53,25,45,1,0,0,17,0,3,0,0,1,0,0,9,1,2,3,49,0,0,False
7208,logic-ng/logicng,e5e5b099bf3b8d6349d6daffce1d3d56f66e4e58,src/test/java/org/logicng/solvers/sat/ConfigurationsTest.java,0,0,0,0,0.0,0,4,0,0,0,0,0,0,0,0,0,0,4,0,0,0,0,0,0,4,0,0,False
7209,logic-ng/logicng,e5e5b099bf3b8d6349d6daffce1d3d56f66e4e58,src/test/java/org/logicng/solvers/maxsat/MaxSATClassTest.java,0,0,0,0,0.0,0,3,3,0,0,0,0,0,0,0,0,0,1,0,0,0,0,0,0,3,0,0,False
7210,logic-ng/logicng,e5e5b099bf3b8d6349d6daffce1d3d56f66e4e58,src/test/java/org/logicng/solvers/maxsat/PureMaxSATTest.java,0,0,0,0,0.0,0,13,10,6,1,0,0,9,0,0,0,0,2,0,0,7,0,0,0,12,0,0,False
7211,logic-ng/logicng,e5e5b099bf3b8d6349d6daffce1d3d56f66e4e58,src/test/java/org/logicng/solvers/maxsat/PartialMaxSATTest.java,0,0,0,0,0.0,0,18,11,13,1,0,0,10,0,0,0,0,0,0,0,1,5,1,0,16,0,0,False
7212,logic-ng/logicng,e5e5b099bf3b8d6349d6daffce1d3d56f66e4e58,src/test/java/org/logicng/solvers/maxsat/PartialWeightedMaxSATTest.java,0,0,0,0,0.0,0,18,10,15,1,0,0,9,0,0,0,0,0,0,0,0,6,1,0,16,0,0,False
7213,logic-ng/logicng,e5e5b099bf3b8d6349d6daffce1d3d56f66e4e58,src/test/java/org/logicng/solvers/maxsat/encodings/EncodingsTest.java,0,0,0,0,0.0,0,6,4,0,0,0,0,0,0,0,0,0,5,0,0,0,0,0,0,6,0,0,False
7214,logic-ng/logicng,e5e5b099bf3b8d6349d6daffce1d3d56f66e4e58,src/test/java/org/logicng/solvers/ModelTest.java,0,0,0,0,0.0,0,12,10,7,0,0,0,9,0,0,0,0,0,0,0,4,0,0,0,11,0,0,False
7215,logic-ng/logicng,e5e5b099bf3b8d6349d6daffce1d3d56f66e4e58,src/test/java/org/logicng/solvers/datastructures/SolversDatastructuresTest.java,0,0,0,0,0.0,0,7,2,0,0,0,0,0,0,0,0,0,7,0,0,0,0,0,0,7,0,0,False
7216,logic-ng/logicng,e5e5b099bf3b8d6349d6daffce1d3d56f66e4e58,src/test/java/org/logicng/cardinalityconstraints/CCAMOTest.java,0,0,0,0,0.0,0,6,2,2,1,0,0,0,0,0,0,0,1,0,0,0,0,1,0,5,0,0,False
7217,logic-ng/logicng,e5e5b099bf3b8d6349d6daffce1d3d56f66e4e58,src/test/java/org/logicng/cardinalityconstraints/CCIncrementalFormulaTest.java,0,0,0,0,0.0,0,8,2,7,1,0,0,0,0,0,0,0,2,0,0,1,0,0,0,8,0,0,False
7218,logic-ng/logicng,e5e5b099bf3b8d6349d6daffce1d3d56f66e4e58,src/test/java/org/logicng/cardinalityconstraints/CCAMKTest.java,0,0,0,0,0.0,0,8,1,3,1,0,0,0,0,0,0,0,1,0,0,0,0,1,0,7,0,0,False
7219,logic-ng/logicng,e5e5b099bf3b8d6349d6daffce1d3d56f66e4e58,src/test/java/org/logicng/cardinalityconstraints/CCIncrementalSolverTest.java,0,0,0,0,0.0,0,6,0,6,1,0,0,0,0,0,0,0,0,0,0,0,0,0,0,6,0,0,False
7220,logic-ng/logicng,e5e5b099bf3b8d6349d6daffce1d3d56f66e4e58,src/test/java/org/logicng/cardinalityconstraints/CCPerformanceTest.java,0,0,0,0,0.0,0,3,0,1,1,0,0,0,0,0,0,0,0,0,0,0,0,0,0,2,0,0,False
7221,logic-ng/logicng,e5e5b099bf3b8d6349d6daffce1d3d56f66e4e58,src/test/java/org/logicng/cardinalityconstraints/CCALKTest.java,0,0,0,0,0.0,0,4,1,2,1,0,0,0,0,0,0,0,1,0,0,0,0,1,0,3,0,0,False
7222,logic-ng/logicng,e5e5b099bf3b8d6349d6daffce1d3d56f66e4e58,src/test/java/org/logicng/cardinalityconstraints/CCEXOTest.java,0,0,0,0,0.0,0,6,3,2,1,0,0,0,0,0,0,0,1,0,0,0,0,1,0,5,0,0,False
7223,logic-ng/logicng,e5e5b099bf3b8d6349d6daffce1d3d56f66e4e58,src/test/java/org/logicng/cardinalityconstraints/CCEXKTest.java,0,0,0,0,0.0,0,4,2,1,1,0,0,0,0,0,0,0,2,0,0,0,0,1,0,3,0,0,False
7224,logic-ng/logicng,e5e5b099bf3b8d6349d6daffce1d3d56f66e4e58,src/test/java/org/logicng/knowledgecompilation/bdds/orderings/OccurrenceOrderingTest.java,0,0,0,0,0.0,0,4,2,0,0,0,0,4,0,0,0,0,0,0,0,0,0,0,0,4,0,0,False
7225,logic-ng/logicng,e5e5b099bf3b8d6349d6daffce1d3d56f66e4e58,src/test/java/org/logicng/knowledgecompilation/bdds/BDDModelEnumerationTest.java,0,0,0,0,0.0,0,6,4,2,1,0,0,0,0,0,0,0,0,0,0,0,0,0,0,5,0,0,False
7226,logic-ng/logicng,e5e5b099bf3b8d6349d6daffce1d3d56f66e4e58,src/test/java/org/logicng/knowledgecompilation/bdds/FormulaBDDTest.java,0,0,0,0,0.0,0,3,3,0,0,0,0,2,0,0,0,0,0,0,0,0,0,0,0,3,0,0,False
7227,logic-ng/logicng,e5e5b099bf3b8d6349d6daffce1d3d56f66e4e58,src/test/java/org/logicng/knowledgecompilation/bdds/BDDLowLevelTest.java,0,0,0,0,0.0,0,9,2,0,0,0,0,0,0,0,0,0,1,0,0,0,0,0,0,8,0,0,False
7228,logic-ng/logicng,e5e5b099bf3b8d6349d6daffce1d3d56f66e4e58,src/test/java/org/logicng/knowledgecompilation/bdds/LargeBDDTest.java,0,0,0,0,0.0,0,9,5,0,0,0,0,1,0,0,0,0,0,0,0,0,2,2,0,7,0,0,False
7229,logic-ng/logicng,e5e5b099bf3b8d6349d6daffce1d3d56f66e4e58,src/test/java/org/logicng/knowledgecompilation/bdds/SimpleBDDTest.java,0,0,0,0,0.0,0,10,10,0,0,0,0,6,0,0,0,0,7,0,0,0,0,0,0,10,0,0,False
7230,logic-ng/logicng,e5e5b099bf3b8d6349d6daffce1d3d56f66e4e58,src/test/java/org/logicng/formulas/FormulaFactoryWithoutContradictionCheckTest.java,0,0,0,0,0.0,0,12,12,0,0,0,0,6,0,0,0,0,3,0,0,1,0,0,0,12,0,0,False
7231,logic-ng/logicng,e5e5b099bf3b8d6349d6daffce1d3d56f66e4e58,src/test/java/org/logicng/formulas/FormulaIteratorTest.java,0,0,0,0,0.0,0,9,9,0,0,0,0,6,0,0,0,0,0,0,0,4,0,0,0,9,0,0,False
7232,logic-ng/logicng,e5e5b099bf3b8d6349d6daffce1d3d56f66e4e58,src/test/java/org/logicng/formulas/CacheTest.java,0,0,0,0,0.0,0,2,2,0,0,0,0,0,0,0,0,0,0,0,0,0,0,0,0,2,0,0,False
7233,logic-ng/logicng,e5e5b099bf3b8d6349d6daffce1d3d56f66e4e58,src/test/java/org/logicng/formulas/FormulaMergeTest.java,0,0,0,0,0.0,0,2,2,0,0,0,0,0,0,0,0,0,0,0,0,0,0,0,0,2,0,0,False
7234,logic-ng/logicng,e5e5b099bf3b8d6349d6daffce1d3d56f66e4e58,src/test/java/org/logicng/formulas/EvaluationTest.java,0,0,0,0,0.0,0,5,5,0,0,0,0,1,0,0,0,0,0,0,0,0,0,0,0,5,0,0,False
7235,logic-ng/logicng,e5e5b099bf3b8d6349d6daffce1d3d56f66e4e58,src/test/java/org/logicng/formulas/NNFTest.java,0,0,0,0,0.0,0,5,5,0,0,0,0,3,0,0,0,0,0,0,0,1,0,0,0,5,0,0,False
7236,logic-ng/logicng,e5e5b099bf3b8d6349d6daffce1d3d56f66e4e58,src/test/java/org/logicng/formulas/RestrictionTest.java,0,0,0,0,0.0,0,5,5,0,0,0,0,1,0,0,0,0,0,0,0,0,0,0,0,5,0,0,False
7237,logic-ng/logicng,e5e5b099bf3b8d6349d6daffce1d3d56f66e4e58,src/test/java/org/logicng/formulas/FTypeTest.java,0,0,0,0,0.0,0,1,1,0,0,0,0,0,0,0,0,0,0,0,0,0,0,0,0,1,0,0,False
7238,logic-ng/logicng,e5e5b099bf3b8d6349d6daffce1d3d56f66e4e58,src/test/java/org/logicng/predicates/satisfiability/PredicatesTest.java,0,0,0,0,0.0,0,9,9,0,0,0,0,0,0,0,0,0,1,0,0,0,0,0,0,9,0,0,False
7239,logic-ng/logicng,e5e5b099bf3b8d6349d6daffce1d3d56f66e4e58,src/test/java/org/logicng/configurations/ConfigurationsTest.java,0,0,0,0,0.0,0,1,1,0,0,0,0,0,0,0,0,0,0,0,0,0,0,0,0,1,0,0,False
7240,logic-ng/logicng,e5e5b099bf3b8d6349d6daffce1d3d56f66e4e58,src/test/java/org/logicng/explanations/drup/DRUPTest.java,0,0,0,0,0.0,0,14,6,9,1,0,0,13,0,2,0,0,0,0,0,4,0,0,2,13,0,0,False
7241,logic-ng/logicng,e5e5b099bf3b8d6349d6daffce1d3d56f66e4e58,src/test/java/org/logicng/testutils/TestUtil.java,0,0,0,0,0.0,0,1,0,0,1,0,0,0,0,0,0,0,0,0,0,0,0,0,0,0,0,0,False
7242,logic-ng/logicng,e5e5b099bf3b8d6349d6daffce1d3d56f66e4e58,src/test/java/org/logicng/primecomputation/PrimeImplicateReductionTest.java,0,0,0,0,0.0,0,11,2,4,0,0,0,6,0,0,0,0,0,0,0,0,7,2,0,9,0,0,False
7243,logic-ng/logicng,e5e5b099bf3b8d6349d6daffce1d3d56f66e4e58,src/test/java/org/logicng/primecomputation/PrimeImplicantReductionTest.java,0,0,0,0,0.0,0,11,2,4,0,0,0,6,0,0,0,0,0,0,0,1,7,2,0,9,0,0,False
7244,logic-ng/logicng,e5e5b099bf3b8d6349d6daffce1d3d56f66e4e58,src/test/java/org/logicng/datastructures/DatastructuresTest.java,0,0,0,0,0.0,0,2,1,0,0,0,0,0,0,0,0,0,1,0,0,0,0,0,0,2,0,0,False
7245,logic-ng/logicng,3fec85f2abf5908942396c8e507949539ceefc7b,src/test/java/org/logicng/functions/MinimumPrimeImplicantTest.java,0,0,0,0,0.0,0,5,2,2,1,0,0,4,0,0,0,0,0,0,0,2,2,0,0,4,0,0,False
7246,logic-ng/logicng,3fec85f2abf5908942396c8e507949539ceefc7b,src/test/java/org/logicng/functions/VariableProfileTest.java,0,0,0,0,0.0,0,6,6,0,1,0,0,3,0,0,0,0,0,0,0,0,0,0,0,6,0,0,False
7247,logic-ng/logicng,3fec85f2abf5908942396c8e507949539ceefc7b,src/test/java/org/logicng/functions/LiteralProfileTest.java,0,0,0,0,0.0,0,6,6,0,1,0,0,3,0,0,0,0,0,0,0,0,0,0,0,6,0,0,False
7248,logic-ng/logicng,3fec85f2abf5908942396c8e507949539ceefc7b,src/test/java/org/logicng/functions/SubformulaTest.java,0,0,0,0,0.0,0,9,7,0,0,0,0,2,0,0,0,0,0,0,0,0,0,0,0,9,0,0,False
7249,logic-ng/logicng,3fec85f2abf5908942396c8e507949539ceefc7b,src/test/java/org/logicng/io/FormulaWriterReaderTest.java,0,0,0,0,0.0,0,6,5,4,0,0,0,6,0,6,0,0,0,0,0,1,0,0,6,6,0,0,False
7250,logic-ng/logicng,3fec85f2abf5908942396c8e507949539ceefc7b,src/test/java/org/logicng/TestWithExampleFormulas.java,0,0,0,0,0.0,0,0,0,0,0,0,0,0,0,0,0,0,0,0,0,0,0,0,0,0,0,0,False
7251,logic-ng/logicng,3fec85f2abf5908942396c8e507949539ceefc7b,src/test/java/org/logicng/graphs/algorithms/ConnectedComponentsComputerTest.java,0,0,0,0,0.0,0,4,3,3,0,0,0,3,0,0,0,0,0,0,0,1,0,0,0,4,0,0,False
7252,logic-ng/logicng,3fec85f2abf5908942396c8e507949539ceefc7b,src/test/java/org/logicng/handlers/TimerTypeTest.java,0,0,0,0,0.0,0,8,6,6,0,0,0,4,0,0,0,0,0,0,4,6,0,0,0,6,0,0,False
7253,logic-ng/logicng,3fec85f2abf5908942396c8e507949539ceefc7b,src/test/java/org/logicng/pseudobooleans/PBSolvingTest.java,0,0,0,0,0.0,0,17,6,12,1,0,0,0,0,0,0,0,0,0,0,4,5,5,0,12,0,0,False
7254,logic-ng/logicng,3fec85f2abf5908942396c8e507949539ceefc7b,src/test/java/org/logicng/LogicNGTest.java,0,0,0,0,0.0,0,2,0,0,0,0,0,0,0,0,0,0,0,0,0,0,0,0,0,0,0,0,False
7255,logic-ng/logicng,3fec85f2abf5908942396c8e507949539ceefc7b,src/test/java/org/logicng/transformations/simplification/FactorOutSimplificationTest.java,0,0,0,0,0.0,0,4,1,1,0,0,0,1,0,0,0,0,0,0,0,0,2,0,0,3,0,0,False
7256,logic-ng/logicng,3fec85f2abf5908942396c8e507949539ceefc7b,src/test/java/org/logicng/transformations/simplification/NegationMinimizerTest.java,0,0,0,0,0.0,0,4,1,1,0,0,0,1,0,0,0,0,0,0,0,1,2,0,0,3,0,0,False
7257,logic-ng/logicng,3fec85f2abf5908942396c8e507949539ceefc7b,src/test/java/org/logicng/transformations/AIGTest.java,0,0,0,0,0.0,0,7,6,0,0,0,0,3,0,0,0,0,1,0,0,1,0,0,0,7,0,0,False
7258,logic-ng/logicng,3fec85f2abf5908942396c8e507949539ceefc7b,src/test/java/org/logicng/transformations/cnf/TseitinTest.java,0,0,0,0,0.0,0,9,7,0,0,0,0,4,0,0,0,0,1,0,0,1,0,0,0,8,0,0,False
7259,logic-ng/logicng,3fec85f2abf5908942396c8e507949539ceefc7b,src/test/java/org/logicng/transformations/cnf/CNFTest.java,0,0,0,0,0.0,0,8,7,0,0,0,0,5,0,0,0,0,1,0,0,2,0,0,0,8,0,0,False
7260,logic-ng/logicng,3fec85f2abf5908942396c8e507949539ceefc7b,src/test/java/org/logicng/transformations/cnf/PlaistedGreenbaumTest.java,0,0,0,0,0.0,0,11,9,0,0,0,0,6,0,0,0,0,1,0,0,1,0,0,0,10,0,0,False
7261,logic-ng/logicng,3fec85f2abf5908942396c8e507949539ceefc7b,src/test/java/org/logicng/transformations/cnf/CnfMethodComparisonTest.java,0,0,0,0,0.0,0,6,0,0,0,0,0,1,0,0,0,0,0,0,0,0,1,0,0,1,0,0,False
7262,logic-ng/logicng,3fec85f2abf5908942396c8e507949539ceefc7b,src/test/java/org/logicng/transformations/cnf/BDDCNFTest.java,0,0,0,0,0.0,0,8,8,0,0,0,0,5,0,0,0,0,0,0,0,1,0,0,0,8,0,0,False
7263,logic-ng/logicng,3fec85f2abf5908942396c8e507949539ceefc7b,src/test/java/org/logicng/transformations/qmc/QuineMcCluskeyTest.java,0,0,0,0,0.0,0,15,13,3,0,0,0,13,0,0,0,0,0,0,0,4,0,0,0,14,0,0,False
7264,logic-ng/logicng,3fec85f2abf5908942396c8e507949539ceefc7b,src/test/java/org/logicng/transformations/qe/QETest.java,0,0,0,0,0.0,0,3,3,0,0,0,0,1,0,0,0,0,0,0,0,0,0,0,0,3,0,0,False
7265,logic-ng/logicng,3fec85f2abf5908942396c8e507949539ceefc7b,src/test/java/org/logicng/transformations/dnf/BDDDNFTest.java,0,0,0,0,0.0,0,8,8,0,0,0,0,5,0,0,0,0,0,0,0,1,0,0,0,8,0,0,False
7266,logic-ng/logicng,3fec85f2abf5908942396c8e507949539ceefc7b,src/test/java/org/logicng/solvers/sat/IncDecTest.java,0,0,0,0,0.0,0,2,1,2,1,0,0,1,0,0,0,0,1,0,0,1,0,0,0,2,0,0,False
7267,logic-ng/logicng,3fec85f2abf5908942396c8e507949539ceefc7b,src/test/java/org/logicng/solvers/sat/AssumeTest.java,0,0,0,0,0.0,0,1,1,1,1,0,0,1,0,0,0,0,0,0,0,0,0,0,0,1,0,0,False
7268,logic-ng/logicng,3fec85f2abf5908942396c8e507949539ceefc7b,src/test/java/org/logicng/solvers/sat/SATTest.java,0,0,0,0,0.0,0,53,25,45,1,0,0,17,0,3,0,0,1,0,0,9,1,2,3,49,0,0,False
7269,logic-ng/logicng,3fec85f2abf5908942396c8e507949539ceefc7b,src/test/java/org/logicng/solvers/sat/ConfigurationsTest.java,0,0,0,0,0.0,0,4,0,0,0,0,0,0,0,0,0,0,4,0,0,0,0,0,0,4,0,0,False
7270,logic-ng/logicng,3fec85f2abf5908942396c8e507949539ceefc7b,src/test/java/org/logicng/solvers/maxsat/MaxSATClassTest.java,0,0,0,0,0.0,0,3,3,0,0,0,0,0,0,0,0,0,1,0,0,0,0,0,0,3,0,0,False
7271,logic-ng/logicng,3fec85f2abf5908942396c8e507949539ceefc7b,src/test/java/org/logicng/solvers/maxsat/PureMaxSATTest.java,0,0,0,0,0.0,0,13,10,6,1,0,0,9,0,0,0,0,2,0,0,7,0,0,0,12,0,0,False
7272,logic-ng/logicng,3fec85f2abf5908942396c8e507949539ceefc7b,src/test/java/org/logicng/solvers/maxsat/PartialMaxSATTest.java,0,0,0,0,0.0,0,18,11,13,1,0,0,10,0,0,0,0,0,0,0,1,5,1,0,16,0,0,False
7273,logic-ng/logicng,3fec85f2abf5908942396c8e507949539ceefc7b,src/test/java/org/logicng/solvers/maxsat/PartialWeightedMaxSATTest.java,0,0,0,0,0.0,0,18,10,15,1,0,0,9,0,0,0,0,0,0,0,0,6,1,0,16,0,0,False
7274,logic-ng/logicng,3fec85f2abf5908942396c8e507949539ceefc7b,src/test/java/org/logicng/solvers/maxsat/encodings/EncodingsTest.java,0,0,0,0,0.0,0,6,4,0,0,0,0,0,0,0,0,0,5,0,0,0,0,0,0,6,0,0,False
7275,logic-ng/logicng,3fec85f2abf5908942396c8e507949539ceefc7b,src/test/java/org/logicng/solvers/ModelTest.java,0,0,0,0,0.0,0,12,10,7,0,0,0,9,0,0,0,0,0,0,0,4,0,0,0,11,0,0,False
7276,logic-ng/logicng,3fec85f2abf5908942396c8e507949539ceefc7b,src/test/java/org/logicng/solvers/datastructures/SolversDatastructuresTest.java,0,0,0,0,0.0,0,7,2,0,0,0,0,0,0,0,0,0,7,0,0,0,0,0,0,7,0,0,False
7277,logic-ng/logicng,3fec85f2abf5908942396c8e507949539ceefc7b,src/test/java/org/logicng/cardinalityconstraints/CCAMOTest.java,0,0,0,0,0.0,0,6,2,2,1,0,0,0,0,0,0,0,1,0,0,0,0,1,0,5,0,0,False
7278,logic-ng/logicng,3fec85f2abf5908942396c8e507949539ceefc7b,src/test/java/org/logicng/cardinalityconstraints/CCIncrementalFormulaTest.java,0,0,0,0,0.0,0,8,2,7,1,0,0,0,0,0,0,0,2,0,0,1,0,0,0,8,0,0,False
7279,logic-ng/logicng,3fec85f2abf5908942396c8e507949539ceefc7b,src/test/java/org/logicng/cardinalityconstraints/CCAMKTest.java,0,0,0,0,0.0,0,8,1,3,1,0,0,0,0,0,0,0,1,0,0,0,0,1,0,7,0,0,False
7280,logic-ng/logicng,3fec85f2abf5908942396c8e507949539ceefc7b,src/test/java/org/logicng/cardinalityconstraints/CCIncrementalSolverTest.java,0,0,0,0,0.0,0,6,0,6,1,0,0,0,0,0,0,0,0,0,0,0,0,0,0,6,0,0,False
7281,logic-ng/logicng,3fec85f2abf5908942396c8e507949539ceefc7b,src/test/java/org/logicng/cardinalityconstraints/CCPerformanceTest.java,0,0,0,0,0.0,0,3,0,1,1,0,0,0,0,0,0,0,0,0,0,0,0,0,0,2,0,0,False
7282,logic-ng/logicng,3fec85f2abf5908942396c8e507949539ceefc7b,src/test/java/org/logicng/cardinalityconstraints/CCALKTest.java,0,0,0,0,0.0,0,4,1,2,1,0,0,0,0,0,0,0,1,0,0,0,0,1,0,3,0,0,False
7283,logic-ng/logicng,3fec85f2abf5908942396c8e507949539ceefc7b,src/test/java/org/logicng/cardinalityconstraints/CCEXOTest.java,0,0,0,0,0.0,0,6,3,2,1,0,0,0,0,0,0,0,1,0,0,0,0,1,0,5,0,0,False
7284,logic-ng/logicng,3fec85f2abf5908942396c8e507949539ceefc7b,src/test/java/org/logicng/cardinalityconstraints/CCEXKTest.java,0,0,0,0,0.0,0,4,2,1,1,0,0,0,0,0,0,0,2,0,0,0,0,1,0,3,0,0,False
7285,logic-ng/logicng,3fec85f2abf5908942396c8e507949539ceefc7b,src/test/java/org/logicng/knowledgecompilation/bdds/orderings/OccurrenceOrderingTest.java,0,0,0,0,0.0,0,4,2,0,0,0,0,4,0,0,0,0,0,0,0,0,0,0,0,4,0,0,False
7286,logic-ng/logicng,3fec85f2abf5908942396c8e507949539ceefc7b,src/test/java/org/logicng/knowledgecompilation/bdds/BDDModelEnumerationTest.java,0,0,0,0,0.0,0,6,4,2,1,0,0,0,0,0,0,0,0,0,0,0,0,0,0,5,0,0,False
7287,logic-ng/logicng,3fec85f2abf5908942396c8e507949539ceefc7b,src/test/java/org/logicng/knowledgecompilation/bdds/FormulaBDDTest.java,0,0,0,0,0.0,0,3,3,0,0,0,0,2,0,0,0,0,0,0,0,0,0,0,0,3,0,0,False
7288,logic-ng/logicng,3fec85f2abf5908942396c8e507949539ceefc7b,src/test/java/org/logicng/knowledgecompilation/bdds/BDDLowLevelTest.java,0,0,0,0,0.0,0,9,2,0,0,0,0,0,0,0,0,0,1,0,0,0,0,0,0,8,0,0,False
7289,logic-ng/logicng,3fec85f2abf5908942396c8e507949539ceefc7b,src/test/java/org/logicng/knowledgecompilation/bdds/LargeBDDTest.java,0,0,0,0,0.0,0,9,5,0,0,0,0,1,0,0,0,0,0,0,0,0,2,2,0,7,0,0,False
7290,logic-ng/logicng,3fec85f2abf5908942396c8e507949539ceefc7b,src/test/java/org/logicng/knowledgecompilation/bdds/SimpleBDDTest.java,0,0,0,0,0.0,0,10,10,0,0,0,0,6,0,0,0,0,7,0,0,0,0,0,0,10,0,0,False
7291,logic-ng/logicng,3fec85f2abf5908942396c8e507949539ceefc7b,src/test/java/org/logicng/formulas/FormulaFactoryWithoutContradictionCheckTest.java,0,0,0,0,0.0,0,12,12,0,0,0,0,6,0,0,0,0,3,0,0,1,0,0,0,12,0,0,False
7292,logic-ng/logicng,3fec85f2abf5908942396c8e507949539ceefc7b,src/test/java/org/logicng/formulas/FormulaIteratorTest.java,0,0,0,0,0.0,0,9,9,0,0,0,0,6,0,0,0,0,0,0,0,4,0,0,0,9,0,0,False
7293,logic-ng/logicng,3fec85f2abf5908942396c8e507949539ceefc7b,src/test/java/org/logicng/formulas/CacheTest.java,0,0,0,0,0.0,0,2,2,0,0,0,0,0,0,0,0,0,0,0,0,0,0,0,0,2,0,0,False
7294,logic-ng/logicng,3fec85f2abf5908942396c8e507949539ceefc7b,src/test/java/org/logicng/formulas/FormulaMergeTest.java,0,0,0,0,0.0,0,2,2,0,0,0,0,0,0,0,0,0,0,0,0,0,0,0,0,2,0,0,False
7295,logic-ng/logicng,3fec85f2abf5908942396c8e507949539ceefc7b,src/test/java/org/logicng/formulas/EvaluationTest.java,0,0,0,0,0.0,0,5,5,0,0,0,0,1,0,0,0,0,0,0,0,0,0,0,0,5,0,0,False
7296,logic-ng/logicng,3fec85f2abf5908942396c8e507949539ceefc7b,src/test/java/org/logicng/formulas/NNFTest.java,0,0,0,0,0.0,0,5,5,0,0,0,0,3,0,0,0,0,0,0,0,1,0,0,0,5,0,0,False
7297,logic-ng/logicng,3fec85f2abf5908942396c8e507949539ceefc7b,src/test/java/org/logicng/formulas/RestrictionTest.java,0,0,0,0,0.0,0,5,5,0,0,0,0,1,0,0,0,0,0,0,0,0,0,0,0,5,0,0,False
7298,logic-ng/logicng,3fec85f2abf5908942396c8e507949539ceefc7b,src/test/java/org/logicng/formulas/FTypeTest.java,0,0,0,0,0.0,0,1,1,0,0,0,0,0,0,0,0,0,0,0,0,0,0,0,0,1,0,0,False
7299,logic-ng/logicng,3fec85f2abf5908942396c8e507949539ceefc7b,src/test/java/org/logicng/predicates/satisfiability/PredicatesTest.java,0,0,0,0,0.0,0,9,9,0,0,0,0,0,0,0,0,0,1,0,0,0,0,0,0,9,0,0,False
7300,logic-ng/logicng,3fec85f2abf5908942396c8e507949539ceefc7b,src/test/java/org/logicng/configurations/ConfigurationsTest.java,0,0,0,0,0.0,0,1,1,0,0,0,0,0,0,0,0,0,0,0,0,0,0,0,0,1,0,0,False
7301,logic-ng/logicng,3fec85f2abf5908942396c8e507949539ceefc7b,src/test/java/org/logicng/explanations/drup/DRUPTest.java,0,0,0,0,0.0,0,14,6,9,1,0,0,13,0,2,0,0,0,0,0,4,0,0,2,13,0,0,False
7302,logic-ng/logicng,3fec85f2abf5908942396c8e507949539ceefc7b,src/test/java/org/logicng/testutils/TestUtil.java,0,0,0,0,0.0,0,1,0,0,1,0,0,0,0,0,0,0,0,0,0,0,0,0,0,0,0,0,False
7303,logic-ng/logicng,3fec85f2abf5908942396c8e507949539ceefc7b,src/test/java/org/logicng/primecomputation/PrimeImplicateReductionTest.java,0,0,0,0,0.0,0,11,2,4,0,0,0,6,0,0,0,0,0,0,0,0,7,2,0,9,0,0,False
7304,logic-ng/logicng,3fec85f2abf5908942396c8e507949539ceefc7b,src/test/java/org/logicng/primecomputation/PrimeImplicantReductionTest.java,0,0,0,0,0.0,0,11,2,4,0,0,0,6,0,0,0,0,0,0,0,1,7,2,0,9,0,0,False
7305,logic-ng/logicng,3fec85f2abf5908942396c8e507949539ceefc7b,src/test/java/org/logicng/datastructures/DatastructuresTest.java,0,0,0,0,0.0,0,2,1,0,0,0,0,0,0,0,0,0,1,0,0,0,0,0,0,2,0,0,False
7306,logic-ng/logicng,aea0cc4515c5d35d771a4312d47557f381bf8730,src/test/java/org/logicng/functions/MinimumPrimeImplicantTest.java,0,0,0,0,0.0,0,5,2,2,1,0,0,4,0,0,0,0,0,0,0,2,2,0,0,4,0,0,False
7307,logic-ng/logicng,aea0cc4515c5d35d771a4312d47557f381bf8730,src/test/java/org/logicng/functions/VariableProfileTest.java,0,0,0,0,0.0,0,6,6,0,1,0,0,3,0,0,0,0,0,0,0,0,0,0,0,6,0,0,False
7308,logic-ng/logicng,aea0cc4515c5d35d771a4312d47557f381bf8730,src/test/java/org/logicng/functions/LiteralProfileTest.java,0,0,0,0,0.0,0,6,6,0,1,0,0,3,0,0,0,0,0,0,0,0,0,0,0,6,0,0,False
7309,logic-ng/logicng,aea0cc4515c5d35d771a4312d47557f381bf8730,src/test/java/org/logicng/functions/SubformulaTest.java,0,0,0,0,0.0,0,9,7,0,0,0,0,2,0,0,0,0,0,0,0,0,0,0,0,9,0,0,False
7310,logic-ng/logicng,aea0cc4515c5d35d771a4312d47557f381bf8730,src/test/java/org/logicng/io/FormulaWriterReaderTest.java,0,0,0,0,0.0,0,6,5,4,0,0,0,6,0,6,0,0,0,0,0,1,0,0,6,6,0,0,False
7311,logic-ng/logicng,aea0cc4515c5d35d771a4312d47557f381bf8730,src/test/java/org/logicng/TestWithExampleFormulas.java,0,0,0,0,0.0,0,0,0,0,0,0,0,0,0,0,0,0,0,0,0,0,0,0,0,0,0,0,False
7312,logic-ng/logicng,aea0cc4515c5d35d771a4312d47557f381bf8730,src/test/java/org/logicng/graphs/algorithms/ConnectedComponentsComputerTest.java,0,0,0,0,0.0,0,4,3,3,0,0,0,3,0,0,0,0,0,0,0,1,0,0,0,4,0,0,False
7313,logic-ng/logicng,aea0cc4515c5d35d771a4312d47557f381bf8730,src/test/java/org/logicng/handlers/TimerTypeTest.java,0,0,0,0,0.0,0,8,6,6,0,0,0,4,0,0,0,0,0,0,4,6,0,0,0,6,0,0,False
7314,logic-ng/logicng,aea0cc4515c5d35d771a4312d47557f381bf8730,src/test/java/org/logicng/pseudobooleans/PBSolvingTest.java,0,0,0,0,0.0,0,17,6,12,1,0,0,0,0,0,0,0,0,0,0,4,5,5,0,12,0,0,False
7315,logic-ng/logicng,aea0cc4515c5d35d771a4312d47557f381bf8730,src/test/java/org/logicng/LogicNGTest.java,0,0,0,0,0.0,0,2,0,0,0,0,0,0,0,0,0,0,0,0,0,0,0,0,0,0,0,0,False
7316,logic-ng/logicng,aea0cc4515c5d35d771a4312d47557f381bf8730,src/test/java/org/logicng/transformations/simplification/FactorOutSimplificationTest.java,0,0,0,0,0.0,0,4,1,1,0,0,0,1,0,0,0,0,0,0,0,0,2,0,0,3,0,0,False
7317,logic-ng/logicng,aea0cc4515c5d35d771a4312d47557f381bf8730,src/test/java/org/logicng/transformations/simplification/NegationMinimizerTest.java,0,0,0,0,0.0,0,4,1,1,0,0,0,1,0,0,0,0,0,0,0,1,2,0,0,3,0,0,False
7318,logic-ng/logicng,aea0cc4515c5d35d771a4312d47557f381bf8730,src/test/java/org/logicng/transformations/AIGTest.java,0,0,0,0,0.0,0,7,6,0,0,0,0,3,0,0,0,0,1,0,0,1,0,0,0,7,0,0,False
7319,logic-ng/logicng,aea0cc4515c5d35d771a4312d47557f381bf8730,src/test/java/org/logicng/transformations/cnf/TseitinTest.java,0,0,0,0,0.0,0,9,7,0,0,0,0,4,0,0,0,0,1,0,0,1,0,0,0,8,0,0,False
7320,logic-ng/logicng,aea0cc4515c5d35d771a4312d47557f381bf8730,src/test/java/org/logicng/transformations/cnf/CNFTest.java,0,0,0,0,0.0,0,8,7,0,0,0,0,5,0,0,0,0,1,0,0,2,0,0,0,8,0,0,False
7321,logic-ng/logicng,aea0cc4515c5d35d771a4312d47557f381bf8730,src/test/java/org/logicng/transformations/cnf/PlaistedGreenbaumTest.java,0,0,0,0,0.0,0,11,9,0,0,0,0,6,0,0,0,0,1,0,0,1,0,0,0,10,0,0,False
7322,logic-ng/logicng,aea0cc4515c5d35d771a4312d47557f381bf8730,src/test/java/org/logicng/transformations/cnf/CnfMethodComparisonTest.java,0,0,0,0,0.0,0,6,0,0,0,0,0,1,0,0,0,0,0,0,0,0,1,0,0,1,0,0,False
7323,logic-ng/logicng,aea0cc4515c5d35d771a4312d47557f381bf8730,src/test/java/org/logicng/transformations/cnf/BDDCNFTest.java,0,0,0,0,0.0,0,9,8,0,0,0,0,5,0,0,0,0,0,0,0,1,0,0,0,8,0,0,False
7324,logic-ng/logicng,aea0cc4515c5d35d771a4312d47557f381bf8730,src/test/java/org/logicng/transformations/qmc/QuineMcCluskeyTest.java,0,0,0,0,0.0,0,15,13,3,0,0,0,13,0,0,0,0,0,0,0,4,0,0,0,14,0,0,False
7325,logic-ng/logicng,aea0cc4515c5d35d771a4312d47557f381bf8730,src/test/java/org/logicng/transformations/qe/QETest.java,0,0,0,0,0.0,0,3,3,0,0,0,0,1,0,0,0,0,0,0,0,0,0,0,0,3,0,0,False
7326,logic-ng/logicng,aea0cc4515c5d35d771a4312d47557f381bf8730,src/test/java/org/logicng/solvers/sat/IncDecTest.java,0,0,0,0,0.0,0,2,1,2,1,0,0,1,0,0,0,0,1,0,0,1,0,0,0,2,0,0,False
7327,logic-ng/logicng,aea0cc4515c5d35d771a4312d47557f381bf8730,src/test/java/org/logicng/solvers/sat/AssumeTest.java,0,0,0,0,0.0,0,1,1,1,1,0,0,1,0,0,0,0,0,0,0,0,0,0,0,1,0,0,False
7328,logic-ng/logicng,aea0cc4515c5d35d771a4312d47557f381bf8730,src/test/java/org/logicng/solvers/sat/SATTest.java,0,0,0,0,0.0,0,53,25,45,1,0,0,17,0,3,0,0,1,0,0,9,1,2,3,49,0,0,False
7329,logic-ng/logicng,aea0cc4515c5d35d771a4312d47557f381bf8730,src/test/java/org/logicng/solvers/sat/ConfigurationsTest.java,0,0,0,0,0.0,0,4,0,0,0,0,0,0,0,0,0,0,4,0,0,0,0,0,0,4,0,0,False
7330,logic-ng/logicng,aea0cc4515c5d35d771a4312d47557f381bf8730,src/test/java/org/logicng/solvers/maxsat/MaxSATClassTest.java,0,0,0,0,0.0,0,3,3,0,0,0,0,0,0,0,0,0,1,0,0,0,0,0,0,3,0,0,False
7331,logic-ng/logicng,aea0cc4515c5d35d771a4312d47557f381bf8730,src/test/java/org/logicng/solvers/maxsat/PureMaxSATTest.java,0,0,0,0,0.0,0,13,10,6,1,0,0,9,0,0,0,0,2,0,0,7,0,0,0,12,0,0,False
7332,logic-ng/logicng,aea0cc4515c5d35d771a4312d47557f381bf8730,src/test/java/org/logicng/solvers/maxsat/PartialMaxSATTest.java,0,0,0,0,0.0,0,18,11,13,1,0,0,10,0,0,0,0,0,0,0,1,5,1,0,16,0,0,False
7333,logic-ng/logicng,aea0cc4515c5d35d771a4312d47557f381bf8730,src/test/java/org/logicng/solvers/maxsat/PartialWeightedMaxSATTest.java,0,0,0,0,0.0,0,18,10,15,1,0,0,9,0,0,0,0,0,0,0,0,6,1,0,16,0,0,False
7334,logic-ng/logicng,aea0cc4515c5d35d771a4312d47557f381bf8730,src/test/java/org/logicng/solvers/maxsat/encodings/EncodingsTest.java,0,0,0,0,0.0,0,6,4,0,0,0,0,0,0,0,0,0,5,0,0,0,0,0,0,6,0,0,False
7335,logic-ng/logicng,aea0cc4515c5d35d771a4312d47557f381bf8730,src/test/java/org/logicng/solvers/ModelTest.java,0,0,0,0,0.0,0,12,10,7,0,0,0,9,0,0,0,0,0,0,0,4,0,0,0,11,0,0,False
7336,logic-ng/logicng,aea0cc4515c5d35d771a4312d47557f381bf8730,src/test/java/org/logicng/solvers/datastructures/SolversDatastructuresTest.java,0,0,0,0,0.0,0,7,2,0,0,0,0,0,0,0,0,0,7,0,0,0,0,0,0,7,0,0,False
7337,logic-ng/logicng,aea0cc4515c5d35d771a4312d47557f381bf8730,src/test/java/org/logicng/cardinalityconstraints/CCAMOTest.java,0,0,0,0,0.0,0,6,2,2,1,0,0,0,0,0,0,0,1,0,0,0,0,1,0,5,0,0,False
7338,logic-ng/logicng,aea0cc4515c5d35d771a4312d47557f381bf8730,src/test/java/org/logicng/cardinalityconstraints/CCIncrementalFormulaTest.java,0,0,0,0,0.0,0,8,2,7,1,0,0,0,0,0,0,0,2,0,0,1,0,0,0,8,0,0,False
7339,logic-ng/logicng,aea0cc4515c5d35d771a4312d47557f381bf8730,src/test/java/org/logicng/cardinalityconstraints/CCAMKTest.java,0,0,0,0,0.0,0,8,1,3,1,0,0,0,0,0,0,0,1,0,0,0,0,1,0,7,0,0,False
7340,logic-ng/logicng,aea0cc4515c5d35d771a4312d47557f381bf8730,src/test/java/org/logicng/cardinalityconstraints/CCIncrementalSolverTest.java,0,0,0,0,0.0,0,6,0,6,1,0,0,0,0,0,0,0,0,0,0,0,0,0,0,6,0,0,False
7341,logic-ng/logicng,aea0cc4515c5d35d771a4312d47557f381bf8730,src/test/java/org/logicng/cardinalityconstraints/CCPerformanceTest.java,0,0,0,0,0.0,0,3,0,1,1,0,0,0,0,0,0,0,0,0,0,0,0,0,0,2,0,0,False
7342,logic-ng/logicng,aea0cc4515c5d35d771a4312d47557f381bf8730,src/test/java/org/logicng/cardinalityconstraints/CCALKTest.java,0,0,0,0,0.0,0,4,1,2,1,0,0,0,0,0,0,0,1,0,0,0,0,1,0,3,0,0,False
7343,logic-ng/logicng,aea0cc4515c5d35d771a4312d47557f381bf8730,src/test/java/org/logicng/cardinalityconstraints/CCEXOTest.java,0,0,0,0,0.0,0,6,3,2,1,0,0,0,0,0,0,0,1,0,0,0,0,1,0,5,0,0,False
7344,logic-ng/logicng,aea0cc4515c5d35d771a4312d47557f381bf8730,src/test/java/org/logicng/cardinalityconstraints/CCEXKTest.java,0,0,0,0,0.0,0,4,2,1,1,0,0,0,0,0,0,0,2,0,0,0,0,1,0,3,0,0,False
7345,logic-ng/logicng,aea0cc4515c5d35d771a4312d47557f381bf8730,src/test/java/org/logicng/knowledgecompilation/bdds/orderings/OccurrenceOrderingTest.java,0,0,0,0,0.0,0,4,2,0,0,0,0,4,0,0,0,0,0,0,0,0,0,0,0,4,0,0,False
7346,logic-ng/logicng,aea0cc4515c5d35d771a4312d47557f381bf8730,src/test/java/org/logicng/knowledgecompilation/bdds/BDDModelEnumerationTest.java,0,0,0,0,0.0,0,6,4,2,1,0,0,0,0,0,0,0,0,0,0,0,0,0,0,5,0,0,False
7347,logic-ng/logicng,aea0cc4515c5d35d771a4312d47557f381bf8730,src/test/java/org/logicng/knowledgecompilation/bdds/FormulaBDDTest.java,0,0,0,0,0.0,0,3,3,0,0,0,0,2,0,0,0,0,0,0,0,0,0,0,0,3,0,0,False
7348,logic-ng/logicng,aea0cc4515c5d35d771a4312d47557f381bf8730,src/test/java/org/logicng/knowledgecompilation/bdds/BDDLowLevelTest.java,0,0,0,0,0.0,0,9,2,0,0,0,0,0,0,0,0,0,1,0,0,0,0,0,0,8,0,0,False
7349,logic-ng/logicng,aea0cc4515c5d35d771a4312d47557f381bf8730,src/test/java/org/logicng/knowledgecompilation/bdds/LargeBDDTest.java,0,0,0,0,0.0,0,9,5,0,0,0,0,1,0,0,0,0,0,0,0,0,2,2,0,7,0,0,False
7350,logic-ng/logicng,aea0cc4515c5d35d771a4312d47557f381bf8730,src/test/java/org/logicng/knowledgecompilation/bdds/SimpleBDDTest.java,0,0,0,0,0.0,0,10,10,0,0,0,0,6,0,0,0,0,7,0,0,0,0,0,0,10,0,0,False
7351,logic-ng/logicng,aea0cc4515c5d35d771a4312d47557f381bf8730,src/test/java/org/logicng/formulas/FormulaFactoryWithoutContradictionCheckTest.java,0,0,0,0,0.0,0,12,12,0,0,0,0,6,0,0,0,0,3,0,0,1,0,0,0,12,0,0,False
7352,logic-ng/logicng,aea0cc4515c5d35d771a4312d47557f381bf8730,src/test/java/org/logicng/formulas/FormulaIteratorTest.java,0,0,0,0,0.0,0,9,9,0,0,0,0,6,0,0,0,0,0,0,0,4,0,0,0,9,0,0,False
7353,logic-ng/logicng,aea0cc4515c5d35d771a4312d47557f381bf8730,src/test/java/org/logicng/formulas/CacheTest.java,0,0,0,0,0.0,0,2,2,0,0,0,0,0,0,0,0,0,0,0,0,0,0,0,0,2,0,0,False
7354,logic-ng/logicng,aea0cc4515c5d35d771a4312d47557f381bf8730,src/test/java/org/logicng/formulas/FormulaMergeTest.java,0,0,0,0,0.0,0,2,2,0,0,0,0,0,0,0,0,0,0,0,0,0,0,0,0,2,0,0,False
7355,logic-ng/logicng,aea0cc4515c5d35d771a4312d47557f381bf8730,src/test/java/org/logicng/formulas/EvaluationTest.java,0,0,0,0,0.0,0,5,5,0,0,0,0,1,0,0,0,0,0,0,0,0,0,0,0,5,0,0,False
7356,logic-ng/logicng,aea0cc4515c5d35d771a4312d47557f381bf8730,src/test/java/org/logicng/formulas/NNFTest.java,0,0,0,0,0.0,0,5,5,0,0,0,0,3,0,0,0,0,0,0,0,1,0,0,0,5,0,0,False
7357,logic-ng/logicng,aea0cc4515c5d35d771a4312d47557f381bf8730,src/test/java/org/logicng/formulas/RestrictionTest.java,0,0,0,0,0.0,0,5,5,0,0,0,0,1,0,0,0,0,0,0,0,0,0,0,0,5,0,0,False
7358,logic-ng/logicng,aea0cc4515c5d35d771a4312d47557f381bf8730,src/test/java/org/logicng/formulas/FTypeTest.java,0,0,0,0,0.0,0,1,1,0,0,0,0,0,0,0,0,0,0,0,0,0,0,0,0,1,0,0,False
7359,logic-ng/logicng,aea0cc4515c5d35d771a4312d47557f381bf8730,src/test/java/org/logicng/predicates/satisfiability/PredicatesTest.java,0,0,0,0,0.0,0,9,9,0,0,0,0,0,0,0,0,0,1,0,0,0,0,0,0,9,0,0,False
7360,logic-ng/logicng,aea0cc4515c5d35d771a4312d47557f381bf8730,src/test/java/org/logicng/configurations/ConfigurationsTest.java,0,0,0,0,0.0,0,1,1,0,0,0,0,0,0,0,0,0,0,0,0,0,0,0,0,1,0,0,False
7361,logic-ng/logicng,aea0cc4515c5d35d771a4312d47557f381bf8730,src/test/java/org/logicng/explanations/drup/DRUPTest.java,0,0,0,0,0.0,0,13,6,5,1,0,0,12,0,2,0,0,0,0,0,4,0,0,2,12,0,0,False
7362,logic-ng/logicng,aea0cc4515c5d35d771a4312d47557f381bf8730,src/test/java/org/logicng/primecomputation/PrimeImplicateReductionTest.java,0,0,0,0,0.0,0,11,2,4,0,0,0,6,0,0,0,0,0,0,0,0,7,2,0,9,0,0,False
7363,logic-ng/logicng,aea0cc4515c5d35d771a4312d47557f381bf8730,src/test/java/org/logicng/primecomputation/PrimeImplicantReductionTest.java,0,0,0,0,0.0,0,11,2,4,0,0,0,6,0,0,0,0,0,0,0,1,7,2,0,9,0,0,False
7364,logic-ng/logicng,aea0cc4515c5d35d771a4312d47557f381bf8730,src/test/java/org/logicng/datastructures/DatastructuresTest.java,0,0,0,0,0.0,0,2,1,0,0,0,0,0,0,0,0,0,1,0,0,0,0,0,0,2,0,0,False
7365,logic-ng/logicng,da7cf5b38709033d0f4cc1d467c13f01358cdfd0,src/test/java/org/logicng/functions/MinimumPrimeImplicantTest.java,0,0,0,0,0.0,0,5,2,2,1,0,0,4,0,0,0,0,0,0,0,2,2,0,0,4,0,0,False
7366,logic-ng/logicng,da7cf5b38709033d0f4cc1d467c13f01358cdfd0,src/test/java/org/logicng/functions/VariableProfileTest.java,0,0,0,0,0.0,0,6,6,0,1,0,0,3,0,0,0,0,0,0,0,0,0,0,0,6,0,0,False
7367,logic-ng/logicng,da7cf5b38709033d0f4cc1d467c13f01358cdfd0,src/test/java/org/logicng/functions/LiteralProfileTest.java,0,0,0,0,0.0,0,6,6,0,1,0,0,3,0,0,0,0,0,0,0,0,0,0,0,6,0,0,False
7368,logic-ng/logicng,da7cf5b38709033d0f4cc1d467c13f01358cdfd0,src/test/java/org/logicng/functions/SubformulaTest.java,0,0,0,0,0.0,0,9,7,0,0,0,0,2,0,0,0,0,0,0,0,0,0,0,0,9,0,0,False
7369,logic-ng/logicng,da7cf5b38709033d0f4cc1d467c13f01358cdfd0,src/test/java/org/logicng/io/FormulaWriterReaderTest.java,0,0,0,0,0.0,0,6,5,4,0,0,0,6,0,6,0,0,0,0,0,1,0,0,6,6,0,0,False
7370,logic-ng/logicng,da7cf5b38709033d0f4cc1d467c13f01358cdfd0,src/test/java/org/logicng/TestWithExampleFormulas.java,0,0,0,0,0.0,0,0,0,0,0,0,0,0,0,0,0,0,0,0,0,0,0,0,0,0,0,0,False
7371,logic-ng/logicng,da7cf5b38709033d0f4cc1d467c13f01358cdfd0,src/test/java/org/logicng/graphs/algorithms/ConnectedComponentsComputerTest.java,0,0,0,0,0.0,0,4,3,3,0,0,0,3,0,0,0,0,0,0,0,1,0,0,0,4,0,0,False
7372,logic-ng/logicng,da7cf5b38709033d0f4cc1d467c13f01358cdfd0,src/test/java/org/logicng/handlers/TimerTypeTest.java,0,0,0,0,0.0,0,8,6,6,0,0,0,4,0,0,0,0,0,0,4,6,0,0,0,6,0,0,False
7373,logic-ng/logicng,da7cf5b38709033d0f4cc1d467c13f01358cdfd0,src/test/java/org/logicng/pseudobooleans/PBSolvingTest.java,0,0,0,0,0.0,0,17,6,12,1,0,0,0,0,0,0,0,0,0,0,4,5,5,0,12,0,0,False
7374,logic-ng/logicng,da7cf5b38709033d0f4cc1d467c13f01358cdfd0,src/test/java/org/logicng/LogicNGTest.java,0,0,0,0,0.0,0,2,0,0,0,0,0,0,0,0,0,0,0,0,0,0,0,0,0,0,0,0,False
7375,logic-ng/logicng,da7cf5b38709033d0f4cc1d467c13f01358cdfd0,src/test/java/org/logicng/transformations/simplification/FactorOutSimplificationTest.java,0,0,0,0,0.0,0,4,1,1,0,0,0,1,0,0,0,0,0,0,0,0,2,0,0,3,0,0,False
7376,logic-ng/logicng,da7cf5b38709033d0f4cc1d467c13f01358cdfd0,src/test/java/org/logicng/transformations/simplification/NegationMinimizerTest.java,0,0,0,0,0.0,0,4,1,1,0,0,0,1,0,0,0,0,0,0,0,1,2,0,0,3,0,0,False
7377,logic-ng/logicng,da7cf5b38709033d0f4cc1d467c13f01358cdfd0,src/test/java/org/logicng/transformations/AIGTest.java,0,0,0,0,0.0,0,7,6,0,0,0,0,3,0,0,0,0,1,0,0,1,0,0,0,7,0,0,False
7378,logic-ng/logicng,da7cf5b38709033d0f4cc1d467c13f01358cdfd0,src/test/java/org/logicng/transformations/cnf/TseitinTest.java,0,0,0,0,0.0,0,9,7,0,0,0,0,4,0,0,0,0,1,0,0,1,0,0,0,8,0,0,False
7379,logic-ng/logicng,da7cf5b38709033d0f4cc1d467c13f01358cdfd0,src/test/java/org/logicng/transformations/cnf/CNFTest.java,0,0,0,0,0.0,0,8,7,0,0,0,0,5,0,0,0,0,1,0,0,2,0,0,0,8,0,0,False
7380,logic-ng/logicng,da7cf5b38709033d0f4cc1d467c13f01358cdfd0,src/test/java/org/logicng/transformations/cnf/PlaistedGreenbaumTest.java,0,0,0,0,0.0,0,11,9,0,0,0,0,6,0,0,0,0,1,0,0,1,0,0,0,10,0,0,False
7381,logic-ng/logicng,da7cf5b38709033d0f4cc1d467c13f01358cdfd0,src/test/java/org/logicng/transformations/cnf/CnfMethodComparisonTest.java,0,0,0,0,0.0,0,6,0,0,0,0,0,1,0,0,0,0,0,0,0,0,1,0,0,1,0,0,False
7382,logic-ng/logicng,da7cf5b38709033d0f4cc1d467c13f01358cdfd0,src/test/java/org/logicng/transformations/cnf/BDDCNFTest.java,0,0,0,0,0.0,0,9,8,0,0,0,0,5,0,0,0,0,0,0,0,1,0,0,0,8,0,0,False
7383,logic-ng/logicng,da7cf5b38709033d0f4cc1d467c13f01358cdfd0,src/test/java/org/logicng/transformations/qmc/QuineMcCluskeyTest.java,0,0,0,0,0.0,0,15,13,3,0,0,0,13,0,0,0,0,0,0,0,4,0,0,0,14,0,0,False
7384,logic-ng/logicng,da7cf5b38709033d0f4cc1d467c13f01358cdfd0,src/test/java/org/logicng/transformations/qe/QETest.java,0,0,0,0,0.0,0,3,3,0,0,0,0,1,0,0,0,0,0,0,0,0,0,0,0,3,0,0,False
7385,logic-ng/logicng,da7cf5b38709033d0f4cc1d467c13f01358cdfd0,src/test/java/org/logicng/solvers/sat/IncDecTest.java,0,0,0,0,0.0,0,2,1,2,1,0,0,1,0,0,0,0,1,0,0,1,0,0,0,2,0,0,False
7386,logic-ng/logicng,da7cf5b38709033d0f4cc1d467c13f01358cdfd0,src/test/java/org/logicng/solvers/sat/AssumeTest.java,0,0,0,0,0.0,0,1,1,1,1,0,0,1,0,0,0,0,0,0,0,0,0,0,0,1,0,0,False
7387,logic-ng/logicng,da7cf5b38709033d0f4cc1d467c13f01358cdfd0,src/test/java/org/logicng/solvers/sat/SATTest.java,0,0,0,0,0.0,0,53,25,45,1,0,0,17,0,3,0,0,1,0,0,9,1,2,3,49,0,0,False
7388,logic-ng/logicng,da7cf5b38709033d0f4cc1d467c13f01358cdfd0,src/test/java/org/logicng/solvers/sat/ConfigurationsTest.java,0,0,0,0,0.0,0,4,0,0,0,0,0,0,0,0,0,0,4,0,0,0,0,0,0,4,0,0,False
7389,logic-ng/logicng,da7cf5b38709033d0f4cc1d467c13f01358cdfd0,src/test/java/org/logicng/solvers/maxsat/MaxSATClassTest.java,0,0,0,0,0.0,0,3,3,0,0,0,0,0,0,0,0,0,1,0,0,0,0,0,0,3,0,0,False
7390,logic-ng/logicng,da7cf5b38709033d0f4cc1d467c13f01358cdfd0,src/test/java/org/logicng/solvers/maxsat/PureMaxSATTest.java,0,0,0,0,0.0,0,13,10,6,1,0,0,9,0,0,0,0,2,0,0,7,0,0,0,12,0,0,False
7391,logic-ng/logicng,da7cf5b38709033d0f4cc1d467c13f01358cdfd0,src/test/java/org/logicng/solvers/maxsat/PartialMaxSATTest.java,0,0,0,0,0.0,0,18,11,13,1,0,0,10,0,0,0,0,0,0,0,1,5,1,0,16,0,0,False
7392,logic-ng/logicng,da7cf5b38709033d0f4cc1d467c13f01358cdfd0,src/test/java/org/logicng/solvers/maxsat/PartialWeightedMaxSATTest.java,0,0,0,0,0.0,0,18,10,15,1,0,0,9,0,0,0,0,0,0,0,0,6,1,0,16,0,0,False
7393,logic-ng/logicng,da7cf5b38709033d0f4cc1d467c13f01358cdfd0,src/test/java/org/logicng/solvers/maxsat/encodings/EncodingsTest.java,0,0,0,0,0.0,0,6,4,0,0,0,0,0,0,0,0,0,5,0,0,0,0,0,0,6,0,0,False
7394,logic-ng/logicng,da7cf5b38709033d0f4cc1d467c13f01358cdfd0,src/test/java/org/logicng/solvers/ModelTest.java,0,0,0,0,0.0,0,12,10,7,0,0,0,9,0,0,0,0,0,0,0,4,0,0,0,11,0,0,False
7395,logic-ng/logicng,da7cf5b38709033d0f4cc1d467c13f01358cdfd0,src/test/java/org/logicng/solvers/datastructures/SolversDatastructuresTest.java,0,0,0,0,0.0,0,7,2,0,0,0,0,0,0,0,0,0,7,0,0,0,0,0,0,7,0,0,False
7396,logic-ng/logicng,da7cf5b38709033d0f4cc1d467c13f01358cdfd0,src/test/java/org/logicng/cardinalityconstraints/CCAMOTest.java,0,0,0,0,0.0,0,6,2,2,1,0,0,0,0,0,0,0,1,0,0,0,0,1,0,5,0,0,False
7397,logic-ng/logicng,da7cf5b38709033d0f4cc1d467c13f01358cdfd0,src/test/java/org/logicng/cardinalityconstraints/CCIncrementalFormulaTest.java,0,0,0,0,0.0,0,8,2,7,1,0,0,0,0,0,0,0,2,0,0,1,0,0,0,8,0,0,False
7398,logic-ng/logicng,da7cf5b38709033d0f4cc1d467c13f01358cdfd0,src/test/java/org/logicng/cardinalityconstraints/CCAMKTest.java,0,0,0,0,0.0,0,8,1,3,1,0,0,0,0,0,0,0,1,0,0,0,0,1,0,7,0,0,False
7399,logic-ng/logicng,da7cf5b38709033d0f4cc1d467c13f01358cdfd0,src/test/java/org/logicng/cardinalityconstraints/CCIncrementalSolverTest.java,0,0,0,0,0.0,0,6,0,6,1,0,0,0,0,0,0,0,0,0,0,0,0,0,0,6,0,0,False
7400,logic-ng/logicng,da7cf5b38709033d0f4cc1d467c13f01358cdfd0,src/test/java/org/logicng/cardinalityconstraints/CCPerformanceTest.java,0,0,0,0,0.0,0,3,0,1,1,0,0,0,0,0,0,0,0,0,0,0,0,0,0,2,0,0,False
7401,logic-ng/logicng,da7cf5b38709033d0f4cc1d467c13f01358cdfd0,src/test/java/org/logicng/cardinalityconstraints/CCALKTest.java,0,0,0,0,0.0,0,4,1,2,1,0,0,0,0,0,0,0,1,0,0,0,0,1,0,3,0,0,False
7402,logic-ng/logicng,da7cf5b38709033d0f4cc1d467c13f01358cdfd0,src/test/java/org/logicng/cardinalityconstraints/CCEXOTest.java,0,0,0,0,0.0,0,6,3,2,1,0,0,0,0,0,0,0,1,0,0,0,0,1,0,5,0,0,False
7403,logic-ng/logicng,da7cf5b38709033d0f4cc1d467c13f01358cdfd0,src/test/java/org/logicng/cardinalityconstraints/CCEXKTest.java,0,0,0,0,0.0,0,4,2,1,1,0,0,0,0,0,0,0,2,0,0,0,0,1,0,3,0,0,False
7404,logic-ng/logicng,da7cf5b38709033d0f4cc1d467c13f01358cdfd0,src/test/java/org/logicng/knowledgecompilation/bdds/orderings/OccurrenceOrderingTest.java,0,0,0,0,0.0,0,4,2,0,0,0,0,4,0,0,0,0,0,0,0,0,0,0,0,4,0,0,False
7405,logic-ng/logicng,da7cf5b38709033d0f4cc1d467c13f01358cdfd0,src/test/java/org/logicng/knowledgecompilation/bdds/BDDModelEnumerationTest.java,0,0,0,0,0.0,0,6,4,2,1,0,0,0,0,0,0,0,0,0,0,0,0,0,0,5,0,0,False
7406,logic-ng/logicng,da7cf5b38709033d0f4cc1d467c13f01358cdfd0,src/test/java/org/logicng/knowledgecompilation/bdds/FormulaBDDTest.java,0,0,0,0,0.0,0,3,3,0,0,0,0,2,0,0,0,0,0,0,0,0,0,0,0,3,0,0,False
7407,logic-ng/logicng,da7cf5b38709033d0f4cc1d467c13f01358cdfd0,src/test/java/org/logicng/knowledgecompilation/bdds/BDDLowLevelTest.java,0,0,0,0,0.0,0,9,2,0,0,0,0,0,0,0,0,0,1,0,0,0,0,0,0,8,0,0,False
7408,logic-ng/logicng,da7cf5b38709033d0f4cc1d467c13f01358cdfd0,src/test/java/org/logicng/knowledgecompilation/bdds/LargeBDDTest.java,0,0,0,0,0.0,0,9,5,0,0,0,0,1,0,0,0,0,0,0,0,0,2,2,0,7,0,0,False
7409,logic-ng/logicng,da7cf5b38709033d0f4cc1d467c13f01358cdfd0,src/test/java/org/logicng/knowledgecompilation/bdds/SimpleBDDTest.java,0,0,0,0,0.0,0,10,10,0,0,0,0,6,0,0,0,0,7,0,0,0,0,0,0,10,0,0,False
7410,logic-ng/logicng,da7cf5b38709033d0f4cc1d467c13f01358cdfd0,src/test/java/org/logicng/formulas/FormulaFactoryWithoutContradictionCheckTest.java,0,0,0,0,0.0,0,12,12,0,0,0,0,6,0,0,0,0,3,0,0,1,0,0,0,12,0,0,False
7411,logic-ng/logicng,da7cf5b38709033d0f4cc1d467c13f01358cdfd0,src/test/java/org/logicng/formulas/FormulaIteratorTest.java,0,0,0,0,0.0,0,9,9,0,0,0,0,6,0,0,0,0,0,0,0,4,0,0,0,9,0,0,False
7412,logic-ng/logicng,da7cf5b38709033d0f4cc1d467c13f01358cdfd0,src/test/java/org/logicng/formulas/CacheTest.java,0,0,0,0,0.0,0,2,2,0,0,0,0,0,0,0,0,0,0,0,0,0,0,0,0,2,0,0,False
7413,logic-ng/logicng,da7cf5b38709033d0f4cc1d467c13f01358cdfd0,src/test/java/org/logicng/formulas/FormulaMergeTest.java,0,0,0,0,0.0,0,2,2,0,0,0,0,0,0,0,0,0,0,0,0,0,0,0,0,2,0,0,False
7414,logic-ng/logicng,da7cf5b38709033d0f4cc1d467c13f01358cdfd0,src/test/java/org/logicng/formulas/EvaluationTest.java,0,0,0,0,0.0,0,5,5,0,0,0,0,1,0,0,0,0,0,0,0,0,0,0,0,5,0,0,False
7415,logic-ng/logicng,da7cf5b38709033d0f4cc1d467c13f01358cdfd0,src/test/java/org/logicng/formulas/NNFTest.java,0,0,0,0,0.0,0,5,5,0,0,0,0,3,0,0,0,0,0,0,0,1,0,0,0,5,0,0,False
7416,logic-ng/logicng,da7cf5b38709033d0f4cc1d467c13f01358cdfd0,src/test/java/org/logicng/formulas/RestrictionTest.java,0,0,0,0,0.0,0,5,5,0,0,0,0,1,0,0,0,0,0,0,0,0,0,0,0,5,0,0,False
7417,logic-ng/logicng,da7cf5b38709033d0f4cc1d467c13f01358cdfd0,src/test/java/org/logicng/formulas/FTypeTest.java,0,0,0,0,0.0,0,1,1,0,0,0,0,0,0,0,0,0,0,0,0,0,0,0,0,1,0,0,False
7418,logic-ng/logicng,da7cf5b38709033d0f4cc1d467c13f01358cdfd0,src/test/java/org/logicng/predicates/satisfiability/PredicatesTest.java,0,0,0,0,0.0,0,9,9,0,0,0,0,0,0,0,0,0,1,0,0,0,0,0,0,9,0,0,False
7419,logic-ng/logicng,da7cf5b38709033d0f4cc1d467c13f01358cdfd0,src/test/java/org/logicng/configurations/ConfigurationsTest.java,0,0,0,0,0.0,0,1,1,0,0,0,0,0,0,0,0,0,0,0,0,0,0,0,0,1,0,0,False
7420,logic-ng/logicng,da7cf5b38709033d0f4cc1d467c13f01358cdfd0,src/test/java/org/logicng/explanations/drup/DRUPTest.java,0,0,0,0,0.0,0,13,6,5,1,0,0,12,0,2,0,0,0,0,0,4,0,0,2,12,0,0,False
7421,logic-ng/logicng,da7cf5b38709033d0f4cc1d467c13f01358cdfd0,src/test/java/org/logicng/primecomputation/PrimeImplicateReductionTest.java,0,0,0,0,0.0,0,11,2,4,0,0,0,6,0,0,0,0,0,0,0,0,7,2,0,9,0,0,False
7422,logic-ng/logicng,da7cf5b38709033d0f4cc1d467c13f01358cdfd0,src/test/java/org/logicng/primecomputation/PrimeImplicantReductionTest.java,0,0,0,0,0.0,0,11,2,4,0,0,0,6,0,0,0,0,0,0,0,1,7,2,0,9,0,0,False
7423,logic-ng/logicng,da7cf5b38709033d0f4cc1d467c13f01358cdfd0,src/test/java/org/logicng/datastructures/DatastructuresTest.java,0,0,0,0,0.0,0,2,1,0,0,0,0,0,0,0,0,0,1,0,0,0,0,0,0,2,0,0,False
7424,logic-ng/logicng,7921ec0ffabfdd8cec93533bd02d09ee7fd6fdd9,src/test/java/org/logicng/functions/MinimumPrimeImplicantTest.java,0,0,0,0,0.0,0,5,2,2,1,0,0,4,0,0,0,0,0,0,0,2,2,0,0,4,0,0,False
7425,logic-ng/logicng,7921ec0ffabfdd8cec93533bd02d09ee7fd6fdd9,src/test/java/org/logicng/functions/VariableProfileTest.java,0,0,0,0,0.0,0,6,6,0,1,0,0,3,0,0,0,0,0,0,0,0,0,0,0,6,0,0,False
7426,logic-ng/logicng,7921ec0ffabfdd8cec93533bd02d09ee7fd6fdd9,src/test/java/org/logicng/functions/LiteralProfileTest.java,0,0,0,0,0.0,0,6,6,0,1,0,0,3,0,0,0,0,0,0,0,0,0,0,0,6,0,0,False
7427,logic-ng/logicng,7921ec0ffabfdd8cec93533bd02d09ee7fd6fdd9,src/test/java/org/logicng/functions/SubformulaTest.java,0,0,0,0,0.0,0,9,7,0,0,0,0,2,0,0,0,0,0,0,0,0,0,0,0,9,0,0,False
7428,logic-ng/logicng,7921ec0ffabfdd8cec93533bd02d09ee7fd6fdd9,src/test/java/org/logicng/io/FormulaWriterReaderTest.java,0,0,0,0,0.0,0,6,5,4,0,0,0,6,0,6,0,0,0,0,0,1,0,0,6,6,0,0,False
7429,logic-ng/logicng,7921ec0ffabfdd8cec93533bd02d09ee7fd6fdd9,src/test/java/org/logicng/TestWithExampleFormulas.java,0,0,0,0,0.0,0,0,0,0,0,0,0,0,0,0,0,0,0,0,0,0,0,0,0,0,0,0,False
7430,logic-ng/logicng,7921ec0ffabfdd8cec93533bd02d09ee7fd6fdd9,src/test/java/org/logicng/graphs/algorithms/ConnectedComponentsComputerTest.java,0,0,0,0,0.0,0,4,3,3,0,0,0,3,0,0,0,0,0,0,0,1,0,0,0,4,0,0,False
7431,logic-ng/logicng,7921ec0ffabfdd8cec93533bd02d09ee7fd6fdd9,src/test/java/org/logicng/handlers/TimerTypeTest.java,0,0,0,0,0.0,0,8,6,6,0,0,0,4,0,0,0,0,0,0,4,6,0,0,0,6,0,0,False
7432,logic-ng/logicng,7921ec0ffabfdd8cec93533bd02d09ee7fd6fdd9,src/test/java/org/logicng/pseudobooleans/PBSolvingTest.java,0,0,0,0,0.0,0,17,6,12,1,0,0,0,0,0,0,0,0,0,0,4,5,5,0,12,0,0,False
7433,logic-ng/logicng,7921ec0ffabfdd8cec93533bd02d09ee7fd6fdd9,src/test/java/org/logicng/LogicNGTest.java,0,0,0,0,0.0,0,2,0,0,0,0,0,0,0,0,0,0,0,0,0,0,0,0,0,0,0,0,False
7434,logic-ng/logicng,7921ec0ffabfdd8cec93533bd02d09ee7fd6fdd9,src/test/java/org/logicng/transformations/simplification/FactorOutSimplificationTest.java,0,0,0,0,0.0,0,4,1,1,0,0,0,1,0,0,0,0,0,0,0,0,2,0,0,3,0,0,False
7435,logic-ng/logicng,7921ec0ffabfdd8cec93533bd02d09ee7fd6fdd9,src/test/java/org/logicng/transformations/simplification/NegationMinimizerTest.java,0,0,0,0,0.0,0,4,1,1,0,0,0,1,0,0,0,0,0,0,0,1,2,0,0,3,0,0,False
7436,logic-ng/logicng,7921ec0ffabfdd8cec93533bd02d09ee7fd6fdd9,src/test/java/org/logicng/transformations/AIGTest.java,0,0,0,0,0.0,0,7,6,0,0,0,0,3,0,0,0,0,1,0,0,1,0,0,0,7,0,0,False
7437,logic-ng/logicng,7921ec0ffabfdd8cec93533bd02d09ee7fd6fdd9,src/test/java/org/logicng/transformations/cnf/TseitinTest.java,0,0,0,0,0.0,0,9,7,0,0,0,0,4,0,0,0,0,1,0,0,1,0,0,0,8,0,0,False
7438,logic-ng/logicng,7921ec0ffabfdd8cec93533bd02d09ee7fd6fdd9,src/test/java/org/logicng/transformations/cnf/CNFTest.java,0,0,0,0,0.0,0,8,7,0,0,0,0,5,0,0,0,0,1,0,0,2,0,0,0,8,0,0,False
7439,logic-ng/logicng,7921ec0ffabfdd8cec93533bd02d09ee7fd6fdd9,src/test/java/org/logicng/transformations/cnf/PlaistedGreenbaumTest.java,0,0,0,0,0.0,0,11,9,0,0,0,0,6,0,0,0,0,1,0,0,1,0,0,0,10,0,0,False
7440,logic-ng/logicng,7921ec0ffabfdd8cec93533bd02d09ee7fd6fdd9,src/test/java/org/logicng/transformations/cnf/CnfMethodComparisonTest.java,0,0,0,0,0.0,0,6,0,0,0,0,0,1,0,0,0,0,0,0,0,0,1,0,0,1,0,0,False
7441,logic-ng/logicng,7921ec0ffabfdd8cec93533bd02d09ee7fd6fdd9,src/test/java/org/logicng/transformations/cnf/BDDCNFTest.java,0,0,0,0,0.0,0,9,8,0,0,0,0,5,0,0,0,0,0,0,0,1,0,0,0,8,0,0,False
7442,logic-ng/logicng,7921ec0ffabfdd8cec93533bd02d09ee7fd6fdd9,src/test/java/org/logicng/transformations/qmc/QuineMcCluskeyTest.java,0,0,0,0,0.0,0,15,13,3,0,0,0,13,0,0,0,0,0,0,0,4,0,0,0,14,0,0,False
7443,logic-ng/logicng,7921ec0ffabfdd8cec93533bd02d09ee7fd6fdd9,src/test/java/org/logicng/transformations/qe/QETest.java,0,0,0,0,0.0,0,3,3,0,0,0,0,1,0,0,0,0,0,0,0,0,0,0,0,3,0,0,False
7444,logic-ng/logicng,7921ec0ffabfdd8cec93533bd02d09ee7fd6fdd9,src/test/java/org/logicng/solvers/sat/IncDecTest.java,0,0,0,0,0.0,0,2,1,2,1,0,0,1,0,0,0,0,1,0,0,1,0,0,0,2,0,0,False
7445,logic-ng/logicng,7921ec0ffabfdd8cec93533bd02d09ee7fd6fdd9,src/test/java/org/logicng/solvers/sat/AssumeTest.java,0,0,0,0,0.0,0,1,1,1,1,0,0,1,0,0,0,0,0,0,0,0,0,0,0,1,0,0,False
7446,logic-ng/logicng,7921ec0ffabfdd8cec93533bd02d09ee7fd6fdd9,src/test/java/org/logicng/solvers/sat/SATTest.java,0,0,0,0,0.0,0,53,25,45,1,0,0,17,0,3,0,0,1,0,0,9,1,2,3,49,0,0,False
7447,logic-ng/logicng,7921ec0ffabfdd8cec93533bd02d09ee7fd6fdd9,src/test/java/org/logicng/solvers/sat/ConfigurationsTest.java,0,0,0,0,0.0,0,4,0,0,0,0,0,0,0,0,0,0,4,0,0,0,0,0,0,4,0,0,False
7448,logic-ng/logicng,7921ec0ffabfdd8cec93533bd02d09ee7fd6fdd9,src/test/java/org/logicng/solvers/maxsat/MaxSATClassTest.java,0,0,0,0,0.0,0,3,3,0,0,0,0,0,0,0,0,0,1,0,0,0,0,0,0,3,0,0,False
7449,logic-ng/logicng,7921ec0ffabfdd8cec93533bd02d09ee7fd6fdd9,src/test/java/org/logicng/solvers/maxsat/PureMaxSATTest.java,0,0,0,0,0.0,0,13,10,6,1,0,0,9,0,0,0,0,2,0,0,7,0,0,0,12,0,0,False
7450,logic-ng/logicng,7921ec0ffabfdd8cec93533bd02d09ee7fd6fdd9,src/test/java/org/logicng/solvers/maxsat/PartialMaxSATTest.java,0,0,0,0,0.0,0,15,8,10,1,0,0,7,0,0,0,0,0,0,0,1,5,1,0,13,0,0,False
7451,logic-ng/logicng,7921ec0ffabfdd8cec93533bd02d09ee7fd6fdd9,src/test/java/org/logicng/solvers/maxsat/PartialWeightedMaxSATTest.java,0,0,0,0,0.0,0,15,7,12,1,0,0,6,0,0,0,0,0,0,0,0,6,1,0,13,0,0,False
7452,logic-ng/logicng,7921ec0ffabfdd8cec93533bd02d09ee7fd6fdd9,src/test/java/org/logicng/solvers/maxsat/encodings/EncodingsTest.java,0,0,0,0,0.0,0,6,4,0,0,0,0,0,0,0,0,0,5,0,0,0,0,0,0,6,0,0,False
7453,logic-ng/logicng,7921ec0ffabfdd8cec93533bd02d09ee7fd6fdd9,src/test/java/org/logicng/solvers/ModelTest.java,0,0,0,0,0.0,0,12,10,7,0,0,0,9,0,0,0,0,0,0,0,4,0,0,0,11,0,0,False
7454,logic-ng/logicng,7921ec0ffabfdd8cec93533bd02d09ee7fd6fdd9,src/test/java/org/logicng/solvers/datastructures/SolversDatastructuresTest.java,0,0,0,0,0.0,0,7,2,0,0,0,0,0,0,0,0,0,7,0,0,0,0,0,0,7,0,0,False
7455,logic-ng/logicng,7921ec0ffabfdd8cec93533bd02d09ee7fd6fdd9,src/test/java/org/logicng/cardinalityconstraints/CCAMOTest.java,0,0,0,0,0.0,0,6,2,2,1,0,0,0,0,0,0,0,1,0,0,0,0,1,0,5,0,0,False
7456,logic-ng/logicng,7921ec0ffabfdd8cec93533bd02d09ee7fd6fdd9,src/test/java/org/logicng/cardinalityconstraints/CCIncrementalFormulaTest.java,0,0,0,0,0.0,0,8,2,7,1,0,0,0,0,0,0,0,2,0,0,1,0,0,0,8,0,0,False
7457,logic-ng/logicng,7921ec0ffabfdd8cec93533bd02d09ee7fd6fdd9,src/test/java/org/logicng/cardinalityconstraints/CCAMKTest.java,0,0,0,0,0.0,0,8,1,3,1,0,0,0,0,0,0,0,1,0,0,0,0,1,0,7,0,0,False
7458,logic-ng/logicng,7921ec0ffabfdd8cec93533bd02d09ee7fd6fdd9,src/test/java/org/logicng/cardinalityconstraints/CCIncrementalSolverTest.java,0,0,0,0,0.0,0,6,0,6,1,0,0,0,0,0,0,0,0,0,0,0,0,0,0,6,0,0,False
7459,logic-ng/logicng,7921ec0ffabfdd8cec93533bd02d09ee7fd6fdd9,src/test/java/org/logicng/cardinalityconstraints/CCPerformanceTest.java,0,0,0,0,0.0,0,3,0,1,1,0,0,0,0,0,0,0,0,0,0,0,0,0,0,2,0,0,False
7460,logic-ng/logicng,7921ec0ffabfdd8cec93533bd02d09ee7fd6fdd9,src/test/java/org/logicng/cardinalityconstraints/CCALKTest.java,0,0,0,0,0.0,0,4,1,2,1,0,0,0,0,0,0,0,1,0,0,0,0,1,0,3,0,0,False
7461,logic-ng/logicng,7921ec0ffabfdd8cec93533bd02d09ee7fd6fdd9,src/test/java/org/logicng/cardinalityconstraints/CCEXOTest.java,0,0,0,0,0.0,0,6,3,2,1,0,0,0,0,0,0,0,1,0,0,0,0,1,0,5,0,0,False
7462,logic-ng/logicng,7921ec0ffabfdd8cec93533bd02d09ee7fd6fdd9,src/test/java/org/logicng/cardinalityconstraints/CCEXKTest.java,0,0,0,0,0.0,0,4,2,1,1,0,0,0,0,0,0,0,2,0,0,0,0,1,0,3,0,0,False
7463,logic-ng/logicng,7921ec0ffabfdd8cec93533bd02d09ee7fd6fdd9,src/test/java/org/logicng/knowledgecompilation/bdds/orderings/OccurrenceOrderingTest.java,0,0,0,0,0.0,0,4,2,0,0,0,0,4,0,0,0,0,0,0,0,0,0,0,0,4,0,0,False
7464,logic-ng/logicng,7921ec0ffabfdd8cec93533bd02d09ee7fd6fdd9,src/test/java/org/logicng/knowledgecompilation/bdds/BDDModelEnumerationTest.java,0,0,0,0,0.0,0,6,4,2,1,0,0,0,0,0,0,0,0,0,0,0,0,0,0,5,0,0,False
7465,logic-ng/logicng,7921ec0ffabfdd8cec93533bd02d09ee7fd6fdd9,src/test/java/org/logicng/knowledgecompilation/bdds/FormulaBDDTest.java,0,0,0,0,0.0,0,3,3,0,0,0,0,2,0,0,0,0,0,0,0,0,0,0,0,3,0,0,False
7466,logic-ng/logicng,7921ec0ffabfdd8cec93533bd02d09ee7fd6fdd9,src/test/java/org/logicng/knowledgecompilation/bdds/BDDLowLevelTest.java,0,0,0,0,0.0,0,9,2,0,0,0,0,0,0,0,0,0,1,0,0,0,0,0,0,8,0,0,False
7467,logic-ng/logicng,7921ec0ffabfdd8cec93533bd02d09ee7fd6fdd9,src/test/java/org/logicng/knowledgecompilation/bdds/LargeBDDTest.java,0,0,0,0,0.0,0,9,5,0,0,0,0,1,0,0,0,0,0,0,0,0,2,2,0,7,0,0,False
7468,logic-ng/logicng,7921ec0ffabfdd8cec93533bd02d09ee7fd6fdd9,src/test/java/org/logicng/knowledgecompilation/bdds/SimpleBDDTest.java,0,0,0,0,0.0,0,10,10,0,0,0,0,6,0,0,0,0,7,0,0,0,0,0,0,10,0,0,False
7469,logic-ng/logicng,7921ec0ffabfdd8cec93533bd02d09ee7fd6fdd9,src/test/java/org/logicng/formulas/FormulaFactoryWithoutContradictionCheckTest.java,0,0,0,0,0.0,0,12,12,0,0,0,0,6,0,0,0,0,3,0,0,1,0,0,0,12,0,0,False
7470,logic-ng/logicng,7921ec0ffabfdd8cec93533bd02d09ee7fd6fdd9,src/test/java/org/logicng/formulas/FormulaIteratorTest.java,0,0,0,0,0.0,0,9,9,0,0,0,0,6,0,0,0,0,0,0,0,4,0,0,0,9,0,0,False
7471,logic-ng/logicng,7921ec0ffabfdd8cec93533bd02d09ee7fd6fdd9,src/test/java/org/logicng/formulas/CacheTest.java,0,0,0,0,0.0,0,2,2,0,0,0,0,0,0,0,0,0,0,0,0,0,0,0,0,2,0,0,False
7472,logic-ng/logicng,7921ec0ffabfdd8cec93533bd02d09ee7fd6fdd9,src/test/java/org/logicng/formulas/FormulaMergeTest.java,0,0,0,0,0.0,0,2,2,0,0,0,0,0,0,0,0,0,0,0,0,0,0,0,0,2,0,0,False
7473,logic-ng/logicng,7921ec0ffabfdd8cec93533bd02d09ee7fd6fdd9,src/test/java/org/logicng/formulas/EvaluationTest.java,0,0,0,0,0.0,0,5,5,0,0,0,0,1,0,0,0,0,0,0,0,0,0,0,0,5,0,0,False
7474,logic-ng/logicng,7921ec0ffabfdd8cec93533bd02d09ee7fd6fdd9,src/test/java/org/logicng/formulas/NNFTest.java,0,0,0,0,0.0,0,5,5,0,0,0,0,3,0,0,0,0,0,0,0,1,0,0,0,5,0,0,False
7475,logic-ng/logicng,7921ec0ffabfdd8cec93533bd02d09ee7fd6fdd9,src/test/java/org/logicng/formulas/RestrictionTest.java,0,0,0,0,0.0,0,5,5,0,0,0,0,1,0,0,0,0,0,0,0,0,0,0,0,5,0,0,False
7476,logic-ng/logicng,7921ec0ffabfdd8cec93533bd02d09ee7fd6fdd9,src/test/java/org/logicng/formulas/FTypeTest.java,0,0,0,0,0.0,0,1,1,0,0,0,0,0,0,0,0,0,0,0,0,0,0,0,0,1,0,0,False
7477,logic-ng/logicng,7921ec0ffabfdd8cec93533bd02d09ee7fd6fdd9,src/test/java/org/logicng/predicates/satisfiability/PredicatesTest.java,0,0,0,0,0.0,0,9,9,0,0,0,0,0,0,0,0,0,1,0,0,0,0,0,0,9,0,0,False
7478,logic-ng/logicng,7921ec0ffabfdd8cec93533bd02d09ee7fd6fdd9,src/test/java/org/logicng/configurations/ConfigurationsTest.java,0,0,0,0,0.0,0,1,1,0,0,0,0,0,0,0,0,0,0,0,0,0,0,0,0,1,0,0,False
7479,logic-ng/logicng,7921ec0ffabfdd8cec93533bd02d09ee7fd6fdd9,src/test/java/org/logicng/explanations/drup/DRUPTest.java,0,0,0,0,0.0,0,13,6,5,1,0,0,12,0,2,0,0,0,0,0,4,0,0,2,12,0,0,False
7480,logic-ng/logicng,7921ec0ffabfdd8cec93533bd02d09ee7fd6fdd9,src/test/java/org/logicng/primecomputation/PrimeImplicateReductionTest.java,0,0,0,0,0.0,0,11,2,4,0,0,0,6,0,0,0,0,0,0,0,0,7,2,0,9,0,0,False
7481,logic-ng/logicng,7921ec0ffabfdd8cec93533bd02d09ee7fd6fdd9,src/test/java/org/logicng/primecomputation/PrimeImplicantReductionTest.java,0,0,0,0,0.0,0,11,2,4,0,0,0,6,0,0,0,0,0,0,0,1,7,2,0,9,0,0,False
7482,logic-ng/logicng,7921ec0ffabfdd8cec93533bd02d09ee7fd6fdd9,src/test/java/org/logicng/datastructures/DatastructuresTest.java,0,0,0,0,0.0,0,2,1,0,0,0,0,0,0,0,0,0,1,0,0,0,0,0,0,2,0,0,False
7483,logic-ng/logicng,994294fbb283b7b96230da3937369bf8fc062b5f,src/test/java/org/logicng/functions/MinimumPrimeImplicantTest.java,0,0,0,0,0.0,0,5,2,2,1,0,0,4,0,0,0,0,0,0,0,2,2,0,0,4,0,0,False
7484,logic-ng/logicng,994294fbb283b7b96230da3937369bf8fc062b5f,src/test/java/org/logicng/functions/VariableProfileTest.java,0,0,0,0,0.0,0,6,6,0,1,0,0,3,0,0,0,0,0,0,0,0,0,0,0,6,0,0,False
7485,logic-ng/logicng,994294fbb283b7b96230da3937369bf8fc062b5f,src/test/java/org/logicng/functions/LiteralProfileTest.java,0,0,0,0,0.0,0,6,6,0,1,0,0,3,0,0,0,0,0,0,0,0,0,0,0,6,0,0,False
7486,logic-ng/logicng,994294fbb283b7b96230da3937369bf8fc062b5f,src/test/java/org/logicng/functions/SubformulaTest.java,0,0,0,0,0.0,0,9,7,0,0,0,0,2,0,0,0,0,0,0,0,0,0,0,0,9,0,0,False
7487,logic-ng/logicng,994294fbb283b7b96230da3937369bf8fc062b5f,src/test/java/org/logicng/io/FormulaWriterReaderTest.java,0,0,0,0,0.0,0,6,5,4,0,0,0,6,0,6,0,0,0,0,0,1,0,0,6,6,0,0,False
7488,logic-ng/logicng,994294fbb283b7b96230da3937369bf8fc062b5f,src/test/java/org/logicng/TestWithExampleFormulas.java,0,0,0,0,0.0,0,0,0,0,0,0,0,0,0,0,0,0,0,0,0,0,0,0,0,0,0,0,False
7489,logic-ng/logicng,994294fbb283b7b96230da3937369bf8fc062b5f,src/test/java/org/logicng/graphs/algorithms/ConnectedComponentsComputerTest.java,0,0,0,0,0.0,0,4,3,3,0,0,0,3,0,0,0,0,0,0,0,1,0,0,0,4,0,0,False
7490,logic-ng/logicng,994294fbb283b7b96230da3937369bf8fc062b5f,src/test/java/org/logicng/pseudobooleans/PBSolvingTest.java,0,0,0,0,0.0,0,17,6,12,1,0,0,0,0,0,0,0,0,0,0,4,5,5,0,12,0,0,False
7491,logic-ng/logicng,994294fbb283b7b96230da3937369bf8fc062b5f,src/test/java/org/logicng/LogicNGTest.java,0,0,0,0,0.0,0,2,0,0,0,0,0,0,0,0,0,0,0,0,0,0,0,0,0,0,0,0,False
7492,logic-ng/logicng,994294fbb283b7b96230da3937369bf8fc062b5f,src/test/java/org/logicng/transformations/simplification/FactorOutSimplificationTest.java,0,0,0,0,0.0,0,4,1,1,0,0,0,1,0,0,0,0,0,0,0,0,2,0,0,3,0,0,False
7493,logic-ng/logicng,994294fbb283b7b96230da3937369bf8fc062b5f,src/test/java/org/logicng/transformations/simplification/SimplifierTest.java,0,0,0,0,0.0,0,4,1,1,0,0,0,0,0,0,0,0,0,0,0,0,2,0,0,3,0,0,False
7494,logic-ng/logicng,994294fbb283b7b96230da3937369bf8fc062b5f,src/test/java/org/logicng/transformations/simplification/NegationMinimizerTest.java,0,0,0,0,0.0,0,4,1,1,0,0,0,1,0,0,0,0,0,0,0,1,2,0,0,3,0,0,False
7495,logic-ng/logicng,994294fbb283b7b96230da3937369bf8fc062b5f,src/test/java/org/logicng/transformations/AIGTest.java,0,0,0,0,0.0,0,7,6,0,0,0,0,3,0,0,0,0,1,0,0,1,0,0,0,7,0,0,False
7496,logic-ng/logicng,994294fbb283b7b96230da3937369bf8fc062b5f,src/test/java/org/logicng/transformations/cnf/TseitinTest.java,0,0,0,0,0.0,0,9,7,0,0,0,0,4,0,0,0,0,1,0,0,1,0,0,0,8,0,0,False
7497,logic-ng/logicng,994294fbb283b7b96230da3937369bf8fc062b5f,src/test/java/org/logicng/transformations/cnf/CNFTest.java,0,0,0,0,0.0,0,8,7,0,0,0,0,5,0,0,0,0,1,0,0,2,0,0,0,8,0,0,False
7498,logic-ng/logicng,994294fbb283b7b96230da3937369bf8fc062b5f,src/test/java/org/logicng/transformations/cnf/PlaistedGreenbaumTest.java,0,0,0,0,0.0,0,11,9,0,0,0,0,6,0,0,0,0,1,0,0,1,0,0,0,10,0,0,False
7499,logic-ng/logicng,994294fbb283b7b96230da3937369bf8fc062b5f,src/test/java/org/logicng/transformations/cnf/CnfMethodComparisonTest.java,0,0,0,0,0.0,0,6,0,0,0,0,0,1,0,0,0,0,0,0,0,0,1,0,0,1,0,0,False
7500,logic-ng/logicng,994294fbb283b7b96230da3937369bf8fc062b5f,src/test/java/org/logicng/transformations/cnf/BDDCNFTest.java,0,0,0,0,0.0,0,9,8,0,0,0,0,5,0,0,0,0,0,0,0,1,0,0,0,8,0,0,False
7501,logic-ng/logicng,994294fbb283b7b96230da3937369bf8fc062b5f,src/test/java/org/logicng/transformations/qmc/QuineMcCluskeyTest.java,0,0,0,0,0.0,0,15,13,3,0,0,0,13,0,0,0,0,0,0,0,4,0,0,0,14,0,0,False
7502,logic-ng/logicng,994294fbb283b7b96230da3937369bf8fc062b5f,src/test/java/org/logicng/transformations/qe/QETest.java,0,0,0,0,0.0,0,3,3,0,0,0,0,1,0,0,0,0,0,0,0,0,0,0,0,3,0,0,False
7503,logic-ng/logicng,994294fbb283b7b96230da3937369bf8fc062b5f,src/test/java/org/logicng/solvers/sat/IncDecTest.java,0,0,0,0,0.0,0,2,1,2,1,0,0,1,0,0,0,0,1,0,0,1,0,0,0,2,0,0,False
7504,logic-ng/logicng,994294fbb283b7b96230da3937369bf8fc062b5f,src/test/java/org/logicng/solvers/sat/AssumeTest.java,0,0,0,0,0.0,0,1,1,1,1,0,0,1,0,0,0,0,0,0,0,0,0,0,0,1,0,0,False
7505,logic-ng/logicng,994294fbb283b7b96230da3937369bf8fc062b5f,src/test/java/org/logicng/solvers/sat/SATTest.java,0,0,0,0,0.0,0,53,25,45,1,0,0,17,0,3,0,0,1,0,0,9,1,2,3,49,0,0,False
7506,logic-ng/logicng,994294fbb283b7b96230da3937369bf8fc062b5f,src/test/java/org/logicng/solvers/sat/ConfigurationsTest.java,0,0,0,0,0.0,0,4,0,0,0,0,0,0,0,0,0,0,4,0,0,0,0,0,0,4,0,0,False
7507,logic-ng/logicng,994294fbb283b7b96230da3937369bf8fc062b5f,src/test/java/org/logicng/solvers/maxsat/MaxSATClassTest.java,0,0,0,0,0.0,0,3,3,0,0,0,0,0,0,0,0,0,1,0,0,0,0,0,0,3,0,0,False
7508,logic-ng/logicng,994294fbb283b7b96230da3937369bf8fc062b5f,src/test/java/org/logicng/solvers/maxsat/PureMaxSATTest.java,0,0,0,0,0.0,0,13,10,6,1,0,0,9,0,0,0,0,2,0,0,7,0,0,0,12,0,0,False
7509,logic-ng/logicng,994294fbb283b7b96230da3937369bf8fc062b5f,src/test/java/org/logicng/solvers/maxsat/PartialMaxSATTest.java,0,0,0,0,0.0,0,15,8,10,1,0,0,7,0,0,0,0,0,0,0,1,5,1,0,13,0,0,False
7510,logic-ng/logicng,994294fbb283b7b96230da3937369bf8fc062b5f,src/test/java/org/logicng/solvers/maxsat/PartialWeightedMaxSATTest.java,0,0,0,0,0.0,0,15,7,12,1,0,0,6,0,0,0,0,0,0,0,0,6,1,0,13,0,0,False
7511,logic-ng/logicng,994294fbb283b7b96230da3937369bf8fc062b5f,src/test/java/org/logicng/solvers/maxsat/encodings/EncodingsTest.java,0,0,0,0,0.0,0,6,4,0,0,0,0,0,0,0,0,0,5,0,0,0,0,0,0,6,0,0,False
7512,logic-ng/logicng,994294fbb283b7b96230da3937369bf8fc062b5f,src/test/java/org/logicng/solvers/ModelTest.java,0,0,0,0,0.0,0,12,10,7,0,0,0,9,0,0,0,0,0,0,0,4,0,0,0,11,0,0,False
7513,logic-ng/logicng,994294fbb283b7b96230da3937369bf8fc062b5f,src/test/java/org/logicng/solvers/datastructures/SolversDatastructuresTest.java,0,0,0,0,0.0,0,7,2,0,0,0,0,0,0,0,0,0,7,0,0,0,0,0,0,7,0,0,False
7514,logic-ng/logicng,994294fbb283b7b96230da3937369bf8fc062b5f,src/test/java/org/logicng/cardinalityconstraints/CCAMOTest.java,0,0,0,0,0.0,0,6,2,2,1,0,0,0,0,0,0,0,1,0,0,0,0,1,0,5,0,0,False
7515,logic-ng/logicng,994294fbb283b7b96230da3937369bf8fc062b5f,src/test/java/org/logicng/cardinalityconstraints/CCIncrementalFormulaTest.java,0,0,0,0,0.0,0,8,2,7,1,0,0,0,0,0,0,0,2,0,0,1,0,0,0,8,0,0,False
7516,logic-ng/logicng,994294fbb283b7b96230da3937369bf8fc062b5f,src/test/java/org/logicng/cardinalityconstraints/CCAMKTest.java,0,0,0,0,0.0,0,8,1,3,1,0,0,0,0,0,0,0,1,0,0,0,0,1,0,7,0,0,False
7517,logic-ng/logicng,994294fbb283b7b96230da3937369bf8fc062b5f,src/test/java/org/logicng/cardinalityconstraints/CCIncrementalSolverTest.java,0,0,0,0,0.0,0,6,0,6,1,0,0,0,0,0,0,0,0,0,0,0,0,0,0,6,0,0,False
7518,logic-ng/logicng,994294fbb283b7b96230da3937369bf8fc062b5f,src/test/java/org/logicng/cardinalityconstraints/CCPerformanceTest.java,0,0,0,0,0.0,0,3,0,1,1,0,0,0,0,0,0,0,0,0,0,0,0,0,0,2,0,0,False
7519,logic-ng/logicng,994294fbb283b7b96230da3937369bf8fc062b5f,src/test/java/org/logicng/cardinalityconstraints/CCALKTest.java,0,0,0,0,0.0,0,4,1,2,1,0,0,0,0,0,0,0,1,0,0,0,0,1,0,3,0,0,False
7520,logic-ng/logicng,994294fbb283b7b96230da3937369bf8fc062b5f,src/test/java/org/logicng/cardinalityconstraints/CCEXOTest.java,0,0,0,0,0.0,0,6,3,2,1,0,0,0,0,0,0,0,1,0,0,0,0,1,0,5,0,0,False
7521,logic-ng/logicng,994294fbb283b7b96230da3937369bf8fc062b5f,src/test/java/org/logicng/cardinalityconstraints/CCEXKTest.java,0,0,0,0,0.0,0,4,2,1,1,0,0,0,0,0,0,0,2,0,0,0,0,1,0,3,0,0,False
7522,logic-ng/logicng,994294fbb283b7b96230da3937369bf8fc062b5f,src/test/java/org/logicng/knowledgecompilation/bdds/orderings/OccurrenceOrderingTest.java,0,0,0,0,0.0,0,4,2,0,0,0,0,4,0,0,0,0,0,0,0,0,0,0,0,4,0,0,False
7523,logic-ng/logicng,994294fbb283b7b96230da3937369bf8fc062b5f,src/test/java/org/logicng/knowledgecompilation/bdds/BDDModelEnumerationTest.java,0,0,0,0,0.0,0,6,4,2,1,0,0,0,0,0,0,0,0,0,0,0,0,0,0,5,0,0,False
7524,logic-ng/logicng,994294fbb283b7b96230da3937369bf8fc062b5f,src/test/java/org/logicng/knowledgecompilation/bdds/FormulaBDDTest.java,0,0,0,0,0.0,0,2,2,0,0,0,0,1,0,0,0,0,0,0,0,0,0,0,0,2,0,0,False
7525,logic-ng/logicng,994294fbb283b7b96230da3937369bf8fc062b5f,src/test/java/org/logicng/knowledgecompilation/bdds/BDDLowLevelTest.java,0,0,0,0,0.0,0,9,2,0,0,0,0,0,0,0,0,0,1,0,0,0,0,0,0,8,0,0,False
7526,logic-ng/logicng,994294fbb283b7b96230da3937369bf8fc062b5f,src/test/java/org/logicng/knowledgecompilation/bdds/LargeBDDTest.java,0,0,0,0,0.0,0,9,5,0,0,0,0,1,0,0,0,0,0,0,0,0,2,2,0,7,0,0,False
7527,logic-ng/logicng,994294fbb283b7b96230da3937369bf8fc062b5f,src/test/java/org/logicng/knowledgecompilation/bdds/SimpleBDDTest.java,0,0,0,0,0.0,0,10,10,0,0,0,0,6,0,0,0,0,7,0,0,0,0,0,0,10,0,0,False
7528,logic-ng/logicng,994294fbb283b7b96230da3937369bf8fc062b5f,src/test/java/org/logicng/formulas/FormulaFactoryWithoutContradictionCheckTest.java,0,0,0,0,0.0,0,12,12,0,0,0,0,6,0,0,0,0,3,0,0,1,0,0,0,12,0,0,False
7529,logic-ng/logicng,994294fbb283b7b96230da3937369bf8fc062b5f,src/test/java/org/logicng/formulas/FormulaIteratorTest.java,0,0,0,0,0.0,0,9,9,0,0,0,0,6,0,0,0,0,0,0,0,4,0,0,0,9,0,0,False
7530,logic-ng/logicng,994294fbb283b7b96230da3937369bf8fc062b5f,src/test/java/org/logicng/formulas/CacheTest.java,0,0,0,0,0.0,0,2,2,0,0,0,0,0,0,0,0,0,0,0,0,0,0,0,0,2,0,0,False
7531,logic-ng/logicng,994294fbb283b7b96230da3937369bf8fc062b5f,src/test/java/org/logicng/formulas/FormulaMergeTest.java,0,0,0,0,0.0,0,2,2,0,0,0,0,0,0,0,0,0,0,0,0,0,0,0,0,2,0,0,False
7532,logic-ng/logicng,994294fbb283b7b96230da3937369bf8fc062b5f,src/test/java/org/logicng/formulas/EvaluationTest.java,0,0,0,0,0.0,0,5,5,0,0,0,0,1,0,0,0,0,0,0,0,0,0,0,0,5,0,0,False
7533,logic-ng/logicng,994294fbb283b7b96230da3937369bf8fc062b5f,src/test/java/org/logicng/formulas/NNFTest.java,0,0,0,0,0.0,0,5,5,0,0,0,0,3,0,0,0,0,0,0,0,1,0,0,0,5,0,0,False
7534,logic-ng/logicng,994294fbb283b7b96230da3937369bf8fc062b5f,src/test/java/org/logicng/formulas/RestrictionTest.java,0,0,0,0,0.0,0,5,5,0,0,0,0,1,0,0,0,0,0,0,0,0,0,0,0,5,0,0,False
7535,logic-ng/logicng,994294fbb283b7b96230da3937369bf8fc062b5f,src/test/java/org/logicng/formulas/FTypeTest.java,0,0,0,0,0.0,0,1,1,0,0,0,0,0,0,0,0,0,0,0,0,0,0,0,0,1,0,0,False
7536,logic-ng/logicng,994294fbb283b7b96230da3937369bf8fc062b5f,src/test/java/org/logicng/predicates/satisfiability/PredicatesTest.java,0,0,0,0,0.0,0,9,9,0,0,0,0,0,0,0,0,0,1,0,0,0,0,0,0,9,0,0,False
7537,logic-ng/logicng,994294fbb283b7b96230da3937369bf8fc062b5f,src/test/java/org/logicng/configurations/ConfigurationsTest.java,0,0,0,0,0.0,0,1,1,0,0,0,0,0,0,0,0,0,0,0,0,0,0,0,0,1,0,0,False
7538,logic-ng/logicng,994294fbb283b7b96230da3937369bf8fc062b5f,src/test/java/org/logicng/explanations/drup/DRUPTest.java,0,0,0,0,0.0,0,13,6,5,1,0,0,12,0,2,0,0,0,0,0,4,0,0,2,12,0,0,False
7539,logic-ng/logicng,994294fbb283b7b96230da3937369bf8fc062b5f,src/test/java/org/logicng/primecomputation/PrimeImplicateReductionTest.java,0,0,0,0,0.0,0,9,2,3,0,0,0,5,0,0,0,0,0,0,0,0,6,1,0,8,0,0,False
7540,logic-ng/logicng,994294fbb283b7b96230da3937369bf8fc062b5f,src/test/java/org/logicng/primecomputation/PrimeImplicantReductionTest.java,0,0,0,0,0.0,0,9,2,3,0,0,0,5,0,0,0,0,0,0,0,1,6,1,0,8,0,0,False
7541,logic-ng/logicng,994294fbb283b7b96230da3937369bf8fc062b5f,src/test/java/org/logicng/datastructures/DatastructuresTest.java,0,0,0,0,0.0,0,2,1,0,0,0,0,0,0,0,0,0,1,0,0,0,0,0,0,2,0,0,False
7542,logic-ng/logicng,708e7a966ed79d8ab57359d4640c3641c5372105,src/test/java/org/logicng/functions/MinimumPrimeImplicantTest.java,0,0,0,0,0.0,0,5,2,2,1,0,0,4,0,0,0,0,0,0,0,2,2,0,0,4,0,0,False
7543,logic-ng/logicng,708e7a966ed79d8ab57359d4640c3641c5372105,src/test/java/org/logicng/functions/VariableProfileTest.java,0,0,0,0,0.0,0,6,6,0,1,0,0,3,0,0,0,0,0,0,0,0,0,0,0,6,0,0,False
7544,logic-ng/logicng,708e7a966ed79d8ab57359d4640c3641c5372105,src/test/java/org/logicng/functions/LiteralProfileTest.java,0,0,0,0,0.0,0,6,6,0,1,0,0,3,0,0,0,0,0,0,0,0,0,0,0,6,0,0,False
7545,logic-ng/logicng,708e7a966ed79d8ab57359d4640c3641c5372105,src/test/java/org/logicng/functions/SubformulaTest.java,0,0,0,0,0.0,0,9,7,0,0,0,0,2,0,0,0,0,0,0,0,0,0,0,0,9,0,0,False
7546,logic-ng/logicng,708e7a966ed79d8ab57359d4640c3641c5372105,src/test/java/org/logicng/io/FormulaWriterReaderTest.java,0,0,0,0,0.0,0,6,5,4,0,0,0,6,0,6,0,0,0,0,0,1,0,0,6,6,0,0,False
7547,logic-ng/logicng,708e7a966ed79d8ab57359d4640c3641c5372105,src/test/java/org/logicng/TestWithExampleFormulas.java,0,0,0,0,0.0,0,0,0,0,0,0,0,0,0,0,0,0,0,0,0,0,0,0,0,0,0,0,False
7548,logic-ng/logicng,708e7a966ed79d8ab57359d4640c3641c5372105,src/test/java/org/logicng/graphs/algorithms/ConnectedComponentsComputerTest.java,0,0,0,0,0.0,0,4,3,3,0,0,0,3,0,0,0,0,0,0,0,1,0,0,0,4,0,0,False
7549,logic-ng/logicng,708e7a966ed79d8ab57359d4640c3641c5372105,src/test/java/org/logicng/pseudobooleans/PBSolvingTest.java,0,0,0,0,0.0,0,17,6,12,1,0,0,0,0,0,0,0,0,0,0,4,5,5,0,12,0,0,False
7550,logic-ng/logicng,708e7a966ed79d8ab57359d4640c3641c5372105,src/test/java/org/logicng/LogicNGTest.java,0,0,0,0,0.0,0,2,0,0,0,0,0,0,0,0,0,0,0,0,0,0,0,0,0,0,0,0,False
7551,logic-ng/logicng,708e7a966ed79d8ab57359d4640c3641c5372105,src/test/java/org/logicng/transformations/simplification/FactorOutSimplificationTest.java,0,0,0,0,0.0,0,4,1,1,0,0,0,1,0,0,0,0,0,0,0,0,2,0,0,3,0,0,False
7552,logic-ng/logicng,708e7a966ed79d8ab57359d4640c3641c5372105,src/test/java/org/logicng/transformations/simplification/SimplifierTest.java,0,0,0,0,0.0,0,4,1,1,0,0,0,0,0,0,0,0,0,0,0,0,2,0,0,3,0,0,False
7553,logic-ng/logicng,708e7a966ed79d8ab57359d4640c3641c5372105,src/test/java/org/logicng/transformations/simplification/NegationMinimizerTest.java,0,0,0,0,0.0,0,4,1,1,0,0,0,1,0,0,0,0,0,0,0,1,2,0,0,3,0,0,False
7554,logic-ng/logicng,708e7a966ed79d8ab57359d4640c3641c5372105,src/test/java/org/logicng/transformations/AIGTest.java,0,0,0,0,0.0,0,7,6,0,0,0,0,3,0,0,0,0,1,0,0,1,0,0,0,7,0,0,False
7555,logic-ng/logicng,708e7a966ed79d8ab57359d4640c3641c5372105,src/test/java/org/logicng/transformations/cnf/TseitinTest.java,0,0,0,0,0.0,0,9,7,0,0,0,0,4,0,0,0,0,1,0,0,1,0,0,0,8,0,0,False
7556,logic-ng/logicng,708e7a966ed79d8ab57359d4640c3641c5372105,src/test/java/org/logicng/transformations/cnf/CNFTest.java,0,0,0,0,0.0,0,8,7,0,0,0,0,5,0,0,0,0,1,0,0,2,0,0,0,8,0,0,False
7557,logic-ng/logicng,708e7a966ed79d8ab57359d4640c3641c5372105,src/test/java/org/logicng/transformations/cnf/PlaistedGreenbaumTest.java,0,0,0,0,0.0,0,11,9,0,0,0,0,6,0,0,0,0,1,0,0,1,0,0,0,10,0,0,False
7558,logic-ng/logicng,708e7a966ed79d8ab57359d4640c3641c5372105,src/test/java/org/logicng/transformations/cnf/CnfMethodComparisonTest.java,0,0,0,0,0.0,0,6,0,0,0,0,0,1,0,0,0,0,0,0,0,0,1,0,0,1,0,0,False
7559,logic-ng/logicng,708e7a966ed79d8ab57359d4640c3641c5372105,src/test/java/org/logicng/transformations/cnf/BDDCNFTest.java,0,0,0,0,0.0,0,9,8,0,0,0,0,5,0,0,0,0,0,0,0,1,0,0,0,8,0,0,False
7560,logic-ng/logicng,708e7a966ed79d8ab57359d4640c3641c5372105,src/test/java/org/logicng/transformations/qmc/QuineMcCluskeyTest.java,0,0,0,0,0.0,0,15,13,3,0,0,0,13,0,0,0,0,0,0,0,4,0,0,0,14,0,0,False
7561,logic-ng/logicng,708e7a966ed79d8ab57359d4640c3641c5372105,src/test/java/org/logicng/transformations/qe/QETest.java,0,0,0,0,0.0,0,3,3,0,0,0,0,1,0,0,0,0,0,0,0,0,0,0,0,3,0,0,False
7562,logic-ng/logicng,708e7a966ed79d8ab57359d4640c3641c5372105,src/test/java/org/logicng/solvers/sat/IncDecTest.java,0,0,0,0,0.0,0,2,1,2,1,0,0,1,0,0,0,0,1,0,0,1,0,0,0,2,0,0,False
7563,logic-ng/logicng,708e7a966ed79d8ab57359d4640c3641c5372105,src/test/java/org/logicng/solvers/sat/AssumeTest.java,0,0,0,0,0.0,0,1,1,1,1,0,0,1,0,0,0,0,0,0,0,0,0,0,0,1,0,0,False
7564,logic-ng/logicng,708e7a966ed79d8ab57359d4640c3641c5372105,src/test/java/org/logicng/solvers/sat/SATTest.java,0,0,0,0,0.0,0,53,25,45,1,0,0,17,0,3,0,0,1,0,0,9,1,2,3,49,0,0,False
7565,logic-ng/logicng,708e7a966ed79d8ab57359d4640c3641c5372105,src/test/java/org/logicng/solvers/sat/ConfigurationsTest.java,0,0,0,0,0.0,0,4,0,0,0,0,0,0,0,0,0,0,4,0,0,0,0,0,0,4,0,0,False
7566,logic-ng/logicng,708e7a966ed79d8ab57359d4640c3641c5372105,src/test/java/org/logicng/solvers/maxsat/MaxSATClassTest.java,0,0,0,0,0.0,0,3,3,0,0,0,0,0,0,0,0,0,1,0,0,0,0,0,0,3,0,0,False
7567,logic-ng/logicng,708e7a966ed79d8ab57359d4640c3641c5372105,src/test/java/org/logicng/solvers/maxsat/PureMaxSATTest.java,0,0,0,0,0.0,0,13,10,6,1,0,0,9,0,0,0,0,2,0,0,7,0,0,0,12,0,0,False
7568,logic-ng/logicng,708e7a966ed79d8ab57359d4640c3641c5372105,src/test/java/org/logicng/solvers/maxsat/PartialMaxSATTest.java,0,0,0,0,0.0,0,15,8,10,1,0,0,7,0,0,0,0,0,0,0,1,5,1,0,13,0,0,False
7569,logic-ng/logicng,708e7a966ed79d8ab57359d4640c3641c5372105,src/test/java/org/logicng/solvers/maxsat/PartialWeightedMaxSATTest.java,0,0,0,0,0.0,0,15,7,12,1,0,0,6,0,0,0,0,0,0,0,0,6,1,0,13,0,0,False
7570,logic-ng/logicng,708e7a966ed79d8ab57359d4640c3641c5372105,src/test/java/org/logicng/solvers/maxsat/encodings/EncodingsTest.java,0,0,0,0,0.0,0,6,4,0,0,0,0,0,0,0,0,0,5,0,0,0,0,0,0,6,0,0,False
7571,logic-ng/logicng,708e7a966ed79d8ab57359d4640c3641c5372105,src/test/java/org/logicng/solvers/ModelTest.java,0,0,0,0,0.0,0,12,10,7,0,0,0,9,0,0,0,0,0,0,0,4,0,0,0,11,0,0,False
7572,logic-ng/logicng,708e7a966ed79d8ab57359d4640c3641c5372105,src/test/java/org/logicng/solvers/datastructures/SolversDatastructuresTest.java,0,0,0,0,0.0,0,7,2,0,0,0,0,0,0,0,0,0,7,0,0,0,0,0,0,7,0,0,False
7573,logic-ng/logicng,708e7a966ed79d8ab57359d4640c3641c5372105,src/test/java/org/logicng/cardinalityconstraints/CCAMOTest.java,0,0,0,0,0.0,0,6,2,2,1,0,0,0,0,0,0,0,1,0,0,0,0,1,0,5,0,0,False
7574,logic-ng/logicng,708e7a966ed79d8ab57359d4640c3641c5372105,src/test/java/org/logicng/cardinalityconstraints/CCIncrementalFormulaTest.java,0,0,0,0,0.0,0,8,2,7,1,0,0,0,0,0,0,0,2,0,0,1,0,0,0,8,0,0,False
7575,logic-ng/logicng,708e7a966ed79d8ab57359d4640c3641c5372105,src/test/java/org/logicng/cardinalityconstraints/CCAMKTest.java,0,0,0,0,0.0,0,8,1,3,1,0,0,0,0,0,0,0,1,0,0,0,0,1,0,7,0,0,False
7576,logic-ng/logicng,708e7a966ed79d8ab57359d4640c3641c5372105,src/test/java/org/logicng/cardinalityconstraints/CCIncrementalSolverTest.java,0,0,0,0,0.0,0,6,0,6,1,0,0,0,0,0,0,0,0,0,0,0,0,0,0,6,0,0,False
7577,logic-ng/logicng,708e7a966ed79d8ab57359d4640c3641c5372105,src/test/java/org/logicng/cardinalityconstraints/CCPerformanceTest.java,0,0,0,0,0.0,0,3,0,1,1,0,0,0,0,0,0,0,0,0,0,0,0,0,0,2,0,0,False
7578,logic-ng/logicng,708e7a966ed79d8ab57359d4640c3641c5372105,src/test/java/org/logicng/cardinalityconstraints/CCALKTest.java,0,0,0,0,0.0,0,4,1,2,1,0,0,0,0,0,0,0,1,0,0,0,0,1,0,3,0,0,False
7579,logic-ng/logicng,708e7a966ed79d8ab57359d4640c3641c5372105,src/test/java/org/logicng/cardinalityconstraints/CCEXOTest.java,0,0,0,0,0.0,0,6,3,2,1,0,0,0,0,0,0,0,1,0,0,0,0,1,0,5,0,0,False
7580,logic-ng/logicng,708e7a966ed79d8ab57359d4640c3641c5372105,src/test/java/org/logicng/cardinalityconstraints/CCEXKTest.java,0,0,0,0,0.0,0,4,2,1,1,0,0,0,0,0,0,0,2,0,0,0,0,1,0,3,0,0,False
7581,logic-ng/logicng,708e7a966ed79d8ab57359d4640c3641c5372105,src/test/java/org/logicng/knowledgecompilation/bdds/orderings/OccurrenceOrderingTest.java,0,0,0,0,0.0,0,4,2,0,0,0,0,4,0,0,0,0,0,0,0,0,0,0,0,4,0,0,False
7582,logic-ng/logicng,708e7a966ed79d8ab57359d4640c3641c5372105,src/test/java/org/logicng/knowledgecompilation/bdds/BDDModelEnumerationTest.java,0,0,0,0,0.0,0,6,4,2,1,0,0,0,0,0,0,0,0,0,0,0,0,0,0,5,0,0,False
7583,logic-ng/logicng,708e7a966ed79d8ab57359d4640c3641c5372105,src/test/java/org/logicng/knowledgecompilation/bdds/FormulaBDDTest.java,0,0,0,0,0.0,0,2,2,0,0,0,0,1,0,0,0,0,0,0,0,0,0,0,0,2,0,0,False
7584,logic-ng/logicng,708e7a966ed79d8ab57359d4640c3641c5372105,src/test/java/org/logicng/knowledgecompilation/bdds/BDDLowLevelTest.java,0,0,0,0,0.0,0,9,2,0,0,0,0,0,0,0,0,0,1,0,0,0,0,0,0,8,0,0,False
7585,logic-ng/logicng,708e7a966ed79d8ab57359d4640c3641c5372105,src/test/java/org/logicng/knowledgecompilation/bdds/LargeBDDTest.java,0,0,0,0,0.0,0,9,5,0,0,0,0,1,0,0,0,0,0,0,0,0,2,2,0,7,0,0,False
7586,logic-ng/logicng,708e7a966ed79d8ab57359d4640c3641c5372105,src/test/java/org/logicng/knowledgecompilation/bdds/SimpleBDDTest.java,0,0,0,0,0.0,0,10,10,0,0,0,0,6,0,0,0,0,7,0,0,0,0,0,0,10,0,0,False
7587,logic-ng/logicng,708e7a966ed79d8ab57359d4640c3641c5372105,src/test/java/org/logicng/formulas/FormulaFactoryWithoutContradictionCheckTest.java,0,0,0,0,0.0,0,12,12,0,0,0,0,6,0,0,0,0,3,0,0,1,0,0,0,12,0,0,False
7588,logic-ng/logicng,708e7a966ed79d8ab57359d4640c3641c5372105,src/test/java/org/logicng/formulas/FormulaIteratorTest.java,0,0,0,0,0.0,0,9,9,0,0,0,0,6,0,0,0,0,0,0,0,4,0,0,0,9,0,0,False
7589,logic-ng/logicng,708e7a966ed79d8ab57359d4640c3641c5372105,src/test/java/org/logicng/formulas/CacheTest.java,0,0,0,0,0.0,0,2,2,0,0,0,0,0,0,0,0,0,0,0,0,0,0,0,0,2,0,0,False
7590,logic-ng/logicng,708e7a966ed79d8ab57359d4640c3641c5372105,src/test/java/org/logicng/formulas/FormulaMergeTest.java,0,0,0,0,0.0,0,2,2,0,0,0,0,0,0,0,0,0,0,0,0,0,0,0,0,2,0,0,False
7591,logic-ng/logicng,708e7a966ed79d8ab57359d4640c3641c5372105,src/test/java/org/logicng/formulas/EvaluationTest.java,0,0,0,0,0.0,0,5,5,0,0,0,0,1,0,0,0,0,0,0,0,0,0,0,0,5,0,0,False
7592,logic-ng/logicng,708e7a966ed79d8ab57359d4640c3641c5372105,src/test/java/org/logicng/formulas/NNFTest.java,0,0,0,0,0.0,0,5,5,0,0,0,0,3,0,0,0,0,0,0,0,1,0,0,0,5,0,0,False
7593,logic-ng/logicng,708e7a966ed79d8ab57359d4640c3641c5372105,src/test/java/org/logicng/formulas/RestrictionTest.java,0,0,0,0,0.0,0,5,5,0,0,0,0,1,0,0,0,0,0,0,0,0,0,0,0,5,0,0,False
7594,logic-ng/logicng,708e7a966ed79d8ab57359d4640c3641c5372105,src/test/java/org/logicng/formulas/FTypeTest.java,0,0,0,0,0.0,0,1,1,0,0,0,0,0,0,0,0,0,0,0,0,0,0,0,0,1,0,0,False
7595,logic-ng/logicng,708e7a966ed79d8ab57359d4640c3641c5372105,src/test/java/org/logicng/predicates/satisfiability/PredicatesTest.java,0,0,0,0,0.0,0,9,9,0,0,0,0,0,0,0,0,0,1,0,0,0,0,0,0,9,0,0,False
7596,logic-ng/logicng,708e7a966ed79d8ab57359d4640c3641c5372105,src/test/java/org/logicng/configurations/ConfigurationsTest.java,0,0,0,0,0.0,0,1,1,0,0,0,0,0,0,0,0,0,0,0,0,0,0,0,0,1,0,0,False
7597,logic-ng/logicng,708e7a966ed79d8ab57359d4640c3641c5372105,src/test/java/org/logicng/explanations/drup/DRUPTest.java,0,0,0,0,0.0,0,11,4,5,1,0,0,10,0,2,0,0,0,0,0,2,0,0,2,10,0,0,False
7598,logic-ng/logicng,708e7a966ed79d8ab57359d4640c3641c5372105,src/test/java/org/logicng/primecomputation/PrimeImplicateReductionTest.java,0,0,0,0,0.0,0,9,2,3,0,0,0,5,0,0,0,0,0,0,0,0,6,1,0,8,0,0,False
7599,logic-ng/logicng,708e7a966ed79d8ab57359d4640c3641c5372105,src/test/java/org/logicng/primecomputation/PrimeImplicantReductionTest.java,0,0,0,0,0.0,0,9,2,3,0,0,0,5,0,0,0,0,0,0,0,1,6,1,0,8,0,0,False
7600,logic-ng/logicng,708e7a966ed79d8ab57359d4640c3641c5372105,src/test/java/org/logicng/datastructures/DatastructuresTest.java,0,0,0,0,0.0,0,2,1,0,0,0,0,0,0,0,0,0,1,0,0,0,0,0,0,2,0,0,False
7601,logic-ng/logicng,bb2bbe87396a51706a642897070b35d992663924,src/test/java/org/logicng/functions/MinimumPrimeImplicantTest.java,0,0,0,0,0.0,0,5,2,2,1,0,0,4,0,0,0,0,0,0,0,2,2,0,0,4,0,0,False
7602,logic-ng/logicng,bb2bbe87396a51706a642897070b35d992663924,src/test/java/org/logicng/functions/VariableProfileTest.java,0,0,0,0,0.0,0,6,6,0,1,0,0,3,0,0,0,0,0,0,0,0,0,0,0,6,0,0,False
7603,logic-ng/logicng,bb2bbe87396a51706a642897070b35d992663924,src/test/java/org/logicng/functions/LiteralProfileTest.java,0,0,0,0,0.0,0,6,6,0,1,0,0,3,0,0,0,0,0,0,0,0,0,0,0,6,0,0,False
7604,logic-ng/logicng,bb2bbe87396a51706a642897070b35d992663924,src/test/java/org/logicng/functions/SubformulaTest.java,0,0,0,0,0.0,0,9,7,0,0,0,0,2,0,0,0,0,0,0,0,0,0,0,0,9,0,0,False
7605,logic-ng/logicng,bb2bbe87396a51706a642897070b35d992663924,src/test/java/org/logicng/io/FormulaWriterReaderTest.java,0,0,0,0,0.0,0,6,5,4,0,0,0,6,0,6,0,0,0,0,0,1,0,0,6,6,0,0,False
7606,logic-ng/logicng,bb2bbe87396a51706a642897070b35d992663924,src/test/java/org/logicng/TestWithExampleFormulas.java,0,0,0,0,0.0,0,0,0,0,0,0,0,0,0,0,0,0,0,0,0,0,0,0,0,0,0,0,False
7607,logic-ng/logicng,bb2bbe87396a51706a642897070b35d992663924,src/test/java/org/logicng/graphs/algorithms/ConnectedComponentsComputerTest.java,0,0,0,0,0.0,0,4,3,3,0,0,0,3,0,0,0,0,0,0,0,1,0,0,0,4,0,0,False
7608,logic-ng/logicng,bb2bbe87396a51706a642897070b35d992663924,src/test/java/org/logicng/pseudobooleans/PBSolvingTest.java,0,0,0,0,0.0,0,17,6,12,1,0,0,0,0,0,0,0,0,0,0,4,5,5,0,12,0,0,False
7609,logic-ng/logicng,bb2bbe87396a51706a642897070b35d992663924,src/test/java/org/logicng/LogicNGTest.java,0,0,0,0,0.0,0,2,0,0,0,0,0,0,0,0,0,0,0,0,0,0,0,0,0,0,0,0,False
7610,logic-ng/logicng,bb2bbe87396a51706a642897070b35d992663924,src/test/java/org/logicng/transformations/simplification/FactorOutSimplificationTest.java,0,0,0,0,0.0,0,4,1,1,0,0,0,1,0,0,0,0,0,0,0,0,2,0,0,3,0,0,False
7611,logic-ng/logicng,bb2bbe87396a51706a642897070b35d992663924,src/test/java/org/logicng/transformations/simplification/SimplifierTest.java,0,0,0,0,0.0,0,4,1,1,0,0,0,0,0,0,0,0,0,0,0,0,2,0,0,3,0,0,False
7612,logic-ng/logicng,bb2bbe87396a51706a642897070b35d992663924,src/test/java/org/logicng/transformations/simplification/NegationMinimizerTest.java,0,0,0,0,0.0,0,4,1,1,0,0,0,1,0,0,0,0,0,0,0,1,2,0,0,3,0,0,False
7613,logic-ng/logicng,bb2bbe87396a51706a642897070b35d992663924,src/test/java/org/logicng/transformations/AIGTest.java,0,0,0,0,0.0,0,7,6,0,0,0,0,3,0,0,0,0,1,0,0,1,0,0,0,7,0,0,False
7614,logic-ng/logicng,bb2bbe87396a51706a642897070b35d992663924,src/test/java/org/logicng/transformations/cnf/TseitinTest.java,0,0,0,0,0.0,0,9,7,0,0,0,0,4,0,0,0,0,1,0,0,1,0,0,0,8,0,0,False
7615,logic-ng/logicng,bb2bbe87396a51706a642897070b35d992663924,src/test/java/org/logicng/transformations/cnf/CNFTest.java,0,0,0,0,0.0,0,8,7,0,0,0,0,5,0,0,0,0,1,0,0,2,0,0,0,8,0,0,False
7616,logic-ng/logicng,bb2bbe87396a51706a642897070b35d992663924,src/test/java/org/logicng/transformations/cnf/PlaistedGreenbaumTest.java,0,0,0,0,0.0,0,11,9,0,0,0,0,6,0,0,0,0,1,0,0,1,0,0,0,10,0,0,False
7617,logic-ng/logicng,bb2bbe87396a51706a642897070b35d992663924,src/test/java/org/logicng/transformations/cnf/CnfMethodComparisonTest.java,0,0,0,0,0.0,0,6,0,0,0,0,0,1,0,0,0,0,0,0,0,0,1,0,0,1,0,0,False
7618,logic-ng/logicng,bb2bbe87396a51706a642897070b35d992663924,src/test/java/org/logicng/transformations/cnf/BDDCNFTest.java,0,0,0,0,0.0,0,9,8,0,0,0,0,5,0,0,0,0,0,0,0,1,0,0,0,8,0,0,False
7619,logic-ng/logicng,bb2bbe87396a51706a642897070b35d992663924,src/test/java/org/logicng/transformations/qmc/QuineMcCluskeyTest.java,0,0,0,0,0.0,0,15,13,3,0,0,0,13,0,0,0,0,0,0,0,4,0,0,0,14,0,0,False
7620,logic-ng/logicng,bb2bbe87396a51706a642897070b35d992663924,src/test/java/org/logicng/transformations/qe/QETest.java,0,0,0,0,0.0,0,3,3,0,0,0,0,1,0,0,0,0,0,0,0,0,0,0,0,3,0,0,False
7621,logic-ng/logicng,bb2bbe87396a51706a642897070b35d992663924,src/test/java/org/logicng/solvers/sat/IncDecTest.java,0,0,0,0,0.0,0,2,1,2,1,0,0,1,0,0,0,0,1,0,0,1,0,0,0,2,0,0,False
7622,logic-ng/logicng,bb2bbe87396a51706a642897070b35d992663924,src/test/java/org/logicng/solvers/sat/AssumeTest.java,0,0,0,0,0.0,0,1,1,1,1,0,0,1,0,0,0,0,0,0,0,0,0,0,0,1,0,0,False
7623,logic-ng/logicng,bb2bbe87396a51706a642897070b35d992663924,src/test/java/org/logicng/solvers/sat/SATTest.java,0,0,0,0,0.0,0,53,25,45,1,0,0,17,0,3,0,0,1,0,0,9,1,2,3,49,0,0,False
7624,logic-ng/logicng,bb2bbe87396a51706a642897070b35d992663924,src/test/java/org/logicng/solvers/sat/ConfigurationsTest.java,0,0,0,0,0.0,0,4,0,0,0,0,0,0,0,0,0,0,4,0,0,0,0,0,0,4,0,0,False
7625,logic-ng/logicng,bb2bbe87396a51706a642897070b35d992663924,src/test/java/org/logicng/solvers/maxsat/MaxSATClassTest.java,0,0,0,0,0.0,0,3,3,0,0,0,0,0,0,0,0,0,1,0,0,0,0,0,0,3,0,0,False
7626,logic-ng/logicng,bb2bbe87396a51706a642897070b35d992663924,src/test/java/org/logicng/solvers/maxsat/PureMaxSATTest.java,0,0,0,0,0.0,0,13,10,6,1,0,0,9,0,0,0,0,2,0,0,7,0,0,0,12,0,0,False
7627,logic-ng/logicng,bb2bbe87396a51706a642897070b35d992663924,src/test/java/org/logicng/solvers/maxsat/PartialMaxSATTest.java,0,0,0,0,0.0,0,15,8,10,1,0,0,7,0,0,0,0,0,0,0,1,5,1,0,13,0,0,False
7628,logic-ng/logicng,bb2bbe87396a51706a642897070b35d992663924,src/test/java/org/logicng/solvers/maxsat/PartialWeightedMaxSATTest.java,0,0,0,0,0.0,0,15,7,12,1,0,0,6,0,0,0,0,0,0,0,0,6,1,0,13,0,0,False
7629,logic-ng/logicng,bb2bbe87396a51706a642897070b35d992663924,src/test/java/org/logicng/solvers/maxsat/encodings/EncodingsTest.java,0,0,0,0,0.0,0,6,4,0,0,0,0,0,0,0,0,0,5,0,0,0,0,0,0,6,0,0,False
7630,logic-ng/logicng,bb2bbe87396a51706a642897070b35d992663924,src/test/java/org/logicng/solvers/ModelTest.java,0,0,0,0,0.0,0,12,10,7,0,0,0,9,0,0,0,0,0,0,0,4,0,0,0,11,0,0,False
7631,logic-ng/logicng,bb2bbe87396a51706a642897070b35d992663924,src/test/java/org/logicng/solvers/datastructures/SolversDatastructuresTest.java,0,0,0,0,0.0,0,7,2,0,0,0,0,0,0,0,0,0,7,0,0,0,0,0,0,7,0,0,False
7632,logic-ng/logicng,bb2bbe87396a51706a642897070b35d992663924,src/test/java/org/logicng/cardinalityconstraints/CCAMOTest.java,0,0,0,0,0.0,0,6,2,2,1,0,0,0,0,0,0,0,1,0,0,0,0,1,0,5,0,0,False
7633,logic-ng/logicng,bb2bbe87396a51706a642897070b35d992663924,src/test/java/org/logicng/cardinalityconstraints/CCIncrementalFormulaTest.java,0,0,0,0,0.0,0,8,2,7,1,0,0,0,0,0,0,0,2,0,0,1,0,0,0,8,0,0,False
7634,logic-ng/logicng,bb2bbe87396a51706a642897070b35d992663924,src/test/java/org/logicng/cardinalityconstraints/CCAMKTest.java,0,0,0,0,0.0,0,8,1,3,1,0,0,0,0,0,0,0,1,0,0,0,0,1,0,7,0,0,False
7635,logic-ng/logicng,bb2bbe87396a51706a642897070b35d992663924,src/test/java/org/logicng/cardinalityconstraints/CCIncrementalSolverTest.java,0,0,0,0,0.0,0,6,0,6,1,0,0,0,0,0,0,0,0,0,0,0,0,0,0,6,0,0,False
7636,logic-ng/logicng,bb2bbe87396a51706a642897070b35d992663924,src/test/java/org/logicng/cardinalityconstraints/CCPerformanceTest.java,0,0,0,0,0.0,0,3,0,1,1,0,0,0,0,0,0,0,0,0,0,0,0,0,0,2,0,0,False
7637,logic-ng/logicng,bb2bbe87396a51706a642897070b35d992663924,src/test/java/org/logicng/cardinalityconstraints/CCALKTest.java,0,0,0,0,0.0,0,4,1,2,1,0,0,0,0,0,0,0,1,0,0,0,0,1,0,3,0,0,False
7638,logic-ng/logicng,bb2bbe87396a51706a642897070b35d992663924,src/test/java/org/logicng/cardinalityconstraints/CCEXOTest.java,0,0,0,0,0.0,0,6,3,2,1,0,0,0,0,0,0,0,1,0,0,0,0,1,0,5,0,0,False
7639,logic-ng/logicng,bb2bbe87396a51706a642897070b35d992663924,src/test/java/org/logicng/cardinalityconstraints/CCEXKTest.java,0,0,0,0,0.0,0,4,2,1,1,0,0,0,0,0,0,0,2,0,0,0,0,1,0,3,0,0,False
7640,logic-ng/logicng,bb2bbe87396a51706a642897070b35d992663924,src/test/java/org/logicng/knowledgecompilation/bdds/orderings/OccurrenceOrderingTest.java,0,0,0,0,0.0,0,4,2,0,0,0,0,4,0,0,0,0,0,0,0,0,0,0,0,4,0,0,False
7641,logic-ng/logicng,bb2bbe87396a51706a642897070b35d992663924,src/test/java/org/logicng/knowledgecompilation/bdds/BDDModelEnumerationTest.java,0,0,0,0,0.0,0,6,4,2,1,0,0,0,0,0,0,0,0,0,0,0,0,0,0,5,0,0,False
7642,logic-ng/logicng,bb2bbe87396a51706a642897070b35d992663924,src/test/java/org/logicng/knowledgecompilation/bdds/FormulaBDDTest.java,0,0,0,0,0.0,0,2,2,0,0,0,0,1,0,0,0,0,0,0,0,0,0,0,0,2,0,0,False
7643,logic-ng/logicng,bb2bbe87396a51706a642897070b35d992663924,src/test/java/org/logicng/knowledgecompilation/bdds/BDDLowLevelTest.java,0,0,0,0,0.0,0,9,2,0,0,0,0,0,0,0,0,0,1,0,0,0,0,0,0,8,0,0,False
7644,logic-ng/logicng,bb2bbe87396a51706a642897070b35d992663924,src/test/java/org/logicng/knowledgecompilation/bdds/LargeBDDTest.java,0,0,0,0,0.0,0,9,5,0,0,0,0,1,0,0,0,0,0,0,0,0,2,2,0,7,0,0,False
7645,logic-ng/logicng,bb2bbe87396a51706a642897070b35d992663924,src/test/java/org/logicng/knowledgecompilation/bdds/SimpleBDDTest.java,0,0,0,0,0.0,0,10,10,0,0,0,0,6,0,0,0,0,7,0,0,0,0,0,0,10,0,0,False
7646,logic-ng/logicng,bb2bbe87396a51706a642897070b35d992663924,src/test/java/org/logicng/formulas/FormulaFactoryWithoutContradictionCheckTest.java,0,0,0,0,0.0,0,12,12,0,0,0,0,6,0,0,0,0,3,0,0,1,0,0,0,12,0,0,False
7647,logic-ng/logicng,bb2bbe87396a51706a642897070b35d992663924,src/test/java/org/logicng/formulas/FormulaIteratorTest.java,0,0,0,0,0.0,0,9,9,0,0,0,0,6,0,0,0,0,0,0,0,4,0,0,0,9,0,0,False
7648,logic-ng/logicng,bb2bbe87396a51706a642897070b35d992663924,src/test/java/org/logicng/formulas/CacheTest.java,0,0,0,0,0.0,0,2,2,0,0,0,0,0,0,0,0,0,0,0,0,0,0,0,0,2,0,0,False
7649,logic-ng/logicng,bb2bbe87396a51706a642897070b35d992663924,src/test/java/org/logicng/formulas/FormulaMergeTest.java,0,0,0,0,0.0,0,2,2,0,0,0,0,0,0,0,0,0,0,0,0,0,0,0,0,2,0,0,False
7650,logic-ng/logicng,bb2bbe87396a51706a642897070b35d992663924,src/test/java/org/logicng/formulas/EvaluationTest.java,0,0,0,0,0.0,0,5,5,0,0,0,0,1,0,0,0,0,0,0,0,0,0,0,0,5,0,0,False
7651,logic-ng/logicng,bb2bbe87396a51706a642897070b35d992663924,src/test/java/org/logicng/formulas/NNFTest.java,0,0,0,0,0.0,0,5,5,0,0,0,0,3,0,0,0,0,0,0,0,1,0,0,0,5,0,0,False
7652,logic-ng/logicng,bb2bbe87396a51706a642897070b35d992663924,src/test/java/org/logicng/formulas/RestrictionTest.java,0,0,0,0,0.0,0,5,5,0,0,0,0,1,0,0,0,0,0,0,0,0,0,0,0,5,0,0,False
7653,logic-ng/logicng,bb2bbe87396a51706a642897070b35d992663924,src/test/java/org/logicng/formulas/FTypeTest.java,0,0,0,0,0.0,0,1,1,0,0,0,0,0,0,0,0,0,0,0,0,0,0,0,0,1,0,0,False
7654,logic-ng/logicng,bb2bbe87396a51706a642897070b35d992663924,src/test/java/org/logicng/predicates/satisfiability/PredicatesTest.java,0,0,0,0,0.0,0,9,9,0,0,0,0,0,0,0,0,0,1,0,0,0,0,0,0,9,0,0,False
7655,logic-ng/logicng,bb2bbe87396a51706a642897070b35d992663924,src/test/java/org/logicng/configurations/ConfigurationsTest.java,0,0,0,0,0.0,0,1,1,0,0,0,0,0,0,0,0,0,0,0,0,0,0,0,0,1,0,0,False
7656,logic-ng/logicng,bb2bbe87396a51706a642897070b35d992663924,src/test/java/org/logicng/explanations/drup/DRUPTest.java,0,0,0,0,0.0,0,9,4,5,1,0,0,8,0,2,0,0,0,0,0,2,0,0,2,8,0,0,False
7657,logic-ng/logicng,bb2bbe87396a51706a642897070b35d992663924,src/test/java/org/logicng/primecomputation/PrimeImplicateReductionTest.java,0,0,0,0,0.0,0,9,2,3,0,0,0,5,0,0,0,0,0,0,0,0,6,1,0,8,0,0,False
7658,logic-ng/logicng,bb2bbe87396a51706a642897070b35d992663924,src/test/java/org/logicng/primecomputation/PrimeImplicantReductionTest.java,0,0,0,0,0.0,0,9,2,3,0,0,0,5,0,0,0,0,0,0,0,1,6,1,0,8,0,0,False
7659,logic-ng/logicng,bb2bbe87396a51706a642897070b35d992663924,src/test/java/org/logicng/datastructures/DatastructuresTest.java,0,0,0,0,0.0,0,2,1,0,0,0,0,0,0,0,0,0,1,0,0,0,0,0,0,2,0,0,False
7660,logic-ng/logicng,dfa28508241d17478b59a388618a5988a86f77e3,src/test/java/org/logicng/functions/VariableProfileTest.java,0,0,0,0,0.0,0,6,6,0,1,0,0,3,0,0,0,0,0,0,0,0,0,0,0,6,0,0,False
7661,logic-ng/logicng,dfa28508241d17478b59a388618a5988a86f77e3,src/test/java/org/logicng/functions/LiteralProfileTest.java,0,0,0,0,0.0,0,6,6,0,1,0,0,3,0,0,0,0,0,0,0,0,0,0,0,6,0,0,False
7662,logic-ng/logicng,dfa28508241d17478b59a388618a5988a86f77e3,src/test/java/org/logicng/functions/SubformulaTest.java,0,0,0,0,0.0,0,9,7,0,0,0,0,2,0,0,0,0,0,0,0,0,0,0,0,9,0,0,False
7663,logic-ng/logicng,dfa28508241d17478b59a388618a5988a86f77e3,src/test/java/org/logicng/io/FormulaWriterReaderTest.java,0,0,0,0,0.0,0,6,5,4,0,0,0,6,0,6,0,0,0,0,0,0,0,0,6,6,0,0,False
7664,logic-ng/logicng,dfa28508241d17478b59a388618a5988a86f77e3,src/test/java/org/logicng/graphs/algorithms/ConnectedComponentsComputerTest.java,0,0,0,0,0.0,0,2,2,2,0,0,0,2,0,0,0,0,0,0,0,0,0,0,0,2,0,0,False
7665,logic-ng/logicng,dfa28508241d17478b59a388618a5988a86f77e3,src/test/java/org/logicng/pseudobooleans/PBSolvingTest.java,0,0,0,0,0.0,0,17,7,12,1,0,0,0,0,0,0,0,0,0,0,4,5,5,0,12,0,0,False
7666,logic-ng/logicng,dfa28508241d17478b59a388618a5988a86f77e3,src/test/java/org/logicng/bdds/orderings/OccurrenceOrderingTest.java,0,0,0,0,0.0,0,4,2,0,0,0,0,4,0,0,0,0,0,0,0,0,0,0,0,4,0,0,False
7667,logic-ng/logicng,dfa28508241d17478b59a388618a5988a86f77e3,src/test/java/org/logicng/bdds/BDDModelEnumerationTest.java,0,0,0,0,0.0,0,6,4,2,1,0,0,0,0,0,0,0,0,0,0,0,0,0,0,5,0,0,False
7668,logic-ng/logicng,dfa28508241d17478b59a388618a5988a86f77e3,src/test/java/org/logicng/bdds/FormulaBDDTest.java,0,0,0,0,0.0,0,2,2,0,0,0,0,1,0,0,0,0,0,0,0,0,0,0,0,2,0,0,False
7669,logic-ng/logicng,dfa28508241d17478b59a388618a5988a86f77e3,src/test/java/org/logicng/bdds/BDDLowLevelTest.java,0,0,0,0,0.0,0,10,2,0,0,0,0,0,0,0,0,0,1,0,0,0,0,0,0,9,0,0,False
7670,logic-ng/logicng,dfa28508241d17478b59a388618a5988a86f77e3,src/test/java/org/logicng/bdds/BDDOperationsTest.java,0,0,0,0,0.0,0,11,10,0,0,0,0,3,0,0,0,0,0,0,0,0,0,0,0,10,0,0,False
7671,logic-ng/logicng,dfa28508241d17478b59a388618a5988a86f77e3,src/test/java/org/logicng/bdds/LargeBDDTest.java,0,0,0,0,0.0,0,8,4,0,0,0,0,0,0,0,0,0,0,0,0,0,2,2,0,6,0,0,False
7672,logic-ng/logicng,dfa28508241d17478b59a388618a5988a86f77e3,src/test/java/org/logicng/bdds/SimpleBDDTest.java,0,0,0,0,0.0,0,10,10,0,0,0,0,6,0,0,0,0,7,0,0,1,0,0,0,10,0,0,False
7673,logic-ng/logicng,dfa28508241d17478b59a388618a5988a86f77e3,src/test/java/org/logicng/transformations/AIGTest.java,0,0,0,0,0.0,0,7,6,0,0,0,0,3,0,0,0,0,1,0,0,1,0,0,0,7,0,0,False
7674,logic-ng/logicng,dfa28508241d17478b59a388618a5988a86f77e3,src/test/java/org/logicng/transformations/cnf/TseitinTest.java,0,0,0,0,0.0,0,9,7,0,0,0,0,4,0,0,0,0,1,0,0,1,0,0,0,8,0,0,False
7675,logic-ng/logicng,dfa28508241d17478b59a388618a5988a86f77e3,src/test/java/org/logicng/transformations/cnf/CNFTest.java,0,0,0,0,0.0,0,8,7,0,0,0,0,5,0,0,0,0,1,0,0,2,0,0,0,8,0,0,False
7676,logic-ng/logicng,dfa28508241d17478b59a388618a5988a86f77e3,src/test/java/org/logicng/transformations/cnf/PlaistedGreenbaumTest.java,0,0,0,0,0.0,0,11,9,0,0,0,0,6,0,0,0,0,1,0,0,1,0,0,0,10,0,0,False
7677,logic-ng/logicng,dfa28508241d17478b59a388618a5988a86f77e3,src/test/java/org/logicng/transformations/cnf/BDDCNFTest.java,0,0,0,0,0.0,0,8,7,0,0,0,0,4,0,0,0,0,0,0,0,1,0,0,0,7,0,0,False
7678,logic-ng/logicng,dfa28508241d17478b59a388618a5988a86f77e3,src/test/java/org/logicng/transformations/qmc/QuineMcCluskeyTest.java,0,0,0,0,0.0,0,15,13,3,0,0,0,13,0,0,0,0,0,0,0,4,0,0,0,14,0,0,False
7679,logic-ng/logicng,dfa28508241d17478b59a388618a5988a86f77e3,src/test/java/org/logicng/transformations/qe/QETest.java,0,0,0,0,0.0,0,3,3,0,0,0,0,1,0,0,0,0,0,0,0,0,0,0,0,3,0,0,False
7680,logic-ng/logicng,dfa28508241d17478b59a388618a5988a86f77e3,src/test/java/org/logicng/solvers/sat/IncDecTest.java,0,0,0,0,0.0,0,2,2,2,1,0,0,1,0,0,0,0,1,0,0,2,0,0,0,2,0,0,False
7681,logic-ng/logicng,dfa28508241d17478b59a388618a5988a86f77e3,src/test/java/org/logicng/solvers/sat/AssumeTest.java,0,0,0,0,0.0,0,1,1,1,1,0,0,1,0,0,0,0,0,0,0,0,0,0,0,1,0,0,False
7682,logic-ng/logicng,dfa28508241d17478b59a388618a5988a86f77e3,src/test/java/org/logicng/solvers/sat/SATTest.java,0,0,0,0,0.0,0,59,34,42,1,0,0,13,0,2,0,0,2,0,0,10,0,3,2,54,0,0,False
7683,logic-ng/logicng,dfa28508241d17478b59a388618a5988a86f77e3,src/test/java/org/logicng/solvers/sat/ConfigurationsTest.java,0,0,0,0,0.0,0,5,0,0,0,0,0,0,0,0,0,0,4,0,0,0,0,0,0,5,0,0,False
7684,logic-ng/logicng,dfa28508241d17478b59a388618a5988a86f77e3,src/test/java/org/logicng/solvers/maxsat/MaxSATClassTest.java,0,0,0,0,0.0,0,3,3,0,0,0,0,0,0,0,0,0,1,0,0,0,0,0,0,3,0,0,False
7685,logic-ng/logicng,dfa28508241d17478b59a388618a5988a86f77e3,src/test/java/org/logicng/solvers/maxsat/PureMaxSATTest.java,0,0,0,0,0.0,0,10,7,6,1,0,0,8,0,0,0,0,2,0,0,5,0,0,0,9,0,0,False
7686,logic-ng/logicng,dfa28508241d17478b59a388618a5988a86f77e3,src/test/java/org/logicng/solvers/maxsat/PartialMaxSATTest.java,0,0,0,0,0.0,0,14,7,10,1,0,0,7,0,0,0,0,0,0,0,1,5,1,0,12,0,0,False
7687,logic-ng/logicng,dfa28508241d17478b59a388618a5988a86f77e3,src/test/java/org/logicng/solvers/maxsat/PartialWeightedMaxSATTest.java,0,0,0,0,0.0,0,14,6,12,1,0,0,6,0,0,0,0,0,0,0,0,6,1,0,12,0,0,False
7688,logic-ng/logicng,dfa28508241d17478b59a388618a5988a86f77e3,src/test/java/org/logicng/solvers/maxsat/encodings/EncodingsTest.java,0,0,0,0,0.0,0,5,3,0,0,0,0,0,0,0,0,0,5,0,0,0,0,0,0,5,0,0,False
7689,logic-ng/logicng,dfa28508241d17478b59a388618a5988a86f77e3,src/test/java/org/logicng/solvers/ModelTest.java,0,0,0,0,0.0,0,12,10,7,1,0,0,9,0,0,1,0,0,0,0,4,0,0,0,11,0,0,False
7690,logic-ng/logicng,dfa28508241d17478b59a388618a5988a86f77e3,src/test/java/org/logicng/solvers/BackboneOnSolverTest.java,0,0,0,0,0.0,0,10,5,4,1,0,0,4,0,0,0,0,0,0,0,5,0,2,0,5,0,0,False
7691,logic-ng/logicng,dfa28508241d17478b59a388618a5988a86f77e3,src/test/java/org/logicng/solvers/datastructures/SolversDatastructuresTest.java,0,0,0,0,0.0,0,13,3,0,0,0,0,0,0,0,0,2,12,0,0,0,0,0,0,13,0,0,False
7692,logic-ng/logicng,dfa28508241d17478b59a388618a5988a86f77e3,src/test/java/org/logicng/cardinalityconstraints/CCAMOTest.java,0,0,0,0,0.0,0,6,3,3,1,0,0,0,0,0,0,0,1,0,0,0,0,1,0,5,0,0,False
7693,logic-ng/logicng,dfa28508241d17478b59a388618a5988a86f77e3,src/test/java/org/logicng/cardinalityconstraints/CCIncrementalFormulaTest.java,0,0,0,0,0.0,0,8,4,6,1,0,0,0,0,0,0,0,2,0,0,3,0,1,0,7,0,0,False
7694,logic-ng/logicng,dfa28508241d17478b59a388618a5988a86f77e3,src/test/java/org/logicng/cardinalityconstraints/CCAMKTest.java,0,0,0,0,0.0,0,8,1,3,1,0,0,0,0,0,0,0,1,0,0,0,0,1,0,7,0,0,False
7695,logic-ng/logicng,dfa28508241d17478b59a388618a5988a86f77e3,src/test/java/org/logicng/cardinalityconstraints/CCIncrementalSolverTest.java,0,0,0,0,0.0,0,6,2,5,1,0,0,0,0,0,0,0,0,0,0,2,0,1,0,5,0,0,False
7696,logic-ng/logicng,dfa28508241d17478b59a388618a5988a86f77e3,src/test/java/org/logicng/cardinalityconstraints/CCPerformanceTest.java,0,0,0,0,0.0,0,3,0,0,1,0,0,0,0,0,0,0,0,0,0,0,0,1,0,1,0,0,False
7697,logic-ng/logicng,dfa28508241d17478b59a388618a5988a86f77e3,src/test/java/org/logicng/cardinalityconstraints/CCALKTest.java,0,0,0,0,0.0,0,4,1,2,1,0,0,0,0,0,0,0,1,0,0,0,0,1,0,3,0,0,False
7698,logic-ng/logicng,dfa28508241d17478b59a388618a5988a86f77e3,src/test/java/org/logicng/cardinalityconstraints/CCEXOTest.java,0,0,0,0,0.0,0,5,3,3,1,0,0,0,0,0,0,0,1,0,0,0,0,1,0,4,0,0,False
7699,logic-ng/logicng,dfa28508241d17478b59a388618a5988a86f77e3,src/test/java/org/logicng/cardinalityconstraints/CCEXKTest.java,0,0,0,0,0.0,0,5,2,2,1,0,0,0,0,0,0,0,2,0,0,0,0,1,0,4,0,0,False
7700,logic-ng/logicng,dfa28508241d17478b59a388618a5988a86f77e3,src/test/java/org/logicng/formulas/FormulaIteratorTest.java,0,0,0,0,0.0,0,27,9,0,0,0,0,18,0,0,0,0,0,0,0,9,0,0,0,27,0,0,False
7701,logic-ng/logicng,dfa28508241d17478b59a388618a5988a86f77e3,src/test/java/org/logicng/formulas/FormulaListTest.java,0,0,0,0,0.0,0,18,10,1,0,0,0,1,0,0,0,2,1,0,0,0,0,0,0,18,0,0,False
7702,logic-ng/logicng,dfa28508241d17478b59a388618a5988a86f77e3,src/test/java/org/logicng/formulas/CacheTest.java,0,0,0,0,0.0,0,2,2,0,0,0,0,0,0,0,0,0,0,0,0,0,0,0,0,2,0,0,False
7703,logic-ng/logicng,dfa28508241d17478b59a388618a5988a86f77e3,src/test/java/org/logicng/formulas/EvaluationTest.java,0,0,0,0,0.0,0,5,5,0,0,0,0,1,0,0,0,0,0,0,0,0,0,0,0,5,0,0,False
7704,logic-ng/logicng,dfa28508241d17478b59a388618a5988a86f77e3,src/test/java/org/logicng/formulas/NNFTest.java,0,0,0,0,0.0,0,5,5,0,0,0,0,3,0,0,0,0,0,0,0,1,0,0,0,5,0,0,False
7705,logic-ng/logicng,dfa28508241d17478b59a388618a5988a86f77e3,src/test/java/org/logicng/formulas/RestrictionTest.java,0,0,0,0,0.0,0,5,5,0,0,0,0,1,0,0,0,0,0,0,0,0,0,0,0,5,0,0,False
7706,logic-ng/logicng,dfa28508241d17478b59a388618a5988a86f77e3,src/test/java/org/logicng/predicates/satisfiability/PredicatesTest.java,0,0,0,0,0.0,0,9,9,0,0,0,0,0,0,0,0,0,1,0,0,0,0,0,0,9,0,0,False
7707,logic-ng/logicng,dfa28508241d17478b59a388618a5988a86f77e3,src/test/java/org/logicng/configurations/ConfigurationsTest.java,0,0,0,0,0.0,0,1,1,0,0,0,0,0,0,0,0,0,0,0,0,0,0,0,0,1,0,0,False
7708,logic-ng/logicng,dfa28508241d17478b59a388618a5988a86f77e3,src/test/java/org/logicng/explanations/drup/DRUPTest.java,0,0,0,0,0.0,0,7,4,5,1,0,0,6,0,2,0,0,0,0,0,2,0,0,2,6,0,0,False
7709,logic-ng/logicng,dfa28508241d17478b59a388618a5988a86f77e3,src/test/java/org/logicng/datastructures/DatastructuresTest.java,0,0,0,0,0.0,0,2,1,0,0,0,0,0,0,0,0,0,1,0,0,0,0,0,0,2,0,0,False
7710,logic-ng/logicng,7d852d05b0d4412a4d060c38f7388f9db1d3b171,src/test/java/org/logicng/functions/VariableProfileTest.java,0,0,0,0,0.0,0,6,6,0,1,0,0,3,0,0,0,0,0,0,0,0,0,0,0,6,0,0,False
7711,logic-ng/logicng,7d852d05b0d4412a4d060c38f7388f9db1d3b171,src/test/java/org/logicng/functions/LiteralProfileTest.java,0,0,0,0,0.0,0,6,6,0,1,0,0,3,0,0,0,0,0,0,0,0,0,0,0,6,0,0,False
7712,logic-ng/logicng,7d852d05b0d4412a4d060c38f7388f9db1d3b171,src/test/java/org/logicng/functions/SubformulaTest.java,0,0,0,0,0.0,0,9,7,0,0,0,0,2,0,0,0,0,0,0,0,0,0,0,0,9,0,0,False
7713,logic-ng/logicng,7d852d05b0d4412a4d060c38f7388f9db1d3b171,src/test/java/org/logicng/io/FormulaWriterReaderTest.java,0,0,0,0,0.0,0,6,5,4,0,0,0,6,0,6,0,0,0,0,0,0,0,0,6,6,0,0,False
7714,logic-ng/logicng,7d852d05b0d4412a4d060c38f7388f9db1d3b171,src/test/java/org/logicng/graphs/algorithms/ConnectedComponentsComputerTest.java,0,0,0,0,0.0,0,2,2,2,0,0,0,2,0,0,0,0,0,0,0,0,0,0,0,2,0,0,False
7715,logic-ng/logicng,7d852d05b0d4412a4d060c38f7388f9db1d3b171,src/test/java/org/logicng/pseudobooleans/PBSolvingTest.java,0,0,0,0,0.0,0,17,7,12,1,0,0,0,0,0,0,0,0,0,0,4,5,5,0,12,0,0,False
7716,logic-ng/logicng,7d852d05b0d4412a4d060c38f7388f9db1d3b171,src/test/java/org/logicng/bdds/orderings/OccurrenceOrderingTest.java,0,0,0,0,0.0,0,4,2,0,0,0,0,4,0,0,0,0,0,0,0,0,0,0,0,4,0,0,False
7717,logic-ng/logicng,7d852d05b0d4412a4d060c38f7388f9db1d3b171,src/test/java/org/logicng/bdds/BDDModelEnumerationTest.java,0,0,0,0,0.0,0,6,4,2,1,0,0,0,0,0,0,0,0,0,0,0,0,0,0,5,0,0,False
7718,logic-ng/logicng,7d852d05b0d4412a4d060c38f7388f9db1d3b171,src/test/java/org/logicng/bdds/FormulaBDDTest.java,0,0,0,0,0.0,0,2,2,0,0,0,0,1,0,0,0,0,0,0,0,0,0,0,0,2,0,0,False
7719,logic-ng/logicng,7d852d05b0d4412a4d060c38f7388f9db1d3b171,src/test/java/org/logicng/bdds/BDDLowLevelTest.java,0,0,0,0,0.0,0,10,2,0,0,0,0,0,0,0,0,0,1,0,0,0,0,0,0,9,0,0,False
7720,logic-ng/logicng,7d852d05b0d4412a4d060c38f7388f9db1d3b171,src/test/java/org/logicng/bdds/BDDOperationsTest.java,0,0,0,0,0.0,0,11,10,0,0,0,0,3,0,0,0,0,0,0,0,0,0,0,0,10,0,0,False
7721,logic-ng/logicng,7d852d05b0d4412a4d060c38f7388f9db1d3b171,src/test/java/org/logicng/bdds/LargeBDDTest.java,0,0,0,0,0.0,0,4,0,0,0,0,0,0,0,0,0,0,0,0,0,0,2,2,0,2,0,0,False
7722,logic-ng/logicng,7d852d05b0d4412a4d060c38f7388f9db1d3b171,src/test/java/org/logicng/bdds/SimpleBDDTest.java,0,0,0,0,0.0,0,10,10,0,0,0,0,6,0,0,0,0,7,0,0,1,0,0,0,10,0,0,False
7723,logic-ng/logicng,7d852d05b0d4412a4d060c38f7388f9db1d3b171,src/test/java/org/logicng/transformations/AIGTest.java,0,0,0,0,0.0,0,7,6,0,0,0,0,3,0,0,0,0,1,0,0,1,0,0,0,7,0,0,False
7724,logic-ng/logicng,7d852d05b0d4412a4d060c38f7388f9db1d3b171,src/test/java/org/logicng/transformations/cnf/TseitinTest.java,0,0,0,0,0.0,0,9,7,0,0,0,0,4,0,0,0,0,1,0,0,1,0,0,0,8,0,0,False
7725,logic-ng/logicng,7d852d05b0d4412a4d060c38f7388f9db1d3b171,src/test/java/org/logicng/transformations/cnf/CNFTest.java,0,0,0,0,0.0,0,7,6,0,0,0,0,4,0,0,0,0,1,0,0,1,0,0,0,7,0,0,False
7726,logic-ng/logicng,7d852d05b0d4412a4d060c38f7388f9db1d3b171,src/test/java/org/logicng/transformations/cnf/PlaistedGreenbaumTest.java,0,0,0,0,0.0,0,11,9,0,0,0,0,6,0,0,0,0,1,0,0,1,0,0,0,10,0,0,False
7727,logic-ng/logicng,7d852d05b0d4412a4d060c38f7388f9db1d3b171,src/test/java/org/logicng/transformations/cnf/BDDCNFTest.java,0,0,0,0,0.0,0,8,7,0,0,0,0,4,0,0,0,0,0,0,0,1,0,0,0,7,0,0,False
7728,logic-ng/logicng,7d852d05b0d4412a4d060c38f7388f9db1d3b171,src/test/java/org/logicng/transformations/qmc/QuineMcCluskeyTest.java,0,0,0,0,0.0,0,15,13,3,0,0,0,13,0,0,0,0,0,0,0,4,0,0,0,14,0,0,False
7729,logic-ng/logicng,7d852d05b0d4412a4d060c38f7388f9db1d3b171,src/test/java/org/logicng/transformations/qe/QETest.java,0,0,0,0,0.0,0,3,3,0,0,0,0,1,0,0,0,0,0,0,0,0,0,0,0,3,0,0,False
7730,logic-ng/logicng,7d852d05b0d4412a4d060c38f7388f9db1d3b171,src/test/java/org/logicng/solvers/sat/IncDecTest.java,0,0,0,0,0.0,0,2,2,2,1,0,0,1,0,0,0,0,1,0,0,2,0,0,0,2,0,0,False
7731,logic-ng/logicng,7d852d05b0d4412a4d060c38f7388f9db1d3b171,src/test/java/org/logicng/solvers/sat/AssumeTest.java,0,0,0,0,0.0,0,1,1,1,1,0,0,1,0,0,0,0,0,0,0,0,0,0,0,1,0,0,False
7732,logic-ng/logicng,7d852d05b0d4412a4d060c38f7388f9db1d3b171,src/test/java/org/logicng/solvers/sat/SATTest.java,0,0,0,0,0.0,0,56,30,39,1,0,0,13,0,2,0,0,2,0,0,9,0,3,2,51,0,0,False
7733,logic-ng/logicng,7d852d05b0d4412a4d060c38f7388f9db1d3b171,src/test/java/org/logicng/solvers/sat/ConfigurationsTest.java,0,0,0,0,0.0,0,5,0,0,0,0,0,0,0,0,0,0,4,0,0,0,0,0,0,5,0,0,False
7734,logic-ng/logicng,7d852d05b0d4412a4d060c38f7388f9db1d3b171,src/test/java/org/logicng/solvers/maxsat/MaxSATClassTest.java,0,0,0,0,0.0,0,3,3,0,0,0,0,0,0,0,0,0,1,0,0,0,0,0,0,3,0,0,False
7735,logic-ng/logicng,7d852d05b0d4412a4d060c38f7388f9db1d3b171,src/test/java/org/logicng/solvers/maxsat/PureMaxSATTest.java,0,0,0,0,0.0,0,10,7,6,1,0,0,8,0,0,0,0,2,0,0,5,0,0,0,9,0,0,False
7736,logic-ng/logicng,7d852d05b0d4412a4d060c38f7388f9db1d3b171,src/test/java/org/logicng/solvers/maxsat/PartialMaxSATTest.java,0,0,0,0,0.0,0,8,7,5,1,0,0,7,0,0,0,0,0,0,0,0,0,0,0,7,0,0,False
7737,logic-ng/logicng,7d852d05b0d4412a4d060c38f7388f9db1d3b171,src/test/java/org/logicng/solvers/maxsat/PartialWeightedMaxSATTest.java,0,0,0,0,0.0,0,7,6,6,1,0,0,6,0,0,0,0,0,0,0,0,0,0,0,6,0,0,False
7738,logic-ng/logicng,7d852d05b0d4412a4d060c38f7388f9db1d3b171,src/test/java/org/logicng/solvers/maxsat/encodings/EncodingsTest.java,0,0,0,0,0.0,0,5,3,0,0,0,0,0,0,0,0,0,5,0,0,0,0,0,0,5,0,0,False
7739,logic-ng/logicng,7d852d05b0d4412a4d060c38f7388f9db1d3b171,src/test/java/org/logicng/solvers/ModelTest.java,0,0,0,0,0.0,0,12,10,7,1,0,0,9,0,0,1,0,0,0,0,4,0,0,0,11,0,0,False
7740,logic-ng/logicng,7d852d05b0d4412a4d060c38f7388f9db1d3b171,src/test/java/org/logicng/solvers/BackboneOnSolverTest.java,0,0,0,0,0.0,0,10,5,4,1,0,0,4,0,0,0,0,0,0,0,5,0,2,0,5,0,0,False
7741,logic-ng/logicng,7d852d05b0d4412a4d060c38f7388f9db1d3b171,src/test/java/org/logicng/solvers/datastructures/SolversDatastructuresTest.java,0,0,0,0,0.0,0,13,3,0,0,0,0,0,0,0,0,2,12,0,0,0,0,0,0,13,0,0,False
7742,logic-ng/logicng,7d852d05b0d4412a4d060c38f7388f9db1d3b171,src/test/java/org/logicng/cardinalityconstraints/CCAMOTest.java,0,0,0,0,0.0,0,6,3,3,1,0,0,0,0,0,0,0,1,0,0,0,0,1,0,5,0,0,False
7743,logic-ng/logicng,7d852d05b0d4412a4d060c38f7388f9db1d3b171,src/test/java/org/logicng/cardinalityconstraints/CCIncrementalFormulaTest.java,0,0,0,0,0.0,0,8,4,6,1,0,0,0,0,0,0,0,2,0,0,3,0,1,0,7,0,0,False
7744,logic-ng/logicng,7d852d05b0d4412a4d060c38f7388f9db1d3b171,src/test/java/org/logicng/cardinalityconstraints/CCAMKTest.java,0,0,0,0,0.0,0,8,1,3,1,0,0,0,0,0,0,0,1,0,0,0,0,1,0,7,0,0,False
7745,logic-ng/logicng,7d852d05b0d4412a4d060c38f7388f9db1d3b171,src/test/java/org/logicng/cardinalityconstraints/CCIncrementalSolverTest.java,0,0,0,0,0.0,0,6,2,5,1,0,0,0,0,0,0,0,0,0,0,2,0,1,0,5,0,0,False
7746,logic-ng/logicng,7d852d05b0d4412a4d060c38f7388f9db1d3b171,src/test/java/org/logicng/cardinalityconstraints/CCPerformanceTest.java,0,0,0,0,0.0,0,3,0,0,1,0,0,0,0,0,0,0,0,0,0,0,0,1,0,1,0,0,False
7747,logic-ng/logicng,7d852d05b0d4412a4d060c38f7388f9db1d3b171,src/test/java/org/logicng/cardinalityconstraints/CCALKTest.java,0,0,0,0,0.0,0,4,1,2,1,0,0,0,0,0,0,0,1,0,0,0,0,1,0,3,0,0,False
7748,logic-ng/logicng,7d852d05b0d4412a4d060c38f7388f9db1d3b171,src/test/java/org/logicng/cardinalityconstraints/CCEXOTest.java,0,0,0,0,0.0,0,5,3,3,1,0,0,0,0,0,0,0,1,0,0,0,0,1,0,4,0,0,False
7749,logic-ng/logicng,7d852d05b0d4412a4d060c38f7388f9db1d3b171,src/test/java/org/logicng/cardinalityconstraints/CCEXKTest.java,0,0,0,0,0.0,0,5,2,2,1,0,0,0,0,0,0,0,2,0,0,0,0,1,0,4,0,0,False
7750,logic-ng/logicng,7d852d05b0d4412a4d060c38f7388f9db1d3b171,src/test/java/org/logicng/formulas/FormulaIteratorTest.java,0,0,0,0,0.0,0,27,9,0,0,0,0,18,0,0,0,0,0,0,0,9,0,0,0,27,0,0,False
7751,logic-ng/logicng,7d852d05b0d4412a4d060c38f7388f9db1d3b171,src/test/java/org/logicng/formulas/FormulaListTest.java,0,0,0,0,0.0,0,18,10,1,0,0,0,1,0,0,0,2,1,0,0,0,0,0,0,18,0,0,False
7752,logic-ng/logicng,7d852d05b0d4412a4d060c38f7388f9db1d3b171,src/test/java/org/logicng/formulas/CacheTest.java,0,0,0,0,0.0,0,2,2,0,0,0,0,0,0,0,0,0,0,0,0,0,0,0,0,2,0,0,False
7753,logic-ng/logicng,7d852d05b0d4412a4d060c38f7388f9db1d3b171,src/test/java/org/logicng/formulas/EvaluationTest.java,0,0,0,0,0.0,0,5,5,0,0,0,0,1,0,0,0,0,0,0,0,0,0,0,0,5,0,0,False
7754,logic-ng/logicng,7d852d05b0d4412a4d060c38f7388f9db1d3b171,src/test/java/org/logicng/formulas/NNFTest.java,0,0,0,0,0.0,0,5,5,0,0,0,0,3,0,0,0,0,0,0,0,1,0,0,0,5,0,0,False
7755,logic-ng/logicng,7d852d05b0d4412a4d060c38f7388f9db1d3b171,src/test/java/org/logicng/formulas/RestrictionTest.java,0,0,0,0,0.0,0,5,5,0,0,0,0,1,0,0,0,0,0,0,0,0,0,0,0,5,0,0,False
7756,logic-ng/logicng,7d852d05b0d4412a4d060c38f7388f9db1d3b171,src/test/java/org/logicng/predicates/satisfiability/PredicatesTest.java,0,0,0,0,0.0,0,9,9,0,0,0,0,0,0,0,0,0,1,0,0,0,0,0,0,9,0,0,False
7757,logic-ng/logicng,7d852d05b0d4412a4d060c38f7388f9db1d3b171,src/test/java/org/logicng/configurations/ConfigurationsTest.java,0,0,0,0,0.0,0,1,1,0,0,0,0,0,0,0,0,0,0,0,0,0,0,0,0,1,0,0,False
7758,logic-ng/logicng,7d852d05b0d4412a4d060c38f7388f9db1d3b171,src/test/java/org/logicng/explanations/drup/DRUPTest.java,0,0,0,0,0.0,0,7,4,5,1,0,0,6,0,2,0,0,0,0,0,2,0,0,2,6,0,0,False
7759,logic-ng/logicng,7d852d05b0d4412a4d060c38f7388f9db1d3b171,src/test/java/org/logicng/datastructures/DatastructuresTest.java,0,0,0,0,0.0,0,2,1,0,0,0,0,0,0,0,0,0,1,0,0,0,0,0,0,2,0,0,False
7760,logic-ng/logicng,73359fd2892f53242c775d2403d329c13daf0918,src/test/java/org/logicng/functions/VariableProfileTest.java,0,0,0,0,0.0,0,6,6,0,1,0,0,3,0,0,0,0,0,0,0,0,0,0,0,6,0,0,False
7761,logic-ng/logicng,73359fd2892f53242c775d2403d329c13daf0918,src/test/java/org/logicng/functions/LiteralProfileTest.java,0,0,0,0,0.0,0,6,6,0,1,0,0,3,0,0,0,0,0,0,0,0,0,0,0,6,0,0,False
7762,logic-ng/logicng,73359fd2892f53242c775d2403d329c13daf0918,src/test/java/org/logicng/functions/SubformulaTest.java,0,0,0,0,0.0,0,9,7,0,0,0,0,2,0,0,0,0,0,0,0,0,0,0,0,9,0,0,False
7763,logic-ng/logicng,73359fd2892f53242c775d2403d329c13daf0918,src/test/java/org/logicng/io/FormulaWriterReaderTest.java,0,0,0,0,0.0,0,6,5,4,0,0,0,6,0,6,0,0,0,0,0,0,0,0,6,6,0,0,False
7764,logic-ng/logicng,73359fd2892f53242c775d2403d329c13daf0918,src/test/java/org/logicng/graphs/algorithms/ConnectedComponentsComputerTest.java,0,0,0,0,0.0,0,2,2,2,0,0,0,2,0,0,0,0,0,0,0,0,0,0,0,2,0,0,False
7765,logic-ng/logicng,73359fd2892f53242c775d2403d329c13daf0918,src/test/java/org/logicng/pseudobooleans/PBSolvingTest.java,0,0,0,0,0.0,0,17,7,12,1,0,0,0,0,0,0,0,0,0,0,4,5,5,0,12,0,0,False
7766,logic-ng/logicng,73359fd2892f53242c775d2403d329c13daf0918,src/test/java/org/logicng/bdds/orderings/OccurrenceOrderingTest.java,0,0,0,0,0.0,0,4,2,0,0,0,0,4,0,0,0,0,0,0,0,0,0,0,0,4,0,0,False
7767,logic-ng/logicng,73359fd2892f53242c775d2403d329c13daf0918,src/test/java/org/logicng/bdds/BDDModelEnumerationTest.java,0,0,0,0,0.0,0,6,4,2,1,0,0,0,0,0,0,0,0,0,0,0,0,0,0,5,0,0,False
7768,logic-ng/logicng,73359fd2892f53242c775d2403d329c13daf0918,src/test/java/org/logicng/bdds/FormulaBDDTest.java,0,0,0,0,0.0,0,2,2,0,0,0,0,1,0,0,0,0,0,0,0,0,0,0,0,2,0,0,False
7769,logic-ng/logicng,73359fd2892f53242c775d2403d329c13daf0918,src/test/java/org/logicng/bdds/BDDLowLevelTest.java,0,0,0,0,0.0,0,10,2,0,0,0,0,0,0,0,0,0,1,0,0,0,0,0,0,9,0,0,False
7770,logic-ng/logicng,73359fd2892f53242c775d2403d329c13daf0918,src/test/java/org/logicng/bdds/BDDOperationsTest.java,0,0,0,0,0.0,0,11,10,0,0,0,0,3,0,0,0,0,0,0,0,0,0,0,0,10,0,0,False
7771,logic-ng/logicng,73359fd2892f53242c775d2403d329c13daf0918,src/test/java/org/logicng/bdds/LargeBDDTest.java,0,0,0,0,0.0,0,4,0,0,0,0,0,0,0,0,0,0,0,0,0,0,2,2,0,2,0,0,False
7772,logic-ng/logicng,73359fd2892f53242c775d2403d329c13daf0918,src/test/java/org/logicng/bdds/SimpleBDDTest.java,0,0,0,0,0.0,0,10,10,0,0,0,0,6,0,0,0,0,7,0,0,1,0,0,0,10,0,0,False
7773,logic-ng/logicng,73359fd2892f53242c775d2403d329c13daf0918,src/test/java/org/logicng/transformations/AIGTest.java,0,0,0,0,0.0,0,7,6,0,0,0,0,3,0,0,0,0,1,0,0,1,0,0,0,7,0,0,False
7774,logic-ng/logicng,73359fd2892f53242c775d2403d329c13daf0918,src/test/java/org/logicng/transformations/cnf/TseitinTest.java,0,0,0,0,0.0,0,9,7,0,0,0,0,4,0,0,0,0,1,0,0,1,0,0,0,8,0,0,False
7775,logic-ng/logicng,73359fd2892f53242c775d2403d329c13daf0918,src/test/java/org/logicng/transformations/cnf/CNFTest.java,0,0,0,0,0.0,0,7,6,0,0,0,0,4,0,0,0,0,1,0,0,1,0,0,0,7,0,0,False
7776,logic-ng/logicng,73359fd2892f53242c775d2403d329c13daf0918,src/test/java/org/logicng/transformations/cnf/PlaistedGreenbaumTest.java,0,0,0,0,0.0,0,11,9,0,0,0,0,6,0,0,0,0,1,0,0,1,0,0,0,10,0,0,False
7777,logic-ng/logicng,73359fd2892f53242c775d2403d329c13daf0918,src/test/java/org/logicng/transformations/cnf/BDDCNFTest.java,0,0,0,0,0.0,0,8,7,0,0,0,0,4,0,0,0,0,0,0,0,1,0,0,0,7,0,0,False
7778,logic-ng/logicng,73359fd2892f53242c775d2403d329c13daf0918,src/test/java/org/logicng/transformations/qmc/QuineMcCluskeyTest.java,0,0,0,0,0.0,0,15,13,3,0,0,0,13,0,0,0,0,0,0,0,4,0,0,0,14,0,0,False
7779,logic-ng/logicng,73359fd2892f53242c775d2403d329c13daf0918,src/test/java/org/logicng/transformations/qe/QETest.java,0,0,0,0,0.0,0,3,3,0,0,0,0,1,0,0,0,0,0,0,0,0,0,0,0,3,0,0,False
7780,logic-ng/logicng,73359fd2892f53242c775d2403d329c13daf0918,src/test/java/org/logicng/solvers/sat/IncDecTest.java,0,0,0,0,0.0,0,2,2,2,1,0,0,1,0,0,0,0,1,0,0,2,0,0,0,2,0,0,False
7781,logic-ng/logicng,73359fd2892f53242c775d2403d329c13daf0918,src/test/java/org/logicng/solvers/sat/AssumeTest.java,0,0,0,0,0.0,0,1,1,1,1,0,0,1,0,0,0,0,0,0,0,0,0,0,0,1,0,0,False
7782,logic-ng/logicng,73359fd2892f53242c775d2403d329c13daf0918,src/test/java/org/logicng/solvers/sat/SATTest.java,0,0,0,0,0.0,0,50,27,36,1,0,0,11,0,2,0,0,2,0,0,7,0,0,2,48,0,0,False
7783,logic-ng/logicng,73359fd2892f53242c775d2403d329c13daf0918,src/test/java/org/logicng/solvers/sat/ConfigurationsTest.java,0,0,0,0,0.0,0,5,0,0,0,0,0,0,0,0,0,0,4,0,0,0,0,0,0,5,0,0,False
7784,logic-ng/logicng,73359fd2892f53242c775d2403d329c13daf0918,src/test/java/org/logicng/solvers/maxsat/MaxSATClassTest.java,0,0,0,0,0.0,0,3,3,0,0,0,0,0,0,0,0,0,1,0,0,0,0,0,0,3,0,0,False
7785,logic-ng/logicng,73359fd2892f53242c775d2403d329c13daf0918,src/test/java/org/logicng/solvers/maxsat/PureMaxSATTest.java,0,0,0,0,0.0,0,10,7,6,1,0,0,8,0,0,0,0,2,0,0,5,0,0,0,9,0,0,False
7786,logic-ng/logicng,73359fd2892f53242c775d2403d329c13daf0918,src/test/java/org/logicng/solvers/maxsat/PartialMaxSATTest.java,0,0,0,0,0.0,0,8,7,5,1,0,0,7,0,0,0,0,0,0,0,0,0,0,0,7,0,0,False
7787,logic-ng/logicng,73359fd2892f53242c775d2403d329c13daf0918,src/test/java/org/logicng/solvers/maxsat/PartialWeightedMaxSATTest.java,0,0,0,0,0.0,0,7,6,6,1,0,0,6,0,0,0,0,0,0,0,0,0,0,0,6,0,0,False
7788,logic-ng/logicng,73359fd2892f53242c775d2403d329c13daf0918,src/test/java/org/logicng/solvers/maxsat/encodings/EncodingsTest.java,0,0,0,0,0.0,0,5,3,0,0,0,0,0,0,0,0,0,5,0,0,0,0,0,0,5,0,0,False
7789,logic-ng/logicng,73359fd2892f53242c775d2403d329c13daf0918,src/test/java/org/logicng/solvers/ModelTest.java,0,0,0,0,0.0,0,12,10,7,1,0,0,9,0,0,1,0,0,0,0,4,0,0,0,11,0,0,False
7790,logic-ng/logicng,73359fd2892f53242c775d2403d329c13daf0918,src/test/java/org/logicng/solvers/BackboneOnSolverTest.java,0,0,0,0,0.0,0,10,5,4,1,0,0,4,0,0,0,0,0,0,0,5,0,2,0,5,0,0,False
7791,logic-ng/logicng,73359fd2892f53242c775d2403d329c13daf0918,src/test/java/org/logicng/solvers/datastructures/SolversDatastructuresTest.java,0,0,0,0,0.0,0,13,3,0,0,0,0,0,0,0,0,2,12,0,0,0,0,0,0,13,0,0,False
7792,logic-ng/logicng,73359fd2892f53242c775d2403d329c13daf0918,src/test/java/org/logicng/cardinalityconstraints/CCAMOTest.java,0,0,0,0,0.0,0,6,3,3,1,0,0,0,0,0,0,0,1,0,0,0,0,1,0,5,0,0,False
7793,logic-ng/logicng,73359fd2892f53242c775d2403d329c13daf0918,src/test/java/org/logicng/cardinalityconstraints/CCIncrementalFormulaTest.java,0,0,0,0,0.0,0,8,4,6,1,0,0,0,0,0,0,0,2,0,0,3,0,1,0,7,0,0,False
7794,logic-ng/logicng,73359fd2892f53242c775d2403d329c13daf0918,src/test/java/org/logicng/cardinalityconstraints/CCAMKTest.java,0,0,0,0,0.0,0,8,1,3,1,0,0,0,0,0,0,0,1,0,0,0,0,1,0,7,0,0,False
7795,logic-ng/logicng,73359fd2892f53242c775d2403d329c13daf0918,src/test/java/org/logicng/cardinalityconstraints/CCIncrementalSolverTest.java,0,0,0,0,0.0,0,6,2,5,1,0,0,0,0,0,0,0,0,0,0,2,0,1,0,5,0,0,False
7796,logic-ng/logicng,73359fd2892f53242c775d2403d329c13daf0918,src/test/java/org/logicng/cardinalityconstraints/CCPerformanceTest.java,0,0,0,0,0.0,0,3,0,0,1,0,0,0,0,0,0,0,0,0,0,0,0,1,0,1,0,0,False
7797,logic-ng/logicng,73359fd2892f53242c775d2403d329c13daf0918,src/test/java/org/logicng/cardinalityconstraints/CCALKTest.java,0,0,0,0,0.0,0,4,1,2,1,0,0,0,0,0,0,0,1,0,0,0,0,1,0,3,0,0,False
7798,logic-ng/logicng,73359fd2892f53242c775d2403d329c13daf0918,src/test/java/org/logicng/cardinalityconstraints/CCEXOTest.java,0,0,0,0,0.0,0,5,3,3,1,0,0,0,0,0,0,0,1,0,0,0,0,1,0,4,0,0,False
7799,logic-ng/logicng,73359fd2892f53242c775d2403d329c13daf0918,src/test/java/org/logicng/cardinalityconstraints/CCEXKTest.java,0,0,0,0,0.0,0,5,2,2,1,0,0,0,0,0,0,0,2,0,0,0,0,1,0,4,0,0,False
7800,logic-ng/logicng,73359fd2892f53242c775d2403d329c13daf0918,src/test/java/org/logicng/formulas/FormulaIteratorTest.java,0,0,0,0,0.0,0,27,9,0,0,0,0,18,0,0,0,0,0,0,0,9,0,0,0,27,0,0,False
7801,logic-ng/logicng,73359fd2892f53242c775d2403d329c13daf0918,src/test/java/org/logicng/formulas/FormulaListTest.java,0,0,0,0,0.0,0,18,10,1,0,0,0,1,0,0,0,2,1,0,0,0,0,0,0,18,0,0,False
7802,logic-ng/logicng,73359fd2892f53242c775d2403d329c13daf0918,src/test/java/org/logicng/formulas/CacheTest.java,0,0,0,0,0.0,0,2,2,0,0,0,0,0,0,0,0,0,0,0,0,0,0,0,0,2,0,0,False
7803,logic-ng/logicng,73359fd2892f53242c775d2403d329c13daf0918,src/test/java/org/logicng/formulas/EvaluationTest.java,0,0,0,0,0.0,0,5,5,0,0,0,0,1,0,0,0,0,0,0,0,0,0,0,0,5,0,0,False
7804,logic-ng/logicng,73359fd2892f53242c775d2403d329c13daf0918,src/test/java/org/logicng/formulas/NNFTest.java,0,0,0,0,0.0,0,5,5,0,0,0,0,3,0,0,0,0,0,0,0,1,0,0,0,5,0,0,False
7805,logic-ng/logicng,73359fd2892f53242c775d2403d329c13daf0918,src/test/java/org/logicng/formulas/RestrictionTest.java,0,0,0,0,0.0,0,5,5,0,0,0,0,1,0,0,0,0,0,0,0,0,0,0,0,5,0,0,False
7806,logic-ng/logicng,73359fd2892f53242c775d2403d329c13daf0918,src/test/java/org/logicng/predicates/satisfiability/PredicatesTest.java,0,0,0,0,0.0,0,9,9,0,0,0,0,0,0,0,0,0,1,0,0,0,0,0,0,9,0,0,False
7807,logic-ng/logicng,73359fd2892f53242c775d2403d329c13daf0918,src/test/java/org/logicng/configurations/ConfigurationsTest.java,0,0,0,0,0.0,0,1,1,0,0,0,0,0,0,0,0,0,0,0,0,0,0,0,0,1,0,0,False
7808,logic-ng/logicng,73359fd2892f53242c775d2403d329c13daf0918,src/test/java/org/logicng/explanations/drup/DRUPTest.java,0,0,0,0,0.0,0,7,4,5,1,0,0,6,0,2,0,0,0,0,0,2,0,0,2,6,0,0,False
7809,logic-ng/logicng,73359fd2892f53242c775d2403d329c13daf0918,src/test/java/org/logicng/datastructures/DatastructuresTest.java,0,0,0,0,0.0,0,2,1,0,0,0,0,0,0,0,0,0,1,0,0,0,0,0,0,2,0,0,False
7810,logic-ng/logicng,7bd498c3fa7de922629802f907f92d1f9ff251b2,src/test/java/org/logicng/functions/VariableProfileTest.java,0,0,0,0,0.0,0,6,6,0,1,0,0,3,0,0,0,0,0,0,0,0,0,0,0,6,0,0,False
7811,logic-ng/logicng,7bd498c3fa7de922629802f907f92d1f9ff251b2,src/test/java/org/logicng/functions/LiteralProfileTest.java,0,0,0,0,0.0,0,6,6,0,1,0,0,3,0,0,0,0,0,0,0,0,0,0,0,6,0,0,False
7812,logic-ng/logicng,7bd498c3fa7de922629802f907f92d1f9ff251b2,src/test/java/org/logicng/functions/SubformulaTest.java,0,0,0,0,0.0,0,9,7,0,0,0,0,2,0,0,0,0,0,0,0,0,0,0,0,9,0,0,False
7813,logic-ng/logicng,7bd498c3fa7de922629802f907f92d1f9ff251b2,src/test/java/org/logicng/io/FormulaWriterReaderTest.java,0,0,0,0,0.0,0,6,5,4,0,0,0,6,0,6,0,0,0,0,0,0,0,0,6,6,0,0,False
7814,logic-ng/logicng,7bd498c3fa7de922629802f907f92d1f9ff251b2,src/test/java/org/logicng/graphs/algorithms/ConnectedComponentsComputerTest.java,0,0,0,0,0.0,0,2,2,2,0,0,0,2,0,0,0,0,0,0,0,0,0,0,0,2,0,0,False
7815,logic-ng/logicng,7bd498c3fa7de922629802f907f92d1f9ff251b2,src/test/java/org/logicng/pseudobooleans/PBSolvingTest.java,0,0,0,0,0.0,0,17,7,12,1,0,0,0,0,0,0,0,0,0,0,4,5,5,0,12,0,0,False
7816,logic-ng/logicng,7bd498c3fa7de922629802f907f92d1f9ff251b2,src/test/java/org/logicng/bdds/orderings/OccurrenceOrderingTest.java,0,0,0,0,0.0,0,4,2,0,0,0,0,4,0,0,0,0,0,0,0,0,0,0,0,4,0,0,False
7817,logic-ng/logicng,7bd498c3fa7de922629802f907f92d1f9ff251b2,src/test/java/org/logicng/bdds/BDDModelEnumerationTest.java,0,0,0,0,0.0,0,6,4,2,1,0,0,0,0,0,0,0,0,0,0,0,0,0,0,5,0,0,False
7818,logic-ng/logicng,7bd498c3fa7de922629802f907f92d1f9ff251b2,src/test/java/org/logicng/bdds/FormulaBDDTest.java,0,0,0,0,0.0,0,1,1,0,0,0,0,1,0,0,0,0,0,0,0,0,0,0,0,1,0,0,False
7819,logic-ng/logicng,7bd498c3fa7de922629802f907f92d1f9ff251b2,src/test/java/org/logicng/bdds/BDDLowLevelTest.java,0,0,0,0,0.0,0,10,2,0,0,0,0,0,0,0,0,0,1,0,0,0,0,0,0,9,0,0,False
7820,logic-ng/logicng,7bd498c3fa7de922629802f907f92d1f9ff251b2,src/test/java/org/logicng/bdds/BDDOperationsTest.java,0,0,0,0,0.0,0,11,10,0,0,0,0,3,0,0,0,0,0,0,0,0,0,0,0,10,0,0,False
7821,logic-ng/logicng,7bd498c3fa7de922629802f907f92d1f9ff251b2,src/test/java/org/logicng/bdds/LargeBDDTest.java,0,0,0,0,0.0,0,4,0,0,0,0,0,0,0,0,0,0,0,0,0,0,2,2,0,2,0,0,False
7822,logic-ng/logicng,7bd498c3fa7de922629802f907f92d1f9ff251b2,src/test/java/org/logicng/bdds/SimpleBDDTest.java,0,0,0,0,0.0,0,10,10,0,0,0,0,6,0,0,0,0,7,0,0,1,0,0,0,10,0,0,False
7823,logic-ng/logicng,7bd498c3fa7de922629802f907f92d1f9ff251b2,src/test/java/org/logicng/transformations/AIGTest.java,0,0,0,0,0.0,0,7,6,0,0,0,0,3,0,0,0,0,1,0,0,1,0,0,0,7,0,0,False
7824,logic-ng/logicng,7bd498c3fa7de922629802f907f92d1f9ff251b2,src/test/java/org/logicng/transformations/cnf/TseitinTest.java,0,0,0,0,0.0,0,9,7,0,0,0,0,4,0,0,0,0,1,0,0,1,0,0,0,8,0,0,False
7825,logic-ng/logicng,7bd498c3fa7de922629802f907f92d1f9ff251b2,src/test/java/org/logicng/transformations/cnf/CNFTest.java,0,0,0,0,0.0,0,7,6,0,0,0,0,4,0,0,0,0,1,0,0,1,0,0,0,7,0,0,False
7826,logic-ng/logicng,7bd498c3fa7de922629802f907f92d1f9ff251b2,src/test/java/org/logicng/transformations/cnf/PlaistedGreenbaumTest.java,0,0,0,0,0.0,0,11,9,0,0,0,0,6,0,0,0,0,1,0,0,1,0,0,0,10,0,0,False
7827,logic-ng/logicng,7bd498c3fa7de922629802f907f92d1f9ff251b2,src/test/java/org/logicng/transformations/cnf/BDDCNFTest.java,0,0,0,0,0.0,0,8,7,0,0,0,0,4,0,0,0,0,0,0,0,1,0,0,0,7,0,0,False
7828,logic-ng/logicng,7bd498c3fa7de922629802f907f92d1f9ff251b2,src/test/java/org/logicng/transformations/qmc/QuineMcCluskeyTest.java,0,0,0,0,0.0,0,15,13,3,0,0,0,13,0,0,0,0,0,0,0,4,0,0,0,14,0,0,False
7829,logic-ng/logicng,7bd498c3fa7de922629802f907f92d1f9ff251b2,src/test/java/org/logicng/transformations/qe/QETest.java,0,0,0,0,0.0,0,3,3,0,0,0,0,1,0,0,0,0,0,0,0,0,0,0,0,3,0,0,False
7830,logic-ng/logicng,7bd498c3fa7de922629802f907f92d1f9ff251b2,src/test/java/org/logicng/solvers/sat/IncDecTest.java,0,0,0,0,0.0,0,2,2,2,1,0,0,1,0,0,0,0,1,0,0,2,0,0,0,2,0,0,False
7831,logic-ng/logicng,7bd498c3fa7de922629802f907f92d1f9ff251b2,src/test/java/org/logicng/solvers/sat/AssumeTest.java,0,0,0,0,0.0,0,1,1,1,1,0,0,1,0,0,0,0,0,0,0,0,0,0,0,1,0,0,False
7832,logic-ng/logicng,7bd498c3fa7de922629802f907f92d1f9ff251b2,src/test/java/org/logicng/solvers/sat/SATTest.java,0,0,0,0,0.0,0,47,26,34,1,0,0,10,0,2,0,0,3,0,0,7,0,0,2,46,0,0,False
7833,logic-ng/logicng,7bd498c3fa7de922629802f907f92d1f9ff251b2,src/test/java/org/logicng/solvers/sat/ConfigurationsTest.java,0,0,0,0,0.0,0,5,0,0,0,0,0,0,0,0,0,0,4,0,0,0,0,0,0,5,0,0,False
7834,logic-ng/logicng,7bd498c3fa7de922629802f907f92d1f9ff251b2,src/test/java/org/logicng/solvers/maxsat/MaxSATClassTest.java,0,0,0,0,0.0,0,3,3,0,0,0,0,0,0,0,0,0,1,0,0,0,0,0,0,3,0,0,False
7835,logic-ng/logicng,7bd498c3fa7de922629802f907f92d1f9ff251b2,src/test/java/org/logicng/solvers/maxsat/PureMaxSATTest.java,0,0,0,0,0.0,0,10,7,6,1,0,0,8,0,0,0,0,2,0,0,5,0,0,0,9,0,0,False
7836,logic-ng/logicng,7bd498c3fa7de922629802f907f92d1f9ff251b2,src/test/java/org/logicng/solvers/maxsat/PartialMaxSATTest.java,0,0,0,0,0.0,0,8,7,5,1,0,0,7,0,0,0,0,0,0,0,0,0,0,0,7,0,0,False
7837,logic-ng/logicng,7bd498c3fa7de922629802f907f92d1f9ff251b2,src/test/java/org/logicng/solvers/maxsat/PartialWeightedMaxSATTest.java,0,0,0,0,0.0,0,7,6,6,1,0,0,6,0,0,0,0,0,0,0,0,0,0,0,6,0,0,False
7838,logic-ng/logicng,7bd498c3fa7de922629802f907f92d1f9ff251b2,src/test/java/org/logicng/solvers/maxsat/encodings/EncodingsTest.java,0,0,0,0,0.0,0,5,3,0,0,0,0,0,0,0,0,0,5,0,0,0,0,0,0,5,0,0,False
7839,logic-ng/logicng,7bd498c3fa7de922629802f907f92d1f9ff251b2,src/test/java/org/logicng/solvers/datastructures/SolversDatastructuresTest.java,0,0,0,0,0.0,0,13,3,0,0,0,0,0,0,0,0,2,12,0,0,0,0,0,0,13,0,0,False
7840,logic-ng/logicng,7bd498c3fa7de922629802f907f92d1f9ff251b2,src/test/java/org/logicng/cardinalityconstraints/CCAMOTest.java,0,0,0,0,0.0,0,6,3,3,1,0,0,0,0,0,0,0,1,0,0,0,0,1,0,5,0,0,False
7841,logic-ng/logicng,7bd498c3fa7de922629802f907f92d1f9ff251b2,src/test/java/org/logicng/cardinalityconstraints/CCIncrementalFormulaTest.java,0,0,0,0,0.0,0,8,4,6,1,0,0,0,0,0,0,0,2,0,0,3,0,1,0,7,0,0,False
7842,logic-ng/logicng,7bd498c3fa7de922629802f907f92d1f9ff251b2,src/test/java/org/logicng/cardinalityconstraints/CCAMKTest.java,0,0,0,0,0.0,0,8,1,3,1,0,0,0,0,0,0,0,1,0,0,0,0,1,0,7,0,0,False
7843,logic-ng/logicng,7bd498c3fa7de922629802f907f92d1f9ff251b2,src/test/java/org/logicng/cardinalityconstraints/CCIncrementalSolverTest.java,0,0,0,0,0.0,0,6,2,5,1,0,0,0,0,0,0,0,0,0,0,2,0,1,0,5,0,0,False
7844,logic-ng/logicng,7bd498c3fa7de922629802f907f92d1f9ff251b2,src/test/java/org/logicng/cardinalityconstraints/CCPerformanceTest.java,0,0,0,0,0.0,0,3,0,0,1,0,0,0,0,0,0,0,0,0,0,0,0,1,0,1,0,0,False
7845,logic-ng/logicng,7bd498c3fa7de922629802f907f92d1f9ff251b2,src/test/java/org/logicng/cardinalityconstraints/CCALKTest.java,0,0,0,0,0.0,0,4,1,2,1,0,0,0,0,0,0,0,1,0,0,0,0,1,0,3,0,0,False
7846,logic-ng/logicng,7bd498c3fa7de922629802f907f92d1f9ff251b2,src/test/java/org/logicng/cardinalityconstraints/CCEXOTest.java,0,0,0,0,0.0,0,5,3,3,1,0,0,0,0,0,0,0,1,0,0,0,0,1,0,4,0,0,False
7847,logic-ng/logicng,7bd498c3fa7de922629802f907f92d1f9ff251b2,src/test/java/org/logicng/cardinalityconstraints/CCEXKTest.java,0,0,0,0,0.0,0,5,2,2,1,0,0,0,0,0,0,0,2,0,0,0,0,1,0,4,0,0,False
7848,logic-ng/logicng,7bd498c3fa7de922629802f907f92d1f9ff251b2,src/test/java/org/logicng/formulas/FormulaIteratorTest.java,0,0,0,0,0.0,0,27,9,0,0,0,0,18,0,0,0,0,0,0,0,9,0,0,0,27,0,0,False
7849,logic-ng/logicng,7bd498c3fa7de922629802f907f92d1f9ff251b2,src/test/java/org/logicng/formulas/FormulaListTest.java,0,0,0,0,0.0,0,18,10,1,0,0,0,1,0,0,0,2,1,0,0,0,0,0,0,18,0,0,False
7850,logic-ng/logicng,7bd498c3fa7de922629802f907f92d1f9ff251b2,src/test/java/org/logicng/formulas/CacheTest.java,0,0,0,0,0.0,0,2,2,0,0,0,0,0,0,0,0,0,0,0,0,0,0,0,0,2,0,0,False
7851,logic-ng/logicng,7bd498c3fa7de922629802f907f92d1f9ff251b2,src/test/java/org/logicng/formulas/EvaluationTest.java,0,0,0,0,0.0,0,5,5,0,0,0,0,1,0,0,0,0,0,0,0,0,0,0,0,5,0,0,False
7852,logic-ng/logicng,7bd498c3fa7de922629802f907f92d1f9ff251b2,src/test/java/org/logicng/formulas/NNFTest.java,0,0,0,0,0.0,0,5,5,0,0,0,0,3,0,0,0,0,0,0,0,1,0,0,0,5,0,0,False
7853,logic-ng/logicng,7bd498c3fa7de922629802f907f92d1f9ff251b2,src/test/java/org/logicng/formulas/RestrictionTest.java,0,0,0,0,0.0,0,5,5,0,0,0,0,1,0,0,0,0,0,0,0,0,0,0,0,5,0,0,False
7854,logic-ng/logicng,7bd498c3fa7de922629802f907f92d1f9ff251b2,src/test/java/org/logicng/predicates/satisfiability/PredicatesTest.java,0,0,0,0,0.0,0,9,9,0,0,0,0,0,0,0,0,0,1,0,0,0,0,0,0,9,0,0,False
7855,logic-ng/logicng,7bd498c3fa7de922629802f907f92d1f9ff251b2,src/test/java/org/logicng/configurations/ConfigurationsTest.java,0,0,0,0,0.0,0,1,1,0,0,0,0,0,0,0,0,0,0,0,0,0,0,0,0,1,0,0,False
7856,logic-ng/logicng,7bd498c3fa7de922629802f907f92d1f9ff251b2,src/test/java/org/logicng/explanations/drup/DRUPTest.java,0,0,0,0,0.0,0,7,4,5,1,0,0,6,0,2,0,0,0,0,0,2,0,0,2,6,0,0,False
7857,logic-ng/logicng,7bd498c3fa7de922629802f907f92d1f9ff251b2,src/test/java/org/logicng/datastructures/DatastructuresTest.java,0,0,0,0,0.0,0,2,1,0,0,0,0,0,0,0,0,0,1,0,0,0,0,0,0,2,0,0,False
7858,logic-ng/logicng,ae79302c73515202df5a2565b7493783a5f96593,src/test/java/org/logicng/functions/VariableProfileTest.java,0,0,0,0,0.0,0,6,6,0,1,0,0,3,0,0,0,0,0,0,0,0,0,0,0,6,0,0,False
7859,logic-ng/logicng,ae79302c73515202df5a2565b7493783a5f96593,src/test/java/org/logicng/functions/LiteralProfileTest.java,0,0,0,0,0.0,0,6,6,0,1,0,0,3,0,0,0,0,0,0,0,0,0,0,0,6,0,0,False
7860,logic-ng/logicng,ae79302c73515202df5a2565b7493783a5f96593,src/test/java/org/logicng/functions/SubformulaTest.java,0,0,0,0,0.0,0,9,7,0,0,0,0,2,0,0,0,0,0,0,0,0,0,0,0,9,0,0,False
7861,logic-ng/logicng,ae79302c73515202df5a2565b7493783a5f96593,src/test/java/org/logicng/io/FormulaWriterReaderTest.java,0,0,0,0,0.0,0,6,5,4,0,0,0,6,0,6,0,0,0,0,0,0,0,0,6,6,0,0,False
7862,logic-ng/logicng,ae79302c73515202df5a2565b7493783a5f96593,src/test/java/org/logicng/graphs/algorithms/ConnectedComponentsComputerTest.java,0,0,0,0,0.0,0,2,2,2,0,0,0,2,0,0,0,0,0,0,0,0,0,0,0,2,0,0,False
7863,logic-ng/logicng,ae79302c73515202df5a2565b7493783a5f96593,src/test/java/org/logicng/pseudobooleans/PBSolvingTest.java,0,0,0,0,0.0,0,17,7,12,1,0,0,0,0,0,0,0,0,0,0,4,5,5,0,12,0,0,False
7864,logic-ng/logicng,ae79302c73515202df5a2565b7493783a5f96593,src/test/java/org/logicng/bdds/orderings/OccurrenceOrderingTest.java,0,0,0,0,0.0,0,4,2,0,0,0,0,4,0,0,0,0,0,0,0,0,0,0,0,4,0,0,False
7865,logic-ng/logicng,ae79302c73515202df5a2565b7493783a5f96593,src/test/java/org/logicng/bdds/BDDModelEnumerationTest.java,0,0,0,0,0.0,0,6,4,2,1,0,0,0,0,0,0,0,0,0,0,0,0,0,0,5,0,0,False
7866,logic-ng/logicng,ae79302c73515202df5a2565b7493783a5f96593,src/test/java/org/logicng/bdds/FormulaBDDTest.java,0,0,0,0,0.0,0,1,1,0,0,0,0,1,0,0,0,0,0,0,0,0,0,0,0,1,0,0,False
7867,logic-ng/logicng,ae79302c73515202df5a2565b7493783a5f96593,src/test/java/org/logicng/bdds/BDDLowLevelTest.java,0,0,0,0,0.0,0,10,2,0,0,0,0,0,0,0,0,0,1,0,0,0,0,0,0,9,0,0,False
7868,logic-ng/logicng,ae79302c73515202df5a2565b7493783a5f96593,src/test/java/org/logicng/bdds/BDDOperationsTest.java,0,0,0,0,0.0,0,11,10,0,0,0,0,3,0,0,0,0,0,0,0,0,0,0,0,10,0,0,False
7869,logic-ng/logicng,ae79302c73515202df5a2565b7493783a5f96593,src/test/java/org/logicng/bdds/LargeBDDTest.java,0,0,0,0,0.0,0,4,0,0,0,0,0,0,0,0,0,0,0,0,0,0,2,2,0,2,0,0,False
7870,logic-ng/logicng,ae79302c73515202df5a2565b7493783a5f96593,src/test/java/org/logicng/bdds/SimpleBDDTest.java,0,0,0,0,0.0,0,10,10,0,0,0,0,6,0,0,0,0,7,0,0,1,0,0,0,10,0,0,False
7871,logic-ng/logicng,ae79302c73515202df5a2565b7493783a5f96593,src/test/java/org/logicng/transformations/AIGTest.java,0,0,0,0,0.0,0,7,6,0,0,0,0,3,0,0,0,0,1,0,0,1,0,0,0,7,0,0,False
7872,logic-ng/logicng,ae79302c73515202df5a2565b7493783a5f96593,src/test/java/org/logicng/transformations/cnf/TseitinTest.java,0,0,0,0,0.0,0,9,7,0,0,0,0,4,0,0,0,0,1,0,0,1,0,0,0,8,0,0,False
7873,logic-ng/logicng,ae79302c73515202df5a2565b7493783a5f96593,src/test/java/org/logicng/transformations/cnf/CNFTest.java,0,0,0,0,0.0,0,7,6,0,0,0,0,4,0,0,0,0,1,0,0,1,0,0,0,7,0,0,False
7874,logic-ng/logicng,ae79302c73515202df5a2565b7493783a5f96593,src/test/java/org/logicng/transformations/cnf/PlaistedGreenbaumTest.java,0,0,0,0,0.0,0,11,9,0,0,0,0,6,0,0,0,0,1,0,0,1,0,0,0,10,0,0,False
7875,logic-ng/logicng,ae79302c73515202df5a2565b7493783a5f96593,src/test/java/org/logicng/transformations/cnf/BDDCNFTest.java,0,0,0,0,0.0,0,8,7,0,0,0,0,4,0,0,0,0,0,0,0,1,0,0,0,7,0,0,False
7876,logic-ng/logicng,ae79302c73515202df5a2565b7493783a5f96593,src/test/java/org/logicng/transformations/qmc/QuineMcCluskeyTest.java,0,0,0,0,0.0,0,15,13,3,0,0,0,13,0,0,0,0,0,0,0,4,0,0,0,14,0,0,False
7877,logic-ng/logicng,ae79302c73515202df5a2565b7493783a5f96593,src/test/java/org/logicng/transformations/qe/QETest.java,0,0,0,0,0.0,0,3,3,0,0,0,0,1,0,0,0,0,0,0,0,0,0,0,0,3,0,0,False
7878,logic-ng/logicng,ae79302c73515202df5a2565b7493783a5f96593,src/test/java/org/logicng/solvers/sat/IncDecTest.java,0,0,0,0,0.0,0,2,2,2,1,0,0,1,0,0,0,0,1,0,0,2,0,0,0,2,0,0,False
7879,logic-ng/logicng,ae79302c73515202df5a2565b7493783a5f96593,src/test/java/org/logicng/solvers/sat/AssumeTest.java,0,0,0,0,0.0,0,1,1,1,1,0,0,1,0,0,0,0,0,0,0,0,0,0,0,1,0,0,False
7880,logic-ng/logicng,ae79302c73515202df5a2565b7493783a5f96593,src/test/java/org/logicng/solvers/sat/SATTest.java,0,0,0,0,0.0,0,47,26,34,1,0,0,10,0,2,0,0,3,0,0,7,0,0,2,46,0,0,False
7881,logic-ng/logicng,ae79302c73515202df5a2565b7493783a5f96593,src/test/java/org/logicng/solvers/sat/ConfigurationsTest.java,0,0,0,0,0.0,0,5,0,0,0,0,0,0,0,0,0,0,4,0,0,0,0,0,0,5,0,0,False
7882,logic-ng/logicng,ae79302c73515202df5a2565b7493783a5f96593,src/test/java/org/logicng/solvers/maxsat/MaxSATClassTest.java,0,0,0,0,0.0,0,3,3,0,0,0,0,0,0,0,0,0,1,0,0,0,0,0,0,3,0,0,False
7883,logic-ng/logicng,ae79302c73515202df5a2565b7493783a5f96593,src/test/java/org/logicng/solvers/maxsat/PureMaxSATTest.java,0,0,0,0,0.0,0,10,7,6,1,0,0,8,0,0,0,0,2,0,0,5,0,0,0,9,0,0,False
7884,logic-ng/logicng,ae79302c73515202df5a2565b7493783a5f96593,src/test/java/org/logicng/solvers/maxsat/PartialMaxSATTest.java,0,0,0,0,0.0,0,8,7,5,1,0,0,7,0,0,0,0,0,0,0,0,0,0,0,7,0,0,False
7885,logic-ng/logicng,ae79302c73515202df5a2565b7493783a5f96593,src/test/java/org/logicng/solvers/maxsat/PartialWeightedMaxSATTest.java,0,0,0,0,0.0,0,7,6,6,1,0,0,6,0,0,0,0,0,0,0,0,0,0,0,6,0,0,False
7886,logic-ng/logicng,ae79302c73515202df5a2565b7493783a5f96593,src/test/java/org/logicng/solvers/maxsat/encodings/EncodingsTest.java,0,0,0,0,0.0,0,5,3,0,0,0,0,0,0,0,0,0,5,0,0,0,0,0,0,5,0,0,False
7887,logic-ng/logicng,ae79302c73515202df5a2565b7493783a5f96593,src/test/java/org/logicng/solvers/datastructures/SolversDatastructuresTest.java,0,0,0,0,0.0,0,13,3,0,0,0,0,0,0,0,0,2,12,0,0,0,0,0,0,13,0,0,False
7888,logic-ng/logicng,ae79302c73515202df5a2565b7493783a5f96593,src/test/java/org/logicng/cardinalityconstraints/CCAMOTest.java,0,0,0,0,0.0,0,6,3,3,1,0,0,0,0,0,0,0,1,0,0,0,0,1,0,5,0,0,False
7889,logic-ng/logicng,ae79302c73515202df5a2565b7493783a5f96593,src/test/java/org/logicng/cardinalityconstraints/CCIncrementalFormulaTest.java,0,0,0,0,0.0,0,8,4,6,1,0,0,0,0,0,0,0,2,0,0,3,0,1,0,7,0,0,False
7890,logic-ng/logicng,ae79302c73515202df5a2565b7493783a5f96593,src/test/java/org/logicng/cardinalityconstraints/CCAMKTest.java,0,0,0,0,0.0,0,8,1,3,1,0,0,0,0,0,0,0,1,0,0,0,0,1,0,7,0,0,False
7891,logic-ng/logicng,ae79302c73515202df5a2565b7493783a5f96593,src/test/java/org/logicng/cardinalityconstraints/CCIncrementalSolverTest.java,0,0,0,0,0.0,0,6,2,5,1,0,0,0,0,0,0,0,0,0,0,2,0,1,0,5,0,0,False
7892,logic-ng/logicng,ae79302c73515202df5a2565b7493783a5f96593,src/test/java/org/logicng/cardinalityconstraints/CCPerformanceTest.java,0,0,0,0,0.0,0,3,0,0,1,0,0,0,0,0,0,0,0,0,0,0,0,1,0,1,0,0,False
7893,logic-ng/logicng,ae79302c73515202df5a2565b7493783a5f96593,src/test/java/org/logicng/cardinalityconstraints/CCALKTest.java,0,0,0,0,0.0,0,4,1,2,1,0,0,0,0,0,0,0,1,0,0,0,0,1,0,3,0,0,False
7894,logic-ng/logicng,ae79302c73515202df5a2565b7493783a5f96593,src/test/java/org/logicng/cardinalityconstraints/CCEXOTest.java,0,0,0,0,0.0,0,5,3,3,1,0,0,0,0,0,0,0,1,0,0,0,0,1,0,4,0,0,False
7895,logic-ng/logicng,ae79302c73515202df5a2565b7493783a5f96593,src/test/java/org/logicng/cardinalityconstraints/CCEXKTest.java,0,0,0,0,0.0,0,5,2,2,1,0,0,0,0,0,0,0,2,0,0,0,0,1,0,4,0,0,False
7896,logic-ng/logicng,ae79302c73515202df5a2565b7493783a5f96593,src/test/java/org/logicng/formulas/FormulaIteratorTest.java,0,0,0,0,0.0,0,27,9,0,0,0,0,18,0,0,0,0,0,0,0,9,0,0,0,27,0,0,False
7897,logic-ng/logicng,ae79302c73515202df5a2565b7493783a5f96593,src/test/java/org/logicng/formulas/FormulaListTest.java,0,0,0,0,0.0,0,18,10,1,0,0,0,1,0,0,0,2,1,0,0,0,0,0,0,18,0,0,False
7898,logic-ng/logicng,ae79302c73515202df5a2565b7493783a5f96593,src/test/java/org/logicng/formulas/CacheTest.java,0,0,0,0,0.0,0,2,2,0,0,0,0,0,0,0,0,0,0,0,0,0,0,0,0,2,0,0,False
7899,logic-ng/logicng,ae79302c73515202df5a2565b7493783a5f96593,src/test/java/org/logicng/formulas/EvaluationTest.java,0,0,0,0,0.0,0,5,5,0,0,0,0,1,0,0,0,0,0,0,0,0,0,0,0,5,0,0,False
7900,logic-ng/logicng,ae79302c73515202df5a2565b7493783a5f96593,src/test/java/org/logicng/formulas/NNFTest.java,0,0,0,0,0.0,0,5,5,0,0,0,0,3,0,0,0,0,0,0,0,1,0,0,0,5,0,0,False
7901,logic-ng/logicng,ae79302c73515202df5a2565b7493783a5f96593,src/test/java/org/logicng/formulas/RestrictionTest.java,0,0,0,0,0.0,0,5,5,0,0,0,0,1,0,0,0,0,0,0,0,0,0,0,0,5,0,0,False
7902,logic-ng/logicng,ae79302c73515202df5a2565b7493783a5f96593,src/test/java/org/logicng/predicates/satisfiability/PredicatesTest.java,0,0,0,0,0.0,0,9,9,0,0,0,0,0,0,0,0,0,1,0,0,0,0,0,0,9,0,0,False
7903,logic-ng/logicng,ae79302c73515202df5a2565b7493783a5f96593,src/test/java/org/logicng/configurations/ConfigurationsTest.java,0,0,0,0,0.0,0,1,1,0,0,0,0,0,0,0,0,0,0,0,0,0,0,0,0,1,0,0,False
7904,logic-ng/logicng,ae79302c73515202df5a2565b7493783a5f96593,src/test/java/org/logicng/explanations/drup/DRUPTest.java,0,0,0,0,0.0,0,7,4,5,1,0,0,6,0,2,0,0,0,0,0,2,0,0,2,6,0,0,False
7905,logic-ng/logicng,ae79302c73515202df5a2565b7493783a5f96593,src/test/java/org/logicng/datastructures/DatastructuresTest.java,0,0,0,0,0.0,0,2,1,0,0,0,0,0,0,0,0,0,1,0,0,0,0,0,0,2,0,0,False
7906,logic-ng/logicng,bb9eb88a768be4be8e02a76cfc4a59e6c3fb7f2e,src/test/java/org/logicng/functions/VariableProfileTest.java,0,0,0,0,0.0,0,6,6,0,1,0,0,3,0,0,0,0,0,0,0,0,0,0,0,6,0,0,False
7907,logic-ng/logicng,bb9eb88a768be4be8e02a76cfc4a59e6c3fb7f2e,src/test/java/org/logicng/functions/LiteralProfileTest.java,0,0,0,0,0.0,0,6,6,0,1,0,0,3,0,0,0,0,0,0,0,0,0,0,0,6,0,0,False
7908,logic-ng/logicng,bb9eb88a768be4be8e02a76cfc4a59e6c3fb7f2e,src/test/java/org/logicng/functions/SubformulaTest.java,0,0,0,0,0.0,0,9,7,0,0,0,0,2,0,0,0,0,0,0,0,0,0,0,0,9,0,0,False
7909,logic-ng/logicng,bb9eb88a768be4be8e02a76cfc4a59e6c3fb7f2e,src/test/java/org/logicng/io/FormulaWriterReaderTest.java,0,0,0,0,0.0,0,6,5,4,0,0,0,6,0,6,0,0,0,0,0,0,0,0,6,6,0,0,False
7910,logic-ng/logicng,bb9eb88a768be4be8e02a76cfc4a59e6c3fb7f2e,src/test/java/org/logicng/graphs/algorithms/ConnectedComponentsComputerTest.java,0,0,0,0,0.0,0,2,2,2,0,0,0,2,0,0,0,0,0,0,0,0,0,0,0,2,0,0,False
7911,logic-ng/logicng,bb9eb88a768be4be8e02a76cfc4a59e6c3fb7f2e,src/test/java/org/logicng/pseudobooleans/PBSolvingTest.java,0,0,0,0,0.0,0,17,7,12,1,0,0,0,0,0,0,0,0,0,0,4,5,5,0,12,0,0,False
7912,logic-ng/logicng,bb9eb88a768be4be8e02a76cfc4a59e6c3fb7f2e,src/test/java/org/logicng/bdds/orderings/OccurrenceOrderingTest.java,0,0,0,0,0.0,0,4,2,0,0,0,0,4,0,0,0,0,0,0,0,0,0,0,0,4,0,0,False
7913,logic-ng/logicng,bb9eb88a768be4be8e02a76cfc4a59e6c3fb7f2e,src/test/java/org/logicng/bdds/BDDModelEnumerationTest.java,0,0,0,0,0.0,0,6,4,2,1,0,0,0,0,0,0,0,0,0,0,0,0,0,0,5,0,0,False
7914,logic-ng/logicng,bb9eb88a768be4be8e02a76cfc4a59e6c3fb7f2e,src/test/java/org/logicng/bdds/FormulaBDDTest.java,0,0,0,0,0.0,0,1,1,0,0,0,0,1,0,0,0,0,0,0,0,0,0,0,0,1,0,0,False
7915,logic-ng/logicng,bb9eb88a768be4be8e02a76cfc4a59e6c3fb7f2e,src/test/java/org/logicng/bdds/BDDLowLevelTest.java,0,0,0,0,0.0,0,10,2,0,0,0,0,0,0,0,0,0,1,0,0,0,0,0,0,9,0,0,False
7916,logic-ng/logicng,bb9eb88a768be4be8e02a76cfc4a59e6c3fb7f2e,src/test/java/org/logicng/bdds/BDDOperationsTest.java,0,0,0,0,0.0,0,11,10,0,0,0,0,3,0,0,0,0,0,0,0,0,0,0,0,10,0,0,False
7917,logic-ng/logicng,bb9eb88a768be4be8e02a76cfc4a59e6c3fb7f2e,src/test/java/org/logicng/bdds/LargeBDDTest.java,0,0,0,0,0.0,0,4,0,0,0,0,0,0,0,0,0,0,0,0,0,0,2,2,0,2,0,0,False
7918,logic-ng/logicng,bb9eb88a768be4be8e02a76cfc4a59e6c3fb7f2e,src/test/java/org/logicng/bdds/SimpleBDDTest.java,0,0,0,0,0.0,0,10,10,0,0,0,0,6,0,0,0,0,7,0,0,1,0,0,0,10,0,0,False
7919,logic-ng/logicng,bb9eb88a768be4be8e02a76cfc4a59e6c3fb7f2e,src/test/java/org/logicng/transformations/AIGTest.java,0,0,0,0,0.0,0,7,6,0,0,0,0,3,0,0,0,0,1,0,0,1,0,0,0,7,0,0,False
7920,logic-ng/logicng,bb9eb88a768be4be8e02a76cfc4a59e6c3fb7f2e,src/test/java/org/logicng/transformations/cnf/TseitinTest.java,0,0,0,0,0.0,0,9,7,0,0,0,0,4,0,0,0,0,1,0,0,1,0,0,0,8,0,0,False
7921,logic-ng/logicng,bb9eb88a768be4be8e02a76cfc4a59e6c3fb7f2e,src/test/java/org/logicng/transformations/cnf/CNFTest.java,0,0,0,0,0.0,0,7,6,0,0,0,0,4,0,0,0,0,1,0,0,1,0,0,0,7,0,0,False
7922,logic-ng/logicng,bb9eb88a768be4be8e02a76cfc4a59e6c3fb7f2e,src/test/java/org/logicng/transformations/cnf/PlaistedGreenbaumTest.java,0,0,0,0,0.0,0,11,9,0,0,0,0,6,0,0,0,0,1,0,0,1,0,0,0,10,0,0,False
7923,logic-ng/logicng,bb9eb88a768be4be8e02a76cfc4a59e6c3fb7f2e,src/test/java/org/logicng/transformations/cnf/BDDCNFTest.java,0,0,0,0,0.0,0,8,7,0,0,0,0,4,0,0,0,0,0,0,0,1,0,0,0,7,0,0,False
7924,logic-ng/logicng,bb9eb88a768be4be8e02a76cfc4a59e6c3fb7f2e,src/test/java/org/logicng/transformations/qmc/QuineMcCluskeyTest.java,0,0,0,0,0.0,0,15,13,3,0,0,0,13,0,0,0,0,0,0,0,4,0,0,0,14,0,0,False
7925,logic-ng/logicng,bb9eb88a768be4be8e02a76cfc4a59e6c3fb7f2e,src/test/java/org/logicng/transformations/qe/QETest.java,0,0,0,0,0.0,0,3,3,0,0,0,0,1,0,0,0,0,0,0,0,0,0,0,0,3,0,0,False
7926,logic-ng/logicng,bb9eb88a768be4be8e02a76cfc4a59e6c3fb7f2e,src/test/java/org/logicng/solvers/sat/IncDecTest.java,0,0,0,0,0.0,0,2,2,2,1,0,0,1,0,0,0,0,1,0,0,2,0,0,0,2,0,0,False
7927,logic-ng/logicng,bb9eb88a768be4be8e02a76cfc4a59e6c3fb7f2e,src/test/java/org/logicng/solvers/sat/AssumeTest.java,0,0,0,0,0.0,0,1,1,1,1,0,0,1,0,0,0,0,0,0,0,0,0,0,0,1,0,0,False
7928,logic-ng/logicng,bb9eb88a768be4be8e02a76cfc4a59e6c3fb7f2e,src/test/java/org/logicng/solvers/sat/SATTest.java,0,0,0,0,0.0,0,47,26,34,1,0,0,10,0,2,0,0,3,0,0,7,0,0,2,46,0,0,False
7929,logic-ng/logicng,bb9eb88a768be4be8e02a76cfc4a59e6c3fb7f2e,src/test/java/org/logicng/solvers/sat/ConfigurationsTest.java,0,0,0,0,0.0,0,5,0,0,0,0,0,0,0,0,0,0,4,0,0,0,0,0,0,5,0,0,False
7930,logic-ng/logicng,bb9eb88a768be4be8e02a76cfc4a59e6c3fb7f2e,src/test/java/org/logicng/solvers/maxsat/MaxSATClassTest.java,0,0,0,0,0.0,0,3,3,0,0,0,0,0,0,0,0,0,1,0,0,0,0,0,0,3,0,0,False
7931,logic-ng/logicng,bb9eb88a768be4be8e02a76cfc4a59e6c3fb7f2e,src/test/java/org/logicng/solvers/maxsat/PureMaxSATTest.java,0,0,0,0,0.0,0,10,7,6,1,0,0,8,0,0,0,0,2,0,0,5,0,0,0,9,0,0,False
7932,logic-ng/logicng,bb9eb88a768be4be8e02a76cfc4a59e6c3fb7f2e,src/test/java/org/logicng/solvers/maxsat/PartialMaxSATTest.java,0,0,0,0,0.0,0,8,7,5,1,0,0,7,0,0,0,0,0,0,0,0,0,0,0,7,0,0,False
7933,logic-ng/logicng,bb9eb88a768be4be8e02a76cfc4a59e6c3fb7f2e,src/test/java/org/logicng/solvers/maxsat/PartialWeightedMaxSATTest.java,0,0,0,0,0.0,0,7,6,6,1,0,0,6,0,0,0,0,0,0,0,0,0,0,0,6,0,0,False
7934,logic-ng/logicng,bb9eb88a768be4be8e02a76cfc4a59e6c3fb7f2e,src/test/java/org/logicng/solvers/maxsat/encodings/EncodingsTest.java,0,0,0,0,0.0,0,5,3,0,0,0,0,0,0,0,0,0,5,0,0,0,0,0,0,5,0,0,False
7935,logic-ng/logicng,bb9eb88a768be4be8e02a76cfc4a59e6c3fb7f2e,src/test/java/org/logicng/solvers/datastructures/SolversDatastructuresTest.java,0,0,0,0,0.0,0,13,3,0,0,0,0,0,0,0,0,2,12,0,0,0,0,0,0,13,0,0,False
7936,logic-ng/logicng,bb9eb88a768be4be8e02a76cfc4a59e6c3fb7f2e,src/test/java/org/logicng/cardinalityconstraints/CCAMOTest.java,0,0,0,0,0.0,0,6,3,3,1,0,0,0,0,0,0,0,1,0,0,0,0,1,0,5,0,0,False
7937,logic-ng/logicng,bb9eb88a768be4be8e02a76cfc4a59e6c3fb7f2e,src/test/java/org/logicng/cardinalityconstraints/CCIncrementalFormulaTest.java,0,0,0,0,0.0,0,8,4,6,1,0,0,0,0,0,0,0,2,0,0,3,0,1,0,7,0,0,False
7938,logic-ng/logicng,bb9eb88a768be4be8e02a76cfc4a59e6c3fb7f2e,src/test/java/org/logicng/cardinalityconstraints/CCAMKTest.java,0,0,0,0,0.0,0,8,1,3,1,0,0,0,0,0,0,0,1,0,0,0,0,1,0,7,0,0,False
7939,logic-ng/logicng,bb9eb88a768be4be8e02a76cfc4a59e6c3fb7f2e,src/test/java/org/logicng/cardinalityconstraints/CCIncrementalSolverTest.java,0,0,0,0,0.0,0,6,2,5,1,0,0,0,0,0,0,0,0,0,0,2,0,1,0,5,0,0,False
7940,logic-ng/logicng,bb9eb88a768be4be8e02a76cfc4a59e6c3fb7f2e,src/test/java/org/logicng/cardinalityconstraints/CCPerformanceTest.java,0,0,0,0,0.0,0,3,0,0,1,0,0,0,0,0,0,0,0,0,0,0,0,1,0,1,0,0,False
7941,logic-ng/logicng,bb9eb88a768be4be8e02a76cfc4a59e6c3fb7f2e,src/test/java/org/logicng/cardinalityconstraints/CCALKTest.java,0,0,0,0,0.0,0,4,1,2,1,0,0,0,0,0,0,0,1,0,0,0,0,1,0,3,0,0,False
7942,logic-ng/logicng,bb9eb88a768be4be8e02a76cfc4a59e6c3fb7f2e,src/test/java/org/logicng/cardinalityconstraints/CCEXOTest.java,0,0,0,0,0.0,0,5,3,3,1,0,0,0,0,0,0,0,1,0,0,0,0,1,0,4,0,0,False
7943,logic-ng/logicng,bb9eb88a768be4be8e02a76cfc4a59e6c3fb7f2e,src/test/java/org/logicng/cardinalityconstraints/CCEXKTest.java,0,0,0,0,0.0,0,5,2,2,1,0,0,0,0,0,0,0,2,0,0,0,0,1,0,4,0,0,False
7944,logic-ng/logicng,bb9eb88a768be4be8e02a76cfc4a59e6c3fb7f2e,src/test/java/org/logicng/formulas/FormulaIteratorTest.java,0,0,0,0,0.0,0,27,9,0,0,0,0,18,0,0,0,0,0,0,0,9,0,0,0,27,0,0,False
7945,logic-ng/logicng,bb9eb88a768be4be8e02a76cfc4a59e6c3fb7f2e,src/test/java/org/logicng/formulas/FormulaListTest.java,0,0,0,0,0.0,0,18,10,1,0,0,0,1,0,0,0,2,1,0,0,0,0,0,0,18,0,0,False
7946,logic-ng/logicng,bb9eb88a768be4be8e02a76cfc4a59e6c3fb7f2e,src/test/java/org/logicng/formulas/CacheTest.java,0,0,0,0,0.0,0,2,2,0,0,0,0,0,0,0,0,0,0,0,0,0,0,0,0,2,0,0,False
7947,logic-ng/logicng,bb9eb88a768be4be8e02a76cfc4a59e6c3fb7f2e,src/test/java/org/logicng/formulas/EvaluationTest.java,0,0,0,0,0.0,0,5,5,0,0,0,0,1,0,0,0,0,0,0,0,0,0,0,0,5,0,0,False
7948,logic-ng/logicng,bb9eb88a768be4be8e02a76cfc4a59e6c3fb7f2e,src/test/java/org/logicng/formulas/NNFTest.java,0,0,0,0,0.0,0,5,5,0,0,0,0,3,0,0,0,0,0,0,0,1,0,0,0,5,0,0,False
7949,logic-ng/logicng,bb9eb88a768be4be8e02a76cfc4a59e6c3fb7f2e,src/test/java/org/logicng/formulas/RestrictionTest.java,0,0,0,0,0.0,0,5,5,0,0,0,0,1,0,0,0,0,0,0,0,0,0,0,0,5,0,0,False
7950,logic-ng/logicng,bb9eb88a768be4be8e02a76cfc4a59e6c3fb7f2e,src/test/java/org/logicng/predicates/satisfiability/PredicatesTest.java,0,0,0,0,0.0,0,9,9,0,0,0,0,0,0,0,0,0,1,0,0,0,0,0,0,9,0,0,False
7951,logic-ng/logicng,bb9eb88a768be4be8e02a76cfc4a59e6c3fb7f2e,src/test/java/org/logicng/configurations/ConfigurationsTest.java,0,0,0,0,0.0,0,1,1,0,0,0,0,0,0,0,0,0,0,0,0,0,0,0,0,1,0,0,False
7952,logic-ng/logicng,bb9eb88a768be4be8e02a76cfc4a59e6c3fb7f2e,src/test/java/org/logicng/explanations/drup/DRUPTest.java,0,0,0,0,0.0,0,7,4,5,1,0,0,6,0,2,0,0,0,0,0,2,0,0,2,6,0,0,False
7953,logic-ng/logicng,bb9eb88a768be4be8e02a76cfc4a59e6c3fb7f2e,src/test/java/org/logicng/datastructures/DatastructuresTest.java,0,0,0,0,0.0,0,2,1,0,0,0,0,0,0,0,0,0,1,0,0,0,0,0,0,2,0,0,False
7954,logic-ng/logicng,5017ba1eb0240d81a645872e3a36d13f4bdba43b,src/test/java/org/logicng/functions/VariableProfileTest.java,0,0,0,0,0.0,0,6,6,0,1,0,0,3,0,0,0,0,0,0,0,0,0,0,0,6,0,0,False
7955,logic-ng/logicng,5017ba1eb0240d81a645872e3a36d13f4bdba43b,src/test/java/org/logicng/functions/LiteralProfileTest.java,0,0,0,0,0.0,0,6,6,0,1,0,0,3,0,0,0,0,0,0,0,0,0,0,0,6,0,0,False
7956,logic-ng/logicng,5017ba1eb0240d81a645872e3a36d13f4bdba43b,src/test/java/org/logicng/functions/SubformulaTest.java,0,0,0,0,0.0,0,9,7,0,0,0,0,2,0,0,0,0,0,0,0,0,0,0,0,9,0,0,False
7957,logic-ng/logicng,5017ba1eb0240d81a645872e3a36d13f4bdba43b,src/test/java/org/logicng/io/FormulaWriterReaderTest.java,0,0,0,0,0.0,0,6,5,4,0,0,0,6,0,6,0,0,0,0,0,0,0,0,6,6,0,0,False
7958,logic-ng/logicng,5017ba1eb0240d81a645872e3a36d13f4bdba43b,src/test/java/org/logicng/graphs/algorithms/ConnectedComponentsComputerTest.java,0,0,0,0,0.0,0,2,2,2,0,0,0,2,0,0,0,0,0,0,0,0,0,0,0,2,0,0,False
7959,logic-ng/logicng,5017ba1eb0240d81a645872e3a36d13f4bdba43b,src/test/java/org/logicng/pseudobooleans/PBSolvingTest.java,0,0,0,0,0.0,0,17,7,12,1,0,0,0,0,0,0,0,0,0,0,4,5,5,0,12,0,0,False
7960,logic-ng/logicng,5017ba1eb0240d81a645872e3a36d13f4bdba43b,src/test/java/org/logicng/bdds/orderings/OccurrenceOrderingTest.java,0,0,0,0,0.0,0,4,2,0,0,0,0,4,0,0,0,0,0,0,0,0,0,0,0,4,0,0,False
7961,logic-ng/logicng,5017ba1eb0240d81a645872e3a36d13f4bdba43b,src/test/java/org/logicng/bdds/BDDModelEnumerationTest.java,0,0,0,0,0.0,0,6,4,2,1,0,0,0,0,0,0,0,0,0,0,0,0,0,0,5,0,0,False
7962,logic-ng/logicng,5017ba1eb0240d81a645872e3a36d13f4bdba43b,src/test/java/org/logicng/bdds/FormulaBDDTest.java,0,0,0,0,0.0,0,1,1,0,0,0,0,1,0,0,0,0,0,0,0,0,0,0,0,1,0,0,False
7963,logic-ng/logicng,5017ba1eb0240d81a645872e3a36d13f4bdba43b,src/test/java/org/logicng/bdds/BDDLowLevelTest.java,0,0,0,0,0.0,0,10,2,0,0,0,0,0,0,0,0,0,1,0,0,0,0,0,0,9,0,0,False
7964,logic-ng/logicng,5017ba1eb0240d81a645872e3a36d13f4bdba43b,src/test/java/org/logicng/bdds/BDDOperationsTest.java,0,0,0,0,0.0,0,11,10,0,0,0,0,3,0,0,0,0,0,0,0,0,0,0,0,10,0,0,False
7965,logic-ng/logicng,5017ba1eb0240d81a645872e3a36d13f4bdba43b,src/test/java/org/logicng/bdds/LargeBDDTest.java,0,0,0,0,0.0,0,4,0,0,0,0,0,0,0,0,0,0,0,0,0,0,2,2,0,2,0,0,False
7966,logic-ng/logicng,5017ba1eb0240d81a645872e3a36d13f4bdba43b,src/test/java/org/logicng/bdds/SimpleBDDTest.java,0,0,0,0,0.0,0,10,10,0,0,0,0,6,0,0,0,0,7,0,0,1,0,0,0,10,0,0,False
7967,logic-ng/logicng,5017ba1eb0240d81a645872e3a36d13f4bdba43b,src/test/java/org/logicng/transformations/AIGTest.java,0,0,0,0,0.0,0,7,6,0,0,0,0,3,0,0,0,0,1,0,0,1,0,0,0,7,0,0,False
7968,logic-ng/logicng,5017ba1eb0240d81a645872e3a36d13f4bdba43b,src/test/java/org/logicng/transformations/cnf/TseitinTest.java,0,0,0,0,0.0,0,9,7,0,0,0,0,4,0,0,0,0,1,0,0,1,0,0,0,8,0,0,False
7969,logic-ng/logicng,5017ba1eb0240d81a645872e3a36d13f4bdba43b,src/test/java/org/logicng/transformations/cnf/CNFTest.java,0,0,0,0,0.0,0,7,6,0,0,0,0,4,0,0,0,0,1,0,0,1,0,0,0,7,0,0,False
7970,logic-ng/logicng,5017ba1eb0240d81a645872e3a36d13f4bdba43b,src/test/java/org/logicng/transformations/cnf/PlaistedGreenbaumTest.java,0,0,0,0,0.0,0,11,9,0,0,0,0,6,0,0,0,0,1,0,0,1,0,0,0,10,0,0,False
7971,logic-ng/logicng,5017ba1eb0240d81a645872e3a36d13f4bdba43b,src/test/java/org/logicng/transformations/cnf/BDDCNFTest.java,0,0,0,0,0.0,0,8,7,0,0,0,0,4,0,0,0,0,0,0,0,1,0,0,0,7,0,0,False
7972,logic-ng/logicng,5017ba1eb0240d81a645872e3a36d13f4bdba43b,src/test/java/org/logicng/transformations/qmc/QuineMcCluskeyTest.java,0,0,0,0,0.0,0,15,13,3,0,0,0,13,0,0,0,0,0,0,0,4,0,0,0,14,0,0,False
7973,logic-ng/logicng,5017ba1eb0240d81a645872e3a36d13f4bdba43b,src/test/java/org/logicng/transformations/qe/QETest.java,0,0,0,0,0.0,0,3,3,0,0,0,0,1,0,0,0,0,0,0,0,0,0,0,0,3,0,0,False
7974,logic-ng/logicng,5017ba1eb0240d81a645872e3a36d13f4bdba43b,src/test/java/org/logicng/solvers/sat/IncDecTest.java,0,0,0,0,0.0,0,2,2,2,1,0,0,1,0,0,0,0,1,0,0,2,0,0,0,2,0,0,False
7975,logic-ng/logicng,5017ba1eb0240d81a645872e3a36d13f4bdba43b,src/test/java/org/logicng/solvers/sat/AssumeTest.java,0,0,0,0,0.0,0,1,1,1,1,0,0,1,0,0,0,0,0,0,0,0,0,0,0,1,0,0,False
7976,logic-ng/logicng,5017ba1eb0240d81a645872e3a36d13f4bdba43b,src/test/java/org/logicng/solvers/sat/SATTest.java,0,0,0,0,0.0,0,44,25,31,1,0,0,7,0,1,0,0,3,0,0,7,0,0,1,43,0,0,False
7977,logic-ng/logicng,5017ba1eb0240d81a645872e3a36d13f4bdba43b,src/test/java/org/logicng/solvers/sat/ConfigurationsTest.java,0,0,0,0,0.0,0,5,0,0,0,0,0,0,0,0,0,0,4,0,0,0,0,0,0,5,0,0,False
7978,logic-ng/logicng,5017ba1eb0240d81a645872e3a36d13f4bdba43b,src/test/java/org/logicng/solvers/maxsat/MaxSATClassTest.java,0,0,0,0,0.0,0,3,3,0,0,0,0,0,0,0,0,0,1,0,0,0,0,0,0,3,0,0,False
7979,logic-ng/logicng,5017ba1eb0240d81a645872e3a36d13f4bdba43b,src/test/java/org/logicng/solvers/maxsat/PureMaxSATTest.java,0,0,0,0,0.0,0,10,7,6,1,0,0,8,0,0,0,0,2,0,0,5,0,0,0,9,0,0,False
7980,logic-ng/logicng,5017ba1eb0240d81a645872e3a36d13f4bdba43b,src/test/java/org/logicng/solvers/maxsat/PartialMaxSATTest.java,0,0,0,0,0.0,0,8,7,5,1,0,0,7,0,0,0,0,0,0,0,0,0,0,0,7,0,0,False
7981,logic-ng/logicng,5017ba1eb0240d81a645872e3a36d13f4bdba43b,src/test/java/org/logicng/solvers/maxsat/PartialWeightedMaxSATTest.java,0,0,0,0,0.0,0,7,6,6,1,0,0,6,0,0,0,0,0,0,0,0,0,0,0,6,0,0,False
7982,logic-ng/logicng,5017ba1eb0240d81a645872e3a36d13f4bdba43b,src/test/java/org/logicng/solvers/maxsat/encodings/EncodingsTest.java,0,0,0,0,0.0,0,5,3,0,0,0,0,0,0,0,0,0,5,0,0,0,0,0,0,5,0,0,False
7983,logic-ng/logicng,5017ba1eb0240d81a645872e3a36d13f4bdba43b,src/test/java/org/logicng/solvers/datastructures/SolversDatastructuresTest.java,0,0,0,0,0.0,0,13,3,0,0,0,0,0,0,0,0,2,12,0,0,0,0,0,0,13,0,0,False
7984,logic-ng/logicng,5017ba1eb0240d81a645872e3a36d13f4bdba43b,src/test/java/org/logicng/cardinalityconstraints/CCAMOTest.java,0,0,0,0,0.0,0,6,3,3,1,0,0,0,0,0,0,0,1,0,0,0,0,1,0,5,0,0,False
7985,logic-ng/logicng,5017ba1eb0240d81a645872e3a36d13f4bdba43b,src/test/java/org/logicng/cardinalityconstraints/CCIncrementalFormulaTest.java,0,0,0,0,0.0,0,8,4,6,1,0,0,0,0,0,0,0,2,0,0,3,0,1,0,7,0,0,False
7986,logic-ng/logicng,5017ba1eb0240d81a645872e3a36d13f4bdba43b,src/test/java/org/logicng/cardinalityconstraints/CCAMKTest.java,0,0,0,0,0.0,0,8,1,3,1,0,0,0,0,0,0,0,1,0,0,0,0,1,0,7,0,0,False
7987,logic-ng/logicng,5017ba1eb0240d81a645872e3a36d13f4bdba43b,src/test/java/org/logicng/cardinalityconstraints/CCIncrementalSolverTest.java,0,0,0,0,0.0,0,6,2,5,1,0,0,0,0,0,0,0,0,0,0,2,0,1,0,5,0,0,False
7988,logic-ng/logicng,5017ba1eb0240d81a645872e3a36d13f4bdba43b,src/test/java/org/logicng/cardinalityconstraints/CCPerformanceTest.java,0,0,0,0,0.0,0,3,0,0,1,0,0,0,0,0,0,0,0,0,0,0,0,1,0,1,0,0,False
7989,logic-ng/logicng,5017ba1eb0240d81a645872e3a36d13f4bdba43b,src/test/java/org/logicng/cardinalityconstraints/CCALKTest.java,0,0,0,0,0.0,0,4,1,2,1,0,0,0,0,0,0,0,1,0,0,0,0,1,0,3,0,0,False
7990,logic-ng/logicng,5017ba1eb0240d81a645872e3a36d13f4bdba43b,src/test/java/org/logicng/cardinalityconstraints/CCEXOTest.java,0,0,0,0,0.0,0,5,3,3,1,0,0,0,0,0,0,0,1,0,0,0,0,1,0,4,0,0,False
7991,logic-ng/logicng,5017ba1eb0240d81a645872e3a36d13f4bdba43b,src/test/java/org/logicng/cardinalityconstraints/CCEXKTest.java,0,0,0,0,0.0,0,5,2,2,1,0,0,0,0,0,0,0,2,0,0,0,0,1,0,4,0,0,False
7992,logic-ng/logicng,5017ba1eb0240d81a645872e3a36d13f4bdba43b,src/test/java/org/logicng/formulas/FormulaIteratorTest.java,0,0,0,0,0.0,0,27,9,0,0,0,0,18,0,0,0,0,0,0,0,9,0,0,0,27,0,0,False
7993,logic-ng/logicng,5017ba1eb0240d81a645872e3a36d13f4bdba43b,src/test/java/org/logicng/formulas/FormulaListTest.java,0,0,0,0,0.0,0,18,10,1,0,0,0,1,0,0,0,2,1,0,0,0,0,0,0,18,0,0,False
7994,logic-ng/logicng,5017ba1eb0240d81a645872e3a36d13f4bdba43b,src/test/java/org/logicng/formulas/CacheTest.java,0,0,0,0,0.0,0,2,2,0,0,0,0,0,0,0,0,0,0,0,0,0,0,0,0,2,0,0,False
7995,logic-ng/logicng,5017ba1eb0240d81a645872e3a36d13f4bdba43b,src/test/java/org/logicng/formulas/EvaluationTest.java,0,0,0,0,0.0,0,5,5,0,0,0,0,1,0,0,0,0,0,0,0,0,0,0,0,5,0,0,False
7996,logic-ng/logicng,5017ba1eb0240d81a645872e3a36d13f4bdba43b,src/test/java/org/logicng/formulas/NNFTest.java,0,0,0,0,0.0,0,5,5,0,0,0,0,3,0,0,0,0,0,0,0,1,0,0,0,5,0,0,False
7997,logic-ng/logicng,5017ba1eb0240d81a645872e3a36d13f4bdba43b,src/test/java/org/logicng/formulas/RestrictionTest.java,0,0,0,0,0.0,0,5,5,0,0,0,0,1,0,0,0,0,0,0,0,0,0,0,0,5,0,0,False
7998,logic-ng/logicng,5017ba1eb0240d81a645872e3a36d13f4bdba43b,src/test/java/org/logicng/predicates/satisfiability/PredicatesTest.java,0,0,0,0,0.0,0,9,9,0,0,0,0,0,0,0,0,0,1,0,0,0,0,0,0,9,0,0,False
7999,logic-ng/logicng,5017ba1eb0240d81a645872e3a36d13f4bdba43b,src/test/java/org/logicng/configurations/ConfigurationsTest.java,0,0,0,0,0.0,0,1,1,0,0,0,0,0,0,0,0,0,0,0,0,0,0,0,0,1,0,0,False
8000,logic-ng/logicng,5017ba1eb0240d81a645872e3a36d13f4bdba43b,src/test/java/org/logicng/explanations/drup/DRUPTest.java,0,0,0,0,0.0,0,7,4,5,1,0,0,6,0,2,0,0,0,0,0,2,0,0,2,6,0,0,False
8001,logic-ng/logicng,5017ba1eb0240d81a645872e3a36d13f4bdba43b,src/test/java/org/logicng/datastructures/DatastructuresTest.java,0,0,0,0,0.0,0,2,1,0,0,0,0,0,0,0,0,0,1,0,0,0,0,0,0,2,0,0,False
8002,logic-ng/logicng,976c57f376630c30dbe7a73010cef0c9672caf09,src/test/java/org/logicng/functions/VariableProfileTest.java,0,0,0,0,0.0,0,6,6,0,1,0,0,3,0,0,0,0,0,0,0,0,0,0,0,6,0,0,False
8003,logic-ng/logicng,976c57f376630c30dbe7a73010cef0c9672caf09,src/test/java/org/logicng/functions/LiteralProfileTest.java,0,0,0,0,0.0,0,6,6,0,1,0,0,3,0,0,0,0,0,0,0,0,0,0,0,6,0,0,False
8004,logic-ng/logicng,976c57f376630c30dbe7a73010cef0c9672caf09,src/test/java/org/logicng/functions/SubformulaTest.java,0,0,0,0,0.0,0,9,7,0,0,0,0,2,0,0,0,0,0,0,0,0,0,0,0,9,0,0,False
8005,logic-ng/logicng,976c57f376630c30dbe7a73010cef0c9672caf09,src/test/java/org/logicng/io/FormulaWriterReaderTest.java,0,0,0,0,0.0,0,6,5,4,0,0,0,6,0,6,0,0,0,0,0,0,0,0,6,6,0,0,False
8006,logic-ng/logicng,976c57f376630c30dbe7a73010cef0c9672caf09,src/test/java/org/logicng/graphs/algorithms/ConnectedComponentsComputerTest.java,0,0,0,0,0.0,0,2,2,2,0,0,0,2,0,0,0,0,0,0,0,0,0,0,0,2,0,0,False
8007,logic-ng/logicng,976c57f376630c30dbe7a73010cef0c9672caf09,src/test/java/org/logicng/pseudobooleans/PBSolvingTest.java,0,0,0,0,0.0,0,17,7,12,1,0,0,0,0,0,0,0,0,0,0,4,5,5,0,12,0,0,False
8008,logic-ng/logicng,976c57f376630c30dbe7a73010cef0c9672caf09,src/test/java/org/logicng/bdds/orderings/OccurrenceOrderingTest.java,0,0,0,0,0.0,0,4,2,0,0,0,0,4,0,0,0,0,0,0,0,0,0,0,0,4,0,0,False
8009,logic-ng/logicng,976c57f376630c30dbe7a73010cef0c9672caf09,src/test/java/org/logicng/bdds/BDDModelEnumerationTest.java,0,0,0,0,0.0,0,6,4,2,1,0,0,0,0,0,0,0,0,0,0,0,0,0,0,5,0,0,False
8010,logic-ng/logicng,976c57f376630c30dbe7a73010cef0c9672caf09,src/test/java/org/logicng/bdds/FormulaBDDTest.java,0,0,0,0,0.0,0,1,1,0,0,0,0,1,0,0,0,0,0,0,0,0,0,0,0,1,0,0,False
8011,logic-ng/logicng,976c57f376630c30dbe7a73010cef0c9672caf09,src/test/java/org/logicng/bdds/BDDLowLevelTest.java,0,0,0,0,0.0,0,10,2,0,0,0,0,0,0,0,0,0,1,0,0,0,0,0,0,9,0,0,False
8012,logic-ng/logicng,976c57f376630c30dbe7a73010cef0c9672caf09,src/test/java/org/logicng/bdds/BDDOperationsTest.java,0,0,0,0,0.0,0,11,10,0,0,0,0,3,0,0,0,0,0,0,0,0,0,0,0,10,0,0,False
8013,logic-ng/logicng,976c57f376630c30dbe7a73010cef0c9672caf09,src/test/java/org/logicng/bdds/LargeBDDTest.java,0,0,0,0,0.0,0,4,0,0,0,0,0,0,0,0,0,0,0,0,0,0,2,2,0,2,0,0,False
8014,logic-ng/logicng,976c57f376630c30dbe7a73010cef0c9672caf09,src/test/java/org/logicng/bdds/SimpleBDDTest.java,0,0,0,0,0.0,0,10,10,0,0,0,0,6,0,0,0,0,7,0,0,1,0,0,0,10,0,0,False
8015,logic-ng/logicng,976c57f376630c30dbe7a73010cef0c9672caf09,src/test/java/org/logicng/transformations/AIGTest.java,0,0,0,0,0.0,0,7,6,0,0,0,0,3,0,0,0,0,1,0,0,1,0,0,0,7,0,0,False
8016,logic-ng/logicng,976c57f376630c30dbe7a73010cef0c9672caf09,src/test/java/org/logicng/transformations/cnf/TseitinTest.java,0,0,0,0,0.0,0,9,7,0,0,0,0,5,0,0,0,0,1,0,0,1,0,0,0,8,0,0,False
8017,logic-ng/logicng,976c57f376630c30dbe7a73010cef0c9672caf09,src/test/java/org/logicng/transformations/cnf/CNFTest.java,0,0,0,0,0.0,0,7,6,0,0,0,0,4,0,0,0,0,1,0,0,1,0,0,0,7,0,0,False
8018,logic-ng/logicng,976c57f376630c30dbe7a73010cef0c9672caf09,src/test/java/org/logicng/transformations/cnf/PlaistedGreenbaumTest.java,0,0,0,0,0.0,0,11,9,0,0,0,0,7,0,0,0,0,1,0,0,1,0,0,0,10,0,0,False
8019,logic-ng/logicng,976c57f376630c30dbe7a73010cef0c9672caf09,src/test/java/org/logicng/transformations/cnf/BDDCNFTest.java,0,0,0,0,0.0,0,8,7,0,0,0,0,4,0,0,0,0,0,0,0,1,0,0,0,7,0,0,False
8020,logic-ng/logicng,976c57f376630c30dbe7a73010cef0c9672caf09,src/test/java/org/logicng/transformations/qmc/QuineMcCluskeyTest.java,0,0,0,0,0.0,0,14,12,3,0,0,0,12,0,0,0,0,0,0,0,4,0,0,0,13,0,0,False
8021,logic-ng/logicng,976c57f376630c30dbe7a73010cef0c9672caf09,src/test/java/org/logicng/transformations/qe/QETest.java,0,0,0,0,0.0,0,3,3,0,0,0,0,1,0,0,0,0,0,0,0,0,0,0,0,3,0,0,False
8022,logic-ng/logicng,976c57f376630c30dbe7a73010cef0c9672caf09,src/test/java/org/logicng/solvers/sat/IncDecTest.java,0,0,0,0,0.0,0,2,2,2,1,0,0,1,0,0,0,0,1,0,0,2,0,0,0,2,0,0,False
8023,logic-ng/logicng,976c57f376630c30dbe7a73010cef0c9672caf09,src/test/java/org/logicng/solvers/sat/AssumeTest.java,0,0,0,0,0.0,0,1,1,1,1,0,0,1,0,0,0,0,0,0,0,0,0,0,0,1,0,0,False
8024,logic-ng/logicng,976c57f376630c30dbe7a73010cef0c9672caf09,src/test/java/org/logicng/solvers/sat/SATTest.java,0,0,0,0,0.0,0,44,25,31,1,0,0,10,0,1,0,0,3,0,0,7,0,0,1,43,0,0,False
8025,logic-ng/logicng,976c57f376630c30dbe7a73010cef0c9672caf09,src/test/java/org/logicng/solvers/sat/ConfigurationsTest.java,0,0,0,0,0.0,0,5,0,0,0,0,0,0,0,0,0,0,4,0,0,0,0,0,0,5,0,0,False
8026,logic-ng/logicng,976c57f376630c30dbe7a73010cef0c9672caf09,src/test/java/org/logicng/solvers/maxsat/MaxSATClassTest.java,0,0,0,0,0.0,0,3,3,0,0,0,0,0,0,0,0,0,1,0,0,0,0,0,0,3,0,0,False
8027,logic-ng/logicng,976c57f376630c30dbe7a73010cef0c9672caf09,src/test/java/org/logicng/solvers/maxsat/PureMaxSATTest.java,0,0,0,0,0.0,0,10,7,6,1,0,0,8,0,0,0,0,2,0,0,5,0,0,0,9,0,0,False
8028,logic-ng/logicng,976c57f376630c30dbe7a73010cef0c9672caf09,src/test/java/org/logicng/solvers/maxsat/PartialMaxSATTest.java,0,0,0,0,0.0,0,8,7,5,1,0,0,7,0,0,0,0,0,0,0,0,0,0,0,7,0,0,False
8029,logic-ng/logicng,976c57f376630c30dbe7a73010cef0c9672caf09,src/test/java/org/logicng/solvers/maxsat/PartialWeightedMaxSATTest.java,0,0,0,0,0.0,0,7,6,6,1,0,0,6,0,0,0,0,0,0,0,0,0,0,0,6,0,0,False
8030,logic-ng/logicng,976c57f376630c30dbe7a73010cef0c9672caf09,src/test/java/org/logicng/solvers/maxsat/encodings/EncodingsTest.java,0,0,0,0,0.0,0,5,3,0,0,0,0,0,0,0,0,0,5,0,0,0,0,0,0,5,0,0,False
8031,logic-ng/logicng,976c57f376630c30dbe7a73010cef0c9672caf09,src/test/java/org/logicng/solvers/datastructures/SolversDatastructuresTest.java,0,0,0,0,0.0,0,13,3,0,0,0,0,0,0,0,0,2,12,0,0,0,0,0,0,13,0,0,False
8032,logic-ng/logicng,976c57f376630c30dbe7a73010cef0c9672caf09,src/test/java/org/logicng/cardinalityconstraints/CCAMOTest.java,0,0,0,0,0.0,0,6,3,3,1,0,0,0,0,0,0,0,1,0,0,0,0,1,0,5,0,0,False
8033,logic-ng/logicng,976c57f376630c30dbe7a73010cef0c9672caf09,src/test/java/org/logicng/cardinalityconstraints/CCIncrementalFormulaTest.java,0,0,0,0,0.0,0,8,4,6,1,0,0,0,0,0,0,0,2,0,0,3,0,1,0,7,0,0,False
8034,logic-ng/logicng,976c57f376630c30dbe7a73010cef0c9672caf09,src/test/java/org/logicng/cardinalityconstraints/CCAMKTest.java,0,0,0,0,0.0,0,8,1,3,1,0,0,0,0,0,0,0,1,0,0,0,0,1,0,7,0,0,False
8035,logic-ng/logicng,976c57f376630c30dbe7a73010cef0c9672caf09,src/test/java/org/logicng/cardinalityconstraints/CCIncrementalSolverTest.java,0,0,0,0,0.0,0,6,2,5,1,0,0,0,0,0,0,0,0,0,0,2,0,1,0,5,0,0,False
8036,logic-ng/logicng,976c57f376630c30dbe7a73010cef0c9672caf09,src/test/java/org/logicng/cardinalityconstraints/CCPerformanceTest.java,0,0,0,0,0.0,0,3,0,0,1,0,0,0,0,0,0,0,0,0,0,0,0,1,0,1,0,0,False
8037,logic-ng/logicng,976c57f376630c30dbe7a73010cef0c9672caf09,src/test/java/org/logicng/cardinalityconstraints/CCALKTest.java,0,0,0,0,0.0,0,4,1,2,1,0,0,0,0,0,0,0,1,0,0,0,0,1,0,3,0,0,False
8038,logic-ng/logicng,976c57f376630c30dbe7a73010cef0c9672caf09,src/test/java/org/logicng/cardinalityconstraints/CCEXOTest.java,0,0,0,0,0.0,0,5,3,3,1,0,0,0,0,0,0,0,1,0,0,0,0,1,0,4,0,0,False
8039,logic-ng/logicng,976c57f376630c30dbe7a73010cef0c9672caf09,src/test/java/org/logicng/cardinalityconstraints/CCEXKTest.java,0,0,0,0,0.0,0,5,2,2,1,0,0,0,0,0,0,0,2,0,0,0,0,1,0,4,0,0,False
8040,logic-ng/logicng,976c57f376630c30dbe7a73010cef0c9672caf09,src/test/java/org/logicng/formulas/FormulaIteratorTest.java,0,0,0,0,0.0,0,27,9,0,0,0,0,27,0,0,0,0,0,0,0,9,0,0,0,27,0,0,False
8041,logic-ng/logicng,976c57f376630c30dbe7a73010cef0c9672caf09,src/test/java/org/logicng/formulas/FormulaListTest.java,0,0,0,0,0.0,0,18,10,1,0,0,0,1,0,0,0,2,1,0,0,0,0,0,0,18,0,0,False
8042,logic-ng/logicng,976c57f376630c30dbe7a73010cef0c9672caf09,src/test/java/org/logicng/formulas/CacheTest.java,0,0,0,0,0.0,0,2,2,0,0,0,0,0,0,0,0,0,0,0,0,0,0,0,0,2,0,0,False
8043,logic-ng/logicng,976c57f376630c30dbe7a73010cef0c9672caf09,src/test/java/org/logicng/formulas/EvaluationTest.java,0,0,0,0,0.0,0,5,5,0,0,0,0,1,0,0,0,0,0,0,0,0,0,0,0,5,0,0,False
8044,logic-ng/logicng,976c57f376630c30dbe7a73010cef0c9672caf09,src/test/java/org/logicng/formulas/NNFTest.java,0,0,0,0,0.0,0,5,5,0,0,0,0,3,0,0,0,0,0,0,0,1,0,0,0,5,0,0,False
8045,logic-ng/logicng,976c57f376630c30dbe7a73010cef0c9672caf09,src/test/java/org/logicng/formulas/RestrictionTest.java,0,0,0,0,0.0,0,5,5,0,0,0,0,1,0,0,0,0,0,0,0,0,0,0,0,5,0,0,False
8046,logic-ng/logicng,976c57f376630c30dbe7a73010cef0c9672caf09,src/test/java/org/logicng/predicates/satisfiability/PredicatesTest.java,0,0,0,0,0.0,0,9,9,0,0,0,0,0,0,0,0,0,1,0,0,0,0,0,0,9,0,0,False
8047,logic-ng/logicng,976c57f376630c30dbe7a73010cef0c9672caf09,src/test/java/org/logicng/configurations/ConfigurationsTest.java,0,0,0,0,0.0,0,1,1,0,0,0,0,0,0,0,0,0,0,0,0,0,0,0,0,1,0,0,False
8048,logic-ng/logicng,976c57f376630c30dbe7a73010cef0c9672caf09,src/test/java/org/logicng/explanations/drup/DRUPTest.java,0,0,0,0,0.0,0,7,4,5,1,0,0,6,0,2,0,0,0,0,0,2,0,0,2,6,0,0,False
8049,logic-ng/logicng,976c57f376630c30dbe7a73010cef0c9672caf09,src/test/java/org/logicng/datastructures/DatastructuresTest.java,0,0,0,0,0.0,0,2,1,0,0,0,0,0,0,0,0,0,1,0,0,0,0,0,0,2,0,0,False
8050,logic-ng/logicng,651ec94b0182fc342a55ace616e81e8525243813,src/test/java/org/logicng/functions/VariableProfileTest.java,0,0,0,0,0.0,0,6,6,0,1,0,0,3,0,0,0,0,0,0,0,0,0,0,0,6,0,0,False
8051,logic-ng/logicng,651ec94b0182fc342a55ace616e81e8525243813,src/test/java/org/logicng/functions/LiteralProfileTest.java,0,0,0,0,0.0,0,6,6,0,1,0,0,3,0,0,0,0,0,0,0,0,0,0,0,6,0,0,False
8052,logic-ng/logicng,651ec94b0182fc342a55ace616e81e8525243813,src/test/java/org/logicng/functions/SubformulaTest.java,0,0,0,0,0.0,0,9,7,0,0,0,0,2,0,0,0,0,0,0,0,0,0,0,0,9,0,0,False
8053,logic-ng/logicng,651ec94b0182fc342a55ace616e81e8525243813,src/test/java/org/logicng/io/FormulaWriterReaderTest.java,0,0,0,0,0.0,0,6,5,4,0,0,0,6,0,6,0,0,0,0,0,0,0,0,6,6,0,0,False
8054,logic-ng/logicng,651ec94b0182fc342a55ace616e81e8525243813,src/test/java/org/logicng/graphs/algorithms/ConnectedComponentsComputerTest.java,0,0,0,0,0.0,0,2,2,2,0,0,0,2,0,0,0,0,0,0,0,0,0,0,0,2,0,0,False
8055,logic-ng/logicng,651ec94b0182fc342a55ace616e81e8525243813,src/test/java/org/logicng/pseudobooleans/PBSolvingTest.java,0,0,0,0,0.0,0,17,7,12,1,0,0,0,0,0,0,0,0,0,0,4,5,5,0,12,0,0,False
8056,logic-ng/logicng,651ec94b0182fc342a55ace616e81e8525243813,src/test/java/org/logicng/transformations/AIGTest.java,0,0,0,0,0.0,0,7,6,0,0,0,0,3,0,0,0,0,1,0,0,1,0,0,0,7,0,0,False
8057,logic-ng/logicng,651ec94b0182fc342a55ace616e81e8525243813,src/test/java/org/logicng/transformations/cnf/TseitinTest.java,0,0,0,0,0.0,0,9,7,0,0,0,0,5,0,0,0,0,1,0,0,1,0,0,0,8,0,0,False
8058,logic-ng/logicng,651ec94b0182fc342a55ace616e81e8525243813,src/test/java/org/logicng/transformations/cnf/CNFTest.java,0,0,0,0,0.0,0,7,6,0,0,0,0,4,0,0,0,0,1,0,0,1,0,0,0,7,0,0,False
8059,logic-ng/logicng,651ec94b0182fc342a55ace616e81e8525243813,src/test/java/org/logicng/transformations/cnf/PlaistedGreenbaumTest.java,0,0,0,0,0.0,0,11,9,0,0,0,0,7,0,0,0,0,1,0,0,1,0,0,0,10,0,0,False
8060,logic-ng/logicng,651ec94b0182fc342a55ace616e81e8525243813,src/test/java/org/logicng/transformations/qe/QETest.java,0,0,0,0,0.0,0,3,3,0,0,0,0,1,0,0,0,0,0,0,0,0,0,0,0,3,0,0,False
8061,logic-ng/logicng,651ec94b0182fc342a55ace616e81e8525243813,src/test/java/org/logicng/transformations/dnf/DNFTest.java,0,0,0,0,0.0,0,8,7,0,0,0,0,5,0,0,0,0,1,0,0,1,0,0,0,8,0,0,False
8062,logic-ng/logicng,651ec94b0182fc342a55ace616e81e8525243813,src/test/java/org/logicng/solvers/sat/IncDecTest.java,0,0,0,0,0.0,0,2,2,2,1,0,0,1,0,0,0,0,1,0,0,2,0,0,0,2,0,0,False
8063,logic-ng/logicng,651ec94b0182fc342a55ace616e81e8525243813,src/test/java/org/logicng/solvers/sat/AssumeTest.java,0,0,0,0,0.0,0,1,1,1,1,0,0,1,0,0,0,0,0,0,0,0,0,0,0,1,0,0,False
8064,logic-ng/logicng,651ec94b0182fc342a55ace616e81e8525243813,src/test/java/org/logicng/solvers/sat/SATTest.java,0,0,0,0,0.0,0,44,25,31,1,0,0,10,0,1,0,0,3,0,0,7,0,0,1,43,0,0,False
8065,logic-ng/logicng,651ec94b0182fc342a55ace616e81e8525243813,src/test/java/org/logicng/solvers/sat/ConfigurationsTest.java,0,0,0,0,0.0,0,5,0,0,0,0,0,0,0,0,0,0,4,0,0,0,0,0,0,5,0,0,False
8066,logic-ng/logicng,651ec94b0182fc342a55ace616e81e8525243813,src/test/java/org/logicng/solvers/maxsat/MaxSATClassTest.java,0,0,0,0,0.0,0,3,3,0,0,0,0,0,0,0,0,0,1,0,0,0,0,0,0,3,0,0,False
8067,logic-ng/logicng,651ec94b0182fc342a55ace616e81e8525243813,src/test/java/org/logicng/solvers/maxsat/PureMaxSATTest.java,0,0,0,0,0.0,0,10,7,6,1,0,0,8,0,0,0,0,2,0,0,5,0,0,0,9,0,0,False
8068,logic-ng/logicng,651ec94b0182fc342a55ace616e81e8525243813,src/test/java/org/logicng/solvers/maxsat/PartialMaxSATTest.java,0,0,0,0,0.0,0,8,7,5,1,0,0,7,0,0,0,0,0,0,0,0,0,0,0,7,0,0,False
8069,logic-ng/logicng,651ec94b0182fc342a55ace616e81e8525243813,src/test/java/org/logicng/solvers/maxsat/PartialWeightedMaxSATTest.java,0,0,0,0,0.0,0,7,6,6,1,0,0,6,0,0,0,0,0,0,0,0,0,0,0,6,0,0,False
8070,logic-ng/logicng,651ec94b0182fc342a55ace616e81e8525243813,src/test/java/org/logicng/solvers/maxsat/encodings/EncodingsTest.java,0,0,0,0,0.0,0,5,3,0,0,0,0,0,0,0,0,0,5,0,0,0,0,0,0,5,0,0,False
8071,logic-ng/logicng,651ec94b0182fc342a55ace616e81e8525243813,src/test/java/org/logicng/solvers/datastructures/SolversDatastructuresTest.java,0,0,0,0,0.0,0,13,3,0,0,0,0,0,0,0,0,2,12,0,0,0,0,0,0,13,0,0,False
8072,logic-ng/logicng,651ec94b0182fc342a55ace616e81e8525243813,src/test/java/org/logicng/cardinalityconstraints/CCAMOTest.java,0,0,0,0,0.0,0,6,3,3,1,0,0,0,0,0,0,0,1,0,0,0,0,1,0,5,0,0,False
8073,logic-ng/logicng,651ec94b0182fc342a55ace616e81e8525243813,src/test/java/org/logicng/cardinalityconstraints/CCIncrementalFormulaTest.java,0,0,0,0,0.0,0,8,4,6,1,0,0,0,0,0,0,0,2,0,0,3,0,1,0,7,0,0,False
8074,logic-ng/logicng,651ec94b0182fc342a55ace616e81e8525243813,src/test/java/org/logicng/cardinalityconstraints/CCAMKTest.java,0,0,0,0,0.0,0,8,1,3,1,0,0,0,0,0,0,0,1,0,0,0,0,1,0,7,0,0,False
8075,logic-ng/logicng,651ec94b0182fc342a55ace616e81e8525243813,src/test/java/org/logicng/cardinalityconstraints/CCIncrementalSolverTest.java,0,0,0,0,0.0,0,6,2,5,1,0,0,0,0,0,0,0,0,0,0,2,0,1,0,5,0,0,False
8076,logic-ng/logicng,651ec94b0182fc342a55ace616e81e8525243813,src/test/java/org/logicng/cardinalityconstraints/CCPerformanceTest.java,0,0,0,0,0.0,0,3,0,0,1,0,0,0,0,0,0,0,0,0,0,0,0,1,0,1,0,0,False
8077,logic-ng/logicng,651ec94b0182fc342a55ace616e81e8525243813,src/test/java/org/logicng/cardinalityconstraints/CCALKTest.java,0,0,0,0,0.0,0,4,1,2,1,0,0,0,0,0,0,0,1,0,0,0,0,1,0,3,0,0,False
8078,logic-ng/logicng,651ec94b0182fc342a55ace616e81e8525243813,src/test/java/org/logicng/cardinalityconstraints/CCEXOTest.java,0,0,0,0,0.0,0,5,3,3,1,0,0,0,0,0,0,0,1,0,0,0,0,1,0,4,0,0,False
8079,logic-ng/logicng,651ec94b0182fc342a55ace616e81e8525243813,src/test/java/org/logicng/cardinalityconstraints/CCEXKTest.java,0,0,0,0,0.0,0,5,2,2,1,0,0,0,0,0,0,0,2,0,0,0,0,1,0,4,0,0,False
8080,logic-ng/logicng,651ec94b0182fc342a55ace616e81e8525243813,src/test/java/org/logicng/formulas/FormulaIteratorTest.java,0,0,0,0,0.0,0,27,9,0,0,0,0,27,0,0,0,0,0,0,0,9,0,0,0,27,0,0,False
8081,logic-ng/logicng,651ec94b0182fc342a55ace616e81e8525243813,src/test/java/org/logicng/formulas/FormulaListTest.java,0,0,0,0,0.0,0,18,10,1,0,0,0,1,0,0,0,2,1,0,0,0,0,0,0,18,0,0,False
8082,logic-ng/logicng,651ec94b0182fc342a55ace616e81e8525243813,src/test/java/org/logicng/formulas/CacheTest.java,0,0,0,0,0.0,0,2,2,0,0,0,0,0,0,0,0,0,0,0,0,0,0,0,0,2,0,0,False
8083,logic-ng/logicng,651ec94b0182fc342a55ace616e81e8525243813,src/test/java/org/logicng/formulas/EvaluationTest.java,0,0,0,0,0.0,0,5,5,0,0,0,0,1,0,0,0,0,0,0,0,0,0,0,0,5,0,0,False
8084,logic-ng/logicng,651ec94b0182fc342a55ace616e81e8525243813,src/test/java/org/logicng/formulas/NNFTest.java,0,0,0,0,0.0,0,5,5,0,0,0,0,3,0,0,0,0,0,0,0,1,0,0,0,5,0,0,False
8085,logic-ng/logicng,651ec94b0182fc342a55ace616e81e8525243813,src/test/java/org/logicng/formulas/RestrictionTest.java,0,0,0,0,0.0,0,5,5,0,0,0,0,1,0,0,0,0,0,0,0,0,0,0,0,5,0,0,False
8086,logic-ng/logicng,651ec94b0182fc342a55ace616e81e8525243813,src/test/java/org/logicng/predicates/satisfiability/PredicatesTest.java,0,0,0,0,0.0,0,9,9,0,0,0,0,0,0,0,0,0,1,0,0,0,0,0,0,9,0,0,False
8087,logic-ng/logicng,651ec94b0182fc342a55ace616e81e8525243813,src/test/java/org/logicng/configurations/ConfigurationsTest.java,0,0,0,0,0.0,0,1,1,0,0,0,0,0,0,0,0,0,0,0,0,0,0,0,0,1,0,0,False
8088,logic-ng/logicng,651ec94b0182fc342a55ace616e81e8525243813,src/test/java/org/logicng/explanations/drup/DRUPTest.java,0,0,0,0,0.0,0,7,4,5,1,0,0,6,0,2,0,0,0,0,0,2,0,0,2,6,0,0,False
8089,logic-ng/logicng,651ec94b0182fc342a55ace616e81e8525243813,src/test/java/org/logicng/datastructures/DatastructuresTest.java,0,0,0,0,0.0,0,2,1,0,0,0,0,0,0,0,0,0,1,0,0,0,0,0,0,2,0,0,False
8090,logic-ng/logicng,056a86aaa5548661940b9395030c3ffb448b11e5,src/test/java/org/logicng/functions/VariableProfileTest.java,0,0,0,0,0.0,0,6,6,0,1,0,0,3,0,0,0,0,0,0,0,0,0,0,0,6,0,0,False
8091,logic-ng/logicng,056a86aaa5548661940b9395030c3ffb448b11e5,src/test/java/org/logicng/functions/LiteralProfileTest.java,0,0,0,0,0.0,0,6,6,0,1,0,0,3,0,0,0,0,0,0,0,0,0,0,0,6,0,0,False
8092,logic-ng/logicng,056a86aaa5548661940b9395030c3ffb448b11e5,src/test/java/org/logicng/functions/SubformulaTest.java,0,0,0,0,0.0,0,9,7,0,0,0,0,2,0,0,0,0,0,0,0,0,0,0,0,9,0,0,False
8093,logic-ng/logicng,056a86aaa5548661940b9395030c3ffb448b11e5,src/test/java/org/logicng/io/FormulaWriterReaderTest.java,0,0,0,0,0.0,0,6,5,4,0,0,0,6,0,6,0,0,0,0,0,0,0,0,6,6,0,0,False
8094,logic-ng/logicng,056a86aaa5548661940b9395030c3ffb448b11e5,src/test/java/org/logicng/graphs/algorithms/ConnectedComponentsComputerTest.java,0,0,0,0,0.0,0,2,2,2,0,0,0,2,0,0,0,0,0,0,0,0,0,0,0,2,0,0,False
8095,logic-ng/logicng,056a86aaa5548661940b9395030c3ffb448b11e5,src/test/java/org/logicng/pseudobooleans/PBSolvingTest.java,0,0,0,0,0.0,0,17,7,12,1,0,0,0,0,0,0,0,0,0,0,4,5,5,0,12,0,0,False
8096,logic-ng/logicng,056a86aaa5548661940b9395030c3ffb448b11e5,src/test/java/org/logicng/transformations/AIGTest.java,0,0,0,0,0.0,0,7,6,0,0,0,0,3,0,0,0,0,1,0,0,1,0,0,0,7,0,0,False
8097,logic-ng/logicng,056a86aaa5548661940b9395030c3ffb448b11e5,src/test/java/org/logicng/transformations/cnf/TseitinTest.java,0,0,0,0,0.0,0,9,7,0,0,0,0,5,0,0,0,0,1,0,0,1,0,0,0,8,0,0,False
8098,logic-ng/logicng,056a86aaa5548661940b9395030c3ffb448b11e5,src/test/java/org/logicng/transformations/cnf/CNFTest.java,0,0,0,0,0.0,0,7,6,0,0,0,0,4,0,0,0,0,1,0,0,1,0,0,0,7,0,0,False
8099,logic-ng/logicng,056a86aaa5548661940b9395030c3ffb448b11e5,src/test/java/org/logicng/transformations/cnf/PlaistedGreenbaumTest.java,0,0,0,0,0.0,0,11,9,0,0,0,0,7,0,0,0,0,1,0,0,1,0,0,0,10,0,0,False
8100,logic-ng/logicng,056a86aaa5548661940b9395030c3ffb448b11e5,src/test/java/org/logicng/transformations/qe/QETest.java,0,0,0,0,0.0,0,3,3,0,0,0,0,1,0,0,0,0,0,0,0,0,0,0,0,3,0,0,False
8101,logic-ng/logicng,056a86aaa5548661940b9395030c3ffb448b11e5,src/test/java/org/logicng/transformations/dnf/DNFTest.java,0,0,0,0,0.0,0,8,7,0,0,0,0,5,0,0,0,0,1,0,0,1,0,0,0,8,0,0,False
8102,logic-ng/logicng,056a86aaa5548661940b9395030c3ffb448b11e5,src/test/java/org/logicng/solvers/sat/IncDecTest.java,0,0,0,0,0.0,0,2,2,2,1,0,0,1,0,0,0,0,1,0,0,2,0,0,0,2,0,0,False
8103,logic-ng/logicng,056a86aaa5548661940b9395030c3ffb448b11e5,src/test/java/org/logicng/solvers/sat/AssumeTest.java,0,0,0,0,0.0,0,1,1,1,1,0,0,1,0,0,0,0,0,0,0,0,0,0,0,1,0,0,False
8104,logic-ng/logicng,056a86aaa5548661940b9395030c3ffb448b11e5,src/test/java/org/logicng/solvers/sat/SATTest.java,0,0,0,0,0.0,0,44,25,31,1,0,0,10,0,1,0,0,3,0,0,7,0,0,1,43,0,0,False
8105,logic-ng/logicng,056a86aaa5548661940b9395030c3ffb448b11e5,src/test/java/org/logicng/solvers/sat/ConfigurationsTest.java,0,0,0,0,0.0,0,5,0,0,0,0,0,0,0,0,0,0,4,0,0,0,0,0,0,5,0,0,False
8106,logic-ng/logicng,056a86aaa5548661940b9395030c3ffb448b11e5,src/test/java/org/logicng/solvers/maxsat/MaxSATClassTest.java,0,0,0,0,0.0,0,3,3,0,0,0,0,0,0,0,0,0,1,0,0,0,0,0,0,3,0,0,False
8107,logic-ng/logicng,056a86aaa5548661940b9395030c3ffb448b11e5,src/test/java/org/logicng/solvers/maxsat/PureMaxSATTest.java,0,0,0,0,0.0,0,10,7,6,1,0,0,8,0,0,0,0,2,0,0,5,0,0,0,9,0,0,False
8108,logic-ng/logicng,056a86aaa5548661940b9395030c3ffb448b11e5,src/test/java/org/logicng/solvers/maxsat/PartialMaxSATTest.java,0,0,0,0,0.0,0,8,7,5,1,0,0,7,0,0,0,0,0,0,0,0,0,0,0,7,0,0,False
8109,logic-ng/logicng,056a86aaa5548661940b9395030c3ffb448b11e5,src/test/java/org/logicng/solvers/maxsat/PartialWeightedMaxSATTest.java,0,0,0,0,0.0,0,7,6,6,1,0,0,6,0,0,0,0,0,0,0,0,0,0,0,6,0,0,False
8110,logic-ng/logicng,056a86aaa5548661940b9395030c3ffb448b11e5,src/test/java/org/logicng/solvers/maxsat/encodings/EncodingsTest.java,0,0,0,0,0.0,0,5,3,0,0,0,0,0,0,0,0,0,5,0,0,0,0,0,0,5,0,0,False
8111,logic-ng/logicng,056a86aaa5548661940b9395030c3ffb448b11e5,src/test/java/org/logicng/solvers/datastructures/SolversDatastructuresTest.java,0,0,0,0,0.0,0,13,3,0,0,0,0,0,0,0,0,2,12,0,0,0,0,0,0,13,0,0,False
8112,logic-ng/logicng,056a86aaa5548661940b9395030c3ffb448b11e5,src/test/java/org/logicng/cardinalityconstraints/CCAMOTest.java,0,0,0,0,0.0,0,6,3,3,1,0,0,0,0,0,0,0,1,0,0,0,0,1,0,5,0,0,False
8113,logic-ng/logicng,056a86aaa5548661940b9395030c3ffb448b11e5,src/test/java/org/logicng/cardinalityconstraints/CCIncrementalFormulaTest.java,0,0,0,0,0.0,0,8,4,6,1,0,0,0,0,0,0,0,2,0,0,3,0,1,0,7,0,0,False
8114,logic-ng/logicng,056a86aaa5548661940b9395030c3ffb448b11e5,src/test/java/org/logicng/cardinalityconstraints/CCAMKTest.java,0,0,0,0,0.0,0,8,1,3,1,0,0,0,0,0,0,0,1,0,0,0,0,1,0,7,0,0,False
8115,logic-ng/logicng,056a86aaa5548661940b9395030c3ffb448b11e5,src/test/java/org/logicng/cardinalityconstraints/CCIncrementalSolverTest.java,0,0,0,0,0.0,0,6,2,5,1,0,0,0,0,0,0,0,0,0,0,2,0,1,0,5,0,0,False
8116,logic-ng/logicng,056a86aaa5548661940b9395030c3ffb448b11e5,src/test/java/org/logicng/cardinalityconstraints/CCPerformanceTest.java,0,0,0,0,0.0,0,3,0,0,1,0,0,0,0,0,0,0,0,0,0,0,0,1,0,1,0,0,False
8117,logic-ng/logicng,056a86aaa5548661940b9395030c3ffb448b11e5,src/test/java/org/logicng/cardinalityconstraints/CCALKTest.java,0,0,0,0,0.0,0,4,1,2,1,0,0,0,0,0,0,0,1,0,0,0,0,1,0,3,0,0,False
8118,logic-ng/logicng,056a86aaa5548661940b9395030c3ffb448b11e5,src/test/java/org/logicng/cardinalityconstraints/CCEXOTest.java,0,0,0,0,0.0,0,5,3,3,1,0,0,0,0,0,0,0,1,0,0,0,0,1,0,4,0,0,False
8119,logic-ng/logicng,056a86aaa5548661940b9395030c3ffb448b11e5,src/test/java/org/logicng/cardinalityconstraints/CCEXKTest.java,0,0,0,0,0.0,0,5,2,2,1,0,0,0,0,0,0,0,2,0,0,0,0,1,0,4,0,0,False
8120,logic-ng/logicng,056a86aaa5548661940b9395030c3ffb448b11e5,src/test/java/org/logicng/formulas/FormulaIteratorTest.java,0,0,0,0,0.0,0,27,9,0,0,0,0,27,0,0,0,0,0,0,0,9,0,0,0,27,0,0,False
8121,logic-ng/logicng,056a86aaa5548661940b9395030c3ffb448b11e5,src/test/java/org/logicng/formulas/FormulaListTest.java,0,0,0,0,0.0,0,18,10,1,0,0,0,1,0,0,0,2,1,0,0,0,0,0,0,18,0,0,False
8122,logic-ng/logicng,056a86aaa5548661940b9395030c3ffb448b11e5,src/test/java/org/logicng/formulas/CacheTest.java,0,0,0,0,0.0,0,2,2,0,0,0,0,0,0,0,0,0,0,0,0,0,0,0,0,2,0,0,False
8123,logic-ng/logicng,056a86aaa5548661940b9395030c3ffb448b11e5,src/test/java/org/logicng/formulas/EvaluationTest.java,0,0,0,0,0.0,0,5,5,0,0,0,0,1,0,0,0,0,0,0,0,0,0,0,0,5,0,0,False
8124,logic-ng/logicng,056a86aaa5548661940b9395030c3ffb448b11e5,src/test/java/org/logicng/formulas/NNFTest.java,0,0,0,0,0.0,0,5,5,0,0,0,0,3,0,0,0,0,0,0,0,1,0,0,0,5,0,0,False
8125,logic-ng/logicng,056a86aaa5548661940b9395030c3ffb448b11e5,src/test/java/org/logicng/formulas/RestrictionTest.java,0,0,0,0,0.0,0,5,5,0,0,0,0,1,0,0,0,0,0,0,0,0,0,0,0,5,0,0,False
8126,logic-ng/logicng,056a86aaa5548661940b9395030c3ffb448b11e5,src/test/java/org/logicng/predicates/satisfiability/PredicatesTest.java,0,0,0,0,0.0,0,9,9,0,0,0,0,0,0,0,0,0,1,0,0,0,0,0,0,9,0,0,False
8127,logic-ng/logicng,056a86aaa5548661940b9395030c3ffb448b11e5,src/test/java/org/logicng/configurations/ConfigurationsTest.java,0,0,0,0,0.0,0,1,1,0,0,0,0,0,0,0,0,0,0,0,0,0,0,0,0,1,0,0,False
8128,logic-ng/logicng,056a86aaa5548661940b9395030c3ffb448b11e5,src/test/java/org/logicng/explanations/drup/DRUPTest.java,0,0,0,0,0.0,0,7,4,5,1,0,0,6,0,2,0,0,0,0,0,2,0,0,2,6,0,0,False
8129,logic-ng/logicng,056a86aaa5548661940b9395030c3ffb448b11e5,src/test/java/org/logicng/datastructures/DatastructuresTest.java,0,0,0,0,0.0,0,2,1,0,0,0,0,0,0,0,0,0,1,0,0,0,0,0,0,2,0,0,False
8130,logic-ng/logicng,295ff7d0dd0b49218404b1ca804263dbcd16b873,src/test/java/org/logicng/functions/VariableProfileTest.java,0,0,0,0,0.0,0,6,6,0,1,0,0,3,0,0,0,0,0,0,0,0,0,0,0,6,0,0,False
8131,logic-ng/logicng,295ff7d0dd0b49218404b1ca804263dbcd16b873,src/test/java/org/logicng/functions/LiteralProfileTest.java,0,0,0,0,0.0,0,6,6,0,1,0,0,3,0,0,0,0,0,0,0,0,0,0,0,6,0,0,False
8132,logic-ng/logicng,295ff7d0dd0b49218404b1ca804263dbcd16b873,src/test/java/org/logicng/functions/SubformulaTest.java,0,0,0,0,0.0,0,9,7,0,0,0,0,2,0,0,0,0,0,0,0,0,0,0,0,9,0,0,False
8133,logic-ng/logicng,295ff7d0dd0b49218404b1ca804263dbcd16b873,src/test/java/org/logicng/io/FormulaWriterReaderTest.java,0,0,0,0,0.0,0,6,5,4,0,0,0,6,0,6,0,0,0,0,0,0,0,0,6,6,0,0,False
8134,logic-ng/logicng,295ff7d0dd0b49218404b1ca804263dbcd16b873,src/test/java/org/logicng/graphs/algorithms/ConnectedComponentsComputerTest.java,0,0,0,0,0.0,0,2,2,2,0,0,0,2,0,0,0,0,0,0,0,0,0,0,0,2,0,0,False
8135,logic-ng/logicng,295ff7d0dd0b49218404b1ca804263dbcd16b873,src/test/java/org/logicng/pseudobooleans/PBSolvingTest.java,0,0,0,0,0.0,0,17,7,12,1,0,0,0,0,0,0,0,0,0,0,4,5,5,0,12,0,0,False
8136,logic-ng/logicng,295ff7d0dd0b49218404b1ca804263dbcd16b873,src/test/java/org/logicng/transformations/AIGTest.java,0,0,0,0,0.0,0,7,6,0,0,0,0,3,0,0,0,0,1,0,0,1,0,0,0,7,0,0,False
8137,logic-ng/logicng,295ff7d0dd0b49218404b1ca804263dbcd16b873,src/test/java/org/logicng/transformations/cnf/TseitinTest.java,0,0,0,0,0.0,0,9,7,0,0,0,0,5,0,0,0,0,1,0,0,1,0,0,0,8,0,0,False
8138,logic-ng/logicng,295ff7d0dd0b49218404b1ca804263dbcd16b873,src/test/java/org/logicng/transformations/cnf/CNFTest.java,0,0,0,0,0.0,0,7,6,0,0,0,0,4,0,0,0,0,1,0,0,1,0,0,0,7,0,0,False
8139,logic-ng/logicng,295ff7d0dd0b49218404b1ca804263dbcd16b873,src/test/java/org/logicng/transformations/cnf/PlaistedGreenbaumTest.java,0,0,0,0,0.0,0,11,9,0,0,0,0,7,0,0,0,0,1,0,0,1,0,0,0,10,0,0,False
8140,logic-ng/logicng,295ff7d0dd0b49218404b1ca804263dbcd16b873,src/test/java/org/logicng/transformations/qe/QETest.java,0,0,0,0,0.0,0,3,3,0,0,0,0,1,0,0,0,0,0,0,0,0,0,0,0,3,0,0,False
8141,logic-ng/logicng,295ff7d0dd0b49218404b1ca804263dbcd16b873,src/test/java/org/logicng/transformations/dnf/DNFTest.java,0,0,0,0,0.0,0,8,7,0,0,0,0,5,0,0,0,0,1,0,0,1,0,0,0,8,0,0,False
8142,logic-ng/logicng,295ff7d0dd0b49218404b1ca804263dbcd16b873,src/test/java/org/logicng/solvers/sat/IncDecTest.java,0,0,0,0,0.0,0,2,2,2,1,0,0,1,0,0,0,0,1,0,0,2,0,0,0,2,0,0,False
8143,logic-ng/logicng,295ff7d0dd0b49218404b1ca804263dbcd16b873,src/test/java/org/logicng/solvers/sat/AssumeTest.java,0,0,0,0,0.0,0,1,1,1,1,0,0,1,0,0,0,0,0,0,0,0,0,0,0,1,0,0,False
8144,logic-ng/logicng,295ff7d0dd0b49218404b1ca804263dbcd16b873,src/test/java/org/logicng/solvers/sat/SATTest.java,0,0,0,0,0.0,0,41,23,28,1,0,0,10,0,1,0,0,3,0,0,6,0,0,1,40,0,0,False
8145,logic-ng/logicng,295ff7d0dd0b49218404b1ca804263dbcd16b873,src/test/java/org/logicng/solvers/sat/ConfigurationsTest.java,0,0,0,0,0.0,0,5,0,0,0,0,0,0,0,0,0,0,4,0,0,0,0,0,0,5,0,0,False
8146,logic-ng/logicng,295ff7d0dd0b49218404b1ca804263dbcd16b873,src/test/java/org/logicng/solvers/maxsat/MaxSATClassTest.java,0,0,0,0,0.0,0,3,3,0,0,0,0,0,0,0,0,0,1,0,0,0,0,0,0,3,0,0,False
8147,logic-ng/logicng,295ff7d0dd0b49218404b1ca804263dbcd16b873,src/test/java/org/logicng/solvers/maxsat/PureMaxSATTest.java,0,0,0,0,0.0,0,10,7,6,1,0,0,8,0,0,0,0,2,0,0,5,0,0,0,9,0,0,False
8148,logic-ng/logicng,295ff7d0dd0b49218404b1ca804263dbcd16b873,src/test/java/org/logicng/solvers/maxsat/PartialMaxSATTest.java,0,0,0,0,0.0,0,8,7,5,1,0,0,7,0,0,0,0,0,0,0,0,0,0,0,7,0,0,False
8149,logic-ng/logicng,295ff7d0dd0b49218404b1ca804263dbcd16b873,src/test/java/org/logicng/solvers/maxsat/PartialWeightedMaxSATTest.java,0,0,0,0,0.0,0,7,6,6,1,0,0,6,0,0,0,0,0,0,0,0,0,0,0,6,0,0,False
8150,logic-ng/logicng,295ff7d0dd0b49218404b1ca804263dbcd16b873,src/test/java/org/logicng/solvers/maxsat/encodings/EncodingsTest.java,0,0,0,0,0.0,0,5,3,0,0,0,0,0,0,0,0,0,5,0,0,0,0,0,0,5,0,0,False
8151,logic-ng/logicng,295ff7d0dd0b49218404b1ca804263dbcd16b873,src/test/java/org/logicng/solvers/datastructures/SolversDatastructuresTest.java,0,0,0,0,0.0,0,13,3,0,0,0,0,0,0,0,0,2,12,0,0,0,0,0,0,13,0,0,False
8152,logic-ng/logicng,295ff7d0dd0b49218404b1ca804263dbcd16b873,src/test/java/org/logicng/cardinalityconstraints/CCAMOTest.java,0,0,0,0,0.0,0,6,3,3,1,0,0,0,0,0,0,0,1,0,0,0,0,1,0,5,0,0,False
8153,logic-ng/logicng,295ff7d0dd0b49218404b1ca804263dbcd16b873,src/test/java/org/logicng/cardinalityconstraints/CCIncrementalFormulaTest.java,0,0,0,0,0.0,0,8,4,6,1,0,0,0,0,0,0,0,2,0,0,3,0,1,0,7,0,0,False
8154,logic-ng/logicng,295ff7d0dd0b49218404b1ca804263dbcd16b873,src/test/java/org/logicng/cardinalityconstraints/CCAMKTest.java,0,0,0,0,0.0,0,8,1,3,1,0,0,0,0,0,0,0,1,0,0,0,0,1,0,7,0,0,False
8155,logic-ng/logicng,295ff7d0dd0b49218404b1ca804263dbcd16b873,src/test/java/org/logicng/cardinalityconstraints/CCIncrementalSolverTest.java,0,0,0,0,0.0,0,6,2,5,1,0,0,0,0,0,0,0,0,0,0,2,0,1,0,5,0,0,False
8156,logic-ng/logicng,295ff7d0dd0b49218404b1ca804263dbcd16b873,src/test/java/org/logicng/cardinalityconstraints/CCPerformanceTest.java,0,0,0,0,0.0,0,3,0,0,1,0,0,0,0,0,0,0,0,0,0,0,0,1,0,1,0,0,False
8157,logic-ng/logicng,295ff7d0dd0b49218404b1ca804263dbcd16b873,src/test/java/org/logicng/cardinalityconstraints/CCALKTest.java,0,0,0,0,0.0,0,4,1,2,1,0,0,0,0,0,0,0,1,0,0,0,0,1,0,3,0,0,False
8158,logic-ng/logicng,295ff7d0dd0b49218404b1ca804263dbcd16b873,src/test/java/org/logicng/cardinalityconstraints/CCEXOTest.java,0,0,0,0,0.0,0,5,3,3,1,0,0,0,0,0,0,0,1,0,0,0,0,1,0,4,0,0,False
8159,logic-ng/logicng,295ff7d0dd0b49218404b1ca804263dbcd16b873,src/test/java/org/logicng/cardinalityconstraints/CCEXKTest.java,0,0,0,0,0.0,0,5,2,2,1,0,0,0,0,0,0,0,2,0,0,0,0,1,0,4,0,0,False
8160,logic-ng/logicng,295ff7d0dd0b49218404b1ca804263dbcd16b873,src/test/java/org/logicng/formulas/FormulaIteratorTest.java,0,0,0,0,0.0,0,27,9,0,0,0,0,27,0,0,0,0,0,0,0,9,0,0,0,27,0,0,False
8161,logic-ng/logicng,295ff7d0dd0b49218404b1ca804263dbcd16b873,src/test/java/org/logicng/formulas/FormulaListTest.java,0,0,0,0,0.0,0,18,10,1,0,0,0,1,0,0,0,2,1,0,0,0,0,0,0,18,0,0,False
8162,logic-ng/logicng,295ff7d0dd0b49218404b1ca804263dbcd16b873,src/test/java/org/logicng/formulas/CacheTest.java,0,0,0,0,0.0,0,2,2,0,0,0,0,0,0,0,0,0,0,0,0,0,0,0,0,2,0,0,False
8163,logic-ng/logicng,295ff7d0dd0b49218404b1ca804263dbcd16b873,src/test/java/org/logicng/formulas/EvaluationTest.java,0,0,0,0,0.0,0,5,5,0,0,0,0,1,0,0,0,0,0,0,0,0,0,0,0,5,0,0,False
8164,logic-ng/logicng,295ff7d0dd0b49218404b1ca804263dbcd16b873,src/test/java/org/logicng/formulas/NNFTest.java,0,0,0,0,0.0,0,5,5,0,0,0,0,3,0,0,0,0,0,0,0,1,0,0,0,5,0,0,False
8165,logic-ng/logicng,295ff7d0dd0b49218404b1ca804263dbcd16b873,src/test/java/org/logicng/formulas/RestrictionTest.java,0,0,0,0,0.0,0,5,5,0,0,0,0,1,0,0,0,0,0,0,0,0,0,0,0,5,0,0,False
8166,logic-ng/logicng,295ff7d0dd0b49218404b1ca804263dbcd16b873,src/test/java/org/logicng/predicates/satisfiability/PredicatesTest.java,0,0,0,0,0.0,0,9,9,0,0,0,0,0,0,0,0,0,1,0,0,0,0,0,0,9,0,0,False
8167,logic-ng/logicng,295ff7d0dd0b49218404b1ca804263dbcd16b873,src/test/java/org/logicng/configurations/ConfigurationsTest.java,0,0,0,0,0.0,0,1,1,0,0,0,0,0,0,0,0,0,0,0,0,0,0,0,0,1,0,0,False
8168,logic-ng/logicng,295ff7d0dd0b49218404b1ca804263dbcd16b873,src/test/java/org/logicng/datastructures/DatastructuresTest.java,0,0,0,0,0.0,0,2,1,0,0,0,0,0,0,0,0,0,1,0,0,0,0,0,0,2,0,0,False
8169,logic-ng/logicng,ca506d190d9f030be7e904f34c97a2c43ba8173b,src/test/java/org/logicng/functions/VariableProfileTest.java,0,0,0,0,0.0,0,6,6,0,1,0,0,3,0,0,0,0,0,0,0,0,0,0,0,6,0,0,False
8170,logic-ng/logicng,ca506d190d9f030be7e904f34c97a2c43ba8173b,src/test/java/org/logicng/functions/LiteralProfileTest.java,0,0,0,0,0.0,0,6,6,0,1,0,0,3,0,0,0,0,0,0,0,0,0,0,0,6,0,0,False
8171,logic-ng/logicng,ca506d190d9f030be7e904f34c97a2c43ba8173b,src/test/java/org/logicng/functions/SubformulaTest.java,0,0,0,0,0.0,0,9,7,0,0,0,0,2,0,0,0,0,0,0,0,0,0,0,0,9,0,0,False
8172,logic-ng/logicng,ca506d190d9f030be7e904f34c97a2c43ba8173b,src/test/java/org/logicng/pseudobooleans/PBSolvingTest.java,0,0,0,0,0.0,0,17,7,12,1,0,0,0,0,0,0,0,0,0,0,4,5,5,0,12,0,0,False
8173,logic-ng/logicng,ca506d190d9f030be7e904f34c97a2c43ba8173b,src/test/java/org/logicng/transformations/AIGTest.java,0,0,0,0,0.0,0,7,6,0,0,0,0,3,0,0,0,0,1,0,0,1,0,0,0,7,0,0,False
8174,logic-ng/logicng,ca506d190d9f030be7e904f34c97a2c43ba8173b,src/test/java/org/logicng/transformations/cnf/TseitinTest.java,0,0,0,0,0.0,0,9,7,0,0,0,0,5,0,0,0,0,1,0,0,1,0,0,0,8,0,0,False
8175,logic-ng/logicng,ca506d190d9f030be7e904f34c97a2c43ba8173b,src/test/java/org/logicng/transformations/cnf/CNFTest.java,0,0,0,0,0.0,0,7,6,0,0,0,0,4,0,0,0,0,1,0,0,1,0,0,0,7,0,0,False
8176,logic-ng/logicng,ca506d190d9f030be7e904f34c97a2c43ba8173b,src/test/java/org/logicng/transformations/cnf/PlaistedGreenbaumTest.java,0,0,0,0,0.0,0,11,9,0,0,0,0,7,0,0,0,0,1,0,0,1,0,0,0,10,0,0,False
8177,logic-ng/logicng,ca506d190d9f030be7e904f34c97a2c43ba8173b,src/test/java/org/logicng/transformations/qe/QETest.java,0,0,0,0,0.0,0,3,3,0,0,0,0,1,0,0,0,0,0,0,0,0,0,0,0,3,0,0,False
8178,logic-ng/logicng,ca506d190d9f030be7e904f34c97a2c43ba8173b,src/test/java/org/logicng/transformations/dnf/DNFTest.java,0,0,0,0,0.0,0,8,7,0,0,0,0,5,0,0,0,0,1,0,0,1,0,0,0,8,0,0,False
8179,logic-ng/logicng,ca506d190d9f030be7e904f34c97a2c43ba8173b,src/test/java/org/logicng/solvers/sat/IncDecTest.java,0,0,0,0,0.0,0,2,2,2,1,0,0,1,0,0,0,0,1,0,0,2,0,0,0,2,0,0,False
8180,logic-ng/logicng,ca506d190d9f030be7e904f34c97a2c43ba8173b,src/test/java/org/logicng/solvers/sat/AssumeTest.java,0,0,0,0,0.0,0,1,1,1,1,0,0,1,0,0,0,0,0,0,0,0,0,0,0,1,0,0,False
8181,logic-ng/logicng,ca506d190d9f030be7e904f34c97a2c43ba8173b,src/test/java/org/logicng/solvers/sat/SATTest.java,0,0,0,0,0.0,0,39,21,27,1,0,0,8,0,1,0,0,3,0,0,4,0,0,1,38,0,0,False
8182,logic-ng/logicng,ca506d190d9f030be7e904f34c97a2c43ba8173b,src/test/java/org/logicng/solvers/sat/ConfigurationsTest.java,0,0,0,0,0.0,0,5,0,0,0,0,0,0,0,0,0,0,4,0,0,0,0,0,0,5,0,0,False
8183,logic-ng/logicng,ca506d190d9f030be7e904f34c97a2c43ba8173b,src/test/java/org/logicng/solvers/maxsat/MaxSATClassTest.java,0,0,0,0,0.0,0,3,3,0,0,0,0,0,0,0,0,0,1,0,0,0,0,0,0,3,0,0,False
8184,logic-ng/logicng,ca506d190d9f030be7e904f34c97a2c43ba8173b,src/test/java/org/logicng/solvers/maxsat/PureMaxSATTest.java,0,0,0,0,0.0,0,10,7,6,1,0,0,8,0,0,0,0,2,0,0,5,0,0,0,9,0,0,False
8185,logic-ng/logicng,ca506d190d9f030be7e904f34c97a2c43ba8173b,src/test/java/org/logicng/solvers/maxsat/PartialMaxSATTest.java,0,0,0,0,0.0,0,8,7,5,1,0,0,7,0,0,0,0,0,0,0,0,0,0,0,7,0,0,False
8186,logic-ng/logicng,ca506d190d9f030be7e904f34c97a2c43ba8173b,src/test/java/org/logicng/solvers/maxsat/PartialWeightedMaxSATTest.java,0,0,0,0,0.0,0,7,6,6,1,0,0,6,0,0,0,0,0,0,0,0,0,0,0,6,0,0,False
8187,logic-ng/logicng,ca506d190d9f030be7e904f34c97a2c43ba8173b,src/test/java/org/logicng/solvers/maxsat/encodings/EncodingsTest.java,0,0,0,0,0.0,0,5,3,0,0,0,0,0,0,0,0,0,5,0,0,0,0,0,0,5,0,0,False
8188,logic-ng/logicng,ca506d190d9f030be7e904f34c97a2c43ba8173b,src/test/java/org/logicng/solvers/datastructures/SolversDatastructuresTest.java,0,0,0,0,0.0,0,13,3,0,0,0,0,0,0,0,0,2,12,0,0,0,0,0,0,13,0,0,False
8189,logic-ng/logicng,ca506d190d9f030be7e904f34c97a2c43ba8173b,src/test/java/org/logicng/cardinalityconstraints/CCAMOTest.java,0,0,0,0,0.0,0,6,3,3,1,0,0,0,0,0,0,0,1,0,0,0,0,1,0,5,0,0,False
8190,logic-ng/logicng,ca506d190d9f030be7e904f34c97a2c43ba8173b,src/test/java/org/logicng/cardinalityconstraints/CCIncrementalFormulaTest.java,0,0,0,0,0.0,0,8,4,6,1,0,0,0,0,0,0,0,2,0,0,3,0,1,0,7,0,0,False
8191,logic-ng/logicng,ca506d190d9f030be7e904f34c97a2c43ba8173b,src/test/java/org/logicng/cardinalityconstraints/CCAMKTest.java,0,0,0,0,0.0,0,8,1,3,1,0,0,0,0,0,0,0,1,0,0,0,0,1,0,7,0,0,False
8192,logic-ng/logicng,ca506d190d9f030be7e904f34c97a2c43ba8173b,src/test/java/org/logicng/cardinalityconstraints/CCIncrementalSolverTest.java,0,0,0,0,0.0,0,6,2,5,1,0,0,0,0,0,0,0,0,0,0,2,0,1,0,5,0,0,False
8193,logic-ng/logicng,ca506d190d9f030be7e904f34c97a2c43ba8173b,src/test/java/org/logicng/cardinalityconstraints/CCPerformanceTest.java,0,0,0,0,0.0,0,3,0,0,1,0,0,0,0,0,0,0,0,0,0,0,0,1,0,1,0,0,False
8194,logic-ng/logicng,ca506d190d9f030be7e904f34c97a2c43ba8173b,src/test/java/org/logicng/cardinalityconstraints/CCALKTest.java,0,0,0,0,0.0,0,4,1,2,1,0,0,0,0,0,0,0,1,0,0,0,0,1,0,3,0,0,False
8195,logic-ng/logicng,ca506d190d9f030be7e904f34c97a2c43ba8173b,src/test/java/org/logicng/cardinalityconstraints/CCEXOTest.java,0,0,0,0,0.0,0,5,3,3,1,0,0,0,0,0,0,0,1,0,0,0,0,1,0,4,0,0,False
8196,logic-ng/logicng,ca506d190d9f030be7e904f34c97a2c43ba8173b,src/test/java/org/logicng/cardinalityconstraints/CCEXKTest.java,0,0,0,0,0.0,0,5,2,2,1,0,0,0,0,0,0,0,2,0,0,0,0,1,0,4,0,0,False
8197,logic-ng/logicng,ca506d190d9f030be7e904f34c97a2c43ba8173b,src/test/java/org/logicng/formulas/FormulaIteratorTest.java,0,0,0,0,0.0,0,27,9,0,0,0,0,27,0,0,0,0,0,0,0,9,0,0,0,27,0,0,False
8198,logic-ng/logicng,ca506d190d9f030be7e904f34c97a2c43ba8173b,src/test/java/org/logicng/formulas/FormulaListTest.java,0,0,0,0,0.0,0,18,10,1,0,0,0,1,0,0,0,2,1,0,0,0,0,0,0,18,0,0,False
8199,logic-ng/logicng,ca506d190d9f030be7e904f34c97a2c43ba8173b,src/test/java/org/logicng/formulas/CacheTest.java,0,0,0,0,0.0,0,2,2,0,0,0,0,0,0,0,0,0,0,0,0,0,0,0,0,2,0,0,False
8200,logic-ng/logicng,ca506d190d9f030be7e904f34c97a2c43ba8173b,src/test/java/org/logicng/formulas/EvaluationTest.java,0,0,0,0,0.0,0,5,5,0,0,0,0,1,0,0,0,0,0,0,0,0,0,0,0,5,0,0,False
8201,logic-ng/logicng,ca506d190d9f030be7e904f34c97a2c43ba8173b,src/test/java/org/logicng/formulas/NNFTest.java,0,0,0,0,0.0,0,5,5,0,0,0,0,3,0,0,0,0,0,0,0,1,0,0,0,5,0,0,False
8202,logic-ng/logicng,ca506d190d9f030be7e904f34c97a2c43ba8173b,src/test/java/org/logicng/formulas/RestrictionTest.java,0,0,0,0,0.0,0,5,5,0,0,0,0,1,0,0,0,0,0,0,0,0,0,0,0,5,0,0,False
8203,logic-ng/logicng,ca506d190d9f030be7e904f34c97a2c43ba8173b,src/test/java/org/logicng/predicates/satisfiability/PredicatesTest.java,0,0,0,0,0.0,0,9,9,0,0,0,0,0,0,0,0,0,1,0,0,0,0,0,0,9,0,0,False
8204,logic-ng/logicng,ca506d190d9f030be7e904f34c97a2c43ba8173b,src/test/java/org/logicng/configurations/ConfigurationsTest.java,0,0,0,0,0.0,0,1,1,0,0,0,0,0,0,0,0,0,0,0,0,0,0,0,0,1,0,0,False
8205,logic-ng/logicng,ca506d190d9f030be7e904f34c97a2c43ba8173b,src/test/java/org/logicng/datastructures/DatastructuresTest.java,0,0,0,0,0.0,0,2,1,0,0,0,0,0,0,0,0,0,1,0,0,0,0,0,0,2,0,0,False
8206,logic-ng/logicng,8b62ddd2a47c655afe753f3a5bea16cd25b73548,src/test/java/org/logicng/functions/VariableProfileTest.java,0,0,0,0,0.0,0,6,6,0,1,0,0,3,0,0,0,0,0,0,0,0,0,0,0,6,0,0,False
8207,logic-ng/logicng,8b62ddd2a47c655afe753f3a5bea16cd25b73548,src/test/java/org/logicng/functions/LiteralProfileTest.java,0,0,0,0,0.0,0,6,6,0,1,0,0,3,0,0,0,0,0,0,0,0,0,0,0,6,0,0,False
8208,logic-ng/logicng,8b62ddd2a47c655afe753f3a5bea16cd25b73548,src/test/java/org/logicng/functions/SubformulaTest.java,0,0,0,0,0.0,0,8,7,0,0,0,0,1,0,0,0,0,0,0,0,0,0,0,0,8,0,0,False
8209,logic-ng/logicng,8b62ddd2a47c655afe753f3a5bea16cd25b73548,src/test/java/org/logicng/pseudobooleans/PBSolvingTest.java,0,0,0,0,0.0,0,16,6,11,1,0,0,0,0,0,0,0,0,0,0,4,5,5,0,11,0,0,False
8210,logic-ng/logicng,8b62ddd2a47c655afe753f3a5bea16cd25b73548,src/test/java/org/logicng/transformations/AIGTest.java,0,0,0,0,0.0,0,5,5,0,0,0,0,3,0,0,0,0,0,0,0,1,0,0,0,5,0,0,False
8211,logic-ng/logicng,8b62ddd2a47c655afe753f3a5bea16cd25b73548,src/test/java/org/logicng/transformations/cnf/TseitinTest.java,0,0,0,0,0.0,0,8,7,0,0,0,0,5,0,0,0,0,0,0,0,1,0,0,0,7,0,0,False
8212,logic-ng/logicng,8b62ddd2a47c655afe753f3a5bea16cd25b73548,src/test/java/org/logicng/transformations/cnf/CNFTest.java,0,0,0,0,0.0,0,6,6,0,0,0,0,4,0,0,0,0,0,0,0,1,0,0,0,6,0,0,False
8213,logic-ng/logicng,8b62ddd2a47c655afe753f3a5bea16cd25b73548,src/test/java/org/logicng/transformations/cnf/PlaistedGreenbaumTest.java,0,0,0,0,0.0,0,10,9,0,0,0,0,7,0,0,0,0,0,0,0,1,0,0,0,9,0,0,False
8214,logic-ng/logicng,8b62ddd2a47c655afe753f3a5bea16cd25b73548,src/test/java/org/logicng/transformations/qe/QETest.java,0,0,0,0,0.0,0,3,3,0,0,0,0,1,0,0,0,0,0,0,0,0,0,0,0,3,0,0,False
8215,logic-ng/logicng,8b62ddd2a47c655afe753f3a5bea16cd25b73548,src/test/java/org/logicng/transformations/dnf/DNFTest.java,0,0,0,0,0.0,0,6,6,0,0,0,0,4,0,0,0,0,0,0,0,1,0,0,0,6,0,0,False
8216,logic-ng/logicng,8b62ddd2a47c655afe753f3a5bea16cd25b73548,src/test/java/org/logicng/solvers/sat/IncDecTest.java,0,0,0,0,0.0,0,2,2,2,1,0,0,1,0,0,0,0,1,0,0,2,0,0,0,2,0,0,False
8217,logic-ng/logicng,8b62ddd2a47c655afe753f3a5bea16cd25b73548,src/test/java/org/logicng/solvers/sat/AssumeTest.java,0,0,0,0,0.0,0,1,1,1,1,0,0,1,0,0,0,0,0,0,0,0,0,0,0,1,0,0,False
8218,logic-ng/logicng,8b62ddd2a47c655afe753f3a5bea16cd25b73548,src/test/java/org/logicng/solvers/sat/SATTest.java,0,0,0,0,0.0,0,24,18,22,1,0,0,5,0,1,0,0,0,0,0,4,0,0,1,23,0,0,False
8219,logic-ng/logicng,8b62ddd2a47c655afe753f3a5bea16cd25b73548,src/test/java/org/logicng/solvers/sat/ConfigurationsTest.java,0,0,0,0,0.0,0,4,0,0,0,0,0,0,0,0,0,0,4,0,0,0,0,0,0,4,0,0,False
8220,logic-ng/logicng,8b62ddd2a47c655afe753f3a5bea16cd25b73548,src/test/java/org/logicng/solvers/maxsat/PureMaxSATTest.java,0,0,0,0,0.0,0,9,7,5,1,0,0,8,0,0,0,0,1,0,0,5,0,0,0,8,0,0,False
8221,logic-ng/logicng,8b62ddd2a47c655afe753f3a5bea16cd25b73548,src/test/java/org/logicng/solvers/maxsat/PartialMaxSATTest.java,0,0,0,0,0.0,0,7,6,5,1,0,0,6,0,0,0,0,0,0,0,0,0,0,0,6,0,0,False
8222,logic-ng/logicng,8b62ddd2a47c655afe753f3a5bea16cd25b73548,src/test/java/org/logicng/solvers/maxsat/PartialWeightedMaxSATTest.java,0,0,0,0,0.0,0,7,6,6,1,0,0,6,0,0,0,0,0,0,0,0,0,0,0,6,0,0,False
8223,logic-ng/logicng,8b62ddd2a47c655afe753f3a5bea16cd25b73548,src/test/java/org/logicng/solvers/datastructures/TestToStrings.java,0,0,0,0,0.0,0,12,0,0,0,0,0,0,0,0,0,0,12,0,0,0,0,0,0,12,0,0,False
8224,logic-ng/logicng,8b62ddd2a47c655afe753f3a5bea16cd25b73548,src/test/java/org/logicng/cardinalityconstraints/CCAMOTest.java,0,0,0,0,0.0,0,6,2,0,0,0,0,0,0,0,0,0,0,0,0,0,3,1,0,5,0,0,False
8225,logic-ng/logicng,8b62ddd2a47c655afe753f3a5bea16cd25b73548,src/test/java/org/logicng/cardinalityconstraints/CCModularTotalizerTest.java,0,0,0,0,0.0,0,5,2,3,0,0,0,0,0,0,0,0,0,0,0,0,1,1,0,4,0,0,False
8226,logic-ng/logicng,8b62ddd2a47c655afe753f3a5bea16cd25b73548,src/test/java/org/logicng/cardinalityconstraints/CCEXOTest.java,0,0,0,0,0.0,0,5,1,0,0,0,0,0,0,0,0,0,0,0,0,0,3,1,0,4,0,0,False
8227,logic-ng/logicng,8b62ddd2a47c655afe753f3a5bea16cd25b73548,src/test/java/org/logicng/formulas/FormulaIteratorTest.java,0,0,0,0,0.0,0,27,9,0,0,0,0,27,0,0,0,0,0,0,0,9,0,0,0,27,0,0,False
8228,logic-ng/logicng,8b62ddd2a47c655afe753f3a5bea16cd25b73548,src/test/java/org/logicng/formulas/FormulaListTest.java,0,0,0,0,0.0,0,18,10,1,0,0,0,1,0,0,0,2,1,0,0,0,0,0,0,18,0,0,False
8229,logic-ng/logicng,8b62ddd2a47c655afe753f3a5bea16cd25b73548,src/test/java/org/logicng/formulas/EvaluationTest.java,0,0,0,0,0.0,0,5,5,0,0,0,0,1,0,0,0,0,0,0,0,0,0,0,0,5,0,0,False
8230,logic-ng/logicng,8b62ddd2a47c655afe753f3a5bea16cd25b73548,src/test/java/org/logicng/formulas/NNFTest.java,0,0,0,0,0.0,0,5,5,0,0,0,0,3,0,0,0,0,0,0,0,1,0,0,0,5,0,0,False
8231,logic-ng/logicng,8b62ddd2a47c655afe753f3a5bea16cd25b73548,src/test/java/org/logicng/formulas/RestrictionTest.java,0,0,0,0,0.0,0,5,5,0,0,0,0,1,0,0,0,0,0,0,0,0,0,0,0,5,0,0,False
8232,logic-ng/logicng,8b62ddd2a47c655afe753f3a5bea16cd25b73548,src/test/java/org/logicng/predicates/satisfiability/PredicatesTest.java,0,0,0,0,0.0,0,8,8,0,0,0,0,0,0,0,0,0,1,0,0,0,0,0,0,8,0,0,False
8233,logic-ng/logicng,1c7f6c144fcebb4ce4b313f54e57fb91878b4bbe,src/test/java/org/logicng/functions/VariableProfileTest.java,0,0,0,0,0.0,0,6,6,0,1,0,0,3,0,0,0,0,0,0,0,0,0,0,0,6,0,0,False
8234,logic-ng/logicng,1c7f6c144fcebb4ce4b313f54e57fb91878b4bbe,src/test/java/org/logicng/functions/LiteralProfileTest.java,0,0,0,0,0.0,0,6,6,0,1,0,0,3,0,0,0,0,0,0,0,0,0,0,0,6,0,0,False
8235,logic-ng/logicng,1c7f6c144fcebb4ce4b313f54e57fb91878b4bbe,src/test/java/org/logicng/functions/SubformulaTest.java,0,0,0,0,0.0,0,8,7,0,0,0,0,1,0,0,0,0,0,0,0,0,0,0,0,8,0,0,False
8236,logic-ng/logicng,1c7f6c144fcebb4ce4b313f54e57fb91878b4bbe,src/test/java/org/logicng/pseudobooleans/PBSolvingTest.java,0,0,0,0,0.0,0,16,6,11,1,0,0,0,0,0,0,0,0,0,0,4,5,5,0,11,0,0,False
8237,logic-ng/logicng,1c7f6c144fcebb4ce4b313f54e57fb91878b4bbe,src/test/java/org/logicng/transformations/AIGTest.java,0,0,0,0,0.0,0,5,5,0,0,0,0,3,0,0,0,0,0,0,0,1,0,0,0,5,0,0,False
8238,logic-ng/logicng,1c7f6c144fcebb4ce4b313f54e57fb91878b4bbe,src/test/java/org/logicng/transformations/cnf/TseitinTest.java,0,0,0,0,0.0,0,8,7,0,0,0,0,5,0,0,0,0,0,0,0,1,0,0,0,7,0,0,False
8239,logic-ng/logicng,1c7f6c144fcebb4ce4b313f54e57fb91878b4bbe,src/test/java/org/logicng/transformations/cnf/CNFTest.java,0,0,0,0,0.0,0,6,6,0,0,0,0,4,0,0,0,0,0,0,0,1,0,0,0,6,0,0,False
8240,logic-ng/logicng,1c7f6c144fcebb4ce4b313f54e57fb91878b4bbe,src/test/java/org/logicng/transformations/cnf/PlaistedGreenbaumTest.java,0,0,0,0,0.0,0,10,9,0,0,0,0,7,0,0,0,0,0,0,0,1,0,0,0,9,0,0,False
8241,logic-ng/logicng,1c7f6c144fcebb4ce4b313f54e57fb91878b4bbe,src/test/java/org/logicng/transformations/qe/QETest.java,0,0,0,0,0.0,0,3,3,0,0,0,0,1,0,0,0,0,0,0,0,0,0,0,0,3,0,0,False
8242,logic-ng/logicng,1c7f6c144fcebb4ce4b313f54e57fb91878b4bbe,src/test/java/org/logicng/transformations/dnf/DNFTest.java,0,0,0,0,0.0,0,6,6,0,0,0,0,4,0,0,0,0,0,0,0,1,0,0,0,6,0,0,False
8243,logic-ng/logicng,1c7f6c144fcebb4ce4b313f54e57fb91878b4bbe,src/test/java/org/logicng/solvers/sat/IncDecTest.java,0,0,0,0,0.0,0,2,2,2,1,0,0,1,0,0,0,0,1,0,0,2,0,0,0,2,0,0,False
8244,logic-ng/logicng,1c7f6c144fcebb4ce4b313f54e57fb91878b4bbe,src/test/java/org/logicng/solvers/sat/AssumeTest.java,0,0,0,0,0.0,0,1,1,1,1,0,0,1,0,0,0,0,0,0,0,0,0,0,0,1,0,0,False
8245,logic-ng/logicng,1c7f6c144fcebb4ce4b313f54e57fb91878b4bbe,src/test/java/org/logicng/solvers/sat/SATTest.java,0,0,0,0,0.0,0,24,18,22,1,0,0,5,0,1,0,0,0,0,0,4,0,0,1,23,0,0,False
8246,logic-ng/logicng,1c7f6c144fcebb4ce4b313f54e57fb91878b4bbe,src/test/java/org/logicng/solvers/sat/ConfigurationsTest.java,0,0,0,0,0.0,0,4,0,0,0,0,0,0,0,0,0,0,4,0,0,0,0,0,0,4,0,0,False
8247,logic-ng/logicng,1c7f6c144fcebb4ce4b313f54e57fb91878b4bbe,src/test/java/org/logicng/solvers/maxsat/PureMaxSATTest.java,0,0,0,0,0.0,0,9,7,5,1,0,0,8,0,0,0,0,1,0,0,5,0,0,0,8,0,0,False
8248,logic-ng/logicng,1c7f6c144fcebb4ce4b313f54e57fb91878b4bbe,src/test/java/org/logicng/solvers/maxsat/PartialMaxSATTest.java,0,0,0,0,0.0,0,7,6,5,1,0,0,6,0,0,0,0,0,0,0,0,0,0,0,6,0,0,False
8249,logic-ng/logicng,1c7f6c144fcebb4ce4b313f54e57fb91878b4bbe,src/test/java/org/logicng/solvers/maxsat/PartialWeightedMaxSATTest.java,0,0,0,0,0.0,0,7,6,6,1,0,0,6,0,0,0,0,0,0,0,0,0,0,0,6,0,0,False
8250,logic-ng/logicng,1c7f6c144fcebb4ce4b313f54e57fb91878b4bbe,src/test/java/org/logicng/solvers/datastructures/TestToStrings.java,0,0,0,0,0.0,0,12,0,0,0,0,0,0,0,0,0,0,12,0,0,0,0,0,0,12,0,0,False
8251,logic-ng/logicng,1c7f6c144fcebb4ce4b313f54e57fb91878b4bbe,src/test/java/org/logicng/cardinalityconstraints/CCAMOTest.java,0,0,0,0,0.0,0,6,2,0,0,0,0,0,0,0,0,0,0,0,0,0,3,1,0,5,0,0,False
8252,logic-ng/logicng,1c7f6c144fcebb4ce4b313f54e57fb91878b4bbe,src/test/java/org/logicng/cardinalityconstraints/CCModularTotalizerTest.java,0,0,0,0,0.0,0,5,2,3,0,0,0,0,0,0,0,0,0,0,0,0,1,1,0,4,0,0,False
8253,logic-ng/logicng,1c7f6c144fcebb4ce4b313f54e57fb91878b4bbe,src/test/java/org/logicng/cardinalityconstraints/CCEXOTest.java,0,0,0,0,0.0,0,5,1,0,0,0,0,0,0,0,0,0,0,0,0,0,3,1,0,4,0,0,False
8254,logic-ng/logicng,1c7f6c144fcebb4ce4b313f54e57fb91878b4bbe,src/test/java/org/logicng/formulas/FormulaIteratorTest.java,0,0,0,0,0.0,0,27,9,0,0,0,0,27,0,0,0,0,0,0,0,9,0,0,0,27,0,0,False
8255,logic-ng/logicng,1c7f6c144fcebb4ce4b313f54e57fb91878b4bbe,src/test/java/org/logicng/formulas/FormulaListTest.java,0,0,0,0,0.0,0,18,10,1,0,0,0,1,0,0,0,2,1,0,0,0,0,0,0,18,0,0,False
8256,logic-ng/logicng,1c7f6c144fcebb4ce4b313f54e57fb91878b4bbe,src/test/java/org/logicng/formulas/EvaluationTest.java,0,0,0,0,0.0,0,5,5,0,0,0,0,1,0,0,0,0,0,0,0,0,0,0,0,5,0,0,False
8257,logic-ng/logicng,1c7f6c144fcebb4ce4b313f54e57fb91878b4bbe,src/test/java/org/logicng/formulas/NNFTest.java,0,0,0,0,0.0,0,5,5,0,0,0,0,3,0,0,0,0,0,0,0,1,0,0,0,5,0,0,False
8258,logic-ng/logicng,1c7f6c144fcebb4ce4b313f54e57fb91878b4bbe,src/test/java/org/logicng/formulas/RestrictionTest.java,0,0,0,0,0.0,0,5,5,0,0,0,0,1,0,0,0,0,0,0,0,0,0,0,0,5,0,0,False
8259,logic-ng/logicng,1c7f6c144fcebb4ce4b313f54e57fb91878b4bbe,src/test/java/org/logicng/predicates/satisfiability/PredicatesTest.java,0,0,0,0,0.0,0,8,8,0,0,0,0,0,0,0,0,0,1,0,0,0,0,0,0,8,0,0,False
8260,logic-ng/logicng,4d21492f577b97c35e3f087604a231b6bd8ed85a,src/test/java/org/logicng/functions/VariableProfileTest.java,0,0,0,0,0.0,0,6,6,0,1,0,0,3,0,0,0,0,0,0,0,0,0,0,0,6,0,0,False
8261,logic-ng/logicng,4d21492f577b97c35e3f087604a231b6bd8ed85a,src/test/java/org/logicng/functions/LiteralProfileTest.java,0,0,0,0,0.0,0,6,6,0,1,0,0,3,0,0,0,0,0,0,0,0,0,0,0,6,0,0,False
8262,logic-ng/logicng,4d21492f577b97c35e3f087604a231b6bd8ed85a,src/test/java/org/logicng/functions/SubformulaTest.java,0,0,0,0,0.0,0,8,7,0,0,0,0,1,0,0,0,0,0,0,0,0,0,0,0,8,0,0,False
8263,logic-ng/logicng,4d21492f577b97c35e3f087604a231b6bd8ed85a,src/test/java/org/logicng/pseudobooleans/PBSolvingTest.java,0,0,0,0,0.0,0,16,6,11,1,0,0,0,0,0,0,0,0,0,0,4,5,5,0,11,0,0,False
8264,logic-ng/logicng,4d21492f577b97c35e3f087604a231b6bd8ed85a,src/test/java/org/logicng/transformations/AIGTest.java,0,0,0,0,0.0,0,5,5,0,0,0,0,3,0,0,0,0,0,0,0,1,0,0,0,5,0,0,False
8265,logic-ng/logicng,4d21492f577b97c35e3f087604a231b6bd8ed85a,src/test/java/org/logicng/transformations/cnf/TseitinTest.java,0,0,0,0,0.0,0,8,7,0,0,0,0,5,0,0,0,0,0,0,0,1,0,0,0,7,0,0,False
8266,logic-ng/logicng,4d21492f577b97c35e3f087604a231b6bd8ed85a,src/test/java/org/logicng/transformations/cnf/CNFTest.java,0,0,0,0,0.0,0,6,6,0,0,0,0,4,0,0,0,0,0,0,0,1,0,0,0,6,0,0,False
8267,logic-ng/logicng,4d21492f577b97c35e3f087604a231b6bd8ed85a,src/test/java/org/logicng/transformations/cnf/PlaistedGreenbaumTest.java,0,0,0,0,0.0,0,10,9,0,0,0,0,7,0,0,0,0,0,0,0,1,0,0,0,9,0,0,False
8268,logic-ng/logicng,4d21492f577b97c35e3f087604a231b6bd8ed85a,src/test/java/org/logicng/transformations/qe/QETest.java,0,0,0,0,0.0,0,3,3,0,0,0,0,1,0,0,0,0,0,0,0,0,0,0,0,3,0,0,False
8269,logic-ng/logicng,4d21492f577b97c35e3f087604a231b6bd8ed85a,src/test/java/org/logicng/transformations/dnf/DNFTest.java,0,0,0,0,0.0,0,6,6,0,0,0,0,4,0,0,0,0,0,0,0,1,0,0,0,6,0,0,False
8270,logic-ng/logicng,4d21492f577b97c35e3f087604a231b6bd8ed85a,src/test/java/org/logicng/solvers/sat/IncDecTest.java,0,0,0,0,0.0,0,2,2,2,1,0,0,1,0,0,0,0,1,0,0,2,0,0,0,2,0,0,False
8271,logic-ng/logicng,4d21492f577b97c35e3f087604a231b6bd8ed85a,src/test/java/org/logicng/solvers/sat/AssumeTest.java,0,0,0,0,0.0,0,1,1,1,1,0,0,1,0,0,0,0,0,0,0,0,0,0,0,1,0,0,False
8272,logic-ng/logicng,4d21492f577b97c35e3f087604a231b6bd8ed85a,src/test/java/org/logicng/solvers/sat/SATTest.java,0,0,0,0,0.0,0,24,18,22,1,0,0,5,0,1,0,0,0,0,0,4,0,0,1,23,0,0,False
8273,logic-ng/logicng,4d21492f577b97c35e3f087604a231b6bd8ed85a,src/test/java/org/logicng/solvers/sat/ConfigurationsTest.java,0,0,0,0,0.0,0,4,0,0,0,0,0,0,0,0,0,0,4,0,0,0,0,0,0,4,0,0,False
8274,logic-ng/logicng,4d21492f577b97c35e3f087604a231b6bd8ed85a,src/test/java/org/logicng/solvers/maxsat/PureMaxSATTest.java,0,0,0,0,0.0,0,9,7,5,1,0,0,8,0,0,0,0,1,0,0,5,0,0,0,8,0,0,False
8275,logic-ng/logicng,4d21492f577b97c35e3f087604a231b6bd8ed85a,src/test/java/org/logicng/solvers/maxsat/PartialMaxSATTest.java,0,0,0,0,0.0,0,7,6,5,1,0,0,6,0,0,0,0,0,0,0,0,0,0,0,6,0,0,False
8276,logic-ng/logicng,4d21492f577b97c35e3f087604a231b6bd8ed85a,src/test/java/org/logicng/solvers/maxsat/PartialWeightedMaxSATTest.java,0,0,0,0,0.0,0,7,6,6,1,0,0,6,0,0,0,0,0,0,0,0,0,0,0,6,0,0,False
8277,logic-ng/logicng,4d21492f577b97c35e3f087604a231b6bd8ed85a,src/test/java/org/logicng/solvers/datastructures/TestToStrings.java,0,0,0,0,0.0,0,12,0,0,0,0,0,0,0,0,0,0,12,0,0,0,0,0,0,12,0,0,False
8278,logic-ng/logicng,4d21492f577b97c35e3f087604a231b6bd8ed85a,src/test/java/org/logicng/cardinalityconstraints/CCAMOTest.java,0,0,0,0,0.0,0,6,2,0,0,0,0,0,0,0,0,0,0,0,0,0,3,1,0,5,0,0,False
8279,logic-ng/logicng,4d21492f577b97c35e3f087604a231b6bd8ed85a,src/test/java/org/logicng/cardinalityconstraints/CCModularTotalizerTest.java,0,0,0,0,0.0,0,5,2,3,0,0,0,0,0,0,0,0,0,0,0,0,1,1,0,4,0,0,False
8280,logic-ng/logicng,4d21492f577b97c35e3f087604a231b6bd8ed85a,src/test/java/org/logicng/cardinalityconstraints/CCEXOTest.java,0,0,0,0,0.0,0,5,1,0,0,0,0,0,0,0,0,0,0,0,0,0,3,1,0,4,0,0,False
8281,logic-ng/logicng,4d21492f577b97c35e3f087604a231b6bd8ed85a,src/test/java/org/logicng/formulas/FormulaIteratorTest.java,0,0,0,0,0.0,0,27,9,0,0,0,0,27,0,0,0,0,0,0,0,9,0,0,0,27,0,0,False
8282,logic-ng/logicng,4d21492f577b97c35e3f087604a231b6bd8ed85a,src/test/java/org/logicng/formulas/FormulaListTest.java,0,0,0,0,0.0,0,18,10,1,0,0,0,1,0,0,0,2,1,0,0,0,0,0,0,18,0,0,False
8283,logic-ng/logicng,4d21492f577b97c35e3f087604a231b6bd8ed85a,src/test/java/org/logicng/formulas/EvaluationTest.java,0,0,0,0,0.0,0,5,5,0,0,0,0,1,0,0,0,0,0,0,0,0,0,0,0,5,0,0,False
8284,logic-ng/logicng,4d21492f577b97c35e3f087604a231b6bd8ed85a,src/test/java/org/logicng/formulas/NNFTest.java,0,0,0,0,0.0,0,5,5,0,0,0,0,3,0,0,0,0,0,0,0,1,0,0,0,5,0,0,False
8285,logic-ng/logicng,4d21492f577b97c35e3f087604a231b6bd8ed85a,src/test/java/org/logicng/formulas/RestrictionTest.java,0,0,0,0,0.0,0,5,5,0,0,0,0,1,0,0,0,0,0,0,0,0,0,0,0,5,0,0,False
8286,logic-ng/logicng,4d21492f577b97c35e3f087604a231b6bd8ed85a,src/test/java/org/logicng/predicates/satisfiability/PredicatesTest.java,0,0,0,0,0.0,0,8,8,0,0,0,0,0,0,0,0,0,1,0,0,0,0,0,0,8,0,0,False
8287,logic-ng/logicng,3f7c38a5a142206a453af1e1b54074b02b172620,src/test/java/org/logicng/functions/VariableProfileTest.java,0,0,0,0,0.0,0,6,6,0,1,0,0,3,0,0,0,0,0,0,0,0,0,0,0,6,0,0,False
8288,logic-ng/logicng,3f7c38a5a142206a453af1e1b54074b02b172620,src/test/java/org/logicng/functions/LiteralProfileTest.java,0,0,0,0,0.0,0,6,6,0,1,0,0,3,0,0,0,0,0,0,0,0,0,0,0,6,0,0,False
8289,logic-ng/logicng,3f7c38a5a142206a453af1e1b54074b02b172620,src/test/java/org/logicng/functions/SubformulaTest.java,0,0,0,0,0.0,0,8,7,0,0,0,0,1,0,0,0,0,0,0,0,0,0,0,0,8,0,0,False
8290,logic-ng/logicng,3f7c38a5a142206a453af1e1b54074b02b172620,src/test/java/org/logicng/pseudobooleans/PBSolvingTest.java,0,0,0,0,0.0,0,16,6,11,1,0,0,0,0,0,0,0,0,0,0,4,5,5,0,11,0,0,False
8291,logic-ng/logicng,3f7c38a5a142206a453af1e1b54074b02b172620,src/test/java/org/logicng/transformations/AIGTest.java,0,0,0,0,0.0,0,5,5,0,0,0,0,3,0,0,0,0,0,0,0,1,0,0,0,5,0,0,False
8292,logic-ng/logicng,3f7c38a5a142206a453af1e1b54074b02b172620,src/test/java/org/logicng/transformations/cnf/TseitinTest.java,0,0,0,0,0.0,0,8,7,0,0,0,0,5,0,0,0,0,0,0,0,1,0,0,0,7,0,0,False
8293,logic-ng/logicng,3f7c38a5a142206a453af1e1b54074b02b172620,src/test/java/org/logicng/transformations/cnf/CNFTest.java,0,0,0,0,0.0,0,6,6,0,0,0,0,4,0,0,0,0,0,0,0,1,0,0,0,6,0,0,False
8294,logic-ng/logicng,3f7c38a5a142206a453af1e1b54074b02b172620,src/test/java/org/logicng/transformations/cnf/PlaistedGreenbaumTest.java,0,0,0,0,0.0,0,10,9,0,0,0,0,7,0,0,0,0,0,0,0,1,0,0,0,9,0,0,False
8295,logic-ng/logicng,3f7c38a5a142206a453af1e1b54074b02b172620,src/test/java/org/logicng/transformations/qe/QETest.java,0,0,0,0,0.0,0,3,3,0,0,0,0,1,0,0,0,0,0,0,0,0,0,0,0,3,0,0,False
8296,logic-ng/logicng,3f7c38a5a142206a453af1e1b54074b02b172620,src/test/java/org/logicng/transformations/dnf/DNFTest.java,0,0,0,0,0.0,0,6,6,0,0,0,0,4,0,0,0,0,0,0,0,1,0,0,0,6,0,0,False
8297,logic-ng/logicng,3f7c38a5a142206a453af1e1b54074b02b172620,src/test/java/org/logicng/solvers/sat/IncDecTest.java,0,0,0,0,0.0,0,1,1,1,1,0,0,0,0,0,0,0,1,0,0,1,0,0,0,1,0,0,False
8298,logic-ng/logicng,3f7c38a5a142206a453af1e1b54074b02b172620,src/test/java/org/logicng/solvers/sat/AssumeTest.java,0,0,0,0,0.0,0,1,1,1,1,0,0,1,0,0,0,0,0,0,0,0,0,0,0,1,0,0,False
8299,logic-ng/logicng,3f7c38a5a142206a453af1e1b54074b02b172620,src/test/java/org/logicng/solvers/sat/SATTest.java,0,0,0,0,0.0,0,24,18,22,1,0,0,5,0,1,0,0,0,0,0,4,0,0,1,23,0,0,False
8300,logic-ng/logicng,3f7c38a5a142206a453af1e1b54074b02b172620,src/test/java/org/logicng/solvers/sat/ConfigurationsTest.java,0,0,0,0,0.0,0,4,0,0,0,0,0,0,0,0,0,0,4,0,0,0,0,0,0,4,0,0,False
8301,logic-ng/logicng,3f7c38a5a142206a453af1e1b54074b02b172620,src/test/java/org/logicng/solvers/maxsat/PureMaxSATTest.java,0,0,0,0,0.0,0,9,7,5,1,0,0,8,0,0,0,0,1,0,0,5,0,0,0,8,0,0,False
8302,logic-ng/logicng,3f7c38a5a142206a453af1e1b54074b02b172620,src/test/java/org/logicng/solvers/maxsat/PartialMaxSATTest.java,0,0,0,0,0.0,0,7,6,5,1,0,0,6,0,0,0,0,0,0,0,0,0,0,0,6,0,0,False
8303,logic-ng/logicng,3f7c38a5a142206a453af1e1b54074b02b172620,src/test/java/org/logicng/solvers/maxsat/PartialWeightedMaxSATTest.java,0,0,0,0,0.0,0,7,6,6,1,0,0,6,0,0,0,0,0,0,0,0,0,0,0,6,0,0,False
8304,logic-ng/logicng,3f7c38a5a142206a453af1e1b54074b02b172620,src/test/java/org/logicng/solvers/datastructures/TestToStrings.java,0,0,0,0,0.0,0,12,0,0,0,0,0,0,0,0,0,0,12,0,0,0,0,0,0,12,0,0,False
8305,logic-ng/logicng,3f7c38a5a142206a453af1e1b54074b02b172620,src/test/java/org/logicng/cardinalityconstraints/CCAMOTest.java,0,0,0,0,0.0,0,6,2,0,0,0,0,0,0,0,0,0,0,0,0,0,3,1,0,5,0,0,False
8306,logic-ng/logicng,3f7c38a5a142206a453af1e1b54074b02b172620,src/test/java/org/logicng/cardinalityconstraints/CCModularTotalizerTest.java,0,0,0,0,0.0,0,5,2,3,0,0,0,0,0,0,0,0,0,0,0,0,1,1,0,4,0,0,False
8307,logic-ng/logicng,3f7c38a5a142206a453af1e1b54074b02b172620,src/test/java/org/logicng/cardinalityconstraints/CCEXOTest.java,0,0,0,0,0.0,0,5,1,0,0,0,0,0,0,0,0,0,0,0,0,0,3,1,0,4,0,0,False
8308,logic-ng/logicng,3f7c38a5a142206a453af1e1b54074b02b172620,src/test/java/org/logicng/formulas/FormulaIteratorTest.java,0,0,0,0,0.0,0,27,9,0,0,0,0,27,0,0,0,0,0,0,0,9,0,0,0,27,0,0,False
8309,logic-ng/logicng,3f7c38a5a142206a453af1e1b54074b02b172620,src/test/java/org/logicng/formulas/FormulaListTest.java,0,0,0,0,0.0,0,18,10,1,0,0,0,1,0,0,0,2,1,0,0,0,0,0,0,18,0,0,False
8310,logic-ng/logicng,3f7c38a5a142206a453af1e1b54074b02b172620,src/test/java/org/logicng/formulas/EvaluationTest.java,0,0,0,0,0.0,0,5,5,0,0,0,0,1,0,0,0,0,0,0,0,0,0,0,0,5,0,0,False
8311,logic-ng/logicng,3f7c38a5a142206a453af1e1b54074b02b172620,src/test/java/org/logicng/formulas/NNFTest.java,0,0,0,0,0.0,0,5,5,0,0,0,0,3,0,0,0,0,0,0,0,1,0,0,0,5,0,0,False
8312,logic-ng/logicng,3f7c38a5a142206a453af1e1b54074b02b172620,src/test/java/org/logicng/formulas/RestrictionTest.java,0,0,0,0,0.0,0,5,5,0,0,0,0,1,0,0,0,0,0,0,0,0,0,0,0,5,0,0,False
8313,logic-ng/logicng,3f7c38a5a142206a453af1e1b54074b02b172620,src/test/java/org/logicng/predicates/satisfiability/PredicatesTest.java,0,0,0,0,0.0,0,8,8,0,0,0,0,0,0,0,0,0,1,0,0,0,0,0,0,8,0,0,False
8314,logic-ng/logicng,ca89698aab46e5083c06176f1a89f23b054e346a,src/test/java/org/logicng/functions/VariableProfileTest.java,0,0,0,0,0.0,0,6,6,0,1,0,0,3,0,0,0,0,0,0,0,0,0,0,0,6,0,0,False
8315,logic-ng/logicng,ca89698aab46e5083c06176f1a89f23b054e346a,src/test/java/org/logicng/functions/LiteralProfileTest.java,0,0,0,0,0.0,0,6,6,0,1,0,0,3,0,0,0,0,0,0,0,0,0,0,0,6,0,0,False
8316,logic-ng/logicng,ca89698aab46e5083c06176f1a89f23b054e346a,src/test/java/org/logicng/functions/SubformulaTest.java,0,0,0,0,0.0,0,8,7,0,0,0,0,1,0,0,0,0,0,0,0,0,0,0,0,8,0,0,False
8317,logic-ng/logicng,ca89698aab46e5083c06176f1a89f23b054e346a,src/test/java/org/logicng/pseudobooleans/PBSolvingTest.java,0,0,0,0,0.0,0,16,6,11,1,0,0,0,0,0,0,0,0,0,0,4,5,5,0,11,0,0,False
8318,logic-ng/logicng,ca89698aab46e5083c06176f1a89f23b054e346a,src/test/java/org/logicng/transformations/AIGTest.java,0,0,0,0,0.0,0,5,5,0,0,0,0,3,0,0,0,0,0,0,0,1,0,0,0,5,0,0,False
8319,logic-ng/logicng,ca89698aab46e5083c06176f1a89f23b054e346a,src/test/java/org/logicng/transformations/cnf/TseitinTest.java,0,0,0,0,0.0,0,8,7,0,0,0,0,5,0,0,0,0,0,0,0,1,0,0,0,7,0,0,False
8320,logic-ng/logicng,ca89698aab46e5083c06176f1a89f23b054e346a,src/test/java/org/logicng/transformations/cnf/CNFTest.java,0,0,0,0,0.0,0,6,6,0,0,0,0,4,0,0,0,0,0,0,0,1,0,0,0,6,0,0,False
8321,logic-ng/logicng,ca89698aab46e5083c06176f1a89f23b054e346a,src/test/java/org/logicng/transformations/cnf/PlaistedGreenbaumTest.java,0,0,0,0,0.0,0,10,9,0,0,0,0,7,0,0,0,0,0,0,0,1,0,0,0,9,0,0,False
8322,logic-ng/logicng,ca89698aab46e5083c06176f1a89f23b054e346a,src/test/java/org/logicng/transformations/qe/QETest.java,0,0,0,0,0.0,0,3,3,0,0,0,0,1,0,0,0,0,0,0,0,0,0,0,0,3,0,0,False
8323,logic-ng/logicng,ca89698aab46e5083c06176f1a89f23b054e346a,src/test/java/org/logicng/transformations/dnf/DNFTest.java,0,0,0,0,0.0,0,6,6,0,0,0,0,4,0,0,0,0,0,0,0,1,0,0,0,6,0,0,False
8324,logic-ng/logicng,ca89698aab46e5083c06176f1a89f23b054e346a,src/test/java/org/logicng/solvers/sat/IncDecTest.java,0,0,0,0,0.0,0,1,1,1,1,0,0,0,0,0,0,0,1,0,0,1,0,0,0,1,0,0,False
8325,logic-ng/logicng,ca89698aab46e5083c06176f1a89f23b054e346a,src/test/java/org/logicng/solvers/sat/AssumeTest.java,0,0,0,0,0.0,0,1,1,1,1,0,0,1,0,0,0,0,0,0,0,0,0,0,0,1,0,0,False
8326,logic-ng/logicng,ca89698aab46e5083c06176f1a89f23b054e346a,src/test/java/org/logicng/solvers/sat/SATTest.java,0,0,0,0,0.0,0,24,18,22,1,0,0,5,0,1,0,0,0,0,0,4,0,0,1,23,0,0,False
8327,logic-ng/logicng,ca89698aab46e5083c06176f1a89f23b054e346a,src/test/java/org/logicng/solvers/sat/ConfigurationsTest.java,0,0,0,0,0.0,0,4,0,0,0,0,0,0,0,0,0,0,4,0,0,0,0,0,0,4,0,0,False
8328,logic-ng/logicng,ca89698aab46e5083c06176f1a89f23b054e346a,src/test/java/org/logicng/solvers/maxsat/PureMaxSATTest.java,0,0,0,0,0.0,0,9,7,5,1,0,0,8,0,0,0,0,1,0,0,5,0,0,0,8,0,0,False
8329,logic-ng/logicng,ca89698aab46e5083c06176f1a89f23b054e346a,src/test/java/org/logicng/solvers/maxsat/PartialMaxSATTest.java,0,0,0,0,0.0,0,7,6,5,1,0,0,6,0,0,0,0,0,0,0,0,0,0,0,6,0,0,False
8330,logic-ng/logicng,ca89698aab46e5083c06176f1a89f23b054e346a,src/test/java/org/logicng/solvers/maxsat/PartialWeightedMaxSATTest.java,0,0,0,0,0.0,0,7,6,6,1,0,0,6,0,0,0,0,0,0,0,0,0,0,0,6,0,0,False
8331,logic-ng/logicng,ca89698aab46e5083c06176f1a89f23b054e346a,src/test/java/org/logicng/solvers/datastructures/TestToStrings.java,0,0,0,0,0.0,0,12,0,0,0,0,0,0,0,0,0,0,12,0,0,0,0,0,0,12,0,0,False
8332,logic-ng/logicng,ca89698aab46e5083c06176f1a89f23b054e346a,src/test/java/org/logicng/cardinalityconstraints/CCAMOTest.java,0,0,0,0,0.0,0,6,2,0,0,0,0,0,0,0,0,0,0,0,0,0,3,1,0,5,0,0,False
8333,logic-ng/logicng,ca89698aab46e5083c06176f1a89f23b054e346a,src/test/java/org/logicng/cardinalityconstraints/CCModularTotalizerTest.java,0,0,0,0,0.0,0,5,2,3,0,0,0,0,0,0,0,0,0,0,0,0,1,1,0,4,0,0,False
8334,logic-ng/logicng,ca89698aab46e5083c06176f1a89f23b054e346a,src/test/java/org/logicng/cardinalityconstraints/CCEXOTest.java,0,0,0,0,0.0,0,5,1,0,0,0,0,0,0,0,0,0,0,0,0,0,3,1,0,4,0,0,False
8335,logic-ng/logicng,ca89698aab46e5083c06176f1a89f23b054e346a,src/test/java/org/logicng/formulas/FormulaIteratorTest.java,0,0,0,0,0.0,0,27,9,0,0,0,0,27,0,0,0,0,0,0,0,9,0,0,0,27,0,0,False
8336,logic-ng/logicng,ca89698aab46e5083c06176f1a89f23b054e346a,src/test/java/org/logicng/formulas/FormulaListTest.java,0,0,0,0,0.0,0,18,10,1,0,0,0,1,0,0,0,2,1,0,0,0,0,0,0,18,0,0,False
8337,logic-ng/logicng,ca89698aab46e5083c06176f1a89f23b054e346a,src/test/java/org/logicng/formulas/EvaluationTest.java,0,0,0,0,0.0,0,5,5,0,0,0,0,1,0,0,0,0,0,0,0,0,0,0,0,5,0,0,False
8338,logic-ng/logicng,ca89698aab46e5083c06176f1a89f23b054e346a,src/test/java/org/logicng/formulas/NNFTest.java,0,0,0,0,0.0,0,5,5,0,0,0,0,3,0,0,0,0,0,0,0,1,0,0,0,5,0,0,False
8339,logic-ng/logicng,ca89698aab46e5083c06176f1a89f23b054e346a,src/test/java/org/logicng/formulas/RestrictionTest.java,0,0,0,0,0.0,0,5,5,0,0,0,0,1,0,0,0,0,0,0,0,0,0,0,0,5,0,0,False
8340,logic-ng/logicng,ca89698aab46e5083c06176f1a89f23b054e346a,src/test/java/org/logicng/predicates/satisfiability/PredicatesTest.java,0,0,0,0,0.0,0,8,8,0,0,0,0,0,0,0,0,0,1,0,0,0,0,0,0,8,0,0,False
8341,logic-ng/logicng,fc5de39caa66cbf44c7fefec14d0d5ddd6625b6e,src/test/java/org/logicng/functions/VariableProfileTest.java,0,0,0,0,0.0,0,6,6,0,1,0,0,3,0,0,0,0,0,0,0,0,0,0,0,6,0,0,False
8342,logic-ng/logicng,fc5de39caa66cbf44c7fefec14d0d5ddd6625b6e,src/test/java/org/logicng/functions/LiteralProfileTest.java,0,0,0,0,0.0,0,6,6,0,1,0,0,3,0,0,0,0,0,0,0,0,0,0,0,6,0,0,False
8343,logic-ng/logicng,fc5de39caa66cbf44c7fefec14d0d5ddd6625b6e,src/test/java/org/logicng/functions/SubformulaTest.java,0,0,0,0,0.0,0,8,7,0,0,0,0,1,0,0,0,0,0,0,0,0,0,0,0,8,0,0,False
8344,logic-ng/logicng,fc5de39caa66cbf44c7fefec14d0d5ddd6625b6e,src/test/java/org/logicng/pseudobooleans/PBSolvingTest.java,0,0,0,0,0.0,0,16,6,11,1,0,0,0,0,0,0,0,0,0,0,4,5,5,0,11,0,0,False
8345,logic-ng/logicng,fc5de39caa66cbf44c7fefec14d0d5ddd6625b6e,src/test/java/org/logicng/transformations/AIGTest.java,0,0,0,0,0.0,0,5,5,0,0,0,0,3,0,0,0,0,0,0,0,1,0,0,0,5,0,0,False
8346,logic-ng/logicng,fc5de39caa66cbf44c7fefec14d0d5ddd6625b6e,src/test/java/org/logicng/transformations/cnf/TseitinTest.java,0,0,0,0,0.0,0,7,6,0,0,0,0,4,0,0,0,0,0,0,0,1,0,0,0,6,0,0,False
8347,logic-ng/logicng,fc5de39caa66cbf44c7fefec14d0d5ddd6625b6e,src/test/java/org/logicng/transformations/cnf/CNFTest.java,0,0,0,0,0.0,0,5,5,0,0,0,0,3,0,0,0,0,0,0,0,1,0,0,0,5,0,0,False
8348,logic-ng/logicng,fc5de39caa66cbf44c7fefec14d0d5ddd6625b6e,src/test/java/org/logicng/transformations/cnf/PlaistedGreenbaumTest.java,0,0,0,0,0.0,0,9,8,0,0,0,0,6,0,0,0,0,0,0,0,1,0,0,0,8,0,0,False
8349,logic-ng/logicng,fc5de39caa66cbf44c7fefec14d0d5ddd6625b6e,src/test/java/org/logicng/transformations/qe/QETest.java,0,0,0,0,0.0,0,3,3,0,0,0,0,1,0,0,0,0,0,0,0,0,0,0,0,3,0,0,False
8350,logic-ng/logicng,fc5de39caa66cbf44c7fefec14d0d5ddd6625b6e,src/test/java/org/logicng/transformations/dnf/DNFTest.java,0,0,0,0,0.0,0,6,6,0,0,0,0,4,0,0,0,0,0,0,0,1,0,0,0,6,0,0,False
8351,logic-ng/logicng,fc5de39caa66cbf44c7fefec14d0d5ddd6625b6e,src/test/java/org/logicng/solvers/sat/IncDecTest.java,0,0,0,0,0.0,0,1,1,1,1,0,0,0,0,0,0,0,1,0,0,1,0,0,0,1,0,0,False
8352,logic-ng/logicng,fc5de39caa66cbf44c7fefec14d0d5ddd6625b6e,src/test/java/org/logicng/solvers/sat/AssumeTest.java,0,0,0,0,0.0,0,1,1,1,1,0,0,1,0,0,0,0,0,0,0,0,0,0,0,1,0,0,False
8353,logic-ng/logicng,fc5de39caa66cbf44c7fefec14d0d5ddd6625b6e,src/test/java/org/logicng/solvers/sat/SATTest.java,0,0,0,0,0.0,0,24,18,22,1,0,0,5,0,1,0,0,0,0,0,4,0,0,1,23,0,0,False
8354,logic-ng/logicng,fc5de39caa66cbf44c7fefec14d0d5ddd6625b6e,src/test/java/org/logicng/solvers/sat/ConfigurationsTest.java,0,0,0,0,0.0,0,4,0,0,0,0,0,0,0,0,0,0,4,0,0,0,0,0,0,4,0,0,False
8355,logic-ng/logicng,fc5de39caa66cbf44c7fefec14d0d5ddd6625b6e,src/test/java/org/logicng/solvers/maxsat/PureMaxSATTest.java,0,0,0,0,0.0,0,9,7,5,1,0,0,8,0,0,0,0,1,0,0,5,0,0,0,8,0,0,False
8356,logic-ng/logicng,fc5de39caa66cbf44c7fefec14d0d5ddd6625b6e,src/test/java/org/logicng/solvers/maxsat/PartialMaxSATTest.java,0,0,0,0,0.0,0,7,6,5,1,0,0,6,0,0,0,0,0,0,0,0,0,0,0,6,0,0,False
8357,logic-ng/logicng,fc5de39caa66cbf44c7fefec14d0d5ddd6625b6e,src/test/java/org/logicng/solvers/maxsat/PartialWeightedMaxSATTest.java,0,0,0,0,0.0,0,7,6,6,1,0,0,6,0,0,0,0,0,0,0,0,0,0,0,6,0,0,False
8358,logic-ng/logicng,fc5de39caa66cbf44c7fefec14d0d5ddd6625b6e,src/test/java/org/logicng/solvers/datastructures/TestToStrings.java,0,0,0,0,0.0,0,12,0,0,0,0,0,0,0,0,0,0,12,0,0,0,0,0,0,12,0,0,False
8359,logic-ng/logicng,fc5de39caa66cbf44c7fefec14d0d5ddd6625b6e,src/test/java/org/logicng/cardinalityconstraints/CCAMOTest.java,0,0,0,0,0.0,0,6,2,0,0,0,0,0,0,0,0,0,0,0,0,0,3,1,0,5,0,0,False
8360,logic-ng/logicng,fc5de39caa66cbf44c7fefec14d0d5ddd6625b6e,src/test/java/org/logicng/cardinalityconstraints/CCModularTotalizerTest.java,0,0,0,0,0.0,0,5,2,3,0,0,0,0,0,0,0,0,0,0,0,0,1,1,0,4,0,0,False
8361,logic-ng/logicng,fc5de39caa66cbf44c7fefec14d0d5ddd6625b6e,src/test/java/org/logicng/cardinalityconstraints/CCEXOTest.java,0,0,0,0,0.0,0,5,1,0,0,0,0,0,0,0,0,0,0,0,0,0,3,1,0,4,0,0,False
8362,logic-ng/logicng,fc5de39caa66cbf44c7fefec14d0d5ddd6625b6e,src/test/java/org/logicng/formulas/FormulaIteratorTest.java,0,0,0,0,0.0,0,27,9,0,0,0,0,27,0,0,0,0,0,0,0,9,0,0,0,27,0,0,False
8363,logic-ng/logicng,fc5de39caa66cbf44c7fefec14d0d5ddd6625b6e,src/test/java/org/logicng/formulas/FormulaListTest.java,0,0,0,0,0.0,0,18,10,1,0,0,0,1,0,0,0,2,1,0,0,0,0,0,0,18,0,0,False
8364,logic-ng/logicng,fc5de39caa66cbf44c7fefec14d0d5ddd6625b6e,src/test/java/org/logicng/formulas/EvaluationTest.java,0,0,0,0,0.0,0,5,5,0,0,0,0,1,0,0,0,0,0,0,0,0,0,0,0,5,0,0,False
8365,logic-ng/logicng,fc5de39caa66cbf44c7fefec14d0d5ddd6625b6e,src/test/java/org/logicng/formulas/NNFTest.java,0,0,0,0,0.0,0,5,5,0,0,0,0,3,0,0,0,0,0,0,0,1,0,0,0,5,0,0,False
8366,logic-ng/logicng,fc5de39caa66cbf44c7fefec14d0d5ddd6625b6e,src/test/java/org/logicng/formulas/RestrictionTest.java,0,0,0,0,0.0,0,5,5,0,0,0,0,1,0,0,0,0,0,0,0,0,0,0,0,5,0,0,False
8367,logic-ng/logicng,fc5de39caa66cbf44c7fefec14d0d5ddd6625b6e,src/test/java/org/logicng/predicates/satisfiability/PredicatesTest.java,0,0,0,0,0.0,0,8,8,0,0,0,0,0,0,0,0,0,1,0,0,0,0,0,0,8,0,0,False
8368,logic-ng/logicng,0188080e0c29d6564dcf971163a8a86d60034ac2,src/test/java/org/logicng/functions/VariableProfileTest.java,0,0,0,0,0.0,0,6,6,0,1,0,0,3,0,0,0,0,0,0,0,0,0,0,0,6,0,0,False
8369,logic-ng/logicng,0188080e0c29d6564dcf971163a8a86d60034ac2,src/test/java/org/logicng/functions/LiteralProfileTest.java,0,0,0,0,0.0,0,6,6,0,1,0,0,3,0,0,0,0,0,0,0,0,0,0,0,6,0,0,False
8370,logic-ng/logicng,0188080e0c29d6564dcf971163a8a86d60034ac2,src/test/java/org/logicng/functions/SubformulaTest.java,0,0,0,0,0.0,0,8,7,0,0,0,0,1,0,0,0,0,0,0,0,0,0,0,0,8,0,0,False
8371,logic-ng/logicng,0188080e0c29d6564dcf971163a8a86d60034ac2,src/test/java/org/logicng/pseudobooleans/PBSolvingTest.java,0,0,0,0,0.0,0,16,6,11,1,0,0,0,0,0,0,0,0,0,0,4,5,5,0,11,0,0,False
8372,logic-ng/logicng,0188080e0c29d6564dcf971163a8a86d60034ac2,src/test/java/org/logicng/transformations/AIGTest.java,0,0,0,0,0.0,0,5,5,0,0,0,0,3,0,0,0,0,0,0,0,1,0,0,0,5,0,0,False
8373,logic-ng/logicng,0188080e0c29d6564dcf971163a8a86d60034ac2,src/test/java/org/logicng/transformations/cnf/TseitinTest.java,0,0,0,0,0.0,0,6,5,0,0,0,0,3,0,0,0,0,0,0,0,1,0,0,0,5,0,0,False
8374,logic-ng/logicng,0188080e0c29d6564dcf971163a8a86d60034ac2,src/test/java/org/logicng/transformations/cnf/CNFTest.java,0,0,0,0,0.0,0,5,5,0,0,0,0,3,0,0,0,0,0,0,0,1,0,0,0,5,0,0,False
8375,logic-ng/logicng,0188080e0c29d6564dcf971163a8a86d60034ac2,src/test/java/org/logicng/transformations/cnf/PlaistedGreenbaumTest.java,0,0,0,0,0.0,0,8,7,0,0,0,0,5,0,0,0,0,0,0,0,1,0,0,0,7,0,0,False
8376,logic-ng/logicng,0188080e0c29d6564dcf971163a8a86d60034ac2,src/test/java/org/logicng/transformations/qe/QETest.java,0,0,0,0,0.0,0,3,3,0,0,0,0,1,0,0,0,0,0,0,0,0,0,0,0,3,0,0,False
8377,logic-ng/logicng,0188080e0c29d6564dcf971163a8a86d60034ac2,src/test/java/org/logicng/transformations/dnf/DNFTest.java,0,0,0,0,0.0,0,6,5,0,0,0,0,4,0,0,0,0,0,0,0,1,0,0,0,6,0,0,False
8378,logic-ng/logicng,0188080e0c29d6564dcf971163a8a86d60034ac2,src/test/java/org/logicng/solvers/sat/IncDecTest.java,0,0,0,0,0.0,0,1,1,1,1,0,0,0,0,0,0,0,0,0,0,1,0,0,0,1,0,0,False
8379,logic-ng/logicng,0188080e0c29d6564dcf971163a8a86d60034ac2,src/test/java/org/logicng/solvers/sat/AssumeTest.java,0,0,0,0,0.0,0,1,1,1,1,0,0,1,0,0,0,0,0,0,0,0,0,0,0,1,0,0,False
8380,logic-ng/logicng,0188080e0c29d6564dcf971163a8a86d60034ac2,src/test/java/org/logicng/solvers/sat/SATTest.java,0,0,0,0,0.0,0,24,18,22,1,0,0,5,0,1,0,0,0,0,0,4,0,0,1,23,0,0,False
8381,logic-ng/logicng,0188080e0c29d6564dcf971163a8a86d60034ac2,src/test/java/org/logicng/solvers/maxsat/PureMaxSATTest.java,0,0,0,0,0.0,0,7,6,5,1,0,0,6,0,0,0,0,1,0,0,5,0,0,0,6,0,0,False
8382,logic-ng/logicng,0188080e0c29d6564dcf971163a8a86d60034ac2,src/test/java/org/logicng/solvers/maxsat/PartialMaxSATTest.java,0,0,0,0,0.0,0,7,6,5,1,0,0,6,0,0,0,0,0,0,0,0,0,0,0,6,0,0,False
8383,logic-ng/logicng,0188080e0c29d6564dcf971163a8a86d60034ac2,src/test/java/org/logicng/solvers/maxsat/PartialWeightedMaxSATTest.java,0,0,0,0,0.0,0,7,6,6,1,0,0,6,0,0,0,0,0,0,0,0,0,0,0,6,0,0,False
8384,logic-ng/logicng,0188080e0c29d6564dcf971163a8a86d60034ac2,src/test/java/org/logicng/solvers/datastructures/TestToStrings.java,0,0,0,0,0.0,0,12,0,0,0,0,0,0,0,0,0,0,12,0,0,0,0,0,0,12,0,0,False
8385,logic-ng/logicng,0188080e0c29d6564dcf971163a8a86d60034ac2,src/test/java/org/logicng/cardinalityconstraints/CCAMOTest.java,0,0,0,0,0.0,0,6,2,0,0,0,0,0,0,0,0,0,0,0,0,0,3,1,0,5,0,0,False
8386,logic-ng/logicng,0188080e0c29d6564dcf971163a8a86d60034ac2,src/test/java/org/logicng/cardinalityconstraints/CCModularTotalizerTest.java,0,0,0,0,0.0,0,5,2,3,0,0,0,0,0,0,0,0,0,0,0,0,1,1,0,4,0,0,False
8387,logic-ng/logicng,0188080e0c29d6564dcf971163a8a86d60034ac2,src/test/java/org/logicng/cardinalityconstraints/CCEXOTest.java,0,0,0,0,0.0,0,5,1,0,0,0,0,0,0,0,0,0,0,0,0,0,3,1,0,4,0,0,False
8388,logic-ng/logicng,0188080e0c29d6564dcf971163a8a86d60034ac2,src/test/java/org/logicng/formulas/FormulaIteratorTest.java,0,0,0,0,0.0,0,27,9,0,0,0,0,27,0,0,0,0,0,0,0,9,0,0,0,27,0,0,False
8389,logic-ng/logicng,0188080e0c29d6564dcf971163a8a86d60034ac2,src/test/java/org/logicng/formulas/FormulaListTest.java,0,0,0,0,0.0,0,18,10,1,0,0,0,1,0,0,0,2,1,0,0,0,0,0,0,18,0,0,False
8390,logic-ng/logicng,0188080e0c29d6564dcf971163a8a86d60034ac2,src/test/java/org/logicng/formulas/EvaluationTest.java,0,0,0,0,0.0,0,5,5,0,0,0,0,1,0,0,0,0,0,0,0,0,0,0,0,5,0,0,False
8391,logic-ng/logicng,0188080e0c29d6564dcf971163a8a86d60034ac2,src/test/java/org/logicng/formulas/NNFTest.java,0,0,0,0,0.0,0,5,5,0,0,0,0,3,0,0,0,0,0,0,0,1,0,0,0,5,0,0,False
8392,logic-ng/logicng,0188080e0c29d6564dcf971163a8a86d60034ac2,src/test/java/org/logicng/formulas/RestrictionTest.java,0,0,0,0,0.0,0,5,5,0,0,0,0,1,0,0,0,0,0,0,0,0,0,0,0,5,0,0,False
8393,logic-ng/logicng,0188080e0c29d6564dcf971163a8a86d60034ac2,src/test/java/org/logicng/predicates/satisfiability/PredicatesTest.java,0,0,0,0,0.0,0,7,7,0,0,0,0,0,0,0,0,0,0,0,0,0,0,0,0,7,0,0,False
8394,logic-ng/logicng,98d77b261c3c85efd355b0be6dbf62b812666470,src/test/java/org/logicng/pseudobooleans/PBSolvingTest.java,0,0,0,0,0.0,0,16,6,11,1,0,0,0,0,0,0,0,0,0,0,4,5,5,0,11,0,0,False
8395,logic-ng/logicng,98d77b261c3c85efd355b0be6dbf62b812666470,src/test/java/org/logicng/transformations/AIGTest.java,0,0,0,0,0.0,0,5,5,0,0,0,0,3,0,0,0,0,0,0,0,1,0,0,0,5,0,0,False
8396,logic-ng/logicng,98d77b261c3c85efd355b0be6dbf62b812666470,src/test/java/org/logicng/transformations/cnf/TseitinTest.java,0,0,0,0,0.0,0,6,5,0,0,0,0,3,0,0,0,0,0,0,0,1,0,0,0,5,0,0,False
8397,logic-ng/logicng,98d77b261c3c85efd355b0be6dbf62b812666470,src/test/java/org/logicng/transformations/cnf/CNFTest.java,0,0,0,0,0.0,0,5,5,0,0,0,0,3,0,0,0,0,0,0,0,1,0,0,0,5,0,0,False
8398,logic-ng/logicng,98d77b261c3c85efd355b0be6dbf62b812666470,src/test/java/org/logicng/transformations/cnf/PlaistedGreenbaumTest.java,0,0,0,0,0.0,0,8,7,0,0,0,0,5,0,0,0,0,0,0,0,1,0,0,0,7,0,0,False
8399,logic-ng/logicng,98d77b261c3c85efd355b0be6dbf62b812666470,src/test/java/org/logicng/transformations/dnf/DNFTest.java,0,0,0,0,0.0,0,6,5,0,0,0,0,4,0,0,0,0,0,0,0,1,0,0,0,6,0,0,False
8400,logic-ng/logicng,98d77b261c3c85efd355b0be6dbf62b812666470,src/test/java/org/logicng/solvers/sat/AssumeTest.java,0,0,0,0,0.0,0,1,1,1,1,0,0,1,0,0,0,0,0,0,0,0,0,0,0,1,0,0,False
8401,logic-ng/logicng,98d77b261c3c85efd355b0be6dbf62b812666470,src/test/java/org/logicng/solvers/sat/SATTest.java,0,0,0,0,0.0,0,24,18,22,1,0,0,5,0,1,0,0,0,0,0,4,0,0,1,23,0,0,False
8402,logic-ng/logicng,98d77b261c3c85efd355b0be6dbf62b812666470,src/test/java/org/logicng/solvers/maxsat/PureMaxSATTest.java,0,0,0,0,0.0,0,7,6,5,1,0,0,6,0,0,0,0,0,0,0,5,0,0,0,6,0,0,False
8403,logic-ng/logicng,98d77b261c3c85efd355b0be6dbf62b812666470,src/test/java/org/logicng/solvers/maxsat/PartialMaxSATTest.java,0,0,0,0,0.0,0,7,6,5,1,0,0,6,0,0,0,0,0,0,0,0,0,0,0,6,0,0,False
8404,logic-ng/logicng,98d77b261c3c85efd355b0be6dbf62b812666470,src/test/java/org/logicng/solvers/maxsat/PartialWeightedMaxSATTest.java,0,0,0,0,0.0,0,7,6,6,1,0,0,6,0,0,0,0,0,0,0,0,0,0,0,6,0,0,False
8405,logic-ng/logicng,98d77b261c3c85efd355b0be6dbf62b812666470,src/test/java/org/logicng/cardinalityconstraints/CCAMOTest.java,0,0,0,0,0.0,0,6,2,0,0,0,0,0,0,0,0,0,0,0,0,0,3,1,0,5,0,0,False
8406,logic-ng/logicng,98d77b261c3c85efd355b0be6dbf62b812666470,src/test/java/org/logicng/cardinalityconstraints/CCModularTotalizerTest.java,0,0,0,0,0.0,0,5,2,3,0,0,0,0,0,0,0,0,0,0,0,0,1,1,0,4,0,0,False
8407,logic-ng/logicng,98d77b261c3c85efd355b0be6dbf62b812666470,src/test/java/org/logicng/cardinalityconstraints/CCEXOTest.java,0,0,0,0,0.0,0,5,1,0,0,0,0,0,0,0,0,0,0,0,0,0,3,1,0,4,0,0,False
8408,logic-ng/logicng,98d77b261c3c85efd355b0be6dbf62b812666470,src/test/java/org/logicng/formulas/FormulaIteratorTest.java,0,0,0,0,0.0,0,27,9,0,0,0,0,27,0,0,0,0,0,0,0,9,0,0,0,27,0,0,False
8409,logic-ng/logicng,98d77b261c3c85efd355b0be6dbf62b812666470,src/test/java/org/logicng/formulas/FormulaListTest.java,0,0,0,0,0.0,0,18,10,1,0,0,0,1,0,0,0,2,1,0,0,0,0,0,0,18,0,0,False
8410,logic-ng/logicng,98d77b261c3c85efd355b0be6dbf62b812666470,src/test/java/org/logicng/formulas/EvaluationTest.java,0,0,0,0,0.0,0,5,5,0,0,0,0,1,0,0,0,0,0,0,0,0,0,0,0,5,0,0,False
8411,logic-ng/logicng,98d77b261c3c85efd355b0be6dbf62b812666470,src/test/java/org/logicng/formulas/SubformulaTest.java,0,0,0,0,0.0,0,8,7,0,0,0,0,1,0,0,0,0,0,0,0,0,0,0,0,8,0,0,False
8412,logic-ng/logicng,98d77b261c3c85efd355b0be6dbf62b812666470,src/test/java/org/logicng/formulas/NNFTest.java,0,0,0,0,0.0,0,5,5,0,0,0,0,3,0,0,0,0,0,0,0,1,0,0,0,5,0,0,False
8413,logic-ng/logicng,98d77b261c3c85efd355b0be6dbf62b812666470,src/test/java/org/logicng/formulas/RestrictionTest.java,0,0,0,0,0.0,0,5,5,0,0,0,0,1,0,0,0,0,0,0,0,0,0,0,0,5,0,0,False
8414,logic-ng/logicng,98d77b261c3c85efd355b0be6dbf62b812666470,src/test/java/org/logicng/predicates/satisfiability/PredicatesTest.java,0,0,0,0,0.0,0,7,7,0,0,0,0,0,0,0,0,0,0,0,0,0,0,0,0,7,0,0,False
